Epoch	AverageEpRet	StdEpRet	MaxEpRet	MinEpRet	EpLen	AverageVVals	StdVVals	MaxVVals	MinVVals	TotalEnvInteracts	LossPi	LossV	DeltaLossPi	DeltaLossV	Entropy	KL	Time
0	-834.011	74.59817	-645.64954	-886.4	13.761905	-0.62483096	0.1810957	0.0	-0.69803566	600	-0.08325111	573706.9	-0.0018258542	-4790.0625	2.6452649	-0.00017327865	1.1890270709991455
1	-849.23114	65.47731	-640.72363	-934.2804	15.128205	-3.8939462	0.9172047	-0.6643025	-5.498557	1200	0.0011458413	654595.5	-0.0010622455	-6680.5	2.6898355	0.00038471937	1.808692455291748
2	-812.87384	74.01705	-670.2898	-891.2268	17.142857	-8.151934	1.6269578	-1.6431301	-8.594677	1800	-0.0011144812	588056.56	-0.0018395345	-4041.8125	2.7043037	-5.6968133e-06	2.4267499446868896
3	-822.05835	82.71045	-601.2231	-917.267	17.558823	-10.798301	1.9466428	-3.009744	-11.314613	2400	-0.008859698	586873.0	-0.0010703597	-4021.9375	2.6761158	-0.000119063654	3.053863286972046
4	-826.1908	71.595436	-557.5423	-886.4	15.783784	-13.397072	2.2411354	-4.8223376	-14.004621	3000	-0.0853116	582391.25	-0.0010514334	-3956.8125	2.6904137	-0.00020694057	3.7371761798858643
5	-843.0439	62.634636	-633.2628	-913.7057	13.363636	-15.934061	2.5131207	-7.112513	-16.658482	3600	-0.04622042	608850.4	-0.00081925094	-4171.75	2.7341177	0.00010173599	4.357239246368408
6	-825.201	73.55672	-645.9521	-892.8185	17.0	-18.809458	2.2118244	-9.922893	-19.362164	4200	-0.006457135	569366.2	-0.00084767956	-3886.375	2.6581597	0.00021390438	4.95346736907959
7	-829.3078	75.43983	-648.5827	-887.69366	12.1875	-21.229994	2.5816424	-12.57296	-22.002125	4800	-0.04956609	524850.44	-0.00072907656	-3691.7188	2.7061913	-0.00022158107	5.567458629608154
8	-839.62946	67.06935	-630.8715	-886.4	11.333333	-23.775425	2.4946833	-15.677067	-24.546461	5400	-0.116688386	545999.9	-0.00090593845	-3814.8125	2.661289	-0.0002301842	6.177318811416626
9	-830.017	72.895325	-654.93616	-886.4	12.595745	-26.471485	2.2319174	-18.902739	-27.13128	6000	-0.07460683	533553.1	-0.00035768002	-3838.6875	2.7111366	7.757942e-05	6.798065423965454
10	-809.3627	88.92224	-619.29443	-887.39056	19.161291	-29.33509	1.7378017	-22.013641	-29.748377	6600	-0.021191763	529475.0	-0.001058206	-3797.375	2.618291	-9.499828e-05	7.654337406158447
11	-820.29254	72.85888	-634.35657	-886.4	18.774193	-31.979584	1.705391	-24.794682	-32.38518	7200	-0.091632195	537785.5	-0.0009568557	-3809.6875	2.6171553	-0.00011065066	8.215004920959473
12	-841.0691	64.03561	-632.586	-886.4	10.923077	-34.3725	2.0999544	-27.626232	-35.02728	7800	-0.034522522	537212.8	-0.0006784797	-3777.0625	2.663493	0.0002547113	8.776038885116577
13	-810.38477	104.66558	-347.67914	-886.4	15.263158	-37.18775	1.6570597	-30.903044	-37.625523	8400	-0.0070616975	493103.03	-0.0006620027	-3473.0625	2.629688	-0.00019821644	9.258775472640991
14	-816.26886	76.24061	-616.56604	-886.4	17.470589	-39.78104	1.4871818	-33.80587	-40.152225	9000	0.010397054	517964.38	-0.00072177127	-3769.0	2.7143254	-5.3348343e-05	9.78341293334961
15	-817.9586	100.32701	-468.93182	-886.4	12.76087	-42.308228	1.6338328	-36.703957	-42.78546	9600	-0.053637035	460636.53	-0.0010697171	-3343.3125	2.5920768	-0.00018417438	10.335625648498535
16	-844.29156	70.51139	-658.9287	-892.91364	11.313725	-44.783363	1.5811747	-39.650406	-45.27098	10200	-0.0461571	505374.4	-0.00087789446	-3636.6875	2.6687548	-3.4784873e-05	10.853927612304688
17	-812.65204	90.49487	-460.318	-886.4	16.857143	-47.541615	1.2171052	-42.72419	-47.849495	10800	-0.05398276	496830.56	-0.0005698055	-3626.625	2.6381652	-3.4159224e-05	11.364233255386353
18	-818.2179	77.995636	-623.5636	-886.4	14.75	-50.12115	1.2340207	-45.5646	-50.455673	11400	-0.041438833	474049.88	-0.00033495948	-3516.875	2.6530302	5.7315032e-05	11.891025304794312
19	-820.693	91.067635	-608.02313	-886.4	13.133333	-52.670326	1.2303156	-48.40068	-53.02516	12000	-0.06282789	450781.12	-0.00063328445	-3349.875	2.7528236	-8.946021e-05	12.424697160720825
20	-814.22034	80.9073	-628.9214	-886.4	14.7	-55.2404	1.0881928	-51.22231	-55.535313	12600	-0.07424777	481365.9	-0.00072767586	-3553.5312	2.7138793	0.00018244743	13.189626693725586
21	-835.5954	80.79991	-550.92224	-886.4	10.714286	-57.74249	1.1861094	-54.04566	-58.123417	13200	-0.04886534	476864.0	-0.0005748719	-3608.9062	2.718173	0.00011177301	13.69657015800476
22	-785.9761	97.5469	-501.11563	-886.4	20.964285	-60.54608	0.79975533	-56.997337	-60.726643	13800	-0.042655997	445106.72	-0.0005630143	-3297.0625	2.6725106	-0.00019334773	14.219396829605103
23	-805.98035	108.142235	-352.94998	-886.4	16.67647	-63.033215	0.84857535	-59.623802	-63.24464	14400	-0.00048458416	427708.38	-0.00037138307	-3054.5625	2.6427953	-4.921317e-05	14.74830412864685
24	-833.8633	77.13253	-627.1412	-904.3141	13.16279	-65.41763	0.9079759	-62.19	-65.67329	15000	-0.07240538	462408.22	-0.00036294013	-3328.1562	2.6388695	9.5197756e-05	15.261838674545288
25	-813.5355	81.669014	-601.7036	-886.4	17.029411	-68.00743	0.7683538	-64.92032	-68.19878	15600	-0.04403293	447025.06	-0.0004939586	-3330.5625	2.6589096	8.58885e-05	15.764776229858398
26	-832.5949	75.3718	-626.5622	-887.46924	11.725491	-70.46891	0.88429886	-67.59822	-70.741585	16200	-0.07792336	476955.25	-0.0009550676	-3652.4375	2.7120643	0.00048217812	16.2964768409729
27	-838.9299	80.436035	-628.4418	-917.8272	13.090909	-73.1727	0.7696383	-70.46982	-73.39198	16800	-0.02469823	481112.9	-0.000606928	-3543.8438	2.596773	0.00038515805	16.825334310531616
28	-812.2491	84.69337	-615.0599	-886.4	17.60606	-75.86004	0.6351695	-73.2685	-76.01588	17400	-0.113072306	436157.38	-0.00073405355	-3275.625	2.6345422	4.1760406e-05	17.323081970214844
29	-811.4862	88.37423	-644.15344	-886.4	16.081081	-78.382164	0.644371	-75.904106	-78.54988	18000	-0.09373735	427233.25	-0.00053699315	-3287.75	2.6606336	-0.00012345155	17.844491720199585
30	-799.41376	96.401855	-516.45154	-897.22253	14.142858	-80.9043	0.65390694	-78.55083	-81.08616	18600	-0.059096362	405827.03	-0.001128424	-3116.9375	2.6153696	0.00022723615	18.612593412399292
31	-816.0099	90.96492	-619.1964	-886.4	14.842105	-83.4079	0.5934384	-81.15716	-83.5645	19200	-0.08603489	391829.03	-0.0010978281	-2898.2188	2.6475656	0.0002419881	19.143965482711792
32	-818.13007	82.61351	-619.04474	-886.4	13.906977	-85.79608	0.59829336	-83.6693	-85.96456	19800	-0.094314	433037.84	-0.0008082986	-3367.5625	2.6804116	0.00028645794	19.67219853401184
33	-802.77356	92.00542	-645.8777	-886.4	17.757576	-88.41699	0.50314367	-86.364136	-88.54042	20400	-0.041105017	396567.88	-0.00032391772	-3082.1562	2.596947	-0.00016346574	20.1994047164917
34	-811.9272	94.37149	-512.5567	-886.4	16.542856	-90.90367	0.4981854	-88.9318	-91.029655	21000	-0.007493957	400972.47	-0.00045398902	-3061.4688	2.614864	-5.9108137e-05	20.729217290878296
35	-801.02484	92.84838	-572.03766	-886.4	15.421053	-93.37846	0.49733463	-91.49222	-93.50968	21600	-0.1026372	379266.78	-0.0009465441	-2967.25	2.6479957	6.9143374e-05	21.254847764968872
36	-791.17	101.68645	-578.073	-887.2664	19.129032	-95.85678	0.43374804	-94.029366	-95.95981	22200	-0.040690817	385832.78	-0.00089937076	-3036.7812	2.600815	-3.1663178e-05	21.71823501586914
37	-824.0844	104.54847	-444.71814	-886.4	11.45098	-98.28079	0.5258122	-96.57387	-98.442894	22800	-0.061084505	367827.2	-0.00070239976	-2855.7188	2.6499732	-0.0002348111	22.221705675125122
38	-813.13184	104.82366	-513.0041	-886.4	13.363636	-100.728134	0.46047416	-99.11101	-100.85934	23400	-0.07194585	364635.72	-0.0007758364	-2866.7188	2.6224108	-0.00010590394	22.719972133636475
39	-772.4403	101.52226	-576.30725	-886.4	22.846153	-103.21125	0.34263995	-101.6328	-103.285675	24000	-0.06119669	377968.3	-0.0009061806	-3025.5	2.6183429	0.00022964914	23.24134111404419
40	-780.9962	93.50727	-613.4446	-886.4	20.0	-105.704865	0.35197693	-104.17064	-105.78571	24600	-0.058149032	379065.44	-0.00079425797	-3097.25	2.6653938	0.00010843833	24.045604944229126
41	-808.6125	96.60592	-597.7738	-886.4	13.744186	-108.20674	0.40997022	-106.749405	-108.32216	25200	-0.071566686	355696.4	-0.000488244	-2893.375	2.593303	-0.00013079702	24.5739688873291
42	-821.05786	90.08688	-602.71796	-886.4	11.94	-110.65612	0.41696358	-109.28808	-110.78327	25800	-0.095054455	369215.1	-0.0005257726	-3029.5	2.6836104	0.00015598715	25.11609387397766
43	-824.9404	75.66384	-657.1792	-886.4	14.414634	-113.19887	0.35806015	-111.89377	-113.2972	26400	-0.052173596	409997.2	-0.0006201118	-3336.4375	2.6323552	0.00013677755	25.6904137134552
44	-797.9772	113.23242	-443.732	-886.4	15.315789	-115.84946	0.3295687	-114.59951	-115.936424	27000	-0.061853986	330585.53	-0.00062964857	-2669.4375	2.620678	-7.473349e-05	26.215400457382202
45	-805.2584	104.06201	-463.47653	-886.4	15.0	-118.24271	0.31604555	-117.04406	-118.326126	27600	-0.048024297	339599.38	-0.0006906204	-2668.7188	2.641057	0.00019721985	26.736002683639526
46	-793.10144	108.61603	-562.53125	-886.4	16.5	-120.63139	0.29584038	-119.477394	-120.707306	28200	-0.059416655	317833.75	-0.00021706894	-2660.5	2.6087174	-0.00013783138	27.23776888847351
47	-775.5787	118.07905	-516.0959	-886.4	19.096775	-123.03245	0.26612672	-121.91123	-123.09564	28800	0.0046421085	316990.8	-0.0005705962	-2629.9688	2.6746104	0.00012162825	27.70697855949402
48	-813.6223	94.27324	-516.5052	-886.4	12.733334	-125.39216	0.30597252	-124.33032	-125.480385	29400	-0.094935596	334247.22	-0.00039166957	-2714.4375	2.6518924	0.0003433305	28.222630262374878
49	-816.132	100.59899	-495.93268	-886.4	12.9777775	-127.82289	0.29084533	-126.81355	-127.90675	30000	-0.04198993	330550.62	-0.00050674006	-2750.25	2.6480322	0.000104598206	28.76553225517273
50	-819.0152	84.84068	-627.2567	-886.4	13.386364	-130.27979	0.27323687	-129.32022	-130.35765	30600	-0.11046624	351345.66	-0.0005065575	-2980.6562	2.6229255	0.0002928261	29.545328855514526
51	-798.3456	101.18267	-547.3074	-886.4	17.647058	-132.85359	0.22829804	-131.92212	-132.90959	31200	-0.061958455	350751.25	-0.0006818101	-3012.0625	2.5964792	0.00023146888	30.05894923210144
52	-795.32715	111.70372	-531.2948	-886.4	17.848484	-135.43028	0.22076969	-134.52953	-135.48442	31800	-0.04408725	321045.72	-0.00039152056	-2723.75	2.6268554	5.2915217e-05	30.585623025894165
53	-784.058	103.72311	-565.1385	-886.4	18.71875	-137.89507	0.21097295	-137.02055	-137.94598	32400	-0.042042807	319483.84	-0.00045598298	-2773.5938	2.61263	3.7119786e-05	31.116902112960815
54	-768.2326	113.216286	-444.2979	-886.4	19.966667	-140.38078	0.19890353	-139.52863	-140.42723	33000	-0.020293618	306393.16	-0.0006561484	-2666.625	2.608293	2.9249788e-05	31.64544153213501
55	-786.8716	117.10984	-510.33755	-914.47375	18.375	-142.82347	0.1995177	-141.99644	-142.87163	33600	-0.098660074	310248.53	-0.00037380308	-2638.125	2.5604153	-0.00010144412	32.174660444259644
56	-771.1364	111.74482	-486.2183	-886.4	20.857143	-145.2668	0.18209186	-144.4588	-145.30786	34200	-0.13853739	297776.06	-0.00073322654	-2563.375	2.6248972	2.6269754e-05	32.70417380332947
57	-795.59454	111.49071	-469.2156	-886.4	15.638889	-147.66779	0.19914323	-146.89096	-147.71884	34800	-0.04390754	276572.22	-0.0003174506	-2327.9688	2.612083	-3.2750766e-05	33.241933822631836
58	-788.14594	104.29693	-551.77246	-886.4	16.657143	-149.98239	0.18931237	-149.23306	-150.03024	35400	-0.038346034	291741.66	-0.0005434863	-2541.125	2.6333275	0.0003532636	33.71375560760498
59	-809.48364	98.0566	-600.16766	-890.4411	13.666667	-152.38641	0.19818777	-151.67311	-152.4415	36000	-0.11977572	305195.7	-0.0008846298	-2628.9062	2.6576912	0.00029396574	34.186816692352295
60	-785.5083	119.29204	-486.94955	-886.4	16.647058	-154.86235	0.1718117	-154.17203	-154.90512	36600	-0.09147534	259135.58	-0.0005762279	-2237.8125	2.609512	-5.5054825e-06	35.03767919540405
61	-771.5463	125.40079	-457.78976	-886.4	19.733334	-157.16454	0.15644424	-156.49428	-157.20107	37200	-0.06919053	271468.38	-0.00063622	-2421.2812	2.559929	2.6886462e-05	35.5415472984314
62	-803.478	100.91813	-608.39154	-886.4	16.216217	-159.53976	0.16521138	-158.89532	-159.58215	37800	-0.071426265	303532.34	-0.0006197691	-2784.25	2.6299822	-7.642607e-05	36.07394528388977
63	-740.36584	101.867035	-599.0867	-886.4	26.40909	-162.11208	0.12690262	-161.47646	-162.13742	38400	0.0379009	270788.8	-0.0005397573	-2463.375	2.5571785	0.00026733894	36.60358643531799
64	-792.9094	115.32104	-531.153	-886.4	16.314285	-164.52686	0.15416382	-163.91667	-164.56584	39000	-0.06130465	276660.84	-0.00036256388	-2416.5625	2.638733	2.3584167e-05	37.14571928977966
65	-786.87726	122.778625	-513.7379	-886.4	15.789474	-166.9305	0.15261535	-166.34358	-166.9702	39600	-0.025783088	252908.05	-0.00017420948	-2360.3438	2.5897613	-6.926616e-05	37.681846141815186
66	-784.3003	125.05434	-464.03983	-886.4	16.285715	-169.31956	0.14276625	-168.75447	-169.35565	40200	-0.015365549	246430.45	-0.0005125655	-2186.2969	2.5877576	-1.5393893e-05	38.22028946876526
67	-790.4	136.54254	-356.53162	-886.4	14.275	-171.62582	0.1460333	-171.0866	-171.66537	40800	-0.06590455	229829.58	-0.0007898882	-2030.5625	2.6184597	-0.00010241886	38.75444030761719
68	-788.0322	135.21962	-375.54556	-886.4	14.9	-173.86476	0.13967194	-173.34906	-173.90263	41400	-0.016998088	241774.34	-0.0005951207	-2238.1094	2.6377962	-6.716013e-05	39.29514217376709
69	-781.5147	144.32547	-453.71796	-886.4	14.846154	-176.21588	0.13215224	-175.72142	-176.25122	42000	-0.058801264	221155.81	-0.0007413365	-1992.5938	2.5386012	-0.00019751588	39.75039482116699
70	-772.18695	127.26462	-392.3287	-886.4	17.088236	-178.46356	0.11902067	-177.98537	-178.49321	42600	-0.09192014	233940.75	-0.00046344846	-2181.0625	2.635585	3.4099816e-05	40.53467798233032
71	-798.9757	117.39975	-411.83594	-886.4	14.7	-180.8019	0.12379906	-180.34479	-180.83545	43200	-0.073223226	257652.05	-0.0004940331	-2449.8125	2.5325994	0.0003876386	41.06083083152771
72	-757.8429	127.82589	-402.95486	-886.4	21.25	-183.30122	0.10088299	-182.85358	-183.32397	43800	-0.025275068	252625.28	-0.00045943633	-2437.5938	2.5494149	-0.00010379493	41.598933696746826
73	-770.85425	134.93065	-398.9823	-886.4	17.212122	-185.79468	0.10598675	-185.36223	-185.82065	44400	-0.069331534	210638.03	-0.0006607622	-1987.1719	2.5842977	-0.00016243279	42.14754843711853
74	-788.1746	127.74059	-504.65326	-886.4	15.105263	-188.06853	0.10944466	-187.65343	-188.09738	45000	-0.07761	206014.98	-0.00035709143	-1985.125	2.6105263	-0.00015735805	42.68434119224548
75	-791.8657	124.121445	-475.81555	-886.4	14.947369	-190.34215	0.105142616	-189.94337	-190.36989	45600	-0.09088271	216872.5	-0.00051164627	-2069.2656	2.6276479	0.00010745704	43.19151163101196
76	-761.0983	138.80847	-342.21448	-886.4	17.60606	-192.67587	0.09464138	-192.28973	-192.69908	46200	-0.030595798	209217.81	-0.0006151274	-2036.5781	2.594201	0.000118579665	43.725003242492676
77	-793.8166	133.44151	-457.89066	-886.4	13.136364	-194.9948	0.10437013	-194.62825	-195.02452	46800	-0.14853716	202889.25	-0.00077447295	-1970.0781	2.6264489	-0.00011268834	44.24653911590576
78	-713.6503	158.38322	-365.64713	-886.4	21.222221	-197.30537	0.07972164	-196.94507	-197.32304	47400	-0.033640113	179223.28	-0.0008744709	-1713.0156	2.6262376	0.000110985435	44.784982442855835
79	-764.5624	145.17761	-279.52536	-886.4	17.84375	-199.46657	0.08407474	-199.11809	-199.48688	48000	-0.10783953	204372.27	-0.0005816445	-1964.25	2.5940936	-0.000120789606	45.32587242126465
80	-778.4706	112.05064	-560.166	-886.4	18.258064	-201.77834	0.08045345	-201.43938	-201.79744	48600	-0.04013325	220298.56	-0.00056900457	-2213.6562	2.5721827	0.0004328998	46.36538791656494
81	-774.0846	123.92926	-511.34625	-886.4	19.225807	-204.2422	0.07808209	-203.91322	-204.26073	49200	-0.03643062	230610.77	-0.0006456785	-2410.7344	2.6139908	0.00025616764	46.963115215301514
82	-770.4232	171.2453	-336.9933	-886.4	13.613636	-206.8122	0.08886766	-206.5001	-206.83751	49800	-0.07947473	165851.75	-0.0007354319	-1655.0781	2.5425582	-0.0002785971	47.58146095275879
83	-691.6103	160.60689	-257.41888	-886.4	25.52174	-208.99982	0.06313203	-208.69055	-209.01273	50400	-0.10995377	171065.23	-0.0012027696	-1740.4688	2.534466	0.0001419878	48.17339825630188
84	-776.32416	134.73056	-449.18063	-886.4	17.028572	-211.20721	0.07501712	-210.9103	-211.22618	51000	-0.13814874	206312.56	-0.0008893907	-2173.7344	2.552655	0.0002554661	48.753905296325684
85	-784.66534	146.68773	-300.7605	-886.4	13.714286	-213.6773	0.0787961	-213.3937	-213.6992	51600	-0.045251288	176086.8	-0.00084678456	-1808.3438	2.6473548	0.00022778928	49.33950185775757
86	-735.1387	150.53687	-368.16986	-886.4	22.615385	-215.97757	0.060492083	-215.69888	-215.99069	52200	-0.017025745	191621.7	-0.0006707851	-1995.2969	2.6110804	0.00032758038	49.9184992313385
87	-787.1115	123.982864	-537.9461	-886.4	15.131579	-218.36781	0.07022469	-218.10146	-218.38632	52800	-0.073147364	186293.4	-0.00057350844	-2001.7188	2.5739076	-0.00010930935	50.50255513191223
88	-777.3728	123.66272	-568.48926	-886.4	16.941177	-220.78542	0.0642144	-220.5274	-220.80139	53400	-0.075779244	181162.61	-0.00042937696	-1985.5625	2.6722646	0.00035653074	51.09172558784485
89	-765.33356	117.71553	-529.11066	-886.4	20.0	-223.20183	0.057630662	-222.9506	-223.21504	54000	-0.057481144	206074.58	-0.00075223297	-2327.7812	2.5611203	0.00045095006	51.66974592208862
90	-718.0461	149.3367	-424.77472	-886.4	22.64	-225.80917	0.052330073	-225.56328	-225.8203	54600	-0.06093612	156250.86	-0.000582926	-1665.3125	2.5570016	1.581649e-05	52.51523780822754
91	-752.626	159.35126	-355.50827	-886.4	16.514286	-228.05115	0.059747726	-227.81467	-228.06625	55200	-0.06544615	146241.95	-0.00046643615	-1545.9062	2.4977665	-0.00021367172	52.94606018066406
92	-764.74286	164.72531	-353.5037	-886.4	14.947369	-230.20792	0.059910957	-229.98071	-230.22374	55800	-0.18770401	140757.4	-0.0007613152	-1455.2812	2.5389297	-0.00014931659	53.37631702423096
93	-754.1332	149.61394	-440.91245	-886.4	17.78125	-232.31921	0.05318837	-232.09877	-232.33208	56400	-0.11942446	145819.34	-0.00065966696	-1596.9375	2.55222	0.00017763357	53.7886483669281
94	-755.431	138.9351	-402.29227	-886.4	19.551723	-234.5342	0.049220674	-234.31964	-234.54549	57000	-0.068125	167826.56	-0.00026591867	-1843.5156	2.5424907	7.549802e-05	54.27944612503052
95	-789.15375	142.5957	-372.23743	-886.4	12.479167	-236.91348	0.060142484	-236.71184	-236.93146	57600	-0.17234597	165685.06	-0.00088234246	-1872.0781	2.6040041	0.00016302844	54.791703939437866
96	-796.0094	118.78873	-501.39816	-886.4	14.219512	-239.33766	0.05314444	-239.14392	-239.35222	58200	-0.09285866	180708.92	-0.00035450608	-2096.875	2.5927298	0.00013415993	55.33000135421753
97	-783.31696	152.06474	-255.47188	-886.4	12.4375	-241.8955	0.054472227	-241.71283	-241.91174	58800	-0.075994186	145101.78	-0.00053727627	-1660.2031	2.5682817	5.1175553e-05	55.87068295478821
98	-770.17786	151.97191	-358.03473	-886.4	14.525	-244.20833	0.047619537	-244.0325	-244.22124	59400	-0.12072235	141405.52	-0.0005602464	-1588.4844	2.541395	-0.00025674203	56.40773820877075
99	-762.63574	152.33376	-396.40445	-886.4	15.916667	-246.46646	0.043523725	-246.29669	-246.47763	60000	-0.11842542	135245.47	-0.0005805418	-1538.0	2.4823742	-1.71566e-05	56.94840693473816
100	-735.1705	159.24866	-375.6739	-886.4	18.709677	-248.7014	0.039235793	-248.53609	-248.71071	60600	-0.101115316	128995.09	-0.00040692836	-1494.9766	2.5732641	7.656236e-05	57.77491760253906
101	-721.21484	163.25507	-323.57336	-886.4	21.142857	-250.91685	0.036400005	-250.75533	-250.92505	61200	-0.07826441	141088.39	-0.0007418543	-1649.1406	2.5962615	0.00050066033	58.33245325088501
102	-642.5503	183.54413	-289.4306	-886.4	25.73913	-253.24765	0.03250144	-253.08841	-253.25427	61800	-0.053739306	110851.16	-0.00075057894	-1236.9375	2.5263956	-0.0002612539	58.87074041366577
103	-770.5755	176.87343	-291.51065	-886.4	13.255814	-255.29755	0.04260058	-255.14613	-255.30956	62400	-0.08974764	116596.734	-0.00025105476	-1242.8672	2.5004587	-0.00012415508	59.395416498184204
104	-709.1753	212.7858	-259.29108	-886.4	17.454546	-257.3566	0.036167093	-257.20905	-257.36548	63000	-0.14265084	103673.64	-0.0012462586	-1033.9844	2.5499332	0.0001483489	59.88159990310669
105	-757.8454	163.48766	-230.7157	-886.4	17.057142	-259.26093	0.035990443	-259.1184	-259.26996	63600	-0.07722791	148761.97	-0.000654079	-1761.5469	2.5159566	0.00012077182	60.39565396308899
106	-732.5414	183.71156	-385.04773	-886.4	16.647058	-261.71182	0.034360047	-261.57376	-261.72037	64200	-0.10296965	92308.3	-0.0005212948	-1096.7031	2.4647794	-0.00021158198	60.93785309791565
107	-762.6617	163.6889	-399.27686	-886.4	15.378378	-263.7169	0.034532458	-263.58408	-263.72586	64800	-0.11179956	120636.38	-0.0008177534	-1413.8516	2.5138085	-4.720549e-05	61.4674437046051
108	-744.4948	184.83481	-282.41476	-886.4	16.555555	-265.95496	0.032887165	-265.82666	-265.96338	65400	-0.08639621	120130.945	-0.0005277172	-1418.0156	2.5194511	0.0001639986	61.9861524105072
109	-696.7694	167.27318	-368.18967	-886.4	22.884615	-268.22852	0.027348619	-268.10254	-268.23447	66000	-0.037032146	109170.2	-0.0006349087	-1434.7266	2.5168428	9.162476e-05	62.526777029037476
110	-717.8362	182.68341	-288.75305	-886.4	18.766666	-270.52234	0.028580643	-270.39987	-270.529	66600	-0.048677024	103490.55	-0.0008552857	-1214.7734	2.5388443	-8.958678e-05	63.39264464378357
111	-753.7755	187.68626	-324.47845	-886.4	13.595238	-272.65598	0.032445684	-272.5392	-272.665	67200	-0.11305566	86513.08	-0.00033142418	-1009.5078	2.513455	-0.00034696807	63.914772748947144
112	-722.8614	197.35014	-253.51694	-886.4	16.67647	-274.62186	0.028237833	-274.50836	-274.62885	67800	-0.06771328	85374.94	-0.00045815855	-983.75	2.4995744	0.00016447494	64.4537742137909
113	-745.02185	169.86076	-326.09256	-886.4	16.222221	-276.56863	0.028034488	-276.4593	-276.57584	68400	-0.17060387	105709.15	-0.0006599575	-1351.0547	2.5477011	0.00011305272	64.99509859085083
114	-728.34015	197.5271	-332.2827	-886.4	15.666667	-278.84503	0.027065746	-278.73944	-278.85196	69000	0.0018919114	84996.266	-0.00039036945	-985.83594	2.484311	-0.00012346575	65.53705620765686
115	-738.228	172.32372	-377.45645	-886.4	17.84375	-280.8422	0.024774764	-280.7395	-280.84818	69600	-0.1313463	109609.33	-0.00060254335	-1379.8047	2.5348792	0.00034031033	66.02935314178467
116	-689.6434	204.38412	-299.7774	-886.4	19.733334	-283.17142	0.023338813	-283.0714	-283.17685	70200	-0.077162184	77224.34	-0.00052687526	-984.9219	2.5169845	1.4935136e-05	66.5441038608551
117	-679.85626	215.54387	-305.5502	-886.4	18.6875	-285.19397	0.023431925	-285.0968	-285.1996	70800	-0.13638838	60192.367	-0.00055505335	-747.78906	2.3867612	-0.00031532862	67.08376145362854
118	-746.7693	176.52196	-355.73837	-886.4	15.666667	-286.96756	0.024033615	-286.8738	-286.97372	71400	-0.111849174	88212.4	-0.00053972006	-1145.2891	2.5363252	0.00023951054	67.61116361618042
119	-658.34265	222.25432	-273.31598	-886.4	20.034483	-289.13995	0.021037214	-289.04828	-289.1448	72000	-0.112687476	62417.64	-0.00078092515	-728.9219	2.4524016	-0.00021520346	68.14307832717896
120	-763.3955	177.78587	-337.35846	-886.4	13.590909	-290.93365	0.024796735	-290.8466	-290.94073	72600	-0.11147484	95717.74	-0.00025844574	-1283.3906	2.520833	3.0000607e-05	69.01745367050171
121	-773.90314	157.70107	-354.6603	-886.4	14.097561	-293.261	0.02294615	-293.17734	-293.26727	73200	-0.115699045	103597.38	-0.00036004186	-1502.8516	2.5015488	0.00029400658	69.531090259552
122	-689.3069	200.38998	-278.8677	-886.4	19.833334	-295.81537	0.019062625	-295.7337	-295.81982	73800	-0.07821903	77227.55	-0.0012710914	-1053.0781	2.5408669	-0.0001587681	70.04522609710693
123	-728.1073	184.0521	-313.77136	-886.4	17.529411	-297.9939	0.019640319	-297.915	-297.9988	74400	-0.08861801	83866.836	-0.00051062554	-1213.5312	2.4664083	0.00014440228	70.59508776664734
124	-730.16693	189.60158	-232.42554	-886.4	16.82353	-300.30823	0.019046701	-300.2317	-300.31296	75000	-0.101428874	82627.43	-0.00063575804	-1099.6953	2.501125	-0.00047880263	71.13580846786499
125	-692.74054	213.93173	-286.0381	-886.4	17.878788	-302.5407	0.01819654	-302.46646	-302.54517	75600	-0.14681335	62526.49	-0.00053972006	-790.02344	2.499463	9.631991e-05	71.70690679550171
126	-595.6233	201.54634	-280.03638	-886.4	26.363636	-304.46304	0.014648217	-304.38968	-304.46597	76200	-0.08951734	48442.176	-0.00065944344	-642.02734	2.2781885	-0.0004923016	72.2045030593872
127	-694.4308	216.79251	-275.94604	-886.4	17.147058	-306.20407	0.017645083	-306.13318	-306.20847	76800	-0.059987143	56181.934	-0.0005496368	-687.91406	2.4807153	-0.00012488604	72.71914386749268
128	-678.88446	181.16772	-356.0365	-886.4	23.0	-308.01416	0.015145396	-307.9444	-308.01746	77400	-0.087373346	72718.4	-0.00043992698	-1153.3438	2.4658709	0.00010424227	73.22866535186768
129	-714.40643	206.9582	-250.9052	-886.4	16.2	-310.34555	0.016994976	-310.27826	-310.34982	78000	-0.17457443	60119.766	-0.0008777678	-785.53906	2.4236333	-0.00017468889	73.76228737831116
130	-664.8812	194.25948	-373.8961	-886.4	22.074074	-312.33655	0.014624268	-312.27042	-312.33975	78600	-0.04465938	54610.055	-0.00040735677	-871.29297	2.4350781	3.7777027e-05	74.72984623908997
131	-716.8534	195.7431	-372.27582	-886.4	17.818182	-314.4134	0.015663564	-314.3495	-314.41724	79200	-0.07066079	71502.21	-0.0007145107	-1037.4609	2.4054875	-0.0001431621	75.29722762107849
132	-668.914	205.72942	-293.52316	-886.4	21.88889	-316.69254	0.013852011	-316.62994	-316.69562	79800	-0.08166307	63817.914	-0.00047887117	-936.22266	2.448287	-7.51995e-05	75.85475158691406
133	-616.58624	210.99498	-237.1881	-886.4	25.217392	-318.88754	0.01256435	-318.82602	-318.89014	80400	-0.090572596	53887.758	-0.00066931546	-724.9961	2.4460742	-0.0006005969	76.38802242279053
134	-621.915	225.08324	-257.91708	-886.4	23.12	-320.8426	0.012849312	-320.78223	-320.84534	81000	-0.082023226	45558.652	-0.00039957464	-556.16406	2.4352636	-0.00011772364	76.93772506713867
135	-697.0043	204.99567	-307.25403	-886.4	18.0	-322.57272	0.014330278	-322.51428	-322.5763	81600	-0.12123815	49370.816	-0.00054618716	-760.35156	2.5249546	-0.00010167847	77.48167037963867
136	-568.383	237.43758	-215.72064	-886.4	24.47826	-324.58353	0.011775086	-324.5259	-324.586	82200	-0.09196454	33495.06	-0.0006661713	-311.04688	2.4671786	-0.00024226388	78.00533032417297
137	-677.95593	188.79662	-356.8862	-886.4	21.615385	-325.94135	0.012247711	-325.88492	-325.944	82800	-0.11122477	55513.633	-0.0005305633	-869.9414	2.4284468	0.00037135155	78.48596239089966
138	-617.71814	197.67769	-325.89206	-886.4	24.791666	-328.10397	0.011556093	-328.04852	-328.10635	83400	-0.10888012	39230.195	-0.00053216517	-673.7617	2.4431987	-0.000106240215	79.08338260650635
139	-704.8306	212.83316	-290.1026	-886.4	17.088236	-330.0877	0.013310677	-330.0342	-330.091	84000	-0.04988571	55935.414	-0.0004473403	-774.46875	2.477666	0.00047195336	79.56442761421204
140	-694.11926	210.4988	-203.40733	-886.4	18.40625	-332.20245	0.012516072	-332.15054	-332.20544	84600	-0.12523308	50074.02	-0.00063459575	-769.84766	2.391245	-4.99173e-05	80.46709322929382
141	-700.43176	206.81393	-234.71298	-886.4	17.625	-334.3358	0.012105731	-334.2856	-334.3387	85200	-0.14764157	45229.383	-0.00047959387	-684.8281	2.394753	9.5359486e-05	81.0199887752533
142	-686.4807	236.89874	-277.84448	-886.4	15.888889	-336.3694	0.012332672	-336.32123	-336.3725	85800	-0.16731834	33387.965	-0.0007600337	-344.01953	2.3809016	-0.00032171488	81.55602407455444
143	-707.8156	190.81227	-294.58035	-886.4	18.933332	-337.85828	0.010929788	-337.8114	-337.86078	86400	-0.05692201	55769.16	-0.0005651079	-933.7461	2.4184058	0.00021464845	82.09531879425049
144	-694.0111	239.88982	-176.74945	-886.4	14.897436	-340.2133	0.011928486	-340.16864	-340.21646	87000	-0.13181923	35771.445	-0.000704214	-327.02344	2.3789005	-0.000435615	82.65234398841858
145	-637.8743	229.39218	-315.67126	-886.4	20.571428	-341.71808	0.009850324	-341.67438	-341.7203	87600	-0.09513123	28528.574	-0.00048720092	-357.25	2.3778486	-9.557218e-05	83.14918208122253
146	-663.39496	213.54007	-323.5338	-886.4	20.413794	-343.23788	0.009743895	-343.1954	-343.2401	88200	-0.09520802	35358.824	-0.00034028292	-586.6719	2.3588982	-0.0002529782	83.72963166236877
147	-683.3829	206.38931	-210.50018	-886.4	19.666666	-345.1911	0.009632773	-345.14984	-345.19336	88800	-0.077719405	46532.406	-0.0002977103	-797.625	2.3501801	0.00014004369	84.30191469192505
148	-692.23706	227.52892	-198.7795	-886.4	16.305555	-347.49374	0.0101744905	-347.45407	-347.49637	89400	-0.16890402	37451.35	-0.0005711019	-481.8125	2.357172	-0.0001935033	84.79598307609558
149	-667.30206	213.29752	-200.15591	-886.4	20.310345	-349.3442	0.008872526	-349.30554	-349.34625	90000	-0.06843166	37468.01	-0.0012314692	-631.3008	2.4896355	0.0008243256	85.3301911354065
150	-697.8944	233.8572	-266.7121	-886.4	15.157895	-351.42596	0.009765276	-351.38895	-351.42856	90600	-0.15768324	31325.174	-0.0005467832	-328.70703	2.4243982	-9.861181e-05	86.25310707092285
151	-642.70105	201.74545	-286.65475	-886.4	23.52	-352.9942	0.007729643	-352.9579	-352.99585	91200	-0.10185056	38624.684	-0.0007081479	-704.6836	2.441887	0.00024203598	86.7632668018341
152	-658.52606	240.28026	-165.94096	-886.4	18.806452	-355.2119	0.008352068	-355.17673	-355.2139	91800	-0.09117519	35449.566	-0.000555411	-387.1914	2.411961	-0.00029806624	87.298095703125
153	-663.40704	236.92892	-233.25471	-886.4	18.21875	-356.94092	0.008244419	-356.90674	-356.9429	92400	-0.15146461	27357.863	-0.0004991144	-311.23242	2.349233	-0.00025307346	87.8401267528534
154	-625.76166	211.83737	-282.00183	-886.4	23.2	-358.48575	0.0071331253	-358.4522	-358.48724	93000	-0.10617328	31737.834	-0.00052294135	-517.5801	2.4285417	0.00054119644	88.36887264251709
155	-679.4337	218.30542	-255.37337	-886.4	19.064516	-360.4606	0.0077142855	-360.42813	-360.46246	93600	-0.12938888	42830.2	-0.0005096048	-660.0742	2.4728508	0.00028923014	88.90349411964417
156	-718.9593	214.63257	-234.15169	-886.4	14.9	-362.72186	0.008408522	-362.69086	-362.72418	94200	-0.11210364	34776.64	-0.00016450137	-545.1992	2.3753304	5.188962e-05	89.43681073188782
157	-734.8205	221.27159	-141.94983	-886.4	13.627907	-364.816	0.008289379	-364.78653	-364.81833	94800	-0.13180472	50102.914	-0.0007278919	-601.08594	2.4263518	1.4449358e-05	89.9781813621521
158	-646.844	256.02332	-194.69937	-886.4	17.647058	-367.00995	0.00696404	-366.9815	-367.01163	95400	-0.11510851	28547.346	-0.00057145953	-168.48828	2.3836303	0.00010016789	90.50138425827026
159	-557.617	252.33252	-95.638985	-886.4	23.44	-368.2524	0.005946397	-368.22452	-368.25372	96000	-0.12340172	22344.504	-0.0009721294	-83.59961	2.307995	-0.00018230925	90.91178488731384
160	-568.38257	258.9785	-248.53964	-886.4	21.962963	-369.11462	0.0060507157	-369.0873	-369.116	96600	-0.10769437	17073.322	-0.00048603863	-29.123047	2.2708676	-0.0004891839	91.8081579208374
161	-682.8343	251.60027	-273.6784	-886.4	14.585366	-369.6421	0.0071790963	-369.61594	-369.64407	97200	-0.18004015	25783.508	-0.0008711666	-101.384766	2.388536	-0.00015868276	92.3724422454834
162	-660.5284	257.6457	-230.8372	-886.4	15.789474	-370.58035	0.006548656	-370.55524	-370.58212	97800	-0.14374737	16854.324	-0.00037160516	-46.408203	2.3283532	-0.0003257256	92.90710186958313
163	-636.403	249.90302	-222.76187	-886.4	18.483871	-371.26624	0.005815051	-371.2418	-371.26767	98400	-0.18672858	20226.627	-0.00072577596	-107.81055	2.3394535	-0.00013604859	93.38227152824402
164	-629.17883	258.20343	-171.14987	-886.4	18.5	-372.2762	0.0057189767	-372.25253	-372.27762	99000	-0.092961244	25471.818	-0.0006489754	-112.88086	2.3083935	-0.00019741396	93.89582347869873
165	-614.9475	267.62088	-157.72664	-886.4	19.290323	-373.34982	0.0054790084	-373.32678	-373.35117	99600	-0.15732267	25834.7	-0.00091561675	-69.83203	2.3083882	-0.00031855662	94.44626069068909
166	-631.3573	260.58896	-175.53586	-886.4	18.225807	-374.2228	0.0053416584	-374.20032	-374.2241	100200	-0.10557686	19408.816	-0.0008448437	-61.03711	2.35486	-0.0001343134	95.06801629066467
167	-652.1223	240.27019	-206.92537	-886.4	18.516129	-375.04324	0.005183799	-375.0214	-375.04446	100800	-0.16732858	24334.01	-0.0006566793	-244.32227	2.3832657	0.000102945465	95.61927008628845
168	-662.1734	248.84499	-207.15398	-886.4	16.852942	-376.65546	0.0052356934	-376.63446	-376.6568	101400	-0.17491767	22927.393	-0.0005544573	-156.375	2.3810647	7.170846e-05	96.1659004688263
169	-651.68884	251.20197	-202.00708	-886.4	18.0625	-378.02475	0.004918954	-378.0044	-378.02597	102000	-0.12572163	23447.479	-0.00047789514	-169.52539	2.352462	-8.72159e-05	96.67367362976074
170	-666.906	256.60614	-211.02266	-886.4	15.722222	-379.44275	0.0050434233	-379.42303	-379.444	102600	-0.22159238	26224.396	-0.0008440465	-97.41797	2.3516533	7.22458e-06	97.72256731987
171	-703.29736	240.6652	-161.98837	-886.4	13.809524	-380.55865	0.005195236	-380.53995	-380.5601	103200	-0.16764309	19862.402	-0.00037313998	-128.60547	2.2998466	6.0560902e-05	98.3062674999237
172	-573.2153	259.81903	-153.05292	-886.4	21.851852	-381.82693	0.00403609	-381.80865	-381.8278	103800	-0.12564048	19341.643	-0.0007876754	-39.47461	2.2734644	-0.00016240537	98.84738421440125
173	-648.54565	260.17035	-109.8427	-886.4	17.8125	-382.58264	0.00426491	-382.56494	-382.58365	104400	-0.1055175	33905.8	-0.000765346	-179.375	2.3514645	0.00037045588	99.3714325428009
174	-608.1425	267.89636	-187.15112	-886.4	19.258064	-384.09296	0.0040801065	-384.07574	-384.0939	105000	-0.08408931	20250.88	-0.00060355663	-19.9375	2.3703742	-0.00027078012	99.88120031356812
175	-664.44147	237.83575	-309.77765	-886.4	17.424242	-384.68985	0.0041063745	-384.67307	-384.69083	105600	-0.15203601	19353.156	-0.0006325841	-202.95703	2.3036673	0.0003441751	100.40880751609802
176	-635.5595	272.51215	-180.84616	-886.4	16.857143	-386.3303	0.00405867	-386.31427	-386.33136	106200	-0.17447674	22645.918	-0.00053207576	-7.9375	2.2596714	-0.00018496494	100.95993208885193
177	-531.18835	260.27246	-230.26299	-886.4	23.08	-386.7698	0.003362257	-386.75394	-386.77045	106800	-0.12616701	15633.724	-0.0009674728	-2.4199219	2.329481	-0.0002768888	101.49922895431519
178	-610.93384	276.28238	-141.19733	-886.4	18.53125	-386.60147	0.003708356	-386.58612	-386.6024	107400	-0.11775843	27195.947	-0.00079478323	-8.324219	2.3026314	-4.2896867e-05	102.03488731384277
179	-633.7912	274.7913	-158.62447	-886.4	16.942858	-386.9344	0.0037687651	-386.9195	-386.93536	108000	-0.11478174	23431.504	-0.00070593506	-2.4746094	2.367643	-0.00033458014	102.52085733413696
180	-599.00903	244.1126	-232.60449	-886.4	21.73077	-387.14978	0.0031572357	-387.13528	-387.1505	108600	-0.10472946	17099.047	-0.00052416325	-116.14258	2.267255	0.0002392605	103.41661190986633
181	-587.04553	274.47098	-109.48515	-886.4	19.933332	-388.49902	0.0032835156	-388.48502	-388.49985	109200	-0.14602867	22230.324	-0.00085398555	-0.28515625	2.329919	-0.00041359157	103.94603109359741
182	-546.3053	258.7687	-140.16283	-886.4	22.807692	-388.68854	0.0030114278	-388.67468	-388.6892	109800	-0.12237344	14394.554	-0.00064406544	-0.7402344	2.2546334	-0.0001379778	104.48932242393494
183	-530.9251	271.9964	-127.201225	-886.4	22.076923	-388.57904	0.0029609036	-388.56543	-388.5797	110400	-0.16298074	17034.568	-0.00074759126	-44.816406	2.3163362	-6.477326e-05	105.03737378120422
184	-643.98615	268.54865	-216.2553	-886.4	16.081081	-387.6925	0.0034043666	-387.67944	-387.69342	111000	-0.20134643	17693.203	-0.0005301982	-0.6699219	2.31278	-0.0003602189	105.61409020423889
185	-703.6156	248.40007	-115.1525	-886.4	13.395349	-387.51617	0.0034925116	-387.50378	-387.51718	111600	-0.24088272	23901.363	-0.00059711933	-98.72656	2.2853496	-6.0160954e-05	106.18523454666138
186	-587.7653	282.1263	-121.65597	-886.4	19.233334	-388.8639	0.0028171795	-388.85187	-388.8646	112200	-0.15799436	24615.334	-0.0010235012	-0.55859375	2.2553637	3.2812357e-05	106.76741051673889
187	-622.3396	270.44287	-200.11928	-886.4	17.441177	-388.81543	0.00287564	-388.80383	-388.8161	112800	-0.23158173	21037.5	-0.0009697974	-0.021484375	2.2782276	0.00011711955	107.30638432502747
188	-593.5954	290.11783	-200.55907	-886.4	17.90625	-388.78036	0.0027203753	-388.7691	-388.78104	113400	-0.19254552	25406.232	-0.00085915625	-52.71875	2.2350154	0.00020002792	107.88537549972534
189	-689.9852	263.60828	-164.71407	-886.4	12.869565	-387.73618	0.0030914173	-387.72556	-387.73706	114000	-0.2556576	22014.23	-0.0005302727	-0.19140625	2.2857182	0.00033250422	108.51319861412048
190	-468.87012	270.89246	-163.30621	-886.4	23.4	-387.58353	0.0021935082	-387.57324	-387.58405	114600	-0.09291615	16549.668	-0.0008708313	-363.86816	2.2559373	-0.00060454773	109.5753264427185
191	-510.75714	265.71133	-149.95454	-886.4	22.88	-384.7793	0.0021625748	-384.7691	-384.77972	115200	-0.12890995	13044.719	-0.00062114	-112.975586	2.2988565	1.759092e-05	110.0954840183258
192	-585.98065	277.70966	-177.6162	-886.4	18.774193	-383.0317	0.0023383184	-383.02185	-383.03226	115800	-0.085245006	13688.83	-0.0008399412	-57.836914	2.270877	-7.329702e-05	110.64305996894836
193	-499.1734	270.4752	-212.30951	-886.4	23.038462	-381.80344	0.0020751953	-381.79385	-381.80386	116400	-0.20294717	15597.437	-0.0006416887	-150.40625	2.2149262	7.004966e-05	111.18236303329468
194	-491.58582	248.67378	-228.56975	-886.4	24.782608	-379.87973	0.0019196502	-379.87033	-379.88013	117000	-0.081311345	12357.655	-0.00036273152	-22.166992	2.2901254	-5.268425e-05	111.72009587287903
195	-550.9698	290.8662	-188.6928	-886.4	19.51724	-379.03757	0.0021218527	-379.0283	-379.03802	117600	-0.12684192	16603.7	-0.0002862215	-182.81836	2.212588	-3.139615e-05	112.2620952129364
196	-577.8065	291.20047	-175.3294	-886.4	18.419355	-376.89938	0.0021257855	-376.89044	-376.8999	118200	-0.15798835	19128.25	-0.00066167116	-94.15625	2.2548685	-2.7440985e-05	112.74624228477478
197	-582.3481	296.59595	-179.81978	-886.4	17.617647	-375.24692	0.0021528632	-375.23825	-375.24744	118800	-0.16079666	22981.957	-0.0005452037	-131.7793	2.2271624	8.787821e-05	113.2440173625946
198	-551.8519	293.2389	-206.67569	-886.4	18.53125	-373.34006	0.0019968853	-373.33176	-373.3405	119400	-0.19839327	14876.094	-0.00044448674	-362.35742	2.186402	-1.1895696e-05	113.77287650108337
199	-542.24506	290.51367	-146.68633	-886.4	20.214285	-370.2225	0.001813087	-370.21448	-370.22293	120000	-0.14225024	20232.537	-0.0007029176	-88.453125	2.2422082	-0.0001958245	114.30241107940674
200	-507.74722	260.14963	-222.85593	-886.4	24.083334	-368.5449	0.0016405007	-368.53705	-368.54526	120600	-0.10759969	15261.514	-0.00085321814	-0.7705078	2.2246158	0.00016945004	115.31241011619568
201	-554.9795	267.83237	-179.04057	-886.4	21.555555	-368.29944	0.0016994419	-368.29178	-368.29984	121200	-0.1845069	15245.628	-0.0009638965	-7.279297	2.2835326	-0.00029830207	115.83250570297241
202	-455.13254	293.58078	-143.12767	-886.4	22.153847	-368.7388	0.0016259112	-368.7313	-368.73914	121800	-0.19976895	19764.95	-0.00048403442	-713.1367	2.1590543	-6.210387e-05	116.35037660598755
203	-492.81027	271.13385	-124.13351	-886.4	22.76923	-364.45886	0.0015830948	-364.4515	-364.45914	122400	-0.12525763	11635.708	-0.0007444471	-136.6836	2.2138164	-0.00033997465	116.86625146865845
204	-643.6951	302.44476	-119.78448	-886.4	13.2	-362.32925	0.0019974168	-362.32233	-362.32983	123000	-0.1992213	26753.46	-0.00046166778	-228.83008	2.2841725	-0.00017139167	117.41182017326355
205	-545.0196	280.52075	-101.003136	-886.4	21.222221	-359.81198	0.0014547914	-359.8054	-359.8123	123600	-0.16354759	19938.754	-0.0012465864	0.25	2.2426498	0.0001023975	117.95001411437988
206	-631.04785	295.60455	-170.01279	-886.4	14.717949	-359.78622	0.0016902841	-359.77994	-359.7867	124200	-0.22763367	19100.377	-0.0009223372	-91.134766	2.1514041	-0.00042106857	118.49226474761963
207	-525.88806	289.709	-95.89397	-886.4	20.413794	-358.2368	0.0014040662	-358.2307	-358.23715	124800	-0.15796575	19005.498	-0.001139015	-83.86719	2.2196403	-0.00046237538	119.03732776641846
208	-560.31213	289.1256	-168.55685	-886.4	19.51724	-356.61618	0.0013368714	-356.61035	-356.6165	125400	-0.17040095	19805.482	-0.00075012445	-5.4335938	2.218834	0.00038673033	119.58283615112305
209	-545.11896	285.27777	-179.4306	-886.4	19.933332	-356.12598	0.00132428	-356.12033	-356.1263	126000	-0.16976699	12919.104	-0.00048784912	-61.777344	2.2417276	0.0001556479	120.17357802391052
210	-602.84924	302.8002	-123.94976	-886.4	15.684211	-354.7579	0.0014294806	-354.75247	-354.75827	126600	-0.21610415	19206.926	-0.00051005185	-189.36523	2.19745	-7.3646304e-05	121.15957188606262
211	-579.17914	293.21097	-120.38701	-886.4	17.71875	-352.29892	0.0012525815	-352.2937	-352.2992	127200	-0.17186052	14609.844	-0.00081035495	-63.317383	2.1822627	0.0001840493	121.6728081703186
212	-553.3379	303.61752	-124.074615	-886.4	18.59375	-350.76703	0.0011966899	-350.76205	-350.7673	127800	-0.1404145	19705.277	-0.0004962683	-145.16992	2.0933352	-0.00018128286	122.20411539077759
213	-577.91455	289.55798	-134.5059	-886.4	18.483871	-348.57147	0.001145159	-348.56665	-348.57175	128400	-0.16216908	16371.338	-0.0005672425	-2.647461	2.0964777	-0.00021264722	122.71280407905579
214	-595.77765	312.49966	-143.75284	-886.4	15.473684	-348.13272	0.0012120877	-348.12808	-348.133	129000	-0.1647511	21846.127	-0.00012406707	-261.19727	2.281524	-0.00014064541	123.23157691955566
215	-487.75653	302.52234	-107.17339	-886.4	20.892857	-345.23358	0.0009752384	-345.22925	-345.2338	129600	-0.15279162	16889.66	-0.00074480474	-443.3203	2.1852076	-0.00061209727	123.76114225387573
216	-552.6534	298.77408	-173.48248	-886.4	18.833334	-341.3677	0.0009998222	-341.36343	-341.36795	130200	-0.20767808	16331.606	-0.0011222363	-63.854492	2.2514665	1.8367171e-05	124.2993335723877
217	-586.0438	325.2722	-124.96566	-886.4	14.666667	-339.74625	0.0010886979	-339.74216	-339.74652	130800	-0.19835365	24369.596	-0.00030620396	-557.2656	2.2137346	-0.00015006414	124.8288722038269
218	-420.9873	264.8763	-139.056	-886.4	25.347826	-335.60876	0.0007956372	-335.6049	-335.60895	131400	-0.06692478	16621.67	-0.00083723664	-112.7832	2.094858	-0.00018075843	125.33194851875305
219	-560.8337	290.3904	-165.74896	-886.4	19.724138	-333.54913	0.00087885855	-333.54535	-333.54938	132000	-0.15425548	22241.33	-0.0005264729	-36.896484	2.2674887	0.00040817697	125.8468725681305
220	-499.25342	297.0237	-90.08769	-886.4	21.0	-334.50693	0.0008377098	-334.5032	-334.5071	132600	-0.10321516	14333.445	-0.0007864982	-125.112305	2.2035904	-0.00012548636	126.79445886611938
221	-546.8593	314.15433	-86.76651	-886.4	17.69697	-332.62473	0.0008754512	-332.62112	-332.6249	133200	-0.19017702	19939.482	-0.00064344704	-200.11914	2.1910486	-0.00017534435	127.31596350669861
222	-515.3656	297.25662	-179.56346	-886.4	20.37931	-330.02527	0.00077819824	-330.02188	-330.02545	133800	-0.1946229	15996.875	-0.0004684031	-63.43457	2.160666	0.0003380712	127.82373857498169
223	-505.57593	303.26868	-128.65324	-886.4	20.172413	-328.47208	0.0007582866	-328.46878	-328.47226	134400	-0.13610224	13340.57	-0.00055527687	-190.0957	2.203223	-0.00043417234	128.31962394714355
224	-632.9864	298.04657	-139.21231	-886.4	14.325	-325.94855	0.00084715826	-325.9454	-325.94876	135000	-0.20222892	20831.701	-0.00057820976	-1.1425781	2.1886764	-0.00027825555	128.83579635620117
225	-502.27368	296.75882	-141.47984	-886.4	20.964285	-325.56735	0.00067414495	-325.56436	-325.5675	135600	-0.12495125	15394.878	-0.0004472211	-46.288086	2.1541784	0.00053521455	129.36053156852722
226	-547.0102	297.56494	-112.70829	-886.4	19.35484	-324.32062	0.00066200877	-324.31778	-324.32077	136200	-0.20283018	19468.459	-0.0010849684	-0.24609375	2.1733146	-0.00020044326	129.89358282089233
227	-522.7968	331.1396	-119.86706	-886.4	17.588236	-324.3639	0.0006868828	-324.3611	-324.36404	136800	-0.14641124	24164.066	-0.0006329566	-511.9121	2.147401	-0.00020264219	130.43861937522888
228	-519.94226	317.86737	-124.80598	-886.4	18.67742	-320.2436	0.0006317458	-320.24097	-320.24377	137400	-0.1557907	17013.748	-0.0003488958	-271.50586	2.2017627	-9.4113944e-05	130.96279764175415
229	-550.7715	338.85934	-60.84181	-886.4	15.763158	-317.04944	0.00066961226	-317.0469	-317.04962	138000	-0.29051867	28162.303	-0.0007035434	-550.8262	2.0568244	-0.0005429601	131.49494671821594
230	-390.2044	290.19617	-78.261566	-886.4	23.76	-312.79227	0.00051604793	-312.78983	-312.79236	138600	-0.14751777	16875.154	-0.00071421266	-528.626	2.111756	-0.0002528732	132.4304084777832
231	-520.7774	323.00525	-119.98551	-886.4	18.121212	-308.6732	0.0005647113	-308.67087	-308.67334	139200	-0.18026924	21339.541	-0.00074358284	-153.82031	2.1990197	-0.00028011232	132.9426589012146
232	-546.9735	314.43237	-137.83655	-886.4	17.636364	-306.3673	0.00055763725	-306.36505	-306.36746	139800	-0.19280134	14669.224	-0.00037688017	-59.02832	2.1725972	0.000108683606	133.48572707176208
233	-625.5279	312.97366	-130.6413	-886.4	13.636364	-304.9454	0.0005906551	-304.94336	-304.94562	140400	-0.2655696	27828.006	-0.00046738982	-10.462891	2.1299915	0.000114972194	134.02347326278687
234	-492.7811	329.75922	-116.9958	-886.4	18.53125	-304.31	0.00048826693	-304.308	-304.31015	141000	-0.1441734	17715.96	-0.00025568902	-433.01367	2.0208983	-0.00024977038	134.52700448036194
235	-433.46506	304.4274	-109.84541	-886.4	22.185184	-300.7128	0.00042885612	-300.71094	-300.71295	141600	-0.124694675	16391.986	-0.00059603155	-236.58496	2.230348	-0.0001951169	135.03799748420715
236	-527.9953	333.6792	-91.99141	-886.4	17.142857	-297.88834	0.0004593884	-297.88654	-297.8885	142200	-0.17418846	19403.318	-0.0003966093	-298.17578	2.1210783	-0.00021928092	135.5720818042755
237	-517.29156	328.04193	-122.52143	-886.4	17.875	-294.82755	0.00044542947	-294.8257	-294.82767	142800	-0.1950455	17410.645	-0.0005477667	-186.625	2.0505297	-0.00020961453	136.14526462554932
238	-514.1501	336.2982	-70.50327	-886.4	17.529411	-292.35388	0.00042221192	-292.35217	-292.35397	143400	-0.17716071	19430.47	-0.0005248636	-286.09375	2.111388	1.6866723e-05	136.68785333633423
239	-419.85016	308.80215	-104.61316	-886.4	21.814816	-289.3789	0.00036704922	-289.37726	-289.379	144000	-0.13182789	13740.047	-0.0005212426	-314.31055	2.1170075	-5.2580635e-05	137.23064589500427
240	-500.9227	322.62866	-99.58607	-886.4	18.75	-286.25476	0.00037128327	-286.25317	-286.25485	144600	-0.1532595	13926.797	-0.00030344725	-125.66504	2.121643	-9.792834e-05	138.2601933479309
241	-498.54138	327.48105	-157.75784	-886.4	18.625	-284.20593	0.00037686428	-284.20435	-284.206	145200	-0.16948316	18002.277	-0.00037176907	-107.177734	2.138172	-5.353113e-05	138.78475213050842
242	-502.47333	323.62766	-103.76704	-886.4	19.133333	-282.35126	0.00034504436	-282.34976	-282.35132	145800	-0.19427332	18553.16	-0.0005811304	-30.542969	2.0962596	0.00020912786	139.2975070476532
243	-431.70145	337.04343	-27.062223	-886.4	19.931034	-281.29892	0.0068647387	-281.1311	-281.2993	146400	-0.11560388	19623.637	-0.00040847808	-2573.121	1.9997666	-0.00041076343	139.81126523017883
244	-466.93658	310.3482	-143.5313	-886.4	20.689655	-262.60013	4.5603056	-261.16306	-277.9435	147000	-0.13178398	14892.577	-0.00044253469	-18.796875	2.1332638	0.0003217146	140.35180377960205
245	-545.0543	335.76993	-120.728546	-886.4	16.314285	-262.41168	4.7210197	-260.91177	-277.77344	147600	-0.20603761	19197.875	-0.0005890727	-36.185547	2.1069038	0.0002394403	140.83551144599915
246	-460.80832	342.8962	-45.2445	-886.4	18.612904	-261.38208	4.2937245	-260.18753	-277.21805	148200	-0.17927895	16211.787	-0.0005809665	-295.56738	2.0346348	-0.00010834912	141.3419532775879
247	-564.76807	340.67432	-81.41383	-886.4	14.95	-258.6585	4.796002	-257.16617	-274.44598	148800	-0.22260618	20473.338	-0.00034722686	-70.75781	2.0670304	-7.94214e-05	141.91039848327637
248	-415.79236	280.88553	-135.69612	-886.4	23.833334	-256.5753	3.946169	-255.59532	-273.09464	149400	-0.14481801	10144.804	-0.001229167	-16.286133	2.164294	0.0007648744	142.44655299186707
249	-562.36115	329.47177	-62.836376	-886.4	16.0	-257.5198	4.542131	-256.22827	-273.74857	150000	-0.16754943	18121.88	-0.0005764812	-8.125	2.1435583	0.00027301948	143.00599598884583
250	-600.4079	333.2099	-61.312225	-886.4	14.219512	-258.10425	4.801158	-256.63293	-274.25385	150600	-0.17299873	29489.086	-0.00048334897	-28.839844	2.2125854	-0.0002971519	144.01307249069214
251	-406.35672	320.33533	-56.20203	-886.4	21.481482	-258.43823	4.0986004	-257.4219	-275.17303	151200	-0.140633	14688.43	-0.00094148517	-171.80957	2.1119466	-0.0004130562	144.53786873817444
252	-449.44577	323.03397	-106.09975	-886.4	20.448277	-256.18848	4.3226585	-255.03958	-272.9718	151800	-0.12691769	13073.722	-0.00071674585	-70.543945	2.1555114	-0.0009284994	145.05814623832703
253	-435.9628	319.82413	-65.93587	-886.4	21.178572	-254.42998	4.270989	-253.33571	-271.41745	152400	-0.15713961	15578.44	-0.0008441657	-42.86328	2.1103919	-0.00035972745	145.58818340301514
254	-485.76367	331.88214	-96.72021	-886.4	18.5625	-253.26878	4.400319	-252.09796	-270.29434	153000	-0.16288462	14884.656	-0.00030207634	-66.22949	2.1142733	0.0006960857	146.06013560295105
255	-484.53464	349.34546	-53.227833	-886.4	17.666666	-251.9347	4.659782	-250.63751	-269.00177	153600	-0.14400901	17233.043	-0.00030970573	-255.63281	2.1022236	-0.00050860265	146.57765364646912
256	-585.36096	331.72452	-45.281475	-886.4	14.769231	-248.92177	4.871506	-247.4992	-266.09637	154200	-0.17097387	22400.62	-0.00056159496	-25.46289	2.182151	-0.00029673617	147.09542417526245
257	-549.25476	314.29547	-55.84451	-886.4	17.636364	-249.48131	4.738456	-248.18031	-266.8946	154800	-0.15805842	18848.38	-0.00057563186	-240.94727	2.2092588	0.00044975113	147.62040853500366
258	-432.7206	337.96146	-72.87657	-886.4	19.827587	-252.24594	4.263445	-251.19812	-269.90344	155400	-0.11365669	17474.55	-0.0009447336	-183.02344	2.2420082	-0.0006341209	148.15130162239075
259	-441.48322	336.09546	-28.466248	-886.4	20.034483	-250.09917	4.694568	-248.8436	-267.734	156000	-0.15282415	20457.62	-0.0016181916	-74.21484	2.2149222	-8.155187e-05	148.6951289176941
260	-451.42538	325.00995	-86.60855	-886.4	20.62069	-248.53828	5.098408	-247.03247	-266.0752	156600	-0.12356602	16402.51	-0.00019291043	-41.375977	2.1512344	-0.0003920728	149.73205399513245
261	-457.67957	344.43112	-46.36225	-886.4	18.806452	-247.79433	5.103154	-246.27103	-265.42154	157200	-0.18561432	16956.514	-0.00059241056	-231.28711	2.1086638	5.3180953e-05	150.25195050239563
262	-569.96124	345.85065	-39.342342	-886.4	14.463414	-245.24953	5.729218	-243.3352	-262.6972	157800	-0.25140452	23436.77	-0.00041672587	-43.296875	2.1228547	0.00020085355	150.7924644947052
263	-526.44165	343.97025	-70.75988	-886.4	16.444445	-243.68333	5.2836103	-242.08684	-261.6439	158400	-0.22113296	16629.56	-0.00038714707	-69.12109	2.1187582	0.00030211816	151.35079288482666
264	-531.0169	330.34637	-112.832855	-886.4	17.114286	-242.05148	4.995788	-240.67468	-260.41068	159000	-0.15970935	15562.613	-0.00042437017	-19.759766	2.1751516	0.00018470992	151.88835453987122
265	-524.36755	340.59253	-64.98797	-886.4	17.142857	-242.63815	4.8803897	-241.3367	-261.1611	159600	-0.22990875	23616.258	-0.00090688467	-10.796875	2.12082	0.00089256075	152.39463424682617
266	-548.3646	341.09512	-82.62355	-886.4	15.684211	-243.29958	5.1877766	-241.81804	-261.75027	160200	-0.19300774	17128.668	-0.00039191544	-17.78125	2.1942687	1.0748605e-05	152.8738236427307
267	-525.6023	332.53195	-82.70492	-886.4	17.0	-242.39552	4.9349356	-241.08769	-261.1868	160800	-0.17632917	15263.097	-0.0002977699	-31.129883	2.188046	0.00020625125	153.37603783607483
268	-543.1159	355.76373	-55.744698	-886.4	14.974359	-242.84169	5.3636293	-241.25954	-261.48212	161400	-0.23247503	21083.7	-0.00045730174	-193.05664	2.0775425	0.00019252757	153.90216875076294
269	-470.25885	335.88358	-51.446625	-886.4	18.870968	-239.72243	4.971938	-238.38892	-258.85373	162000	-0.19146284	13964.189	-0.0004569739	-50.731445	2.1953852	4.885713e-05	154.42455554008484
270	-553.077	352.70734	-74.63842	-886.4	14.675	-238.3018	5.2729387	-236.8343	-257.43924	162600	-0.21708493	19437.598	-0.00057949126	-134.02344	2.1291227	-0.00028176297	155.5141899585724
271	-494.19577	352.34866	-46.975613	-886.4	17.0	-235.63437	5.065217	-234.30397	-255.13484	163200	-0.16082382	16589.416	-0.00040477514	-159.20703	2.1575394	-1.0050436e-05	156.04178190231323
272	-463.5863	355.04227	-29.995998	-886.4	18.09375	-232.82977	5.183616	-231.44899	-252.47719	163800	-0.19257653	17600.99	-0.0005338192	-253.0	2.113952	-0.0003732863	156.5784788131714
273	-503.44028	354.03305	-89.78151	-886.4	16.457144	-229.25166	5.140779	-227.90091	-249.12581	164400	-0.18721735	15955.69	-0.00047691166	-132.67578	2.149882	5.2647887e-05	157.11909937858582
274	-484.40732	350.59473	-30.15625	-886.4	17.545454	-226.60406	5.0654097	-225.2842	-246.69719	165000	-0.14549263	16919.674	-0.0003374219	-66.20703	2.1290858	-2.023985e-05	157.64416813850403
275	-386.94476	329.6591	-71.0203	-886.4	21.25926	-224.66727	4.6875706	-223.56776	-245.12894	165600	-0.12541504	12447.839	-0.0004915148	-190.65332	2.0919354	-0.00043391515	158.1553840637207
276	-403.04178	317.2603	-56.138054	-886.4	21.481482	-221.68628	4.7739377	-220.52495	-242.23723	166200	-0.17115675	10923.293	-0.0008160919	-18.11914	2.0505188	0.00024365704	158.6923530101776
277	-372.57944	316.52844	-97.16616	-886.4	22.153847	-220.67467	4.7141385	-219.58046	-241.3761	166800	-0.09338715	9820.177	-0.00021593273	-106.79297	2.048374	3.301521e-05	159.19061517715454
278	-428.8877	337.40802	-44.00995	-886.4	20.034483	-218.57797	5.095764	-217.2972	-239.21144	167400	-0.12633346	12892.712	-0.00046294928	-44.086914	2.1720493	-2.9536883e-05	159.64676785469055
279	-521.8115	358.18057	-67.57064	-886.4	15.756757	-217.18686	5.385622	-215.76404	-237.79411	168000	-0.21001233	20422.94	-0.0006964952	-52.740234	2.1023235	-7.398755e-05	160.18469214439392
280	-474.26678	356.21402	-43.059013	-886.4	17.484848	-215.8393	5.4493318	-214.40077	-236.6031	168600	-0.23346455	16335.974	-0.00051774085	-98.04004	2.1453185	0.00036990424	161.25017547607422
281	-452.7439	325.51303	-49.03726	-886.4	20.310345	-213.46603	5.211272	-212.13841	-234.5164	169200	-0.09805739	17912.654	-0.00047963113	-158.42773	2.2145863	-0.00016017407	161.77401471138
282	-485.95157	360.36694	-41.50562	-886.4	16.882353	-216.25847	5.511768	-214.79636	-237.16812	169800	-0.14116214	17563.87	-0.00042670965	-86.83203	2.1467538	0.00011288712	162.30995893478394
283	-397.82904	350.16486	-44.559505	-886.4	19.833334	-214.20537	5.210193	-212.91269	-235.44958	170400	-0.16755922	15274.184	-0.00056245923	-355.16016	2.0256555	-0.00013838391	162.8387906551361
284	-420.8691	363.42645	-47.992447	-886.4	18.59375	-210.05446	5.400534	-208.67151	-231.41559	171000	-0.18735133	15996.687	-0.00040724874	-457.83008	2.094898	-0.00020423502	163.35144686698914
285	-484.20984	363.4257	-23.259483	-886.4	16.63889	-205.47203	5.6283984	-203.97734	-226.95824	171600	-0.23859607	17732.969	-0.00051653385	-90.4082	2.1015365	-0.0001071771	163.86844849586487
286	-430.095	334.13605	-73.89166	-886.4	19.827587	-202.98953	5.0740714	-201.79689	-224.95563	172200	-0.14784129	10325.773	-0.00037182868	-1.7021484	2.1787968	0.0005291128	164.42141103744507
287	-482.6552	361.06137	-69.493034	-886.4	16.941177	-203.15056	5.6683273	-201.65788	-224.89357	172800	-0.21256599	15011.071	-0.00021851063	-56.86133	2.1445944	0.00018922766	164.9703722000122
288	-416.50775	345.8189	-41.607117	-886.4	19.655172	-201.3495	5.2455406	-200.10121	-223.48918	173400	-0.12864883	12949.035	-0.00046281517	-46.418945	2.176527	0.0002562945	165.449280500412
289	-416.19382	353.53882	-28.895763	-886.4	19.35484	-199.99178	5.5355134	-198.56099	-222.07207	174000	-0.1822765	14669.783	-0.0004274547	-132.41699	2.045188	-0.00030068876	165.96588706970215
290	-574.7125	354.2625	-34.78129	-886.4	13.767442	-197.93683	6.2183986	-196.1335	-219.79787	174600	-0.22050433	23801.188	-0.00057800114	-48.50586	2.1516204	-0.00010096709	167.11927580833435
291	-389.09964	354.8072	-26.822132	-886.4	19.533333	-198.49284	5.266808	-197.26064	-221.05557	175200	-0.16497001	15685.832	-0.00044828653	-241.76172	2.1262455	0.00035975635	167.63870668411255
292	-521.8802	365.79532	-54.609165	-886.4	15.184211	-195.58023	5.982097	-193.98105	-217.96326	175800	-0.2464624	20535.703	-0.0003349334	-18.914062	2.117386	0.000109178625	168.1821882724762
293	-489.89893	367.97452	-48.3971	-886.4	16.571428	-194.46701	5.808817	-192.96266	-217.11412	176400	-0.21964711	23524.354	-0.00059209764	-43.753906	2.092402	1.3145308e-05	168.7206540107727
294	-415.14392	353.55786	-68.11068	-886.4	19.096775	-193.5888	5.5388193	-192.25116	-216.54814	177000	-0.13138543	13838.372	-0.0006119311	-85.2041	2.0767968	0.00019204398	169.26198053359985
295	-472.42184	358.01044	-44.96154	-886.4	17.333334	-191.7681	5.8638396	-190.2487	-214.69041	177600	-0.20967703	16993.654	-0.00090019405	-6.2773438	2.1197748	-0.0004699871	169.7985622882843
296	-454.4896	360.5836	-55.61894	-886.4	18.0	-191.42508	5.6635838	-190.01564	-214.56918	178200	-0.18405063	16371.457	-0.00086538494	-32.33008	2.0737996	-0.0009690821	170.31767106056213
297	-389.16205	354.91772	-53.344227	-886.4	19.466667	-190.52423	5.754847	-189.06667	-213.75256	178800	-0.1358577	13128.27	-0.00025995076	-238.92285	2.20016	9.288818e-05	170.77394819259644
298	-420.03665	358.2522	-52.163822	-886.4	19.066668	-186.90077	5.5384183	-185.54823	-210.41278	179400	-0.17971352	13097.901	-0.00024090707	-93.54297	2.0166569	-7.746746e-05	171.29246711730957
299	-447.4048	358.34363	-44.346363	-886.4	18.151516	-184.64969	5.783141	-183.2308	-208.24495	180000	-0.1954556	15554.68	-0.00042693317	-7.6728516	2.100362	3.2049516e-05	171.7377679347992
300	-455.7387	349.42075	-55.180054	-886.4	18.774193	-183.93658	5.646399	-182.59407	-207.7242	180600	-0.23187426	19912.693	-0.00040011108	-180.00586	2.0865526	0.00038852484	172.9855649471283
301	-541.65497	363.85214	-61.341526	-886.4	14.7	-186.93835	6.880405	-184.84943	-210.01033	181200	-0.23900734	20628.254	-0.00040964782	-14.337891	2.0878837	-5.9764585e-05	173.5873532295227
302	-364.5815	355.41113	-27.411013	-886.4	20.137932	-186.9919	5.903519	-185.52226	-210.83151	181800	-0.12896767	14939.73	-0.000585258	-316.63086	2.0138512	-0.00043994974	174.14316582679749
303	-441.71036	373.42194	-38.8891	-886.4	17.32353	-183.18826	6.3767414	-181.42471	-206.93576	182400	-0.24013934	17534.982	-0.00037671626	-187.63281	2.0175164	-0.00013505678	174.67851328849792
304	-484.3339	372.83813	-42.340855	-886.4	16.108109	-180.01949	6.7004285	-178.10828	-203.82939	183000	-0.19712296	17260.629	-0.0003373474	-61.51758	2.0767472	0.0001174287	175.21568036079407
305	-448.20078	370.12277	-33.833324	-886.4	17.411764	-178.02118	6.30054	-176.37273	-202.27318	183600	-0.19233593	16289.463	-0.0006355345	-62.316406	2.0123615	-4.578531e-05	175.74952697753906
306	-450.72147	367.58868	-41.404007	-886.4	17.470589	-176.23273	6.3782725	-174.54681	-200.60762	184200	-0.21919301	15476.39	-0.00033523142	-30.96289	2.0551631	7.1365635e-06	176.30205082893372
307	-398.98257	361.56357	-35.93497	-886.4	19.0	-174.77231	5.9544625	-173.2804	-199.48352	184800	-0.2015269	14626.815	-0.00041994452	-176.08203	2.0340405	-2.4633804e-05	176.7682547569275
308	-495.66537	383.4426	-35.274273	-886.4	15.102564	-172.81166	7.0223246	-170.77104	-197.14375	185400	-0.24235901	20653.674	-0.00057440996	-107.98633	2.0715075	-2.3970108e-05	177.28740239143372
309	-394.17438	364.24167	-43.66445	-886.4	18.903225	-169.86465	6.161014	-168.31575	-194.8947	186000	-0.20562106	14632.4	-0.0005168617	-191.14062	2.0133765	-0.0002706329	177.7941930294037
310	-434.3133	380.1662	-38.006916	-886.4	17.205883	-167.2113	6.558708	-165.46303	-192.21362	186600	-0.22238526	15750.823	-0.00037524104	-182.22852	2.1090205	-2.0199617e-05	178.8207323551178
311	-347.26562	323.68735	-56.916367	-886.4	21.88889	-163.83244	6.364959	-162.18509	-189.12775	187200	-0.16662769	9923.36	-0.00047282875	-8.018555	2.110934	8.992155e-05	179.3243420124054
312	-472.40048	384.08954	-22.172602	-886.4	15.8918915	-164.60353	7.2155356	-162.47418	-189.46642	187800	-0.2159991	18575.479	-0.00033640862	-81.328125	2.1380138	-0.00040851423	179.83554434776306
313	-328.3758	337.2748	-43.525406	-886.4	21.555555	-162.28331	6.7678957	-160.45786	-187.62405	188400	-0.2010551	13008.096	-0.0005518645	-53.055664	2.112874	3.3785203e-05	180.34961462020874
314	-455.32263	376.39392	-50.687504	-886.4	16.942858	-160.49495	6.872438	-158.62535	-185.89384	189000	-0.1902136	16922.723	-0.00041742623	-75.83203	2.099401	-6.334812e-05	180.8664412498474
315	-395.36758	369.3221	-23.198956	-886.4	18.935484	-159.96747	7.413781	-157.72896	-185.13023	189600	-0.17928205	15874.446	-0.0005059242	-59.05664	2.0201952	-0.00018158396	181.37927651405334
316	-334.21838	330.3335	-33.50979	-886.4	21.592592	-157.91794	7.1529274	-155.84866	-183.38722	190200	-0.15427533	9079.89	-0.00033265352	-12.088867	2.1130168	8.686702e-05	181.89305663108826
317	-397.99576	366.74362	-33.735462	-886.4	18.774193	-157.35097	7.6637607	-154.96169	-182.57959	190800	-0.13504873	14667.457	-0.00023153424	-295.40234	2.0927756	-0.0001320984	182.41167950630188
318	-369.80072	348.80545	-46.76589	-886.4	20.413794	-159.9013	11.448615	-153.51483	-181.2645	191400	-0.15607285	13747.91	-0.00053466856	-126.2334	2.0587661	6.156137e-05	182.9562931060791
319	-412.9104	356.827	-54.021732	-886.4	19.258064	-161.93346	12.751424	-152.92017	-180.80666	192000	-0.19607764	14848.578	-0.00037062168	-279.38477	2.0584664	-0.00014235586	183.49618983268738
320	-435.7093	378.85785	-43.721252	-886.4	17.294117	-162.39278	12.498453	-153.7115	-181.75308	192600	-0.26713958	18174.01	-0.00046604872	-126.40234	2.0957792	-0.00020432929	184.55207061767578
321	-331.56653	332.15457	-33.00074	-886.4	21.666666	-160.06729	12.488969	-151.837	-180.08328	193200	-0.17887418	9117.379	-0.0004567951	-48.859375	2.0670118	2.8286577e-05	185.0672106742859
322	-412.97223	354.5535	-65.73655	-886.4	19.225807	-160.70448	13.265784	-150.15134	-178.52069	193800	-0.18634973	12433.93	-0.0003925711	-127.3584	2.065201	9.034961e-05	185.6081519126892
323	-480.7092	377.36008	-35.00122	-886.4	16.0	-161.69066	13.370673	-150.83682	-179.33246	194400	-0.24155019	18440.742	-0.0004518628	-46.92578	2.1034138	5.633334e-05	186.16190934181213
324	-516.9653	390.54715	-32.843838	-886.4	14.0	-160.00723	13.049631	-150.58394	-179.25378	195000	-0.2459309	24746.85	-0.0004338026	-217.92969	2.0490391	-9.246787e-05	186.70369958877563
325	-338.58688	346.23254	-33.354645	-886.4	20.821428	-154.18489	10.947578	-148.6115	-177.52518	195600	-0.24545802	10982.46	-0.00056634843	-134.30371	2.010772	-7.616003e-05	187.2147397994995
326	-399.665	366.00024	-31.925957	-886.4	19.032259	-152.97453	12.119319	-145.69725	-174.73708	196200	-0.16010605	14661.104	-0.00042568147	-165.6582	2.0435493	-2.060304e-05	187.73135566711426
327	-364.89655	353.73642	-29.899548	-886.4	20.137932	-153.70894	12.995433	-144.84435	-174.04272	196800	-0.15235764	11337.144	-0.00050261617	-62.115234	2.15861	-5.9622525e-05	188.27124643325806
328	-344.69815	346.01688	-42.033245	-886.4	20.714285	-153.1198	13.275717	-143.19038	-172.5208	197400	-0.14594273	9849.765	-0.00059324503	-49.40039	2.0777287	-0.00021468887	188.82641553878784
329	-525.4635	388.03104	-51.96795	-886.4	13.651163	-149.71347	12.826402	-141.2645	-170.7167	198000	-0.23267914	22232.373	-0.00032113492	-125.55664	2.0997543	9.754727e-05	189.37392497062683
330	-490.92142	377.96588	-62.262436	-886.4	15.789474	-143.88803	9.052385	-140.59299	-170.23038	198600	-0.2478126	19396.154	-0.0002951026	-697.791	2.0824902	0.000171808	190.47249293327332
331	-477.98663	379.65442	-26.573923	-886.4	16.027027	-154.32068	14.167341	-142.26714	-172.05954	199200	-0.21798137	18110.371	-0.0004478991	-18.324219	2.107398	9.321978e-05	191.00328183174133
332	-447.19717	395.78156	-29.473024	-886.4	16.222221	-151.67398	13.358793	-142.47415	-172.45772	199800	-0.23755524	19490.912	-0.00046417117	-308.9746	2.0826046	-0.00025917272	191.52944111824036
333	-428.89532	369.09705	-40.944847	-886.4	17.90909	-147.14389	13.258454	-138.09277	-168.30959	200400	-0.25141966	16418.404	-0.0005261898	-167.46094	2.093899	0.0003436915	192.07518982887268
334	-326.35666	340.48602	-38.54655	-886.4	21.74074	-150.27997	14.268241	-138.6392	-169.0329	201000	-0.16777964	13405.145	-0.00067818165	-27.585938	2.0393355	0.00015559564	192.61926293373108
335	-383.69666	374.35925	-35.996902	-886.4	18.709677	-146.97989	13.204403	-137.94029	-168.52922	201600	-0.1767255	12227.838	-0.0003607124	-272.01074	1.9496311	3.6700767e-05	193.1597135066986
336	-416.11118	382.79956	-27.325306	-886.4	17.575758	-140.24745	11.2046995	-134.9031	-165.63196	202200	-0.17992628	16010.14	-0.00045105815	-329.66797	2.052875	-5.53897e-05	193.7084846496582
337	-356.14417	358.7349	-28.204062	-886.4	19.758621	-142.56151	13.865751	-132.29662	-163.19394	202800	-0.18367249	10674.9	-0.0004389435	-339.13867	1.9977615	0.00016809335	194.2492697238922
338	-519.20593	386.5511	-32.629025	-886.4	14.095238	-137.68042	16.387808	-121.37071	-161.78738	203400	-0.27633503	24848.37	-0.0005286336	-171.78906	2.0616171	-0.00014379164	194.79267835617065
339	-474.29877	382.35645	-35.34377	-886.4	15.972973	-138.22679	16.255844	-123.41354	-164.36026	204000	-0.22692795	17644.207	-0.00041681528	-70.884766	2.0743735	-0.00022917618	195.26752495765686
340	-452.0053	376.2568	-37.511593	-886.4	16.742857	-139.2045	16.160809	-125.054985	-166.40044	204600	-0.2492543	16827.07	-0.00045110285	-68.96289	2.128584	0.00023328165	196.3568742275238
341	-360.8961	354.01917	-45.998287	-886.4	20.068966	-139.08586	15.63563	-127.15619	-168.84872	205200	-0.21101242	11107.842	-0.00039581954	-27.52539	2.0291665	0.00019994448	196.88137674331665
342	-382.49997	382.6853	-26.048725	-886.4	17.939394	-134.61972	13.590384	-127.686745	-169.64587	205800	-0.1907907	13458.682	-0.00038342178	-171.18066	2.0043166	-0.00028285553	197.39777326583862
343	-434.01205	394.1002	-22.388466	-886.4	16.342857	-133.68094	15.258983	-123.97105	-166.4033	206400	-0.21644354	16562.086	-0.00047640502	-90.859375	2.0220563	-0.00019380321	197.9086537361145
344	-293.34348	324.7708	-42.82945	-886.4	22.346153	-133.79523	15.777171	-121.230804	-164.15149	207000	-0.16791505	7602.8726	-0.00043959916	-27.04004	2.0941062	6.558597e-05	198.43826985359192
345	-256.40335	310.40988	-33.58931	-886.4	22.923077	-128.5606	14.565623	-120.038185	-163.17345	207600	-0.105156735	6619.9614	-0.0005390346	-88.01221	2.0181859	-0.00030698886	198.999507188797
346	-366.10287	371.6307	-37.559383	-886.4	19.3	-129.29237	15.908358	-117.40539	-160.77771	208200	-0.18266162	12270.034	-0.00042386353	-43.385742	1.9882816	-9.58998e-05	199.53767490386963
347	-428.95587	385.0346	-29.838345	-886.4	17.17647	-128.77963	16.396381	-115.849724	-159.55457	208800	-0.17018124	14766.743	-0.00038297474	-80.990234	2.0695744	-0.00014469147	200.12319040298462
348	-421.2103	377.5719	-46.83532	-886.4	17.666666	-129.46918	16.255796	-115.54866	-159.60504	209400	-0.18965872	13980.42	-0.00038021803	-85.85449	2.0842152	0.00042455652	200.65928411483765
349	-388.29623	372.8662	-24.658756	-886.4	18.870968	-131.46844	16.387798	-117.058	-161.37401	210000	-0.21039635	12983.818	-0.00054481626	-45.671875	2.0736623	0.00011671772	201.2447862625122
350	-334.6026	363.42383	-26.737074	-886.4	19.933332	-130.9286	16.422934	-116.40983	-161.01938	210600	-0.15474167	10378.577	-0.00044251978	-166.83594	1.9784629	8.192003e-05	202.35337209701538
351	-416.15424	382.69617	-27.43893	-886.4	17.636364	-126.13609	16.481796	-113.26195	-158.2037	211200	-0.22618394	15112.62	-0.0005402118	-70.92969	2.0449958	8.23457e-05	202.87336206436157
352	-479.67014	396.56113	-30.16073	-886.4	14.820513	-126.26865	16.695892	-113.45255	-158.7251	211800	-0.26030317	19748.63	-0.00034740567	-107.95117	2.0456026	-0.00044711342	203.38756394386292
353	-434.16846	380.88272	-45.550022	-886.4	17.17647	-123.35034	15.768207	-113.43737	-159.1172	212400	-0.21041085	14949.323	-0.0005093813	-202.19824	2.0597396	-0.00012427836	203.92558312416077
354	-367.21716	369.34915	-31.585644	-886.4	19.2	-128.82355	16.66807	-115.20029	-161.17104	213000	-0.14976531	10773.882	-0.00035065413	-27.345703	2.0910842	0.0005062258	204.45630168914795
355	-398.8043	381.44202	-28.627861	-886.4	18.03125	-126.90432	16.653229	-114.1704	-160.41992	213600	-0.19552696	14267.09	-0.0005301386	-52.078125	2.0356834	-8.485784e-05	204.98338651657104
356	-459.8107	384.25674	-36.330807	-886.4	16.444445	-127.70714	17.096146	-113.76777	-160.35254	214200	-0.27209237	18992.107	-0.0005518496	-195.27148	2.0826452	0.00034397285	205.51517295837402
357	-449.4476	380.954	-31.840342	-886.4	16.8	-131.18976	17.226374	-117.29257	-164.26936	214800	-0.22590001	15581.396	-0.00046122074	-167.28027	2.1550446	0.0005294367	206.04710721969604
358	-476.99063	400.35867	-28.55328	-886.4	14.846154	-133.44403	17.397594	-118.95941	-166.1989	215400	-0.24539822	19481.758	-0.00045771897	-200.29688	2.0164053	-0.00012971669	206.52293801307678
359	-374.55206	387.10394	-23.22609	-886.4	17.848484	-124.06914	14.783287	-116.799355	-164.48486	216000	-0.21933632	14241.731	-0.00039294362	-215.60938	1.9732971	0.000115880866	207.10555768013
360	-464.69052	400.42447	-28.205338	-886.4	15.105263	-121.38948	16.010199	-112.22875	-160.3165	216600	-0.27300903	19268.764	-0.00047266483	-75.92969	2.0364208	6.223589e-05	208.23113918304443
361	-491.50565	388.83026	-24.262503	-886.4	15.230769	-126.23596	18.086449	-110.430725	-158.93327	217200	-0.22318462	20959.36	-0.000489071	-204.79688	2.124916	0.00048505783	208.75075030326843
362	-372.979	387.94193	-24.198374	-886.4	18.030304	-123.34897	16.440542	-113.23916	-162.22449	217800	-0.22745247	15258.547	-0.00037182868	-202.51855	2.0049536	-0.00015260199	209.26109313964844
363	-348.08713	373.5678	-27.496595	-886.4	19.35484	-120.38771	16.75758	-109.87482	-159.25574	218400	-0.16725904	11414.661	-0.0004606545	-121.87109	1.9936235	0.00023246279	209.8062400817871
364	-391.79962	383.7352	-25.195633	-886.4	18.0	-118.08456	17.053226	-106.92643	-156.46225	219000	-0.19391507	13783.957	-0.0005533248	-49.15918	2.0396488	-0.00013597925	210.34802269935608
365	-433.50732	395.42178	-26.599407	-886.4	16.428572	-116.123726	16.764587	-106.39375	-156.24435	219600	-0.23427851	17108.91	-0.00036893785	-74.60156	2.0322006	0.00012023787	210.8996901512146
366	-466.8894	398.1397	-29.475712	-886.4	15.342105	-117.9072	17.47543	-106.06177	-156.16553	220200	-0.26942968	19042.477	-0.00052922964	-111.90234	1.981189	-0.00020660818	211.45846033096313
367	-348.34018	371.72418	-21.464703	-886.4	19.225807	-115.111145	16.319426	-106.36817	-156.89748	220800	-0.21304062	11857.696	-0.00051631033	-86.0332	2.02779	-0.0002467969	212.00326657295227
368	-309.46405	356.8794	-38.64922	-886.4	20.344828	-114.30237	16.544748	-104.73041	-155.52827	221400	-0.16158862	8329.563	-0.00030568242	-93.42383	1.9798319	-5.7835776e-05	212.4819097518921
369	-336.10406	363.8791	-30.902422	-886.4	19.966667	-109.60422	15.035296	-102.844444	-153.70094	222000	-0.1555037	11495.235	-0.00051151216	-251.78613	2.089325	-0.00025166443	212.99677348136902
370	-356.67664	375.91537	-22.504986	-886.4	19.1	-116.53164	17.878498	-102.523	-153.60126	222600	-0.18432146	10599.162	-0.00044874847	-99.42383	2.0059412	1.9854506e-05	214.20083355903625
371	-309.1785	358.42514	-30.726208	-886.4	20.586206	-110.408905	16.185177	-101.48099	-152.75015	223200	-0.13231725	9288.179	-0.00061275065	-83.96973	1.9937539	3.4926434e-05	214.7538182735443
372	-392.93372	391.33447	-24.062544	-886.4	17.617647	-109.800354	17.303398	-98.99873	-150.50996	223800	-0.23581843	15215.457	-0.0006021112	-69.728516	2.019169	-5.584399e-05	215.30612635612488
373	-440.1881	402.07428	-24.928242	-886.4	15.763158	-109.2636	17.503922	-98.10234	-149.95966	224400	-0.21472536	16871.166	-0.00028061867	-110.98633	2.000267	0.00033753444	215.8526771068573
374	-277.632	352.7833	-25.51451	-886.4	20.892857	-101.01746	12.152366	-97.52746	-149.72711	225000	-0.16433677	8221.325	-0.00025129318	-108.82666	1.9358215	-2.002716e-07	216.38863921165466
375	-231.74391	315.86188	-22.387295	-886.4	22.923077	-98.00805	12.598918	-94.17935	-146.61488	225600	-0.18424901	11227.306	-0.0006432384	-722.5088	1.9511825	-0.00016285489	216.940988779068
376	-302.75046	362.27402	-28.82096	-886.4	20.241379	-102.093895	17.454672	-91.70899	-144.56854	226200	-0.16526842	9130.869	-0.0003389269	-100.28125	1.8978122	-0.0001094384	217.48375868797302
377	-343.02933	376.155	-28.110392	-886.4	19.0	-101.13305	17.781403	-89.52659	-142.59839	226800	-0.18009476	10518.178	-0.00034861267	-52.208984	2.0751154	-9.5742245e-05	218.02846550941467
378	-355.42407	385.49014	-21.355907	-886.4	18.375	-100.37728	18.148022	-88.226654	-141.40637	227400	-0.1986953	11754.8955	-0.00034350157	-118.646484	1.9649426	-0.00042351743	218.49534702301025
379	-208.66139	298.77014	-23.817774	-886.4	23.48	-96.68133	17.126537	-86.60336	-140.0109	228000	-0.14150313	5583.274	-0.000325948	-52.617188	2.0312676	-0.00011484931	219.00659704208374
380	-325.96722	369.27652	-20.800419	-886.4	19.833334	-99.26725	18.719296	-84.2048	-137.78041	228600	-0.17979579	10343.525	-0.00034052134	-21.027344	2.0626667	7.549733e-05	220.20126271247864
381	-365.90372	394.66595	-26.484608	-886.4	17.575758	-91.86733	16.189337	-84.3049	-138.0854	229200	-0.20009382	12946.196	-0.00039674342	-26.192383	2.0523324	-0.0004369386	220.7147843837738
382	-450.7833	403.05563	-27.850893	-886.4	15.567568	-95.34153	18.532276	-82.885956	-136.98212	229800	-0.24372111	17568.041	-0.00039100647	-63.447266	1.9724339	2.47249e-05	221.2595694065094
383	-386.24237	394.97958	-23.761827	-886.4	17.558823	-96.56888	18.472235	-84.62798	-139.08604	230400	-0.20127077	13815.62	-0.00030133128	-67.30469	1.9758407	1.8640061e-05	221.79729008674622
384	-391.94547	384.54218	-27.075848	-886.4	17.9375	-98.51883	18.810835	-84.899666	-139.691	231000	-0.20771064	12544.271	-0.00037159026	-111.680664	1.9353405	0.0001121366	222.34040331840515
385	-387.04858	393.7036	-36.242405	-886.4	17.411764	-98.59841	18.034893	-87.82438	-142.84158	231600	-0.1988584	13219.94	-0.00039492548	-51.1875	1.9693319	-4.754583e-05	222.8852608203888
386	-361.7916	381.06607	-25.894613	-886.4	18.5	-99.21483	18.1478	-87.90512	-143.18954	232200	-0.19448967	11570.833	-0.00037708879	-56.518555	1.9929067	2.2870203e-05	223.42364621162415
387	-289.35193	369.22534	-23.101015	-886.4	19.793104	-94.468124	15.034593	-88.47266	-144.00957	232800	-0.15669408	9049.795	-0.00030001998	-220.22461	1.9459655	-0.00033138294	223.95539093017578
388	-291.6429	368.76138	-18.982134	-886.4	20.37931	-88.5758	14.032687	-83.99467	-139.9867	233400	-0.15329717	9661.368	-0.00044445693	-63.035156	1.9819506	-0.0005469073	224.4198305606842
389	-365.08987	378.92462	-36.538517	-886.4	18.40625	-85.11431	13.700082	-80.25992	-137.10825	234000	-0.1743116	12350.827	-0.0006324351	-735.97754	1.9815155	-0.00013565848	224.93326377868652
390	-284.19553	349.4394	-26.269714	-886.4	21.0	-95.10039	18.057978	-84.148415	-140.39902	234600	-0.13201942	7843.106	-0.00037682056	-60.414062	1.935878	-7.727236e-05	226.14674973487854
391	-433.94943	408.55515	-24.914545	-886.4	15.605263	-95.29561	19.066355	-83.67296	-140.10144	235200	-0.24279486	17818.24	-0.0003850758	-35.90625	2.0072823	1.7544528e-05	226.69322180747986
392	-366.65088	393.88013	-30.62525	-886.4	17.818182	-93.197395	18.145111	-82.95506	-139.84723	235800	-0.19946903	12528.563	-0.00036107004	-63.640625	1.9174267	-0.00052036264	227.2094166278839
393	-240.54503	317.71237	-36.245316	-886.4	22.846153	-93.83585	18.424633	-81.87702	-139.10535	236400	-0.11858521	6203.1	-0.0003259033	-156.1543	2.011289	0.00010526419	227.72968554496765
394	-323.14258	389.24142	-20.402815	-886.4	18.903225	-89.84637	17.288284	-80.968025	-138.39435	237000	-0.17677858	10959.741	-0.0002630353	-283.958	1.9487854	-0.000106359425	228.26578855514526
395	-374.32864	388.8729	-25.763666	-886.4	18.060606	-87.71686	18.795193	-76.63033	-134.36525	237600	-0.19053966	13014.287	-0.00034487247	-119.68848	2.071611	-0.00021406442	228.81762146949768
396	-364.49747	395.55478	-23.215433	-886.4	17.969696	-90.544785	19.213017	-78.14242	-136.15889	238200	-0.20107529	12747.845	-0.00037910044	-109.14258	2.002314	-0.0001906998	229.36164593696594
397	-442.5301	411.72925	-24.234304	-886.4	15.256411	-85.62862	17.66534	-77.481964	-135.78543	238800	-0.26745197	18347.57	-0.0004298687	-21.753906	1.9613501	-0.00031099666	229.88335347175598
398	-363.72168	395.8021	-25.966993	-886.4	17.727272	-85.57498	17.15816	-77.66847	-136.39977	239400	-0.19209668	12473.705	-0.00018975139	-54.916992	1.9110692	-0.00012256742	230.39162278175354
399	-311.40887	377.52924	-25.673508	-886.4	19.333334	-81.81477	14.531064	-77.28217	-136.31606	240000	-0.15540601	9909.343	-0.0002451539	-215.28418	1.9008712	-7.310977e-05	230.98856854438782
400	-425.9263	403.58322	-20.043615	-886.4	16.027027	-86.532074	19.306715	-75.12492	-134.44049	240600	-0.22384626	17319.994	-0.0004336089	-162.49805	2.0001822	-0.00022201448	232.24701356887817
401	-376.69168	401.50626	-30.91953	-886.4	17.264706	-85.18664	16.775389	-78.39014	-138.01683	241200	-0.2022474	13319.33	-0.00031532347	-41.908203	1.9658952	-6.705533e-05	232.82111859321594
402	-448.736	406.2771	-22.795412	-886.4	15.256411	-84.31828	17.103113	-77.64156	-137.59969	241800	-0.25407314	18465.32	-0.00032785535	-266.32617	2.0379999	-4.095932e-05	233.36350798606873
403	-162.86772	275.3867	-25.290983	-886.4	24.0	-86.89794	16.110353	-80.24349	-140.57722	242400	-0.09802517	4478.5083	-0.00044105202	-179.18848	1.9194043	8.031984e-05	233.9420564174652
404	-356.73816	400.85284	-22.609816	-886.4	17.666666	-82.35276	16.76685	-75.669815	-136.22043	243000	-0.17918363	12597.825	-0.0003233105	-108.171875	1.9675094	-8.374264e-05	234.49243187904358
405	-422.3875	406.148	-22.52292	-886.4	16.162163	-78.739494	16.277126	-73.259415	-134.10764	243600	-0.22540349	16880.63	-0.00031474233	-491.39062	1.9998581	0.00041398616	235.04704523086548
406	-351.6363	387.9695	-22.554293	-886.4	18.21875	-85.8644	19.2128	-74.83128	-136.05634	244200	-0.19397098	11404.912	-0.00035203993	-46.38672	2.011504	0.0001116396	235.59684896469116
407	-347.81128	389.03662	-23.651903	-886.4	18.34375	-86.48878	19.43884	-75.3545	-136.83533	244800	-0.23091975	12387.304	-0.00037124753	-139.2207	1.9660454	-0.00018106331	236.1036286354065
408	-414.38898	400.10492	-22.250254	-886.4	16.472221	-82.36603	17.37397	-75.607285	-137.28291	245400	-0.22275363	15612.769	-0.00032295287	-387.542	2.025393	-0.0002188774	236.65768718719482
409	-479.93475	407.74564	-29.714642	-886.4	14.4	-91.891464	20.90965	-78.17615	-140.17567	246000	-0.274903	20300.025	-0.00036081672	-141.51172	1.978136	8.3940824e-05	237.2004885673523
410	-350.5318	388.85236	-28.336645	-886.4	18.4375	-90.716995	18.910988	-81.00571	-143.4093	246600	-0.20386976	11459.989	-0.00025993586	-23.817383	1.9597837	9.881487e-05	238.56888842582703
411	-382.98816	396.86438	-27.86374	-886.4	17.32353	-89.32713	18.856934	-80.09848	-142.81018	247200	-0.21073283	13179.019	-0.00035579503	-10.939453	1.9986523	-0.00013446719	239.1078062057495
412	-439.4948	403.33878	-24.416904	-886.4	15.657895	-90.66727	19.8183	-80.00873	-143.01353	247800	-0.24045217	17277.812	-0.00035879016	-73.4375	2.0563216	9.900222e-05	239.64885449409485
413	-367.85635	391.657	-22.541601	-886.4	17.969696	-93.75308	20.175451	-82.17708	-145.53862	248400	-0.21980764	13644.332	-0.0003515929	-50.286133	1.9378406	-2.970457e-05	240.15713691711426
414	-299.71347	363.28098	-22.639864	-886.4	19.862068	-91.53499	19.106915	-81.86462	-145.51413	249000	-0.1728433	8530.091	-0.00022353232	-15.989258	1.9479741	-7.050544e-05	240.66657543182373
415	-438.73407	415.01608	-27.891527	-886.4	15.0	-88.43215	18.37665	-81.02734	-144.85408	249600	-0.23514186	18285.55	-0.0003799945	-121.353516	1.9798155	-0.00022255232	241.18869161605835
416	-370.35065	391.55167	-22.982903	-886.4	17.787878	-86.194984	17.87125	-79.052284	-143.33502	250200	-0.20756888	12704.827	-0.00030723214	-144.11426	1.9851083	1.0171632e-05	241.7855486869812
417	-380.36395	397.9807	-21.32503	-886.4	17.352942	-88.24834	18.613092	-80.06063	-144.65718	250800	-0.23386855	14445.736	-0.0003271848	-46.648438	1.9641879	-2.2788545e-05	242.34177994728088
418	-345.19183	392.4026	-26.599016	-886.4	18.125	-88.565056	19.21105	-79.40604	-144.29343	251400	-0.18390399	11475.46	-0.00029297173	-91.36133	2.0234523	5.476574e-06	242.8824543952942
419	-366.14685	394.247	-27.61666	-886.4	17.575758	-83.458244	17.367075	-77.02494	-142.2246	252000	-0.20366265	12464.521	-0.00034081936	-77.274414	1.9554055	-0.00010138581	243.47639727592468
420	-384.4835	395.98193	-19.9744	-886.4	17.294117	-88.02587	20.491997	-76.83918	-142.28793	252600	-0.2108777	13360.568	-0.00034070015	-116.86621	2.0411093	3.5713514e-05	244.86054348945618
421	-409.4364	403.61298	-24.257357	-886.4	16.333334	-86.66423	18.636658	-78.94902	-144.6943	253200	-0.20340057	14894.96	-0.00027249753	-132.55469	1.9926072	9.66836e-05	245.4427626132965
422	-313.95938	375.8141	-36.970394	-886.4	19.333334	-84.52819	15.428155	-80.28655	-146.31313	253800	-0.17804289	9762.307	-0.00026896596	-27.21875	1.9118178	-5.4395e-05	246.0009846687317
423	-403.41235	407.45648	-23.32853	-886.4	16.11111	-84.35595	16.542238	-79.634544	-145.871	254400	-0.23567866	15803.042	-0.00029858947	-17.49414	1.9484009	-1.0365546e-05	246.5711805820465
424	-360.98785	396.39923	-28.778912	-886.4	17.60606	-83.22716	16.129316	-78.756996	-145.39987	255000	-0.22582364	13035.64	-0.0003734082	-13.772461	1.9206519	-9.259889e-05	247.03322553634644
425	-459.92203	405.60464	-19.408924	-886.4	15.078947	-82.49397	16.946138	-77.66997	-144.66283	255600	-0.24130358	18162.611	-0.00037577748	-188.44727	2.0161612	6.3542524e-05	247.5174241065979
426	-251.8576	340.74902	-24.698265	-886.4	21.296297	-86.841095	15.166634	-82.89161	-150.18898	256200	-0.13604017	7206.945	-0.00026968122	-17.503906	1.8364316	-0.00018066695	248.0525667667389
427	-372.0596	405.12964	-25.318161	-886.4	17.294117	-86.14909	16.492514	-81.55125	-149.04784	256800	-0.21067168	13453.882	-0.00030614436	-108.88574	1.9254858	-0.000105297964	248.60996198654175
428	-393.15314	403.4485	-29.616947	-886.4	16.571428	-82.03469	16.367846	-77.704	-145.61401	257400	-0.21870606	14138.125	-0.00027132034	-12.356445	1.9265459	-8.6874265e-05	249.12828516960144
429	-225.46808	323.67053	-27.72197	-886.4	22.153847	-81.30014	14.581364	-77.83327	-146.07242	258000	-0.115743004	5813.851	-0.00022361428	-23.139648	1.9064978	-0.000108254455	249.67011189460754
430	-392.38022	404.05957	-24.607481	-886.4	16.657143	-80.986534	16.776218	-76.32692	-144.70618	258600	-0.21758829	14170.517	-0.00030215085	-11.286133	1.9021	-0.0001370128	250.92218661308289
431	-184.8192	300.15848	-21.828896	-886.4	22.846153	-79.886314	14.491556	-76.56957	-145.26152	259200	-0.071405604	5027.8716	-0.00022544712	-131.91553	1.9112972	-9.9313955e-05	251.5350799560547
432	-146.40099	231.03696	-36.728867	-886.4	25.347826	-75.49306	14.188942	-72.189644	-141.11287	259800	-0.06417423	3361.055	-0.0002611801	-7.0512695	1.9179342	-0.00012183945	252.1262354850769
433	-406.55634	407.10455	-21.666687	-886.4	16.416666	-77.837555	17.205805	-72.938576	-141.82687	260400	-0.26430798	16456.725	-0.0004787445	-41.865234	1.8759363	-0.00029815256	252.71531105041504
434	-251.86241	341.13553	-24.500952	-886.4	21.333334	-78.73394	15.145428	-75.05319	-144.22063	261000	-0.1277494	7407.7417	-0.0001924634	-2.4765625	1.9207133	1.8715462e-05	253.26225423812866
435	-352.04138	387.57855	-31.995602	-886.4	18.28125	-79.966	16.394356	-75.524666	-144.84035	261600	-0.18242228	11278.465	-0.0002643913	-34.146484	1.936558	1.8571416e-05	253.69223642349243
436	-343.55936	393.55167	-21.889042	-886.4	18.0625	-81.63065	16.054554	-77.59853	-147.10516	262200	-0.17572945	11385.423	-0.00025252998	-25.425781	1.9770594	-7.57879e-05	254.21220111846924
437	-238.18011	347.001	-20.665195	-886.4	21.407408	-79.511925	15.006464	-75.9671	-145.83328	262800	-0.12512627	6742.615	-0.00022342801	-143.66504	1.9058591	-2.4068653e-05	254.8095760345459
438	-445.71936	408.4977	-31.474691	-886.4	14.846154	-76.1695	17.582241	-71.38726	-141.55588	263400	-0.24552575	17608.059	-0.00033718348	-114.859375	1.9203359	-6.87017e-05	255.40184330940247
439	-447.24747	418.06918	-20.589472	-886.4	14.525	-79.62032	17.802717	-74.7459	-145.26237	264000	-0.25014907	18805.803	-0.00034055114	-25.113281	1.9223466	-8.606712e-05	256.03741812705994
440	-245.47691	343.98053	-21.95374	-886.4	21.37037	-77.874535	15.266645	-74.29558	-145.36449	264600	-0.11563125	7081.362	-0.0003330037	-20.036133	1.9653524	-8.3853505e-05	257.31744480133057
441	-377.44104	400.9938	-25.846844	-886.4	17.117647	-77.14979	17.002771	-72.66287	-143.95903	265200	-0.19710684	12987.619	-0.00028306246	-12.87207	1.9748124	-9.136826e-05	257.84252071380615
442	-330.9607	381.12683	-27.547466	-886.4	19.161291	-77.625656	16.549343	-73.336975	-144.91808	265800	-0.2554426	13710.78	-0.00046142936	-160.2666	2.0083938	0.000195751	258.3968017101288
443	-213.74628	321.62744	-28.408216	-886.4	22.037037	-79.62675	16.1154	-75.69785	-147.5001	266400	-0.089019	5857.412	-0.0002091229	-105.97461	1.9193233	-0.00012154897	258.9442880153656
444	-332.07462	383.91827	-30.68282	-886.4	18.774193	-77.01082	16.302162	-73.0262	-145.01694	267000	-0.18583348	11048.418	-0.00027801096	-22.333008	1.9687425	-7.638355e-05	259.4897403717041
445	-404.9302	407.49377	-23.13543	-886.4	16.166666	-78.689156	17.398321	-74.15105	-146.32191	267600	-0.23200215	14880.208	-0.00032928586	-18.79004	1.9386381	7.418603e-05	260.01807045936584
446	-366.27182	394.25226	-26.746296	-886.4	17.90909	-79.26241	16.810806	-75.06955	-147.60866	268200	-0.20046525	12494.403	-0.00026106834	-33.28125	1.9209682	5.5610042e-05	260.51108169555664
447	-398.5821	411.2951	-20.061008	-886.4	16.36111	-81.54298	17.731125	-76.91331	-149.83273	268800	-0.23039155	16818.586	-0.00034870207	-32.085938	1.9357194	-1.2863179e-05	261.03425908088684
448	-367.97366	392.7952	-26.311884	-886.4	17.545454	-79.69721	17.14725	-75.34227	-148.64767	269400	-0.1911147	12214.288	-0.00026351213	-41.073242	1.9286723	-0.00010199567	261.5822296142578
449	-344.58984	393.398	-20.733566	-886.4	18.40625	-81.723915	16.910948	-77.43157	-150.9762	270000	-0.19567071	12007.806	-0.00028589368	-25.078125	1.8582393	-4.690051e-05	262.15063548088074
450	-280.15305	351.40866	-35.775356	-886.4	20.571428	-80.09919	15.930194	-76.45347	-150.29866	270600	-0.13667965	7810.594	-0.00028395653	-29.99414	1.9692094	6.0841045e-05	263.423632144928
451	-356.57935	400.8519	-18.3278	-886.4	17.515152	-82.669266	17.093142	-78.46325	-152.40239	271200	-0.2015182	12081.673	-0.000261873	-66.356445	1.881568	-0.00015406459	263.9403727054596
452	-267.13065	358.04144	-28.483934	-886.4	20.678572	-79.16994	15.944646	-75.56236	-149.91428	271800	-0.14288473	7280.315	-0.00024947524	-37.671387	1.8787609	-6.1130326e-05	264.47947573661804
453	-267.38153	358.53836	-25.531857	-886.4	20.535715	-76.70604	16.002275	-73.087875	-147.70782	272400	-0.14421041	7829.2417	-0.0003207922	-16.34668	1.9458753	0.00012656987	265.0180034637451
454	-254.74771	356.709	-27.760414	-886.4	20.448277	-75.25351	16.309605	-71.49101	-146.33446	273000	-0.13427871	7388.385	-0.00019581616	-68.76318	1.9476953	-6.769796e-05	265.56704330444336
455	-320.53394	388.70648	-27.93163	-886.4	18.838709	-72.45008	17.235792	-68.23187	-143.44374	273600	-0.20734215	11876.221	-0.0003619939	-12.030273	1.9406083	-0.00026351304	266.11266922950745
456	-287.96857	370.55908	-27.557573	-886.4	19.827587	-70.8729	16.444582	-67.100075	-142.55316	274200	-0.13881363	8854.055	-0.00022612512	-3.0126953	1.9166744	-0.00021493822	266.57387351989746
457	-256.33307	355.90973	-22.047615	-886.4	20.62069	-70.99779	16.488073	-67.20077	-142.86	274800	-0.14169398	7330.7373	-0.00022175908	-16.984863	1.8961751	-5.717059e-05	267.0926191806793
458	-305.17532	373.0011	-30.492476	-886.4	19.32258	-69.68888	17.050333	-65.63529	-141.52069	275400	-0.18429637	9924.236	-0.0003194213	-51.51172	1.9072233	-0.00013787349	267.6215136051178
459	-314.65845	386.01495	-25.793444	-886.4	18.65625	-72.52044	17.329021	-68.33982	-144.35089	276000	-0.16613063	10258.179	-0.00023025274	-12.356445	1.8978666	-0.00011906137	268.16587471961975
460	-197.87665	303.6959	-27.446518	-886.4	23.16	-70.67691	15.539722	-67.362434	-143.68825	276600	-0.11115087	6282.5635	-0.00051561	-4.70459	2.0038786	4.541119e-05	269.4664330482483
461	-291.9323	367.58136	-25.383856	-886.4	20.0	-71.97498	16.646889	-68.15576	-144.5371	277200	-0.14833206	8230.139	-0.00016497076	-14.537109	1.9508198	-7.188807e-05	269.98825335502625
462	-212.70798	321.89804	-21.876135	-886.4	22.037037	-73.28394	16.24704	-69.62396	-146.15038	277800	-0.12496531	5519.285	-0.00023539364	-23.000977	1.9016166	-0.00029684245	270.5911555290222
463	-360.09967	398.5746	-28.043736	-886.4	17.515152	-72.060135	17.736889	-67.706535	-144.42578	278400	-0.2046377	12241.385	-0.00028979778	-15.422852	1.8701314	-0.0003474619	271.1998963356018
464	-316.7412	393.47568	-21.363611	-886.4	18.580645	-72.85055	17.308542	-68.73572	-145.77042	279000	-0.16512986	10409.337	-0.0002798438	-85.4834	1.9493065	0.00020920704	271.80561327934265
465	-389.91904	405.91937	-29.917984	-886.4	16.542856	-69.725174	18.40026	-65.06004	-142.55037	279600	-0.22138657	13891.36	-0.0002629906	-41.393555	1.9020956	-6.574909e-05	272.40304684638977
466	-446.8754	407.7384	-28.597569	-886.4	15.153846	-72.37901	19.501945	-67.09905	-144.93689	280200	-0.24682909	17928.87	-0.00036853552	-244.42383	1.9991516	-6.4058106e-05	272.90766644477844
467	-242.36263	337.1502	-26.944185	-886.4	21.285715	-76.649704	16.757671	-72.86191	-151.00406	280800	-0.14405312	6414.68	-0.0002194941	-1.3564453	1.9450266	9.179304e-05	273.3361566066742
468	-299.28656	376.1098	-24.445086	-886.4	19.32258	-77.14908	17.596085	-72.947495	-151.27248	281400	-0.1683631	9229.788	-0.00033667684	-21.276367	1.8518286	-3.6446352e-05	273.8570668697357
469	-186.81586	298.9013	-23.248707	-886.4	22.923077	-74.89492	16.302399	-71.35048	-149.9941	282000	-0.08718859	4474.2847	-0.00020803511	-45.311523	1.8979089	-0.0002856474	274.4175601005554
470	-291.28055	367.84518	-23.048386	-886.4	19.931034	-72.70413	17.184046	-68.74929	-147.60439	282600	-0.15252091	8064.3535	-0.00022538006	-5.3793945	1.9450183	-1.9053618e-06	275.74167799949646
471	-304.64938	373.25815	-25.10239	-886.4	19.129032	-73.45936	17.758566	-69.23754	-148.2761	283200	-0.16032882	9672.36	-0.00025877357	-18.152344	1.8512936	-0.00013846924	276.28372621536255
472	-256.66	338.21484	-30.136618	-886.4	21.444445	-74.411964	16.71039	-70.706406	-149.93695	283800	-0.16248532	7022.906	-0.00041927397	-55.688965	2.0188801	3.3860406e-06	276.81158781051636
473	-279.50653	364.93774	-25.049892	-886.4	19.9	-77.71489	17.538574	-73.59686	-152.84464	284400	-0.18093884	9172.621	-0.00025629997	-98.76758	1.8948201	-0.00012652924	277.35502576828003
474	-203.83131	325.638	-24.02113	-886.4	21.962963	-76.143234	16.941957	-72.21968	-151.7863	285000	-0.10061514	5632.45	-0.00023479015	-191.6753	1.8259761	-0.00019848207	277.8930809497833
475	-268.76312	357.61707	-22.652073	-886.4	20.5	-71.10404	17.207212	-67.15727	-147.12251	285600	-0.16178098	7577.219	-0.0002603531	-3.8408203	1.8403845	-0.00038538803	278.439825296402
476	-363.3816	395.86206	-22.254107	-886.4	17.90909	-71.77815	18.590233	-67.09986	-147.25162	286200	-0.19278781	11798.659	-0.00029312074	-48.395508	1.9705497	-3.4377874e-05	278.92223381996155
477	-311.56674	377.11942	-29.804659	-886.4	19.333334	-73.459785	17.798212	-69.28345	-149.69485	286800	-0.17511007	9234.308	-0.00028871	-11.548828	1.8506219	-8.717537e-05	279.43513345718384
478	-260.62042	361.8355	-24.068935	-886.4	20.714285	-74.26234	17.296307	-70.343925	-150.99666	287400	-0.15980868	7472.4116	-0.00029736757	-58.710938	1.9165993	-1.7714005e-05	280.0419669151306
479	-208.38766	323.9315	-22.180037	-886.4	22.185184	-71.37667	17.088923	-67.58777	-148.61026	288000	-0.0950927	5589.5054	-0.00021484494	-49.935547	1.8923144	-0.0001619185	280.60335421562195
480	-445.77017	408.49414	-20.210648	-886.4	14.897436	-70.27065	20.279005	-64.84353	-146.14514	288600	-0.26584807	17454.418	-0.00030133128	-189.05469	1.9103016	0.00020164897	281.88273763656616
481	-265.00888	359.67645	-26.602543	-886.4	20.642857	-73.19539	17.508247	-69.24938	-150.8848	289200	-0.14550146	7584.6934	-0.0002553016	-9.791504	1.8400029	-6.443272e-05	282.402978181839
482	-360.37677	397.94366	-32.77885	-886.4	17.69697	-73.18974	18.940195	-68.519615	-150.45563	289800	-0.19499505	11570.125	-0.00025609136	-12.05957	1.9111261	1.1165539e-05	282.9123635292053
483	-391.6987	404.45477	-26.574932	-886.4	16.6	-73.97833	19.54058	-69.02618	-151.31903	290400	-0.22780795	13609.211	-0.00038067997	-28.360352	1.8779086	-5.0826173e-05	283.43012857437134
484	-286.74313	370.78714	-18.860582	-886.4	20.068966	-74.644745	18.12309	-70.42	-153.10948	291000	-0.14350273	8299.157	-0.00019007921	-14.486328	1.910472	3.3521952e-05	283.96864676475525
485	-383.8704	396.32584	-23.826365	-886.4	17.264706	-74.125496	19.456018	-69.279015	-152.29579	291600	-0.2200486	13137.273	-0.00034244359	-114.16211	1.9682652	4.888276e-05	284.49218583106995
486	-357.61563	400.0214	-23.87449	-886.4	17.39394	-77.52871	19.239876	-72.809456	-156.02858	292200	-0.18727474	11658.964	-0.00028933585	-17.839844	1.9431067	-6.520808e-05	285.0279951095581
487	-359.5097	398.73486	-28.913038	-886.4	17.515152	-76.65703	19.345705	-71.911804	-155.5887	292800	-0.20086557	11722.605	-0.00031057	-9.949219	1.8710304	-5.8481096e-06	285.55236768722534
488	-265.38882	359.31924	-24.263968	-886.4	20.535715	-75.47083	18.033869	-71.40154	-155.49199	293400	-0.12248388	7467.16	-0.0002862811	-20.713379	1.9010998	-0.0002735126	286.06782269477844
489	-217.78279	327.2454	-24.925436	-886.4	22.23077	-73.609604	17.491728	-69.80696	-154.18906	294000	-0.14413513	5688.756	-0.00027036667	-26.807617	1.8376571	-4.395594e-05	286.57985043525696
490	-346.2996	391.44843	-20.180391	-886.4	17.96875	-72.497185	19.287197	-67.842445	-152.44432	294600	-0.19402105	10808.768	-0.00031134486	-19.089844	1.9167546	-8.928398e-05	287.88933634757996
491	-405.95255	406.86014	-23.41591	-886.4	16.277779	-74.295	20.412573	-69.0606	-153.9202	295200	-0.23168863	14850.773	-0.00036011636	-50.123047	1.9853133	-6.893913e-05	288.4058048725128
492	-299.024	376.33636	-25.90172	-886.4	19.096775	-75.88246	19.151508	-71.33665	-156.5692	295800	-0.14940625	9171.168	-0.00026924908	-15.613281	1.9197782	5.0367118e-05	288.94373750686646
493	-259.6712	362.23468	-26.313852	-886.4	20.5	-74.30253	18.354433	-70.16339	-155.74646	296400	-0.14107615	7324.922	-0.00022172928	-76.97266	1.8428524	-1.2572011e-05	289.4783625602722
494	-426.78934	413.98035	-21.657742	-886.4	15.421053	-72.43861	21.188417	-66.85051	-152.79993	297000	-0.2671487	16368.727	-0.0004054606	-27.269531	1.8590796	-0.00012428264	290.0214204788208
495	-363.29266	396.22168	-25.159447	-886.4	17.69697	-72.73307	19.98088	-67.83333	-154.25652	297600	-0.21705627	12003.849	-0.0003414899	-40.933594	1.8980814	5.4743887e-05	290.5326204299927
496	-248.96771	341.5529	-26.481789	-886.4	21.25926	-74.08084	18.28522	-70.02553	-156.72246	298200	-0.1476097	6342.5474	-0.00034287572	-9.5390625	1.9453361	5.5600107e-05	291.01441192626953
497	-443.37006	410.7458	-21.649036	-886.4	15.0	-76.32788	21.656067	-70.51325	-157.34627	298800	-0.26618376	17164.72	-0.00041356683	-81.44141	1.891956	-0.00016806861	291.5292718410492
498	-306.69376	371.46075	-25.386942	-886.4	19.032259	-78.11348	19.60015	-73.45494	-160.68921	299400	-0.1609261	8924.685	-0.00035105646	-11.161133	1.9126331	9.823144e-05	292.0398850440979
499	-288.30035	370.11627	-25.54264	-886.4	20.172413	-78.983734	19.059557	-74.60201	-162.06111	300000	-0.16080585	8502.724	-0.00045982003	-22.061523	1.9097388	-7.401655e-05	293.3753626346588
