Epoch	AverageEpRet	StdEpRet	MaxEpRet	MinEpRet	EpLen	AverageVVals	StdVVals	MaxVVals	MinVVals	TotalEnvInteracts	LossPi	LossV	DeltaLossPi	DeltaLossV	KL	BacktrackIters	Time
0	-814.99854	56.472065	-658.9819	-883.61346	9.459017	0.50653976	0.31061074	1.58236	-0.1093968	600	8.8214875e-08	558539.6	-0.045520242	-6583.875	0.009117	0.0	0.6881935596466064
1	-766.3953	80.30167	-585.4355	-871.0006	15.078947	-4.237453	0.9692753	-0.6481124	-5.0851088	1200	3.8146972e-08	483057.28	-0.03882179	-4731.5312	0.008678055	0.0	1.069551706314087
2	-789.005	95.62348	-407.90866	-876.08234	11.384615	-7.5311847	1.9426619	-1.4148597	-8.278432	1800	4.45048e-08	489317.12	-0.035607986	-3649.9375	0.008534992	0.0	1.4340975284576416
3	-766.80914	96.248955	-539.1309	-878.91534	16.514286	-10.470052	1.9297373	-2.840193	-10.974472	2400	3.5762786e-09	432429.66	-0.03898614	-3287.5625	0.009634147	0.0	1.782872200012207
4	-771.4446	92.27769	-505.1231	-882.26666	14.341463	-12.949217	2.3462021	-4.3986893	-13.602484	3000	6.953875e-08	444391.53	-0.033703946	-3425.875	0.0067485175	1.0	2.159242630004883
5	-733.1031	126.35939	-430.84387	-879.69214	18.09091	-15.702706	2.2590747	-6.4860883	-16.26171	3600	-2.5570392e-07	378570.78	-0.026294746	-3042.875	0.009471671	0.0	2.531064510345459
6	-702.50024	181.56897	-175.97452	-869.223	17.515152	-18.20133	2.3614767	-8.615932	-18.79634	4200	5.642573e-08	327467.12	-0.03533797	-2491.0312	0.0087462645	0.0	2.9070112705230713
7	-687.34344	147.32378	-364.9888	-866.20825	22.26923	-20.64286	2.1281881	-10.839159	-21.108118	4800	-6.67572e-08	337003.88	-0.026041746	-2705.875	0.006655404	0.0	3.270528793334961
8	-686.49207	216.30302	-124.68581	-880.03503	15.076923	-22.837402	2.606315	-13.085635	-23.536598	5400	1.4305114e-08	249827.92	-0.03480863	-1996.3281	0.0074335416	0.0	3.6390275955200195
9	-667.8593	213.31445	-208.95299	-872.8458	16.666666	-25.034643	2.3597827	-15.694458	-25.632828	6000	-7.092953e-08	242869.81	-0.03237862	-2021.4375	0.006769596	0.0	4.002535581588745
10	-658.1746	235.72217	-191.69821	-873.5092	15.0	-27.14306	2.3373284	-18.278439	-27.761547	6600	-1.0967255e-07	195527.27	-0.029949047	-1582.9688	0.005692711	2.0	4.497936248779297
11	-602.12067	224.37288	-146.18219	-868.9778	20.857143	-29.247213	1.9095012	-20.774302	-29.67923	7200	-1.1821588e-07	208863.92	-0.03895196	-1790.7188	0.008088841	0.0	4.850698471069336
12	-608.10876	228.83434	-155.08191	-881.47345	20.928572	-31.340212	1.8627629	-23.07468	-31.761591	7800	-2.2133192e-07	217297.06	-0.029044434	-1893.2656	0.008739354	0.0	5.197167158126831
13	-509.3554	263.45093	-119.903175	-879.085	22.153847	-33.542336	1.774928	-25.476372	-33.93621	8400	-3.695488e-08	142012.75	-0.029616058	-1192.25	0.007580945	0.0	5.635299921035767
14	-545.97614	284.36926	-91.05628	-868.52057	18.060606	-35.21381	1.9791608	-22.714375	-35.71482	9000	7.073084e-08	125061.23	-0.03276614	-1068.2656	0.008276726	0.0	5.988126277923584
15	-443.64502	302.74432	-56.589214	-877.9335	19.466667	-36.983803	1.7242448	-29.596754	-37.387306	9600	4.45048e-08	61345.945	-0.031977188	-537.0664	0.006716835	0.0	6.3439154624938965
16	-503.97372	314.65582	-106.6167	-872.51697	17.30303	-38.20138	1.7170671	-31.19568	-38.62351	10200	1.3113022e-08	83034.25	-0.0383109	-621.9453	0.007344391	0.0	6.691568374633789
17	-368.65878	289.90433	-29.318174	-883.7121	21.25	-39.597534	1.4974686	-32.952915	-39.936234	10800	1.2318293e-07	44034.715	-0.025139239	-405.95312	0.008511034	0.0	7.040437936782837
18	-355.27643	321.9497	-36.549877	-882.48615	20.275862	-40.716576	1.4687189	-34.3146	-41.054283	11400	-4.9869218e-08	32338.08	-0.026798058	-243.32617	0.007670738	0.0	7.405136585235596
19	-357.78946	328.63205	-36.926952	-884.3096	19.2	-41.599003	1.4354249	-35.44932	-41.934967	12000	5.801519e-08	24691.477	-0.027876867	-180.53516	0.008050451	0.0	7.760282754898071
20	-316.33047	324.21124	-45.140305	-864.82477	19.633333	-42.375866	1.372897	-36.494053	-42.697002	12600	-7.311503e-08	18877.492	-0.029976772	-125.109375	0.0063184905	0.0	8.242746591567993
21	-362.14337	340.87335	-23.291306	-881.1065	18.59375	-43.01636	1.3573607	-37.39192	-43.34605	13200	-1.5894573e-08	27871.494	-0.030986527	-182.65234	0.0066587143	0.0	8.61014437675476
22	-256.28094	315.7714	-18.988565	-877.5192	20.428572	-43.84852	1.2285233	-38.46271	-44.13086	13800	3.1789146e-08	12154.0	-0.034112316	-58.674805	0.0055666654	0.0	8.957459688186646
23	-240.68181	297.5889	-34.86706	-866.3601	21.518518	-44.349056	1.1564581	-39.12215	-44.60583	14400	-2.3841858e-08	11949.323	-0.029278422	-65.146484	0.0071686753	0.0	9.312078475952148
24	-229.2	323.5397	-25.586868	-882.4363	20.241379	-44.83569	1.1639267	-39.762287	-45.10337	15000	1.66893e-08	7793.7173	-0.038039457	-16.704102	0.0041497415	0.0	9.68432092666626
25	-188.1297	277.78656	-20.251358	-855.4835	21.296297	-45.11482	1.0904284	-40.186337	-45.356735	15600	-2.8610229e-08	5932.618	-0.036466364	-19.128418	0.003123403	0.0	10.039361715316772
26	-132.39197	211.05821	-26.162497	-846.77966	23.24	-45.41093	1.0282258	-40.579746	-45.6305	16200	7.947286e-09	3709.0837	-0.029383942	-14.338379	0.005327327	0.0	10.396766185760498
27	-133.08878	211.78555	-24.72842	-864.11676	22.884615	-45.660324	1.0339233	-40.897316	-45.885334	16800	9.536743e-09	3732.9375	-0.03442888	-16.395508	0.0031731531	0.0	10.75391674041748
28	-127.50627	213.72826	-32.35774	-852.69965	23.12	-45.94453	1.0047845	-41.232628	-46.16132	17400	-1.11262e-08	3287.1685	-0.03265629	-9.440918	0.002951236	0.0	11.103341817855835
29	-107.775856	161.19208	-35.486618	-869.00085	23.958334	-46.169174	0.97259426	-41.504803	-46.372456	18000	1.11262e-08	2694.103	-0.028768195	-16.691895	0.0044033886	0.0	11.459989309310913
30	-159.3845	250.8182	-29.688173	-875.9658	22.037037	-46.436947	1.0193329	-41.82979	-46.663013	18600	-2.4636586e-08	4786.6724	-0.039224032	-18.242188	0.002751838	0.0	11.945632696151733
31	-119.787506	216.0111	-24.041792	-877.1722	22.884615	-46.75697	0.9834989	-42.22625	-46.970997	19200	0.0	2752.2712	-0.034408994	-4.845215	0.0019178219	0.0	12.305246114730835
32	-91.58817	156.51192	-28.137487	-850.57996	24.0	-46.942997	0.9340145	-42.46365	-47.138275	19800	1.7484028e-08	1760.8842	-0.03057151	-4.74646	0.0027149955	0.0	12.662781715393066
33	-102.940094	159.86179	-22.099455	-848.53625	23.958334	-47.109676	0.92640376	-42.666836	-47.30349	20400	7.947286e-09	2999.1416	-0.029461289	-13.213379	0.0044994773	0.0	13.01303482055664
34	-72.602455	31.191881	-29.973244	-142.55585	24.625	-47.391125	0.91979915	-42.97994	-47.58337	21000	-9.934108e-09	1577.1165	-0.028577292	-15.753174	0.007406686	0.0	13.375632762908936
35	-71.66454	30.299036	-18.626022	-124.788826	24.791666	-47.712265	0.9189875	-43.304993	-47.904526	21600	2.577901e-08	1449.8037	-0.033286933	-14.638794	0.007886709	0.0	13.73208999633789
36	-70.44867	27.229908	-26.01403	-121.82732	25.130434	-48.038338	0.9010356	-43.624207	-48.222805	22200	2.0066897e-08	1216.7092	-0.030394377	-13.561035	0.008224891	0.0	14.080220937728882
37	-75.45548	28.37317	-44.38235	-154.93877	24.958334	-48.343372	0.9187669	-43.93716	-48.535587	22800	-1.2119611e-08	1574.3903	-0.024991672	-21.350464	0.009353269	0.0	14.449466228485107
38	-67.341644	29.93545	-18.65997	-121.05208	24.666666	-48.738567	0.9188357	-44.332005	-48.930607	23400	4.2915346e-08	1218.9767	-0.01684412	-10.64624	0.009797689	0.0	14.803702592849731
39	-78.73682	30.706509	-29.850784	-148.86023	24.791666	-49.034214	0.91836554	-44.629906	-49.226196	24000	-3.218651e-08	1808.5946	-0.022643548	-26.032959	0.0082410835	0.0	15.169463872909546
40	-70.78987	40.09642	-23.170944	-220.63528	25.217392	-49.49167	0.90035444	-45.080887	-49.676064	24600	1.08281775e-08	2175.9526	-0.018994454	-15.862549	0.006911829	1.0	15.667789220809937
41	-71.892944	27.876617	-29.837906	-119.635895	24.25	-49.857388	0.9180151	-45.45477	-50.049316	25200	-3.2583873e-08	1209.4236	-0.02545404	-15.206177	0.008064808	0.0	16.02501678466797
42	-93.01239	153.87723	-31.842768	-838.9714	23.8	-50.21603	0.934604	-45.82471	-50.41545	25800	2.5431316e-08	1678.6931	-0.02776759	-6.211914	0.0049482463	0.0	16.379550218582153
43	-65.62769	16.47396	-38.37963	-109.68299	24.958334	-50.46817	0.9079311	-46.113907	-50.657986	26400	6.377697e-08	496.7914	-0.022136953	-8.235382	0.007835064	0.0	16.72566318511963
44	-68.00979	28.287775	-24.669744	-115.749405	25.043478	-50.75355	0.8884306	-46.401188	-50.935513	27000	-1.0331472e-08	1049.1221	-0.023543198	-10.533447	0.008174194	0.0	17.072640895843506
45	-56.506847	25.436485	-30.596226	-142.73921	24.708334	-51.068134	0.90519744	-46.726986	-51.257416	27600	1.7881394e-08	694.09814	-0.029561767	-1.4957275	0.009061581	0.0	17.43026900291443
46	-94.89242	158.33728	-27.645935	-848.3736	24.25	-51.20536	0.9039587	-46.870167	-51.394554	28200	1.5894573e-08	1583.1289	-0.030276397	-5.803955	0.0029067239	0.0	17.778693675994873
47	-66.36137	24.86611	-34.23426	-131.67612	24.833334	-51.445118	0.8933624	-47.16072	-51.631863	28800	-3.0199686e-08	810.82056	-0.03006957	-9.01593	0.008006839	0.0	18.125661373138428
48	-57.91981	23.548527	-22.062033	-119.61599	24.958334	-51.7603	0.8910163	-47.487167	-51.94667	29400	-6.357829e-09	611.43317	-0.0153162	-2.1253052	0.0066237333	1.0	18.508830547332764
49	-58.534542	23.829666	-28.414478	-127.01114	24.956522	-51.935852	0.8725379	-47.661343	-52.1146	30000	5.8611236e-09	562.5595	-0.02593228	-1.6890869	0.009715711	0.0	18.863833904266357
50	-97.77436	160.44286	-19.020582	-855.9349	24.333334	-52.072475	0.88827795	-47.81247	-52.258297	30600	9.536743e-09	2019.7013	-0.025822094	-9.075928	0.0080384305	0.0	19.366257429122925
51	-62.483154	26.534307	-30.754375	-124.898735	25.52174	-52.40533	0.85926235	-48.19586	-52.581337	31200	4.2319297e-08	816.0248	-0.027078688	-5.6904297	0.00805859	0.0	19.72119402885437
52	-57.273563	20.538206	-26.515566	-110.191635	25.73913	-52.684544	0.85695153	-48.486397	-52.86014	31800	1.3113022e-08	448.89056	-0.022093227	-1.2903442	0.008943827	0.0	20.066545009613037
53	-89.14545	157.831	-19.710785	-831.8545	24.25	-52.819393	0.8725405	-48.634857	-53.001724	32400	1.5894572e-09	1990.0325	-0.028448462	-1.6833496	0.005597896	0.0	20.484223127365112
54	-58.837364	27.93034	-21.153675	-110.645775	25.52174	-52.97188	0.8427082	-48.843502	-53.144466	33000	-8.543332e-09	812.02484	-0.02291898	-2.1933594	0.0071527865	0.0	20.84219002723694
55	-51.55332	17.065268	-27.228367	-78.725624	25.434782	-53.15103	0.8400362	-49.035744	-53.323147	33600	-2.0662943e-08	284.94983	-0.027835924	-0.10195923	0.009195234	0.0	21.173917531967163
56	-57.789616	23.721878	-21.644058	-92.33516	25.304348	-53.1229	0.83812445	-49.01698	-53.29467	34200	4.5696893e-08	559.5887	-0.028117752	-0.89959717	0.008967035	0.0	21.552751064300537
57	-64.91978	39.200607	-23.84968	-193.68527	25.652174	-53.233646	0.8363157	-49.136585	-53.404972	34800	-3.6160152e-08	1705.7269	-0.028176991	-8.347778	0.00788248	0.0	21.89828062057495
58	-55.72356	22.920635	-26.828766	-144.49556	25.695652	-53.595226	0.83520824	-49.503597	-53.76631	35400	4.1127205e-08	555.7022	-0.027523378	-0.58709717	0.008783463	0.0	22.247040033340454
59	-80.20987	159.67729	-21.044214	-841.03986	24.458334	-53.70802	0.8500671	-49.63128	-53.885956	36000	3.1789145e-09	1418.3257	-0.030725403	-1.84021	0.004751516	0.0	22.61116075515747
60	-61.386623	21.832565	-31.905422	-100.61028	25.043478	-53.55819	0.817292	-49.55433	-53.725624	36600	-7.947286e-09	510.91663	-0.023789769	-3.1876526	0.008260539	0.0	23.108625650405884
61	-48.54072	17.763186	-25.60756	-88.7159	25.217392	-53.780014	0.81378496	-49.793343	-53.94685	37200	-1.2318293e-08	331.7546	-0.022748863	-1.4560547	0.0085822195	0.0	23.472181797027588
62	-47.35775	12.980134	-32.407246	-81.93676	25.434782	-53.63446	0.8113901	-49.659527	-53.800858	37800	2.2351742e-08	205.12001	-0.0157326	-2.9312286	0.0075789467	0.0	23.82585310935974
63	-57.167587	28.551126	-22.6494	-143.4963	25.608696	-53.391293	0.8087233	-49.429405	-53.557026	38400	-1.2814999e-08	845.3977	-0.019394623	-1.0693359	0.0051640747	2.0	24.180270195007324
64	-44.633568	16.340843	-20.248379	-70.843735	25.304348	-53.520897	0.8070477	-49.567223	-53.686306	39000	5.00679e-08	337.0213	-0.026390418	-5.3647766	0.008966435	0.0	24.53832173347473
65	-50.542274	23.78191	-19.198246	-112.70268	25.347826	-53.20414	0.8041144	-49.26483	-53.36884	39600	9.338061e-09	560.9567	-0.021282462	-0.7298584	0.00646344	1.0	24.890440225601196
66	-87.74383	161.00174	-23.851894	-855.1344	24.166666	-53.051777	0.817241	-49.132454	-53.22275	40200	0.0	1402.7919	-0.027163856	-0.66833496	0.0077449433	0.0	25.244027376174927
67	-53.319176	16.88426	-22.634968	-91.020935	25.782608	-53.14176	0.7816608	-49.312458	-53.30205	40800	1.3510387e-08	287.8467	-0.022907386	-0.039367676	0.009335402	0.0	25.589682817459106
68	-48.221016	18.273533	-22.221685	-86.2798	25.565218	-53.17579	0.77738345	-49.367435	-53.335136	41400	-6.7551933e-09	353.06165	-0.026684461	-2.1117554	0.008887988	0.0	25.94979953765869
69	-48.207226	18.40969	-19.29435	-90.33291	25.304348	-52.955135	0.77436304	-49.161587	-53.113926	42000	2.0464261e-08	351.03662	-0.026090365	-2.3053284	0.009387648	0.0	26.294511079788208
70	-46.887234	20.011066	-27.478704	-119.61651	25.434782	-52.704266	0.7711434	-48.926487	-52.862347	42600	1.5894572e-09	414.00302	-0.021219192	-3.6462402	0.0076413113	0.0	26.812302827835083
71	-44.45939	15.326524	-24.987457	-83.001076	25.695652	-52.386406	0.76752144	-48.626373	-52.543842	43200	6.7551933e-09	294.27942	-0.024808949	-6.29834	0.008163853	0.0	27.176077842712402
72	-45.84539	13.90337	-23.133373	-74.50844	25.52174	-51.961037	0.7636856	-48.21979	-52.117573	43800	-7.3512396e-09	227.09047	-0.019853124	-4.4555664	0.009082985	0.0	27.526480674743652
73	-80.45594	158.94551	-19.945072	-838.2442	24.375	-51.5805	0.7747079	-47.865177	-51.742706	44400	9.536743e-09	1363.4597	-0.032562107	-1.131958	0.005099037	0.0	27.879534244537354
74	-39.35217	11.867881	-24.079168	-61.668488	25.47826	-51.413788	0.73641443	-47.80616	-51.56486	45000	-2.8610229e-08	278.3113	-0.023090703	-15.757477	0.0077170325	0.0	28.232659101486206
75	-44.346912	19.118912	-19.589167	-108.21546	25.956522	-50.7226	0.7288022	-47.152256	-50.872078	45600	-1.9868215e-10	414.91644	-0.02081683	-5.370514	0.00913941	0.0	28.588195323944092
76	-52.734413	21.719414	-19.885319	-106.95785	25.434782	-50.272648	0.72447574	-46.723495	-50.421158	46200	-2.7418137e-08	454.59906	-0.017266024	-0.3838501	0.007670729	0.0	28.949124097824097
77	-48.9148	15.457543	-26.633848	-86.965965	25.52174	-50.36271	0.722001	-46.82568	-50.510746	46800	-2.22524e-08	234.71156	-0.029906467	-0.30155945	0.007596248	0.0	29.29918098449707
78	-43.978153	18.072235	-20.53621	-85.779465	25.608696	-50.27119	0.7186856	-46.750404	-50.41858	47400	7.947286e-10	359.75842	-0.023100965	-5.221405	0.007415751	1.0	29.654357433319092
79	-44.99023	14.382414	-20.271578	-72.534386	25.47826	-49.839085	0.71399933	-46.341255	-49.985477	48000	-4.6094257e-08	226.56943	-0.021587221	-3.4447327	0.0066113104	0.0	30.00634479522705
80	-76.414215	167.34808	-24.822136	-874.09814	24.5	-49.454243	0.72350246	-45.984486	-49.605755	48600	-7.947286e-09	1564.6901	-0.02449425	-5.605957	0.008757195	0.0	30.60850739479065
81	-50.298267	19.288736	-21.960861	-98.523026	25.826086	-48.997753	0.68068486	-45.663136	-49.137424	49200	1.3113022e-08	372.54376	-0.015387238	-0.17828369	0.0086415205	0.0	30.958340406417847
82	-41.22358	13.798927	-22.16224	-76.75743	25.608696	-49.057907	0.67545587	-45.748905	-49.19645	49800	-1.2318293e-08	246.6526	-0.007491293	-8.6241455	0.008222534	0.0	31.35948657989502
83	-47.759693	21.643127	-18.777748	-107.02502	25.782608	-48.473106	0.66993314	-45.191162	-48.61057	50400	-1.847744e-08	479.63538	-0.018484978	-0.06677246	0.008745643	0.0	31.74528193473816
84	-49.286472	20.935741	-22.335176	-121.608444	25.956522	-48.37363	0.6668956	-45.106567	-48.510475	51000	1.11262e-08	453.58054	-0.02095582	-0.28564453	0.0068389056	0.0	32.11293172836304
85	-41.42139	16.876404	-20.375393	-93.01094	25.652174	-48.483665	0.6649258	-45.22625	-48.620113	51600	-7.152557e-09	325.11954	-0.016668769	-8.23172	0.0057900995	2.0	32.47220325469971
86	-41.518368	12.775289	-18.340328	-64.58989	25.652174	-47.877384	0.6588952	-44.6495	-48.012474	52200	-5.3544838e-08	199.3294	-0.022062732	-7.8427124	0.009362706	0.0	32.83891272544861
87	-48.113716	20.79454	-23.33415	-101.76875	25.608696	-47.229225	0.652436	-44.03299	-47.362976	52800	-2.8014183e-08	423.7158	-0.016131617	-0.04626465	0.008276747	0.0	33.199711322784424
88	-47.25066	15.546685	-20.874208	-81.23635	25.434782	-47.252106	0.64955413	-44.07	-47.385384	53400	-1.5894573e-08	236.53003	-0.01107286	-0.0039367676	0.009603188	0.0	33.54968309402466
89	-39.103535	9.494554	-21.628616	-51.64161	25.652174	-47.253838	0.6463891	-44.08723	-47.386444	54000	1.1920929e-09	154.4515	-0.011163118	-12.434647	0.0069066905	0.0	33.91242432594299
90	-42.130142	16.843315	-22.117037	-81.178055	25.956522	-46.438732	0.63875794	-43.30951	-46.569782	54600	2.3444494e-08	300.74115	-0.017702743	-4.197815	0.0093047535	0.0	34.436564445495605
91	-45.76156	20.232485	-19.53318	-88.78049	25.73913	-45.90623	0.6325854	-42.807255	-46.03605	55200	-1.4901161e-08	413.26123	-0.022865515	0.0073242188	0.0070272777	1.0	34.78645348548889
92	-39.677387	13.360785	-21.963476	-72.17251	25.608696	-45.87675	0.629467	-42.793053	-46.005936	55800	1.8278758e-08	214.4231	-0.016454114	-7.901657	0.0065358756	0.0	35.13425397872925
93	-46.969635	17.877337	-26.921658	-98.98359	25.434782	-45.1903	0.62219286	-42.14223	-45.317913	56400	-2.125899e-08	324.81287	-0.016536416	-0.5513916	0.0066491244	1.0	35.48897194862366
94	-46.507812	14.15568	-24.332531	-82.789154	26.043478	-45.339016	0.6198881	-42.302242	-45.466225	57000	-1.390775e-09	203.67445	-0.012648994	-0.4524231	0.008756364	0.0	35.84077715873718
95	-45.101723	18.582668	-27.65601	-119.94263	25.695652	-45.523804	0.61772025	-42.49765	-45.650555	57600	-1.947085e-08	334.6037	-0.020809587	-0.042236328	0.0064253155	1.0	36.247355222702026
96	-42.04896	16.654816	-22.706173	-84.54194	25.608696	-45.481575	0.61391187	-42.474068	-45.607502	58200	4.0133795e-08	283.06583	-0.023032868	-3.0198364	0.008654868	0.0	36.59386491775513
97	-35.928528	12.197361	-25.937016	-81.42217	25.73913	-45.017723	0.60742956	-42.041977	-45.14236	58800	-2.960364e-08	230.89844	-0.02278351	-20.363327	0.008752984	0.0	36.994494915008545
98	-37.601433	9.415272	-22.457748	-63.016365	25.956522	-43.774822	0.59625435	-40.85383	-43.897217	59400	2.9404958e-08	126.01181	-0.020069594	-10.836365	0.008927345	0.0	37.3617844581604
99	-37.19991	11.550899	-22.738737	-66.61425	25.47826	-42.802773	0.5864505	-39.929802	-42.923042	60000	-3.8146972e-08	162.05046	-0.021667013	-8.466187	0.008673576	0.0	37.73030376434326
100	-37.951813	10.633561	-27.837639	-75.69464	25.565218	-41.94264	0.5772836	-39.114574	-42.061047	60600	4.4107438e-08	131.20831	-0.017962484	-4.429825	0.006379256	1.0	38.28132605552673
101	-44.251453	10.840528	-23.211868	-62.197937	25.434782	-41.29998	0.56949353	-38.510082	-41.41682	61200	2.0066897e-08	123.79198	-0.019149423	-2.0738297	0.0074771056	0.0	38.638200759887695
102	-52.31288	20.977814	-28.326952	-116.02316	25.347826	-41.687313	0.568676	-38.901424	-41.803997	61800	-5.5631e-09	534.95874	-0.019643089	-30.946716	0.0073379627	0.0	39.02266573905945
103	-37.54578	11.164637	-21.09983	-65.21571	25.652174	-43.34927	0.5756618	-40.529152	-43.467392	62400	4.1325887e-08	156.66687	-0.023042243	-8.127319	0.0096972035	0.0	39.37903046607971
104	-39.51303	15.554041	-22.645231	-85.859055	25.434782	-42.582836	0.56685525	-39.805866	-42.699165	63000	-1.390775e-09	241.64836	-0.022324588	-3.7108154	0.008803328	0.0	39.73660850524902
105	-39.45623	10.479692	-22.597672	-63.657166	25.608696	-41.942066	0.5585477	-39.20579	-42.056694	63600	-7.152557e-09	113.72844	-0.019715192	-2.2806015	0.0072742477	0.0	40.08241629600525
106	-38.44719	9.61508	-22.7189	-68.44913	25.652174	-41.444675	0.5511913	-38.744442	-41.557823	64200	4.0133795e-08	101.76852	-0.021318516	-2.9452896	0.0074523836	0.0	40.44061875343323
107	-37.057365	11.588562	-20.09156	-67.525055	25.608696	-40.87841	0.54349446	-38.215885	-40.989964	64800	-1.4901161e-09	147.73375	-0.019799618	-4.9506683	0.0064406972	1.0	40.8015923500061
108	-36.137623	10.590598	-20.575851	-55.31172	25.913044	-40.13365	0.53447044	-37.515327	-40.243317	65400	4.9273172e-08	126.96436	-0.010959433	-5.654091	0.00900325	1.0	41.16278266906738
109	-41.22157	13.320778	-22.163942	-75.2624	25.826086	-39.31612	0.52478933	-36.745228	-39.4238	66000	1.07288365e-08	182.74393	-0.025578685	-1.1500397	0.009662201	0.0	41.51908349990845
110	-37.366463	10.4752245	-18.768728	-63.163628	25.695652	-39.636887	0.52344745	-37.072575	-39.74438	66600	3.516674e-08	113.809326	-0.018617243	-1.7326584	0.009086755	0.0	42.09973931312561
111	-39.032795	9.874097	-22.201431	-67.05315	25.782608	-39.209747	0.5164344	-36.679787	-39.315792	67200	6.357829e-09	97.98308	-0.017069295	-0.020812988	0.007319281	0.0	42.453458309173584
112	-37.6422	8.818974	-24.638252	-55.32245	25.47826	-39.13297	0.5120217	-36.624622	-39.238056	67800	5.9604646e-09	78.68512	-0.02164188	-0.8814926	0.009575777	0.0	42.8060359954834
113	-37.835526	9.469632	-26.67286	-60.177177	25.608696	-38.799393	0.50558466	-36.322586	-38.903145	68400	1.3113022e-08	88.40257	-0.016808568	-0.39061737	0.008837155	0.0	43.164419651031494
114	-39.96824	10.38245	-25.28626	-73.62521	25.826086	-38.556293	0.49984434	-36.107605	-38.658882	69000	3.516674e-08	108.74397	-0.012476409	-0.855011	0.006770107	1.0	43.65722036361694
115	-40.43848	14.127435	-20.6051	-78.069466	25.565218	-38.88698	0.49841374	-36.445297	-38.98931	69600	8.742014e-09	199.47226	-0.011789976	-1.1740265	0.0059730154	0.0	44.06143927574158
116	-38.877594	10.601663	-19.208893	-63.945374	25.782608	-39.313267	0.49750733	-36.87603	-39.415413	70200	1.38084095e-08	111.14602	-0.023350246	-0.088516235	0.009378593	0.0	44.52277326583862
117	-40.775917	14.418047	-21.83375	-75.78353	25.434782	-39.219395	0.4924763	-36.8068	-39.32049	70800	-1.1920929e-08	206.01486	-0.02379142	-0.945755	0.008318136	0.0	44.91577196121216
118	-38.22309	11.68088	-20.190142	-67.33424	25.565218	-39.593365	0.4907331	-37.189312	-39.69408	71400	2.22524e-08	138.33723	-0.028820029	-0.7263794	0.008498473	0.0	45.276267290115356
119	-40.263912	9.727173	-24.778496	-69.44114	25.434782	-39.271782	0.48410058	-36.90022	-39.371098	72000	-5.00679e-08	91.12201	-0.020765351	-0.35234833	0.007915915	0.0	45.62486672401428
120	-40.337082	10.001332	-22.763346	-60.517395	25.608696	-39.495514	0.48113495	-37.13848	-39.594265	72600	-1.07288365e-08	99.74687	-0.018313522	-0.3346939	0.008144329	0.0	46.24390411376953
121	-39.161556	11.587007	-24.348335	-67.466934	25.391304	-39.748215	0.47829837	-37.405075	-39.84633	73200	-5.5631e-09	130.8493	-0.028889272	-0.19837952	0.009518162	0.0	46.59408187866211
122	-43.462883	15.823941	-21.410406	-87.39788	25.608696	-39.57114	0.472332	-37.257233	-39.66807	73800	-3.1193096e-08	262.29108	-0.02065894	-7.665146	0.007850189	0.0	46.95500206947327
123	-38.424767	11.577748	-22.106686	-62.98686	25.782608	-40.759426	0.4757369	-38.42884	-40.85706	74400	1.66893e-08	137.59758	-0.012013461	-2.6609192	0.007446776	0.0	47.31816005706787
124	-38.02706	10.828534	-20.47113	-57.05852	25.73913	-40.095528	0.46629506	-37.811195	-40.19127	75000	9.23872e-09	120.70049	-0.013562056	-2.4094238	0.0070970454	0.0	47.697179555892944
125	-37.033207	9.864222	-19.03684	-54.497234	25.826086	-39.362812	0.4565102	-37.12642	-39.45655	75600	7.947286e-10	102.2394	-0.011786815	-3.1802368	0.0070931665	0.0	48.06364178657532
126	-34.731163	8.922602	-18.693651	-56.590378	25.608696	-38.51957	0.44589305	-36.335186	-38.611168	76200	-2.22524e-08	93.090935	-0.022836275	-8.808121	0.009133944	0.0	48.40677452087402
127	-36.85605	9.393379	-22.838783	-56.43624	25.434782	-37.10884	0.43101516	-34.99734	-37.19735	76800	-4.967054e-09	86.16706	-0.011234037	-0.0659256	0.006897208	0.0	48.777769327163696
128	-38.158077	12.706614	-20.854553	-66.11279	25.913044	-36.920303	0.42528433	-34.83688	-37.007656	77400	-1.2715658e-08	162.61491	-0.029082637	-0.9776306	0.007145734	1.0	49.150972843170166
129	-35.71932	9.278727	-21.433748	-64.45438	25.782608	-37.394173	0.4245068	-35.314552	-37.481274	78000	3.973643e-09	88.46521	-0.016108837	-1.6932297	0.009259489	0.0	49.53963923454285
130	-39.360493	9.248783	-25.14009	-59.31592	25.73913	-36.77565	0.4155433	-34.739944	-36.860947	78600	9.536743e-09	90.147606	-0.016238762	-3.9008484	0.0076862	0.0	50.07580757141113
131	-36.29828	9.666906	-19.27367	-54.7745	25.913044	-37.734737	0.41796327	-35.68718	-37.820606	79200	-2.3444494e-08	95.58304	-0.010166886	-1.3318939	0.006913951	0.0	50.53131103515625
132	-32.785763	7.8691697	-21.379126	-53.20469	25.73913	-37.188805	0.40937585	-35.183315	-37.272873	79800	-3.8345654e-08	81.05952	-0.018845465	-12.777397	0.008542995	0.0	50.89414119720459
133	-37.586273	10.754478	-19.72134	-65.422905	25.565218	-35.321976	0.3913697	-33.404705	-35.402386	80400	-1.7980735e-08	118.251175	-0.023111185	-2.7192764	0.009628825	0.0	51.25135946273804
134	-39.854237	13.380355	-25.048632	-80.80333	26.136364	-36.11891	0.38486663	-34.19127	-36.19622	81000	-2.9404958e-08	192.16255	-0.015806925	-10.059906	0.0067012757	1.0	51.6201958656311
135	-41.926117	13.217846	-24.282677	-73.38351	25.782608	-37.83184	0.4009018	-35.867863	-37.914135	81600	-3.1292437e-08	191.51776	-0.0201542	-12.580795	0.008081314	0.0	52.01259255409241
136	-39.275345	12.063417	-22.138716	-68.4119	25.434782	-39.787827	0.40897948	-37.784283	-39.871803	82200	2.026558e-08	140.55867	-0.012949983	-0.10684204	0.006826898	0.0	52.37002873420715
137	-38.90998	14.054791	-22.073751	-78.384	25.608696	-39.668365	0.4030621	-37.693798	-39.751064	82800	-1.5695889e-08	194.06691	-0.016738709	-0.3670349	0.006772798	0.0	52.73690605163574
138	-38.52684	10.238885	-23.025421	-60.06611	25.652174	-39.32319	0.39583609	-37.384037	-39.404495	83400	9.139379e-09	103.41541	-0.017062066	-0.49567413	0.008128218	0.0	53.18530869483948
139	-38.92808	11.015404	-23.86167	-56.637867	25.826086	-38.915977	0.38813472	-37.01454	-38.995636	84000	4.4107438e-08	121.00748	-0.03257458	-0.0037384033	0.009382912	0.0	53.70949125289917
140	-40.364323	8.6938925	-24.516363	-56.67452	25.73913	-38.91504	0.3831097	-37.038223	-38.99366	84600	-5.5631e-09	76.30388	-0.015058175	-1.4917374	0.007263495	1.0	54.373276710510254
141	-37.367237	11.313857	-23.248085	-67.26294	25.956522	-39.632492	0.38228172	-37.759727	-39.71095	85200	-2.3841858e-08	132.55525	-0.02201861	-3.6822815	0.00967643	0.0	54.756351709365845
142	-38.438465	10.420801	-25.422798	-56.541473	25.565218	-38.511276	0.37035286	-36.696957	-38.58731	85800	5.00679e-08	106.54832	-0.015893925	-0.0022735596	0.008006583	0.0	55.10686779022217
143	-43.90629	13.584246	-20.646746	-72.926476	25.652174	-38.442062	0.36506236	-36.653656	-38.517	86400	2.1159648e-08	208.8687	-0.025598867	-21.840103	0.00694266	1.0	55.46166253089905
144	-37.474453	12.478757	-19.343739	-68.12983	25.826086	-41.283134	0.3758495	-39.441887	-41.3603	87000	2.7815501e-08	169.6088	-0.020223804	-10.189911	0.008722363	0.0	55.826868295669556
145	-38.43828	14.947316	-19.202839	-83.20732	25.608696	-39.427658	0.36048722	-37.66167	-39.501663	87600	-6.298224e-08	224.99579	-0.020578828	-0.68678284	0.008471387	1.0	56.29533338546753
146	-37.828556	12.163875	-20.575806	-73.999374	25.565218	-38.848392	0.35236922	-37.12217	-38.92071	88200	-2.5431316e-08	149.52708	-0.011817999	-0.77256775	0.006439215	1.0	56.735257148742676
147	-37.81423	11.781974	-21.377197	-64.29809	25.73913	-38.285748	0.3443235	-36.598946	-38.356426	88800	2.6226044e-08	136.59448	-0.020465793	-0.13302612	0.009405746	0.0	57.19269275665283
148	-39.805138	13.013167	-22.048935	-71.308426	25.652174	-38.03896	0.33822656	-36.38202	-38.10839	89400	9.934108e-09	170.58095	-0.014540552	-2.3560944	0.009716239	1.0	57.7046959400177
149	-34.920483	9.5779295	-19.731934	-57.223976	25.52174	-39.033756	0.33879015	-37.37406	-39.103336	90000	-2.6027362e-08	106.25069	-0.0055311043	-13.14772	0.0064677843	0.0	58.257813692092896
150	-36.99393	10.56056	-25.372963	-68.18929	25.608696	-36.687996	0.3210648	-35.115128	-36.753872	90600	2.22524e-08	110.37896	-0.014048823	-0.06614685	0.009017563	0.0	58.94595909118652
151	-70.79891	165.95279	-20.426739	-864.7363	24.625	-36.80017	0.3236126	-35.248203	-36.867992	91200	-7.947286e-09	1285.3973	-0.028251821	-1.5047607	0.0056870277	0.0	59.45027470588684
152	-37.41439	11.0972805	-19.867218	-73.12032	25.73913	-37.304317	0.25117606	-36.073833	-37.355904	91800	1.8676122e-08	119.74342	-0.01637273	-0.011779785	0.00699862	1.0	59.9119291305542
153	-36.30053	7.5566287	-24.361563	-51.484253	25.913044	-37.376972	0.2431444	-36.185837	-37.426914	92400	-1.07288365e-08	57.695312	-0.018274132	-0.97888184	0.008969494	0.0	60.35429286956787
154	-37.37714	10.036395	-23.331314	-62.08108	25.652174	-36.683777	0.23776776	-35.51898	-36.732624	93000	2.3047129e-08	100.509674	-0.013324596	-0.43245697	0.0064820712	0.0	60.722615003585815
155	-37.469402	8.235877	-21.599543	-57.954475	25.47826	-37.13804	0.23811507	-35.971542	-37.18693	93600	2.8610229e-08	65.33263	-0.013218022	-0.08274078	0.008660803	2.0	61.242263078689575
156	-35.684853	8.115547	-20.135292	-47.89517	26.043478	-37.357098	0.23712285	-36.19546	-37.4058	94200	-5.9604645e-08	68.72683	-0.029561915	-2.4576569	0.0062993155	0.0	61.67838215827942
157	-39.310314	13.2081995	-20.118517	-70.12715	26.136364	-36.204475	0.2248382	-35.07835	-36.249622	94800	-2.3444494e-08	177.93036	-0.022916455	-8.641113	0.007933255	0.0	62.13178253173828
158	-35.302505	13.146742	-19.81512	-66.11944	26.0	-38.361908	0.2380006	-37.19597	-38.410778	95400	-1.8874804e-08	182.74986	-0.016623491	-8.159531	0.007232439	1.0	62.53699469566345
159	-35.73853	10.133372	-21.272652	-58.648033	25.695652	-36.280457	0.22613895	-35.172626	-36.326893	96000	3.2782555e-08	100.12218	-0.013665545	-0.21805573	0.0072026094	2.0	62.96827030181885
160	-32.70722	9.350464	-19.183466	-63.85541	25.73913	-35.885685	0.22234905	-34.796413	-35.931328	96600	-2.026558e-08	97.14427	-0.010540118	-8.645882	0.0078082117	2.0	63.8949556350708
161	-37.38475	10.132954	-19.395878	-56.149555	25.26087	-33.653957	0.20980446	-32.626152	-33.697037	97200	1.5099843e-08	112.38573	-0.014780264	-12.0299225	0.007350413	0.0	64.70934987068176
162	-37.4407	9.668293	-22.136389	-59.970783	25.782608	-36.231373	0.22006552	-35.153297	-36.27657	97800	-5.9604646e-09	93.97574	-0.009257466	-1.4903641	0.0047470443	0.0	65.34801054000854
163	-38.366962	9.882742	-20.679243	-56.866253	25.869566	-37.210064	0.22242753	-36.120415	-37.255733	98400	4.2120615e-08	97.5615	-0.008632493	-1.3113327	0.007225445	0.0	65.85938572883606
164	-41.79735	12.796724	-18.463743	-66.9686	25.565218	-38.10893	0.2241538	-37.010826	-38.15498	99000	1.4404455e-08	173.34912	-0.015248707	-12.163239	0.0077174315	1.0	66.29525804519653
165	-36.062836	7.820357	-18.852962	-50.87096	25.565218	-40.818794	0.23269571	-39.67884	-40.866543	99600	7.3512396e-09	81.84264	-0.0069651227	-20.00948	0.009491768	0.0	66.68523669242859
166	-37.10441	9.059803	-21.9219	-55.171375	25.47826	-37.47089	0.21693906	-36.408134	-37.515457	100200	3.039837e-08	80.61197	-0.020249963	-0.10027313	0.009757348	1.0	67.03587198257446
167	-34.786556	9.54456	-20.213404	-49.071964	25.304348	-37.16336	0.21343493	-36.117764	-37.207184	100800	-2.4239222e-08	94.3758	-0.011960869	-5.2476807	0.0070659397	1.0	67.40257096290588
168	-36.149662	9.982383	-22.20783	-53.849735	25.52174	-35.39459	0.20386556	-34.395874	-35.43645	101400	2.1855036e-09	98.709625	-0.008668135	-0.65415955	0.008632392	0.0	67.75444030761719
169	-34.13797	9.026324	-22.205648	-57.63054	25.391304	-36.000706	0.20442191	-34.999264	-36.042683	102000	-2.1855037e-08	82.34568	-0.020077072	-2.9293747	0.008068851	0.0	68.1058554649353
170	-35.9704	12.270697	-18.767315	-59.51504	25.565218	-34.655003	0.19685866	-33.690617	-34.695446	102600	-1.8676122e-08	148.92326	-0.029197728	-1.4293213	0.009315444	0.0	68.69063520431519
171	-37.23736	10.41123	-18.589235	-56.433704	25.652174	-35.596058	0.19854634	-34.6234	-35.63684	103200	-9.338061e-09	109.77825	-0.026887555	-2.7232285	0.0083854655	0.0	69.05230736732483
172	-41.455494	13.925526	-20.386316	-69.73492	25.695652	-36.951385	0.20179674	-35.962807	-36.992825	103800	2.2351742e-08	212.27159	-0.016236907	-19.13498	0.008799556	0.0	69.4181010723114
173	-35.953117	12.594119	-18.887186	-64.89733	25.782608	-40.468132	0.21200639	-39.429527	-40.51165	104400	3.33786e-08	175.50989	-0.008924916	-18.536163	0.008998284	1.0	69.77168345451355
174	-40.019604	11.224858	-23.351717	-70.357155	25.869566	-37.149403	0.19814688	-36.178703	-37.190094	105000	1.2715658e-08	133.24863	-0.016990403	-7.911545	0.006439452	0.0	70.1386308670044
175	-36.968998	9.429669	-19.947111	-57.40424	25.47826	-39.28368	0.20291516	-38.289616	-39.325336	105600	-9.536743e-09	91.75725	-0.016603608	-4.3592377	0.0068681305	0.0	70.54856657981873
176	-40.42553	9.654391	-22.92467	-57.35778	25.913044	-37.68699	0.19543552	-36.729572	-37.72714	106200	-3.1391778e-08	100.12825	-0.015849864	-6.7565155	0.009015644	0.0	71.095862865448
177	-40.186455	11.271126	-24.447477	-69.09168	25.608696	-39.701138	0.19914168	-38.725567	-39.74202	106800	-1.9868215e-10	124.14682	-0.016702382	-0.22805786	0.007885205	0.0	71.43661451339722
178	-35.701363	12.003884	-19.100794	-66.22571	25.913044	-40.112743	0.1975823	-39.144806	-40.15331	107400	-1.3510387e-08	162.80836	-0.015715497	-17.187668	0.008113596	0.0	71.7791051864624
179	-34.71106	8.266009	-22.527943	-54.55701	25.73913	-36.852135	0.1853681	-35.944042	-36.890213	108000	-1.1920929e-09	72.45168	-0.008768607	-4.2885437	0.006433647	0.0	72.12729144096375
180	-36.335667	10.278319	-20.886013	-58.686817	25.869566	-35.167557	0.17764215	-34.29731	-35.20404	108600	-2.0464261e-08	106.27738	-0.02304584	-1.1685028	0.008732479	0.0	72.68609714508057
181	-32.503563	8.29247	-20.808416	-52.008736	25.652174	-36.013783	0.17798333	-35.14186	-36.050343	109200	3.973643e-09	80.20465	-0.02327277	-11.315849	0.008333971	0.0	73.04444980621338
182	-36.18859	11.363759	-20.095518	-64.18069	25.652174	-33.338737	0.16721387	-32.519577	-33.37309	109800	5.741914e-08	135.21906	-0.018309947	-7.533455	0.007855632	0.0	73.40270638465881
183	-31.18577	7.963252	-20.147858	-46.495445	25.73913	-35.4916	0.17193119	-34.64933	-35.52692	110400	3.973643e-09	80.993515	-0.013565285	-16.88034	0.007363722	0.0	73.74895334243774
184	-34.62323	10.175134	-18.464287	-51.87769	25.652174	-32.297657	0.16006829	-31.513512	-32.330574	111000	7.152557e-09	107.06565	-0.010724439	-5.1520157	0.007299362	0.0	74.26458978652954
185	-35.796597	9.545492	-22.023561	-54.883575	25.391304	-34.032097	0.1635354	-33.23096	-34.06571	111600	-5.543232e-08	92.36397	-0.018099204	-2.8179626	0.006787332	0.0	74.71226048469543
186	-33.97119	8.59199	-20.74123	-51.014942	25.695652	-35.39392	0.16522188	-34.584515	-35.427853	112200	-5.443891e-08	74.25804	-0.012558476	-1.717453	0.006962016	0.0	75.06407022476196
187	-32.427353	7.4518037	-21.511118	-47.03644	25.565218	-34.356144	0.16024408	-33.57113	-34.389072	112800	2.2848447e-08	57.79155	-0.024937522	-3.3414383	0.00856945	0.0	75.40984082221985
188	-34.0697	10.009711	-21.221558	-52.50003	25.73913	-32.854973	0.15391468	-32.100964	-32.886593	113400	-4.629294e-08	100.78691	-0.015814448	-1.2814407	0.007445956	0.0	75.77953124046326
189	-36.10529	10.910138	-19.691067	-58.336555	25.869566	-33.770653	0.15447146	-33.013916	-33.8024	114000	2.1457673e-08	124.41531	-0.008393163	-5.2453384	0.00847356	1.0	76.23203206062317
190	-38.169853	11.260436	-20.619776	-64.0763	25.782608	-35.682526	0.15756242	-34.910645	-35.71489	114600	3.059705e-08	132.41794	-0.025328899	-5.750618	0.009387658	0.0	76.85048699378967
191	-37.30939	10.498646	-19.610004	-60.39573	25.652174	-37.701607	0.16008262	-36.91738	-37.734474	115200	-7.8678134e-08	107.99338	-0.01805657	-0.20993805	0.008378056	1.0	77.29435157775879
192	-31.96064	8.903167	-20.77784	-50.237175	25.695652	-37.334145	0.1565516	-36.56722	-37.366306	115800	1.5497207e-08	107.81419	-0.012637747	-27.466171	0.008077014	0.0	77.65914988517761
193	-35.53689	11.517584	-21.25445	-68.42969	25.73913	-33.046173	0.144092	-32.340286	-33.07579	116400	2.4239222e-08	137.29044	-0.01112158	-5.8690033	0.005072364	0.0	78.00453162193298
194	-39.73675	11.512674	-21.661186	-63.59321	25.434782	-34.963303	0.14666174	-34.244823	-34.993416	117000	-6.9936114e-08	148.54451	-0.0052628214	-20.15242	0.0067113177	1.0	78.3538715839386
195	-70.189186	166.51599	-20.147429	-867.46844	24.708334	-38.568283	0.15407366	-37.829384	-38.600594	117600	-9.536743e-09	1249.0333	-0.029153973	-3.2545166	0.005949782	0.0	78.71509051322937
196	-39.744495	10.55819	-26.629084	-68.933624	25.869566	-37.343166	0.096014656	-36.872803	-37.3629	118200	2.6226044e-08	115.36966	-0.011521874	-5.315895	0.008206573	1.0	79.0846107006073
197	-36.83146	8.248672	-17.644737	-47.878277	25.913044	-39.18	0.095204845	-38.713604	-39.199574	118800	-4.7683715e-09	72.57877	-0.015061902	-5.127365	0.0072793816	0.0	79.43194556236267
198	-36.372894	8.826954	-21.172045	-59.33486	26.043478	-37.372204	0.091527335	-36.923824	-37.391006	119400	5.3147474e-08	79.30178	-0.011550422	-0.84033203	0.0047099628	0.0	79.79542446136475
199	-36.44142	7.689951	-23.971577	-51.835415	25.391304	-36.59584	0.089720406	-36.15631	-36.614277	120000	2.6623407e-08	57.692528	-0.00806806	-0.014339447	0.0070417626	0.0	80.16623997688293
200	-36.78415	9.3997135	-23.316746	-59.85945	25.782608	-36.488842	0.08913411	-36.05219	-36.50717	120600	-1.7881394e-08	88.28409	-0.010367867	-0.06513214	0.008749801	0.0	80.74508857727051
201	-39.729313	13.521153	-20.44685	-73.460304	25.956522	-36.704395	0.08907793	-36.268013	-36.722706	121200	-4.529953e-08	191.90169	-0.01997956	-9.200516	0.008259859	0.0	81.11574125289917
202	-35.94272	10.655731	-21.497372	-53.15803	25.913044	-39.273624	0.09321739	-38.816963	-39.292774	121800	-3.6557516e-08	123.36409	-0.015913997	-10.519165	0.008692473	0.0	81.47826933860779
203	-35.417313	11.095211	-19.981358	-58.6978	26.0	-36.57651	0.0881082	-36.144882	-36.594624	122400	-9.934108e-10	123.99565	-0.01627144	-1.3734512	0.005244479	3.0	81.83540725708008
204	-38.700222	9.053883	-22.082628	-55.084682	25.869566	-35.554962	0.08579498	-35.134663	-35.5726	123000	2.7616819e-08	91.59203	-0.018176053	-9.837273	0.009915444	0.0	82.17848896980286
205	-36.916054	10.657242	-20.410149	-73.564926	26.0	-38.195663	0.089907326	-37.75522	-38.21414	123600	-1.4702479e-08	117.772	-0.013687045	-1.4887085	0.009073065	0.0	82.54000782966614
206	-35.30286	10.10271	-20.36779	-58.397198	25.956522	-37.181606	0.08775891	-36.751682	-37.19964	124200	-1.8874804e-08	104.64478	-0.008477715	-3.3250732	0.0038503567	0.0	82.88986420631409
207	-35.12196	9.549952	-20.735174	-53.800034	25.565218	-35.603626	0.08460137	-35.18917	-35.621025	124800	5.2352746e-08	89.64929	-0.018639512	-0.13838196	0.009787139	0.0	83.24002456665039
208	-33.707607	10.264215	-20.840733	-70.80699	25.956522	-35.266922	0.08363705	-34.857197	-35.28413	125400	-2.4239222e-08	108.63566	-0.018303167	-2.1190872	0.008279786	2.0	83.59897208213806
209	-69.82005	163.86385	-21.079266	-854.1913	24.791666	-33.981873	0.08260493	-33.585724	-33.999233	126000	-1.5894573e-08	1230.9426	-0.028178388	-9.626343	0.006581564	0.0	83.94677805900574
210	-37.19135	13.562316	-19.109894	-87.343285	25.869566	-36.64912	0.061886247	-36.345947	-36.66185	126600	7.549922e-09	186.43062	-0.020292917	-0.4976349	0.008484393	0.0	84.5314245223999
211	-34.572254	9.570771	-18.510303	-53.550274	25.52174	-37.293423	0.06061734	-36.99647	-37.305897	127200	-2.9802322e-08	96.327354	-0.008025798	-7.0607834	0.008890202	0.0	84.87815260887146
212	-36.033436	11.097791	-18.788988	-61.372997	25.652174	-34.942024	0.057305865	-34.661293	-34.953815	127800	-4.718701e-08	122.05728	-0.019011045	-1.0696793	0.0074541066	0.0	85.22143721580505
213	-38.222145	10.709683	-20.678978	-57.23873	25.695652	-35.85237	0.058373086	-35.566414	-35.864388	128400	-1.4305114e-08	118.72393	-0.014682457	-5.385208	0.0050181807	3.0	85.57474088668823
214	-35.47782	7.778748	-21.825165	-57.09389	26.0	-37.94044	0.060954634	-37.641838	-37.952984	129000	-2.9206277e-08	66.613014	-0.012681856	-5.7281494	0.0071606836	0.0	85.94092345237732
215	-33.90695	8.756934	-20.32996	-52.135696	25.956522	-35.80493	0.058014218	-35.520725	-35.816856	129600	3.536542e-08	80.09516	-0.018367663	-3.3335953	0.0074298247	0.0	86.29713273048401
216	-36.390133	10.203948	-22.289389	-62.437084	25.913044	-34.14519	0.055658188	-33.872536	-34.15665	130200	3.1789145e-09	108.334404	-0.0147221405	-4.910782	0.008046863	0.0	86.68590760231018
217	-35.11639	7.2216153	-20.860607	-51.185192	25.652174	-36.140755	0.058131404	-35.85598	-36.152718	130800	-8.742014e-09	51.837833	-0.011386123	-0.92416	0.0064700437	1.0	87.04955720901489
218	-37.368855	8.703786	-23.679277	-52.745422	25.73913	-35.2733	0.056854215	-34.994778	-35.284996	131400	-4.9273172e-08	79.07909	-0.0076551563	-4.177719	0.004925609	3.0	87.40330243110657
219	-33.879578	8.532153	-19.52882	-52.020306	25.73913	-37.14237	0.059046347	-36.853104	-37.154507	132000	-9.934108e-09	82.10943	-0.0058174646	-9.872879	0.0035175905	0.0	87.76985263824463
220	-32.99447	11.256723	-21.045807	-78.74839	25.695652	-34.297707	0.05530465	-34.026783	-34.309097	132600	5.8809917e-08	130.61159	-0.020693852	-1.3677368	0.008693015	0.0	88.42458724975586
221	-36.046463	9.637367	-21.734499	-59.257015	26.086956	-33.21388	0.05269777	-32.949944	-33.22449	133200	1.07288365e-08	101.89979	-0.009832789	-8.341179	0.0047445823	0.0	88.77891063690186
222	-33.677784	9.172715	-18.550817	-55.27665	25.73913	-35.83975	0.056969803	-35.560665	-35.851475	133800	-2.8212865e-08	87.134254	-0.009148567	-4.3576813	0.009797776	0.0	89.13542294502258
223	-35.445942	8.836041	-21.374256	-57.528927	25.826086	-33.94903	0.054457977	-33.68225	-33.96024	134400	-3.0199686e-08	80.97104	-0.018976925	-2.209221	0.00621409	0.0	89.47936463356018
224	-32.156128	9.331645	-17.621578	-57.175426	25.826086	-35.3043	0.055943903	-35.03024	-35.31581	135000	-4.549821e-08	96.1097	-0.013903469	-10.181099	0.006274062	1.0	89.82039618492126
225	-36.20477	8.318158	-21.03704	-58.019924	25.826086	-32.40897	0.05212462	-32.15362	-32.419704	135600	4.5696893e-08	82.30256	-0.016383553	-13.840424	0.0076002544	0.0	90.16893672943115
226	-39.26748	8.795295	-26.050653	-62.410824	25.782608	-35.712254	0.05584544	-35.438675	-35.723743	136200	7.3512396e-08	89.46344	-0.016650442	-12.568428	0.0069977734	0.0	90.53944087028503
227	-33.95987	10.332061	-21.48978	-63.697998	26.086956	-38.852757	0.05779494	-38.563293	-38.864388	136800	1.9868216e-09	132.0154	-0.019263938	-22.852058	0.006467452	0.0	90.89339804649353
228	-36.10407	9.806356	-20.798153	-57.852734	25.782608	-34.816555	0.05475538	-34.54832	-34.82783	137400	-4.887581e-08	97.99493	-0.012302926	-1.725174	0.009785652	1.0	91.25083684921265
229	-32.852608	9.254559	-19.681932	-58.90212	25.782608	-35.896584	0.055684272	-35.623795	-35.908043	138000	-5.0465268e-08	93.60864	-0.011362707	-9.000908	0.006820617	0.0	91.60062670707703
230	-38.148117	9.675918	-20.94156	-56.555126	25.52174	-33.3629	0.05281564	-33.104168	-33.373775	138600	2.5431316e-08	113.40258	-0.012015999	-21.036018	0.0064853635	0.0	92.1813588142395
231	-37.536404	8.507888	-19.786333	-51.901863	25.913044	-37.121704	0.056110997	-36.84683	-37.133247	139200	-4.7286353e-08	72.40565	-0.0061964807	-0.14433289	0.0065701543	2.0	92.53025770187378
232	-36.680138	8.13876	-22.777937	-52.345703	26.136364	-37.483875	0.054976977	-37.20852	-37.494934	139800	3.1789145e-09	63.464355	-0.015617209	-0.58898926	0.008617149	0.0	92.89446425437927
233	-38.07842	10.459476	-24.20757	-57.925297	25.73913	-36.836517	0.055264283	-36.565784	-36.84788	140400	-3.7252903e-08	110.165	-0.013036119	-1.5503922	0.007282374	0.0	93.24700951576233
234	-35.471798	9.057154	-20.000174	-50.333622	25.913044	-37.894794	0.055893347	-37.620983	-37.906292	141000	1.4702479e-08	86.96474	-0.016171832	-5.3740234	0.0044163386	0.0	93.60230422019958
235	-39.821712	11.19134	-20.123531	-68.8637	25.956522	-35.91414	0.05397364	-35.64973	-35.925247	141600	-2.5431316e-08	139.71677	-0.02108434	-15.318222	0.0073338556	0.0	93.95235419273376
236	-38.94921	9.881299	-23.217054	-64.72069	26.181818	-39.20097	0.055185374	-38.924564	-39.21206	142200	-1.39077505e-08	93.02029	-0.019586893	-0.037902832	0.007140449	0.0	94.30823636054993
237	-34.43412	10.686517	-20.379719	-58.28164	25.608696	-39.063637	0.055953268	-38.789528	-39.075134	142800	-1.9868216e-09	133.20433	-0.021162868	-19.84459	0.0068555623	1.0	94.65515685081482
238	-36.12415	13.408484	-18.98034	-60.103977	25.956522	-35.341946	0.05303398	-35.08214	-35.352863	143400	-5.801519e-08	178.58704	-0.012860216	-0.591629	0.007095771	0.0	95.01272988319397
239	-36.510685	9.965203	-22.663301	-60.8043	25.826086	-35.95157	0.05318478	-35.691025	-35.96251	144000	8.34465e-09	100.04268	-0.014760827	-0.41073608	0.00570685	0.0	95.36039447784424
240	-32.168243	7.6784787	-19.042635	-42.528934	25.73913	-36.50669	0.05335735	-36.245304	-36.51767	144600	-7.9870226e-08	76.91226	-0.017360693	-17.787827	0.00718453	0.0	96.0521912574768
241	-34.627792	8.938903	-20.607368	-55.818398	25.652174	-32.977734	0.05047661	-32.730465	-32.988136	145200	1.2715658e-08	81.42207	-0.019434946	-2.5884705	0.0073806285	0.0	96.52991890907288
242	-37.58312	12.557081	-18.992758	-61.62579	26.086956	-34.295246	0.050125394	-34.044193	-34.305344	145800	3.6358834e-08	170.18602	-0.02051312	-11.44725	0.008397131	0.0	96.99437642097473
243	-35.971058	6.640989	-25.997244	-48.927803	25.782608	-37.139526	0.0527782	-36.880974	-37.15038	146400	-3.973643e-10	45.322006	-0.016601872	-1.3078842	0.0072276904	0.0	97.35883116722107
244	-33.174843	8.168029	-20.822786	-50.9685	25.565218	-36.202206	0.05188605	-35.94802	-36.212875	147000	-1.07288365e-08	73.976555	-0.026244104	-8.221779	0.009131816	0.0	97.84492826461792
245	-36.60555	11.154442	-20.251497	-59.69559	25.73913	-33.77099	0.0501283	-33.52542	-33.781315	147600	5.9604645e-08	130.28091	-0.010372104	-7.81102	0.008861782	1.0	98.19369697570801
246	-36.36059	10.050149	-22.43876	-62.489635	25.782608	-36.100708	0.051190924	-35.849937	-36.11124	148200	-1.1523564e-08	100.592224	-0.011789796	-0.06100464	0.008475898	0.0	98.66790652275085
247	-40.673973	12.27631	-21.2071	-71.98833	25.956522	-36.336422	0.05094483	-36.086853	-36.346905	148800	-1.6291937e-08	170.81396	-0.025111241	-18.939072	0.008835343	0.0	99.03136157989502
248	-34.736645	9.522393	-21.377394	-52.129932	25.695652	-39.975437	0.05212977	-39.72006	-39.986145	149400	-2.5431316e-08	116.568855	-0.008917839	-25.386696	0.0071859867	0.0	99.37672519683838
249	-38.17417	11.722723	-21.996305	-71.378944	25.869566	-35.962814	0.05070422	-35.714424	-35.973248	150000	5.1259995e-08	141.40895	-0.0025788045	-4.5615234	0.0076725967	0.0	99.74795937538147
250	-38.075394	11.872782	-19.058022	-66.50796	25.73913	-37.62076	0.050744567	-37.372173	-37.6312	150600	-4.0928523e-08	136.87578	-0.0128750615	-0.11277771	0.008311769	1.0	100.35231375694275
251	-33.866573	9.279	-21.973263	-55.058857	25.652174	-37.9204	0.050235827	-37.674297	-37.93072	151200	1.39077505e-08	100.39401	-0.003485396	-15.151627	0.0067996597	0.0	100.73533606529236
252	-35.70763	8.700548	-21.071344	-55.247078	25.47826	-34.785835	0.049082313	-34.545395	-34.795948	151800	-4.2120615e-08	74.609795	-0.0145289395	-0.8004303	0.0087195225	0.0	101.10181522369385
253	-33.414223	7.8484344	-22.619677	-54.303425	25.73913	-35.4744	0.048869826	-35.234997	-35.484467	152400	5.0465268e-08	65.0869	-0.0056083435	-3.876625	0.005665781	0.0	101.49944615364075
254	-35.57384	12.551912	-17.924906	-81.12706	25.913044	-33.870163	0.04804431	-33.63481	-33.88008	153000	-4.172325e-08	155.73839	-0.010097203	-2.530365	0.00629539	0.0	101.97030329704285
255	-34.71745	9.252158	-23.104813	-66.414795	25.826086	-35.16937	0.04789495	-34.934742	-35.179234	153600	-4.251798e-08	83.510544	-0.011999589	-0.22644806	0.007927818	0.0	102.3272852897644
256	-32.93941	8.221398	-19.078896	-50.775364	25.869566	-34.78401	0.047303345	-34.552288	-34.793766	154200	-2.7815501e-08	70.55056	-0.017602257	-3.100914	0.009339824	0.0	102.6958065032959
257	-35.690277	8.528249	-23.85559	-52.197437	26.086956	-33.28336	0.045537513	-33.05529	-33.292564	154800	-6.7551933e-09	78.62909	-0.012025652	-5.9656525	0.009276651	0.0	103.0370740890503
258	-37.561813	9.823307	-22.389917	-60.132347	26.0	-35.35067	0.046711825	-35.12184	-35.360294	155400	-5.165736e-09	100.949066	-0.0072882655	-4.486458	0.006432508	1.0	103.39966630935669
259	-38.054714	8.033044	-21.215622	-50.800953	26.086956	-37.185295	0.0455915	-36.956947	-37.19446	156000	-1.2516975e-08	65.1598	-0.020421436	-0.9052887	0.007949737	0.0	103.77462553977966
260	-35.018497	10.905049	-18.642237	-68.92595	25.869566	-38.024643	0.04633076	-37.797672	-38.03416	156600	1.7086665e-08	129.22527	-0.008619015	-7.944351	0.007265343	0.0	104.46287965774536
261	-34.671234	7.888661	-21.431946	-48.70811	26.086956	-35.587822	0.04487278	-35.363075	-35.59685	157200	8.742014e-09	62.53662	-0.013927808	-0.74446106	0.006494667	0.0	104.82002091407776
262	-34.949356	9.008525	-23.019245	-52.603046	25.782608	-34.812084	0.04532525	-34.590046	-34.821415	157800	-1.3113022e-08	79.97651	-0.017584346	-0.025871277	0.0075989277	0.0	105.17469811439514
263	-32.24749	8.055193	-20.761784	-44.988323	25.869566	-34.950867	0.044945743	-34.730686	-34.96012	158400	1.1920929e-09	71.79394	-0.012356423	-6.8200073	0.008005347	1.0	105.66357493400574
264	-36.892242	12.200039	-20.88575	-60.51498	25.73913	-32.628967	0.044054408	-32.413155	-32.638054	159000	1.4305114e-08	163.5369	-0.008641016	-16.62616	0.008155103	0.0	106.08257007598877
265	-33.509632	10.44319	-18.031042	-60.436623	26.043478	-36.160854	0.043844383	-35.94606	-36.169853	159600	-5.9604645e-08	115.37255	-0.013458408	-6.6082153	0.00882904	0.0	106.44822144508362
266	-35.04709	8.732526	-18.617626	-49.799812	25.826086	-33.964565	0.043309636	-33.7524	-33.973484	160200	-4.9670536e-08	76.91145	-0.014445395	-1.0969086	0.005922025	0.0	106.83234882354736
267	-36.541515	9.60487	-19.578754	-51.152	25.565218	-34.861237	0.042884298	-34.651157	-34.870064	160800	5.0961972e-08	93.347244	-0.006123573	-2.7876053	0.005326168	0.0	107.20930647850037
268	-39.912308	10.732383	-26.17822	-62.534363	26.181818	-36.341785	0.041657194	-36.133144	-36.350163	161400	1.4503797e-08	123.380875	-0.0051123668	-11.472748	0.005376593	0.0	107.67887759208679
269	-37.637917	10.204134	-21.507387	-66.47096	26.09091	-39.31434	0.04098161	-39.109074	-39.322563	162000	-6.377697e-08	102.71957	-0.026395936	-2.2872849	0.00700925	0.0	108.05771207809448
270	-35.736355	10.522333	-19.016106	-55.738247	26.043478	-38.004135	0.04169302	-37.799885	-38.012695	162600	-8.742014e-09	115.17664	-0.011700893	-4.889015	0.0065472513	1.0	108.77764248847961
271	-34.90703	12.071931	-18.528439	-55.16488	26.0	-36.040134	0.04142103	-35.83722	-36.04865	163200	2.0464261e-08	147.19171	-0.020974405	-0.9814453	0.008160274	0.0	109.14259672164917
272	-33.61016	9.532757	-19.373724	-56.477703	25.913044	-35.14289	0.04122437	-34.94094	-35.15138	163800	6.7551933e-09	92.68165	-0.022614665	-2.144455	0.009597538	0.0	109.6023461818695
273	-34.747055	8.634547	-22.320398	-53.983517	25.782608	-33.817417	0.04085667	-33.61727	-33.825844	164400	-5.1259995e-08	74.20678	-0.012436407	-0.85126495	0.0060273083	0.0	109.99728345870972
274	-37.497055	8.685705	-23.67821	-59.764156	25.608696	-34.652462	0.040385306	-34.454624	-34.66078	165000	1.7881394e-08	82.57098	-0.013569343	-7.633011	0.0048077744	0.0	110.39891743659973
275	-35.9782	9.688777	-18.640486	-59.679882	25.826086	-37.170475	0.039669685	-36.976143	-37.178627	165600	5.3246815e-08	95.58484	-0.005630656	-1.2378082	0.009421665	0.0	110.77442646026611
276	-35.694843	8.966763	-21.639406	-50.390266	26.0	-36.161335	0.03941116	-35.96826	-36.169434	166200	-3.973643e-10	80.55666	-0.01921204	-0.22829437	0.0065164766	0.0	111.15572929382324
277	-36.66636	10.9158125	-17.864616	-62.16935	25.826086	-35.713196	0.038911313	-35.522575	-35.721195	166800	5.165736e-09	119.93094	-0.0139313005	-1.1247177	0.0075942213	0.0	111.51849818229675
278	-33.706207	8.285878	-19.880728	-53.9862	25.695652	-36.706036	0.038632132	-36.51678	-36.713974	167400	-4.967054e-09	76.45888	-0.009951979	-8.635078	0.0056356583	0.0	111.94950008392334
279	-31.902805	7.9151	-18.006126	-48.83011	25.913044	-33.973106	0.038412057	-33.784935	-33.981014	168000	3.6160152e-08	66.64282	-0.012689056	-4.0977173	0.0067097424	1.0	112.31276822090149
280	-33.79261	11.700713	-18.914677	-59.75015	25.73913	-32.07536	0.037973795	-31.889336	-32.083195	168600	-1.37090685e-08	136.99945	-0.028452769	-2.6181946	0.00944211	0.0	112.94161176681519
281	-36.935143	9.983124	-18.009607	-60.694023	25.826086	-33.587082	0.03724931	-33.404606	-33.594746	169200	1.2715658e-08	108.896866	-0.0048518707	-10.601006	0.0019492515	0.0	113.36518597602844
282	-34.935535	10.057536	-20.336521	-56.151615	25.695652	-36.614025	0.036331788	-36.436035	-36.621483	169800	-1.3113022e-08	102.48906	-0.015581998	-2.585411	0.008854349	0.0	113.71986484527588
283	-34.502296	9.652907	-21.195814	-62.948776	25.782608	-35.126762	0.036201447	-34.949413	-35.1342	170400	-3.327926e-08	92.94456	-0.014654161	-0.35884094	0.007689521	0.0	114.073007106781
284	-37.017876	9.548804	-21.50205	-55.33489	25.73913	-34.557693	0.03583412	-34.382153	-34.56507	171000	5.6227048e-08	96.66421	-0.004958542	-6.107773	0.009868885	0.0	114.4161376953125
285	-34.75031	7.245108	-21.774982	-47.039234	25.52174	-36.879597	0.035133284	-36.70748	-36.88681	171600	-7.2320304e-08	56.07829	-0.011496037	-4.2496643	0.008803034	0.0	114.76876258850098
286	-34.891006	8.882217	-22.434746	-54.160828	25.652174	-34.946888	0.03512007	-34.77484	-34.95411	172200	3.973643e-09	77.496605	-0.015618823	-0.0071411133	0.009115169	0.0	115.1287112236023
287	-33.572437	10.502678	-18.367006	-59.248272	25.52174	-34.861343	0.0345902	-34.69189	-34.86846	172800	-1.11262e-08	109.39763	-0.022823649	-1.7742233	0.0070230914	1.0	115.47079062461853
288	-31.514563	8.854246	-19.721754	-52.13862	25.826086	-33.586216	0.034116037	-33.41909	-33.593246	173400	-2.5232634e-08	81.84097	-0.017289937	-4.2550125	0.007496799	0.0	115.82539343833923
289	-34.692814	8.976128	-19.809929	-50.803825	25.869566	-31.606045	0.03372437	-31.440845	-31.61303	174000	-1.847744e-08	89.02899	-0.014613909	-9.065392	0.0077778944	1.0	116.17733764648438
290	-34.67513	10.593819	-20.280237	-62.901737	25.608696	-34.461636	0.032829963	-34.300804	-34.468384	174600	-7.996957e-08	110.43713	-0.018609596	-0.028305054	0.00853731	0.0	116.77203679084778
291	-32.034355	6.325848	-22.90677	-46.976246	25.695652	-34.629044	0.03229199	-34.47085	-34.63569	175200	-1.7086665e-08	45.882748	-0.020635908	-6.4594803	0.0053004283	0.0	117.13580060005188
292	-35.90498	7.2193627	-18.228401	-49.915924	25.608696	-32.201138	0.032217156	-32.043316	-32.207787	175800	-7.18236e-08	64.344246	-0.007881007	-12.672031	0.009168323	0.0	117.49350309371948
293	-33.024677	9.366904	-19.744753	-55.285152	25.565218	-35.53713	0.030945946	-35.38553	-35.543484	176400	2.026558e-08	92.42121	-0.019501159	-6.480713	0.00855569	0.0	117.84943532943726
294	-34.26465	10.983378	-20.256495	-66.36657	25.913044	-33.171684	0.030919837	-33.020214	-33.178047	177000	1.39077505e-08	123.01143	-0.0149572715	-1.3164444	0.0055446187	0.0	118.18364953994751
295	-32.279316	9.195371	-19.940544	-51.797108	25.52174	-34.242332	0.0304253	-34.09328	-34.24858	177600	7.947286e-08	86.67001	-0.0077468245	-3.717186	0.007837766	0.0	118.51425695419312
296	-36.658985	10.623563	-21.477913	-64.43622	25.652174	-32.42754	0.030451288	-32.278366	-32.43381	178200	-3.1789145e-09	131.18344	-0.008758896	-17.910744	0.00753297	0.0	118.87665557861328
297	-36.309895	10.361798	-21.869576	-62.460503	25.52174	-36.305515	0.029115472	-36.16288	-36.31149	178800	2.1855037e-08	105.298996	-0.009729495	-0.001335144	0.0040755365	0.0	119.22533178329468
298	-33.267067	7.9514475	-20.117496	-48.717728	25.652174	-36.28393	0.028731806	-36.143177	-36.289825	179400	4.78824e-08	71.45685	-0.021041906	-9.006348	0.0076512513	0.0	119.577960729599
299	-34.555378	10.309329	-20.469952	-61.95467	25.695652	-33.52483	0.029155435	-33.382004	-33.530838	180000	2.8908254e-08	107.56421	-0.007892873	-1.1042252	0.004485372	0.0	119.94052314758301
300	-33.06721	8.169665	-19.727383	-45.77814	25.652174	-34.48702	0.028555237	-34.34713	-34.49289	180600	1.7285346e-08	67.83445	-0.013986288	-1.7889938	0.008713454	1.0	120.57084393501282
301	-32.15809	7.610992	-21.486307	-47.790848	25.565218	-33.242252	0.028710013	-33.10161	-33.248173	181200	3.8345654e-08	57.626965	-0.010467541	-1.2286034	0.0086371545	0.0	120.9242434501648
302	-35.193203	10.972745	-20.599545	-57.557106	25.956522	-32.19408	0.02853139	-32.054317	-32.19998	181800	1.4702479e-08	127.74766	-0.011585276	-8.531723	0.0077460846	0.0	121.3253846168518
303	-33.97135	9.015056	-20.715593	-49.561916	25.73913	-34.924305	0.02727162	-34.790703	-34.9299	182400	9.536743e-09	81.460205	-0.014988189	-0.9513016	0.0087341275	0.0	121.67713117599487
304	-34.274483	8.2838335	-20.309736	-49.594982	25.608696	-34.01316	0.027118495	-33.88031	-34.018726	183000	-7.371108e-08	67.594765	-0.017769435	-0.080818176	0.004552825	0.0	122.03919434547424
305	-33.558758	9.305671	-17.356924	-47.194836	25.652174	-34.28139	0.026752574	-34.150333	-34.286884	183600	-1.8080076e-08	85.83813	-0.0073222406	-0.5887375	0.009865278	2.0	122.58720707893372
306	-33.676594	8.714093	-19.690414	-51.765636	25.608696	-33.544094	0.026480343	-33.41437	-33.549534	184200	-1.5298525e-08	74.50494	-0.017759752	-0.011047363	0.0069109146	1.0	123.0248920917511
307	-34.997902	9.716485	-19.678701	-54.411816	25.782608	-33.644924	0.026033824	-33.517387	-33.65027	184800	-5.5631e-09	94.39059	-0.01697399	-1.6566162	0.0057854946	0.0	123.50436997413635
308	-31.93333	9.20597	-18.867098	-49.39622	25.47826	-34.90238	0.025314849	-34.77837	-34.907578	185400	4.331271e-08	91.66421	-0.01693165	-8.422127	0.008175419	0.0	124.03187727928162
309	-30.775764	7.8222523	-19.384237	-51.612514	25.73913	-32.09186	0.02567255	-31.966097	-32.097137	186000	3.049771e-08	62.120625	-0.017346492	-1.7422256	0.0098816985	0.0	124.46631479263306
310	-34.84456	8.044461	-19.63785	-51.146954	25.565218	-30.823242	0.14225633	-28.413649	-30.839062	186600	1.1026859e-08	79.06561	-0.014827683	-15.441967	0.009906327	0.0	125.37135863304138
311	-33.292625	8.712249	-17.125902	-53.24782	25.652174	-34.549095	0.024445945	-34.429337	-34.554108	187200	3.3775966e-09	76.57022	-0.008050618	-1.533226	0.009655736	0.0	125.8040189743042
312	-34.639366	10.300422	-22.07688	-63.08088	25.73913	-33.372826	0.024431095	-33.25314	-33.37784	187800	3.1789146e-08	106.513824	-0.018831957	-1.6670914	0.009331676	0.0	126.176274061203
313	-35.453033	9.210194	-20.70397	-56.770042	25.73913	-34.613003	0.02397431	-34.495552	-34.617916	188400	1.680851e-07	85.17842	-0.016559668	-0.57366943	0.0055704243	0.0	126.61885929107666
314	-35.13772	7.133691	-23.335375	-52.597202	25.52174	-35.350025	0.02343212	-35.235233	-35.354828	189000	-3.973643e-09	49.823277	-0.0122776395	-0.044769287	0.00742433	0.0	127.00447463989258
315	-34.15765	11.475857	-17.744846	-60.683857	25.956522	-35.14358	0.023187684	-35.029987	-35.148335	189600	-6.139278e-08	131.56526	-0.01919918	-0.89216614	0.008739177	0.0	127.3801839351654
316	-37.456367	8.015332	-22.132845	-50.727913	25.652174	-34.212303	0.023130171	-34.09899	-34.217045	190200	1.7086665e-08	72.75052	-0.018374132	-9.89777	0.0065705483	1.0	127.74723744392395
317	-30.519747	7.1722193	-17.90729	-42.77191	25.52174	-37.278793	0.02215538	-37.17026	-37.28334	190800	-1.947085e-08	95.16524	-0.020371575	-43.20509	0.007856724	0.0	128.48112797737122
318	-36.944107	8.490845	-20.453936	-63.06995	25.608696	-31.378376	0.023959689	-31.261002	-31.383305	191400	2.4636586e-08	103.66727	-0.022338783	-29.485718	0.0057179984	0.0	129.44192218780518
319	-32.948063	9.663452	-20.92099	-51.283005	25.695652	-35.929874	0.021872526	-35.82272	-35.93435	192000	5.7816507e-08	99.95106	-0.011214295	-8.410088	0.0068456815	1.0	130.28877639770508
320	-35.352474	7.2982345	-19.554914	-48.378864	25.608696	-33.558556	0.02264426	-33.44762	-33.563194	192600	-8.026759e-08	55.68107	-0.015572999	-3.006981	0.009077299	0.0	131.1278235912323
321	-31.033415	8.681414	-20.443853	-51.995316	25.782608	-34.98561	0.021837492	-34.878635	-34.99009	193200	-1.00533164e-07	89.56867	-0.012680223	-14.101044	0.008841445	0.0	131.54483842849731
322	-34.25357	8.004481	-19.846495	-51.18149	25.695652	-31.88952	0.02306937	-31.776508	-31.89426	193800	4.718701e-08	68.25288	-0.020834101	-5.231224	0.0076995557	0.0	131.92642998695374
323	-38.83844	10.903675	-21.4252	-59.310062	25.608696	-33.75073	0.02203904	-33.642757	-33.75524	194400	3.9339067e-08	142.78998	-0.016240787	-23.925499	0.008116639	0.0	132.30283117294312
324	-35.763668	12.013505	-19.527054	-63.906097	25.869566	-37.72353	0.020187777	-37.624626	-37.727657	195000	4.8279762e-08	148.021	-0.018562868	-3.0627136	0.007971364	0.0	132.67179036140442
325	-31.493258	9.208427	-17.520525	-59.17272	25.608696	-36.356853	0.020759422	-36.255157	-36.36111	195600	4.1325887e-08	106.17388	-0.008892925	-21.306343	0.007812725	0.0	133.26492309570312
326	-33.214184	9.432887	-20.106644	-51.989086	25.652174	-32.67626	0.022357108	-32.56674	-32.68085	196200	-1.11262e-08	88.2671	-0.017777884	-0.30804443	0.00780684	0.0	133.72287130355835
327	-38.924335	9.718041	-25.189032	-58.632572	25.826086	-33.07335	0.0220416	-32.965366	-33.077873	196800	1.3093154e-07	127.890076	-0.020651296	-31.480827	0.007281305	0.0	134.25785088539124
328	-37.821167	9.3203125	-22.071587	-54.037693	25.695652	-37.416954	0.019869752	-37.319614	-37.421024	197400	-6.7949294e-08	85.35136	-0.02058867	-0.14748383	0.009352674	0.0	134.69706964492798
329	-34.38783	9.646896	-19.636795	-52.816513	25.73913	-37.788498	0.019587278	-37.69254	-37.792503	198000	2.9206277e-08	103.47592	-0.011284101	-10.644974	0.006470002	1.0	135.13320302963257
330	-32.40213	10.503634	-18.48503	-60.366993	25.652174	-35.255848	0.020532133	-35.155262	-35.26005	198600	6.079674e-08	117.47708	-0.015412113	-7.0401306	0.007433958	0.0	135.8138165473938
331	-32.644234	8.136601	-20.237606	-45.3922	25.347826	-33.149994	0.021482674	-33.04475	-33.154404	199200	-9.059906e-08	64.50973	-0.011328036	-0.20524597	0.008041101	0.0	136.17291593551636
332	-33.646935	9.32197	-19.549316	-60.128414	25.826086	-32.76224	0.021565465	-32.656597	-32.76668	199800	-9.6559525e-08	86.739044	-0.0074004745	-0.7939987	0.0092492895	1.0	136.7278549671173
333	-33.527958	8.112965	-17.344414	-49.360294	25.695652	-33.474674	0.02109808	-33.37132	-33.479015	200400	-2.0662943e-08	64.87164	-0.017734058	-0.02040863	0.008880503	0.0	137.17258024215698
334	-34.469147	8.747543	-19.811188	-49.14945	25.608696	-33.6011	0.021005392	-33.4982	-33.605415	201000	-2.6623407e-08	75.79857	-0.007724111	-0.7230835	0.005562481	0.0	137.57736563682556
335	-36.746155	8.557561	-21.69475	-55.087414	25.565218	-34.30733	0.02053122	-34.20675	-34.31154	201600	1.5099843e-08	77.856804	-0.0077336556	-5.6699753	0.009995526	0.0	138.03918194770813
336	-32.23572	9.071075	-20.3331	-53.17516	25.652174	-36.30233	0.019516746	-36.20672	-36.306324	202200	-2.026558e-08	97.07153	-0.016357115	-15.47747	0.006958515	1.0	138.43932366371155
337	-33.125134	6.663636	-19.760778	-49.29842	25.73913	-33.088562	0.020796655	-32.986683	-33.092834	202800	2.1855036e-09	44.11014	-0.015962062	-0.0024261475	0.006330209	1.0	138.86570477485657
338	-35.854694	8.578385	-19.386145	-60.318596	25.782608	-33.106667	0.020644698	-33.00553	-33.110905	203400	1.0530154e-07	81.647026	-0.015877044	-7.4877167	0.0068038115	1.0	139.2902479171753
339	-30.583748	6.4689136	-19.505657	-44.405117	25.73913	-35.388283	0.019537136	-35.292572	-35.39228	204000	-4.251798e-08	63.91224	-0.01209365	-21.3494	0.009224657	0.0	139.7832989692688
340	-40.892757	18.41625	-20.374853	-110.59736	25.826086	-31.664635	0.02118937	-31.560831	-31.668991	204600	-4.152457e-08	422.25375	-0.032186612	-75.54523	0.0084016165	0.0	140.55615162849426
341	-35.21981	6.5829396	-20.608027	-48.02888	25.826086	-37.908497	0.0179695	-37.820465	-37.91217	205200	-8.026759e-08	50.338776	-0.016974967	-5.824383	0.0076482827	0.0	141.00073623657227
342	-37.58119	9.83593	-20.383541	-56.07383	26.043478	-36.32572	0.018626163	-36.23447	-36.329525	205800	-1.5497207e-08	97.96864	-0.021076452	-1.5138626	0.00796086	0.0	141.49389052391052
343	-32.2491	7.183333	-21.09819	-49.128777	25.782608	-37.16206	0.018215789	-37.072823	-37.165783	206400	1.5099843e-08	74.72438	-0.011915717	-20.51765	0.008021739	0.0	141.9499635696411
344	-32.34002	8.028229	-19.966871	-51.928406	25.695652	-33.975014	0.019711785	-33.87845	-33.979046	207000	6.357829e-08	66.50251	-0.014738089	-2.4279633	0.009760208	0.0	142.4438509941101
345	-32.135933	7.7341485	-18.63954	-48.13065	25.782608	-32.79149	0.02021302	-32.69246	-32.795616	207600	4.9273172e-08	59.51972	-0.012270009	-0.37023926	0.008619612	0.0	142.82935762405396
346	-35.88854	15.400235	-18.004755	-89.08111	25.869566	-32.330326	0.020343194	-32.230663	-32.334488	208200	-3.8146972e-08	247.537	-0.012604359	-11.465225	0.007935112	0.0	143.2974133491516
347	-37.97997	9.080547	-21.493862	-55.88718	26.0	-34.787964	0.018949617	-34.695126	-34.791832	208800	7.3313714e-08	93.46168	-0.013687185	-9.67981	0.008513063	0.0	143.77773451805115
348	-34.322456	8.048947	-20.567421	-49.22334	25.652174	-37.10606	0.017851247	-37.018612	-37.109715	209400	-2.3841858e-08	70.99335	-0.007412987	-6.5950775	0.006850724	1.0	144.2715299129486
349	-35.444244	12.63428	-22.12442	-76.40754	25.913044	-35.26567	0.01866109	-35.17425	-35.269485	210000	-4.7683717e-08	158.82933	-0.010947323	-0.050109863	0.0029784327	0.0	144.64451789855957
350	-33.08575	8.885008	-18.774076	-51.503704	25.608696	-35.397987	0.018560432	-35.30706	-35.401783	210600	-4.6690307e-08	81.94461	-0.0068733105	-4.5435333	0.00656027	0.0	145.53549218177795
351	-35.584103	8.300369	-21.957144	-55.834377	25.695652	-33.799812	0.019323846	-33.705143	-33.80376	211200	-4.1325887e-08	71.63579	-0.012624312	-2.9628677	0.0074146017	1.0	146.01741766929626
352	-34.44632	8.679358	-20.036352	-51.038197	25.695652	-35.08151	0.01857672	-34.990505	-35.085308	211800	-4.251798e-08	74.94423	-0.014234118	-0.31965637	0.0065153884	1.0	146.38586568832397
353	-35.01748	10.0897255	-20.571709	-62.232803	25.782608	-34.667225	0.0187033	-34.5756	-34.67105	212400	-6.357829e-09	101.12307	-0.015076152	-0.096977234	0.007932424	0.0	146.8795726299286
354	-35.53032	7.8154817	-21.63309	-49.67604	25.52174	-34.904194	0.018431319	-34.8139	-34.907963	213000	1.1354685e-07	60.25526	-0.007991032	-0.3623047	0.007852096	1.0	147.27523136138916
355	-33.35389	9.108267	-18.78423	-56.811867	25.652174	-35.389797	0.018080518	-35.301216	-35.393486	213600	2.404054e-08	85.91751	-0.010547991	-3.8088913	0.008460779	0.0	147.63450860977173
356	-35.729073	7.9866576	-23.795994	-52.99812	25.565218	-33.818016	0.018682962	-33.726486	-33.821835	214200	3.33786e-08	67.17728	-0.020068374	-3.6981812	0.007901253	0.0	148.003493309021
357	-30.330578	7.373973	-18.326788	-45.921124	25.652174	-35.365955	0.017927336	-35.27813	-35.369617	214800	-9.0201695e-08	78.764305	-0.017869078	-23.722	0.008042486	1.0	148.35864973068237
358	-31.671299	7.4107814	-20.037113	-44.725822	25.73913	-31.51985	0.019638821	-31.42364	-31.523867	215400	-3.33786e-08	54.24517	-0.006429029	-0.01027298	0.0052682688	0.0	148.72085094451904
359	-33.119328	8.148179	-21.167898	-52.899742	25.608696	-31.529505	0.021497795	-31.300615	-31.533863	216000	-2.22524e-08	67.147606	-0.018975321	-2.258545	0.008541571	1.0	149.09523916244507
360	-31.219063	8.91147	-19.81153	-50.673756	25.652174	-32.75121	0.018518569	-32.660492	-32.755	216600	4.708767e-08	79.93398	-0.013896596	-2.6452408	0.008597625	0.0	149.78499913215637
361	-33.292683	8.38827	-18.995733	-55.009888	25.913044	-31.433632	0.018772257	-31.341671	-31.437475	217200	-1.5596548e-08	74.15623	-0.009292966	-3.2904892	0.0066089174	0.0	150.1319761276245
362	-32.48314	7.107653	-21.17397	-44.72144	25.913044	-32.917137	0.01792562	-32.829323	-32.920807	217800	-5.3942202e-08	50.342598	-0.005041265	-0.14660263	0.0035682423	0.0	150.47671103477478
363	-30.530396	8.7149315	-19.385862	-53.25088	25.826086	-32.61261	0.017969327	-32.524582	-32.616287	218400	3.049771e-08	79.903015	-0.012035848	-4.2204514	0.0077342796	0.0	150.8272728919983
364	-36.500328	11.873956	-18.469278	-53.191936	25.826086	-30.870434	0.01854643	-30.779575	-30.874228	219000	-3.973643e-10	171.39601	-0.009669599	-30.255966	0.007958673	0.0	151.18333339691162
365	-32.286522	8.158391	-19.789946	-46.94689	25.826086	-35.31675	0.01656071	-35.23563	-35.320152	219600	-4.4902166e-08	75.19117	-0.016639981	-9.115921	0.00683216	0.0	151.54554414749146
366	-32.90919	10.119432	-19.2515	-52.09408	25.565218	-32.33157	0.5584029	-30.858154	-34.447453	220200	-4.967054e-09	100.83524	-0.013273253	-0.3933258	0.008067914	0.0	151.89591526985168
367	-32.533394	9.149609	-19.581324	-56.16753	25.652174	-32.757446	0.44788575	-32.480152	-34.84269	220800	-3.4968057e-08	82.53433	-0.014611123	-0.13484192	0.00818976	0.0	152.34791684150696
368	-33.21013	9.427307	-20.808271	-55.435734	25.73913	-32.554123	0.5349144	-30.589825	-34.681843	221400	7.947286e-09	88.74396	-0.011919352	-0.5551071	0.007749854	0.0	152.90771651268005
369	-33.8473	6.54932	-20.222725	-45.476307	25.695652	-33.112885	0.5328626	-31.349497	-35.175625	222000	1.6073386e-07	43.11582	-0.001944259	-0.5566025	0.007817759	0.0	153.32101392745972
370	-34.395714	8.754874	-17.990461	-51.16975	25.869566	-33.75125	0.38406715	-33.520138	-35.62324	222600	-1.5894573e-08	76.848	-0.015143722	-0.46605682	0.008006264	0.0	154.149165391922
371	-31.132343	8.242395	-19.014275	-57.23714	25.695652	-34.337902	0.3589892	-34.030205	-36.06819	223200	-2.0662943e-08	77.6034	-0.010485707	-9.85524	0.0093618315	0.0	154.5648214817047
372	-34.055824	7.5197983	-22.51768	-50.595917	25.826086	-31.653227	0.5805295	-29.568302	-33.529522	223800	-4.06305e-08	61.432343	-0.0084470855	-5.4665794	0.004295236	0.0	155.05117321014404
373	-31.481318	6.318552	-20.179281	-43.58053	25.913044	-33.66668	0.3054654	-32.8831	-35.127934	224400	-7.073084e-08	44.34129	-0.012618125	-4.887619	0.008009542	1.0	155.51932334899902
374	-34.464344	7.713904	-20.14805	-51.724705	25.782608	-31.772877	0.25834885	-31.65495	-33.035988	225000	-6.477038e-08	65.85094	-0.010834257	-6.8176804	0.0065911217	0.0	156.05826115608215
375	-32.406685	8.302329	-18.68087	-51.80092	25.652174	-34.03616	0.22128431	-33.69357	-35.112865	225600	3.89417e-08	70.535324	-0.013171604	-2.6109848	0.009871051	0.0	156.4298014640808
376	-30.149122	5.546395	-19.129154	-43.333607	26.043478	-32.634995	0.16307801	-32.14244	-33.425056	226200	1.11262e-08	36.906162	-0.014032303	-6.202751	0.0059156325	0.0	156.91210389137268
377	-36.267998	8.153268	-17.921612	-49.586952	25.913044	-30.402271	0.31722674	-26.146574	-30.869678	226800	-1.5298525e-08	101.3164	-0.013989024	-34.254944	0.007932454	0.0	157.26238489151
378	-33.297424	9.93946	-18.915579	-51.194534	25.782608	-35.278072	0.1144762	-35.19941	-35.75131	227400	1.2516975e-07	101.56785	-0.013261792	-3.622429	0.009428022	0.0	157.61098980903625
379	-30.40279	8.508982	-21.641108	-50.723984	25.782608	-33.74816	0.07213383	-33.701458	-34.10022	228000	-5.6227048e-08	82.15881	-0.0092542805	-11.193764	0.0041685505	0.0	158.07845306396484
380	-33.552433	9.845187	-18.275518	-54.428307	26.043478	-30.956171	0.040823873	-30.888485	-31.14787	228600	-3.1789146e-08	104.35164	-0.008776173	-6.9431763	0.005839193	0.0	159.1115198135376
381	-32.926605	7.5466795	-18.017921	-45.609516	25.869566	-33.106224	0.04381112	-33.073734	-33.320465	229200	3.7352244e-08	56.82125	-0.012675797	-0.018928528	0.00643456	0.0	159.58008813858032
382	-30.518518	7.7174134	-16.871502	-49.42613	25.826086	-33.017044	0.030343678	-32.98482	-33.16507	229800	1.9868216e-09	64.9075	-0.01857705	-5.757019	0.005263425	0.0	160.0523726940155
383	-30.752735	8.908591	-19.373476	-54.144817	25.956522	-30.991705	0.00300625	-30.961294	-30.998213	230400	-1.1523564e-07	78.31372	-0.0114462655	-0.06162262	0.0061437613	1.0	160.47562766075134
384	-31.495764	8.759882	-20.201965	-51.345398	26.0	-30.760475	0.003964496	-30.733772	-30.762115	231000	-2.582868e-09	77.92251	-0.007926518	-0.67136383	0.0038908918	0.0	160.95521116256714
385	-29.18896	6.9021254	-18.661581	-44.37124	25.826086	-31.469843	0.0036861799	-31.446287	-31.479792	231600	1.37090685e-08	52.289585	-0.013599902	-4.947735	0.008803663	0.0	161.358056306839
386	-35.00879	9.413155	-18.587538	-50.00696	25.782608	-29.529928	0.04708063	-29.326906	-29.54576	232200	-4.45048e-08	118.719376	-0.013875664	-29.004662	0.006972176	1.0	161.69991064071655
387	-30.783808	8.44144	-18.747555	-49.5431	25.73913	-33.99931	0.10014191	-31.568531	-34.05035	232800	-1.3311704e-08	80.6156	-0.009527216	-9.297974	0.0089287665	0.0	162.06635808944702
388	-32.667572	8.394266	-19.260399	-53.067837	25.913044	-30.750853	0.45199963	-30.628479	-32.959625	233400	-1.6570091e-07	73.93652	-0.012627329	-3.5918655	0.0077658664	0.0	162.43969178199768
389	-36.7228	9.048508	-18.467743	-55.210358	25.869566	-32.31954	0.32472077	-32.243366	-33.897858	234000	3.4073988e-08	100.04419	-0.009961953	-18.619621	0.0072517595	0.0	162.78495573997498
390	-35.805542	9.285356	-20.188995	-52.832344	25.913044	-35.88028	0.2628295	-35.788895	-37.076653	234600	9.338061e-09	85.66614	-0.014236018	-0.041160583	0.009226728	1.0	163.4506287574768
391	-35.000244	8.216889	-18.225428	-47.517483	25.652174	-35.856995	0.18869714	-35.766838	-36.602913	235200	3.516674e-08	66.80656	-0.005436834	-0.79190826	0.0061561354	0.0	163.79539036750793
392	-36.405407	7.577231	-20.930578	-44.810207	25.956522	-35.109627	0.093706585	-35.066856	-35.459606	235800	-4.1921933e-08	58.829075	-0.010420812	-1.5708733	0.0051229754	0.0	164.1149365901947
393	-33.801025	8.524208	-21.622631	-50.8879	25.826086	-36.16937	0.08473471	-36.11691	-36.476376	236400	6.7551933e-09	77.60923	-0.012417263	-5.06089	0.008250559	1.0	164.44931292533875
394	-35.14556	7.4636273	-19.107773	-51.63671	25.695652	-34.24687	0.04345985	-34.12022	-34.426327	237000	5.1955382e-08	55.956093	-0.011709137	-0.7677078	0.007222154	1.0	164.83568048477173
395	-33.62785	7.8707395	-19.416534	-54.95047	25.73913	-34.99306	0.061427545	-34.93982	-36.20825	237600	3.417333e-08	63.173477	-0.018348012	-1.8098259	0.009689323	0.0	165.20543479919434
396	-30.653986	10.672937	-19.657951	-57.921978	25.913044	-33.83033	0.075736195	-33.70628	-34.184692	238200	-7.947286e-10	123.84023	-0.013236521	-9.459686	0.006919554	0.0	165.5876750946045
397	-30.33761	6.881515	-18.210218	-46.300484	25.782608	-31.106596	0.14972636	-29.78479	-31.15599	238800	-1.11262e-08	47.189842	-0.009207207	-0.70811844	0.0051168953	0.0	165.9567587375641
398	-32.45836	9.472104	-18.940489	-52.333107	25.869566	-30.468346	0.14349972	-27.40626	-30.552586	239400	5.8809917e-08	92.91058	-0.008056605	-3.9495926	0.00769207	0.0	166.30876207351685
399	-34.077908	7.5585003	-18.051989	-51.536762	25.73913	-32.204445	0.41827765	-24.876492	-32.552795	240000	7.8678134e-08	59.42091	-0.012149564	-3.175232	0.00724552	1.0	166.65996432304382
400	-33.698147	7.8416023	-22.754433	-50.528824	25.608696	-33.78948	0.40324438	-29.181673	-34.54799	240600	3.8146972e-08	60.8486	-0.010811493	-0.7757454	0.004186098	0.0	167.3427176475525
401	-32.86758	7.385086	-18.747087	-45.731743	25.652174	-33.683853	0.031110235	-33.644596	-33.79117	241200	-4.887581e-08	54.2024	-0.0067279106	-0.64294434	0.006931138	0.0	167.69253134727478
402	-30.571928	7.481228	-18.808954	-45.203606	25.913044	-32.94664	0.01305832	-32.93789	-33.01016	241800	6.973743e-08	61.291492	-0.02420926	-5.3877487	0.0071969	0.0	168.04968428611755
403	-31.8314	7.696293	-19.415503	-52.744072	25.695652	-30.806465	0.038835965	-30.6174	-30.815773	242400	2.3841857e-09	59.855587	-0.006141114	-1.0444679	0.0037672352	0.0	168.40942120552063
404	-30.025633	7.862785	-18.327187	-48.758343	25.826086	-31.747421	0.004423274	-31.708698	-31.76686	243000	-3.794829e-08	64.24597	-0.013129497	-2.838459	0.007074464	0.0	168.758150100708
405	-29.694654	8.441876	-19.62048	-49.412834	25.73913	-30.169226	0.07527823	-29.662155	-30.19416	243600	4.3710074e-08	71.19723	-0.010335275	-0.22180939	0.0096132085	0.0	169.11916494369507
406	-34.507656	8.10509	-20.986135	-53.87941	25.782608	-29.74994	0.022415318	-29.656832	-29.75745	244200	-1.00533164e-07	87.161644	-0.0063200756	-21.906113	0.005585827	0.0	169.47889733314514
407	-35.280457	10.553569	-19.968683	-51.831814	25.695652	-34.019543	0.03670107	-33.98849	-34.167538	244800	-6.198883e-08	111.71129	-0.011810503	-1.3549347	0.0069609242	0.0	169.83355236053467
408	-33.681976	8.738838	-18.341715	-52.2453	25.869566	-35.104927	0.043884438	-35.073402	-35.27428	245400	-1.9868216e-08	78.25674	-0.015442169	-1.9144669	0.009580528	0.0	170.17767906188965
409	-33.451614	7.3519	-20.728909	-46.03568	25.826086	-33.830643	0.017254066	-33.80437	-33.908222	246000	-1.8278758e-08	53.41657	-0.012489543	-0.14050293	0.007842469	1.0	170.5228395462036
410	-35.04119	7.261571	-18.600008	-49.189766	25.826086	-33.475254	0.011771205	-33.45005	-33.535595	246600	3.3974647e-08	54.608566	-0.013550183	-2.3997688	0.008130451	0.0	171.20048427581787
411	-29.782166	8.0943365	-20.375933	-48.538063	25.73913	-34.932674	0.016077496	-34.92623	-34.999454	247200	4.45048e-08	91.19242	-0.014182032	-25.788017	0.006037662	0.0	171.5183641910553
412	-28.39568	7.56973	-17.664215	-45.296593	25.782608	-30.356407	0.023696423	-30.249495	-30.363539	247800	9.139379e-08	60.234337	-0.0037668233	-3.738243	0.007931808	1.0	171.87075662612915
413	-31.29004	7.491554	-17.973495	-45.252224	26.0	-28.587408	0.18095857	-27.14284	-28.657175	248400	1.2874604e-07	63.413998	-0.01213857	-7.3898582	0.0056269923	0.0	172.23010277748108
414	-31.812916	6.5445266	-19.786222	-44.97467	25.608696	-31.019804	0.0035346737	-30.998726	-31.03318	249000	4.4107438e-08	42.648537	-0.0056853807	-0.61325073	0.00889252	0.0	172.57407975196838
415	-31.693373	8.218406	-18.079985	-46.434055	26.043478	-31.744158	0.00682847	-31.723701	-31.777925	249600	3.7352244e-08	67.66384	-0.02526469	-0.0014572144	0.008117384	0.0	172.92508244514465
416	-33.382553	6.958522	-19.463158	-47.420055	25.869566	-31.721888	0.00466114	-31.692701	-31.742695	250200	-5.920728e-08	50.88964	-0.018276723	-2.6849518	0.008294054	0.0	173.2789192199707
417	-34.306324	7.826262	-21.801014	-47.062473	25.913044	-33.241016	0.010426427	-33.221962	-33.28684	250800	2.1855037e-08	62.083153	-0.0127095785	-1.3442612	0.008398983	0.0	173.62599563598633
418	-35.506763	8.987653	-22.338772	-50.72937	25.695652	-34.330734	0.011925042	-34.311863	-34.38791	251400	-4.7683717e-08	80.3998	-0.014407136	-1.2671204	0.006638932	0.0	173.97661185264587
419	-32.291443	8.771028	-19.593496	-53.55304	25.52174	-35.396465	0.0138659375	-35.392265	-35.463623	252000	-1.6768773e-07	85.53392	-0.00981227	-9.022087	0.006419437	3.0	174.32660913467407
420	-32.30177	8.210453	-18.695435	-54.34755	25.652174	-32.585842	0.010995497	-32.533543	-32.60068	252600	8.583069e-08	66.18923	-0.008883164	-0.10721588	0.009121069	0.0	174.99847960472107
421	-32.23127	7.5675845	-20.200039	-45.0566	25.608696	-32.268528	0.0030071274	-32.25046	-32.27895	253200	-1.7305216e-07	56.14522	-0.012866568	-0.0024299622	0.009009316	0.0	175.3413279056549
422	-29.89011	5.791153	-20.602879	-41.475075	25.52174	-32.221455	0.002663187	-32.19592	-32.232655	253800	6.516775e-08	37.992996	-0.008823638	-5.087303	0.009157356	0.0	175.68962693214417
423	-26.82276	6.640644	-17.835943	-39.36282	25.869566	-30.065176	0.014326196	-30.003864	-30.069725	254400	-3.1789145e-09	53.98084	-0.010798769	-10.418217	0.0058211046	0.0	176.0484893321991
424	-34.4078	8.5048065	-20.228199	-51.063828	25.695652	-27.037321	0.30904612	-25.366785	-27.167217	255000	-1.3510387e-08	123.96564	-0.019490771	-51.41964	0.008655049	0.0	176.4104974269867
425	-33.244717	8.370604	-19.908697	-46.777508	25.73913	-33.218094	0.009186986	-33.201023	-33.26039	255600	4.1921933e-08	69.588005	-0.013711112	-0.011703491	0.007844507	0.0	176.75435876846313
426	-34.048634	10.002175	-18.905201	-56.0847	25.73913	-33.37286	0.011826956	-33.328564	-33.413624	256200	5.920728e-08	98.03305	-0.012517592	-0.3341217	0.0087155355	0.0	177.11489820480347
427	-36.115105	9.057969	-23.829231	-56.145084	25.565218	-33.8725	0.020418782	-33.865143	-33.972477	256800	-5.384286e-08	86.57604	-0.012780875	-4.9586563	0.0075943945	0.0	177.45711398124695
428	-32.82777	10.032586	-18.188211	-55.33489	25.826086	-35.82987	0.06977811	-35.788654	-36.178238	257400	-1.9073486e-08	109.30727	-0.016068751	-8.339905	0.008147352	0.0	177.80042099952698
429	-32.923412	8.6533575	-20.55458	-54.192066	26.043478	-33.322453	0.010060339	-33.311943	-33.373257	258000	-1.04109446e-07	75.92886	-0.017982597	-0.1699295	0.009199854	0.0	178.1491448879242
430	-33.724064	8.509004	-20.376596	-52.805782	25.826086	-32.93968	0.0067181583	-32.92691	-32.973484	258600	-7.947286e-09	71.702705	-0.014898152	-0.54364777	0.00898574	0.0	178.83548998832703
431	-32.720745	7.195365	-18.70294	-49.02206	25.782608	-33.596718	0.005153467	-33.586266	-33.622005	259200	-8.424123e-08	51.984695	-0.009963957	-0.6713295	0.008989447	0.0	179.1869912147522
432	-33.26272	7.9898157	-21.394274	-47.028557	25.52174	-32.85911	0.0021928737	-32.855347	-32.86921	259800	-3.7749608e-08	62.23077	-0.011746829	-0.14186478	0.0099827815	0.0	179.52617979049683
433	-31.968704	8.039367	-20.987791	-48.723873	25.73913	-33.200584	0.0029906284	-33.190414	-33.215343	260400	1.0450681e-07	65.65665	-0.011449304	-1.5292511	0.009470584	0.0	179.85746335983276
434	-34.282814	9.109675	-23.058983	-54.15653	25.826086	-32.05765	0.0036435684	-32.04721	-32.075207	261000	-2.7418137e-08	88.87285	-0.00886854	-5.310417	0.007794146	0.0	180.21345806121826
435	-34.134293	10.168732	-18.69786	-55.671227	25.73913	-34.187748	0.009247854	-34.146465	-34.208385	261600	-2.9802322e-08	101.69539	-0.013047513	-0.00894165	0.00677888	1.0	180.59216499328613
436	-33.42683	8.808594	-18.535347	-48.614246	25.826086	-34.10834	0.004003997	-34.09155	-34.11916	262200	-6.357829e-09	77.78984	-0.011102174	-0.37999725	0.0071315337	1.0	180.93753266334534
437	-35.031574	10.594333	-23.438099	-63.385532	25.782608	-33.524307	0.004994642	-33.500904	-33.532295	262800	-5.642573e-08	113.49548	-0.018726038	-2.3915787	0.008012628	1.0	181.29555296897888
438	-32.789528	8.438382	-19.38524	-50.431877	25.565218	-34.99564	0.011211002	-34.945766	-35.02111	263400	2.4239222e-08	74.76377	-0.012457741	-4.8739853	0.0072535183	1.0	181.6592996120453
439	-31.601841	10.995854	-17.16544	-67.56205	25.608696	-32.896824	0.001467049	-32.891636	-32.89736	264000	-1.947085e-08	117.59281	-0.019112196	-1.7702332	0.0069933143	1.0	182.04307556152344
440	-31.699844	7.1793733	-21.52694	-48.459423	25.869566	-31.617718	0.00655315	-31.602192	-31.646393	264600	-9.934108e-09	51.36123	-0.01761355	-0.002784729	0.009675687	0.0	182.74928545951843
441	-31.010443	8.346552	-20.02642	-56.36401	25.73913	-31.666744	0.006860719	-31.6525	-31.697758	265200	-3.695488e-08	69.27626	-0.013975891	-0.3361435	0.008622134	0.0	183.10402870178223
442	-30.231997	7.5337906	-17.816689	-45.35111	25.608696	-31.101166	0.0041943877	-31.085487	-31.10255	265800	9.735425e-09	56.67431	-0.010550234	-0.79387283	0.00734862	0.0	183.4569172859192
443	-34.628956	9.4036455	-19.532211	-50.854073	25.695652	-30.224987	0.004940419	-30.201265	-30.232073	266400	-7.2320304e-08	107.012474	-0.013671117	-19.48648	0.008995231	0.0	183.80374121665955
444	-33.988224	6.3997583	-21.474743	-44.79042	25.826086	-34.434017	0.0069557764	-34.409813	-34.45943	267000	2.1755696e-08	40.821594	-0.01043462	-0.23508835	0.00902593	0.0	184.16871237754822
445	-31.544428	8.360838	-18.507732	-48.441277	25.782608	-33.977684	0.0058817584	-33.97551	-34.006435	267600	-3.7352244e-08	74.447784	-0.009704306	-6.0847244	0.007268777	1.0	184.51461029052734
446	-34.944313	6.68991	-22.166922	-50.332718	25.652174	-31.615273	0.0080562625	-31.598875	-31.65422	268200	-2.3841858e-08	54.264004	-0.012712633	-10.2987175	0.009152834	0.0	184.87595748901367
447	-33.942696	8.5727625	-19.865894	-50.40328	25.608696	-34.64485	0.018249318	-34.62313	-34.722115	268800	-9.1890495e-09	72.77486	-0.009173053	-0.48994446	0.008463532	1.0	185.2318298816681
448	-33.77792	10.006076	-18.912416	-50.52376	25.695652	-33.985645	0.01005005	-33.97375	-34.020653	269400	-4.172325e-08	98.6434	-0.013090195	-0.06198883	0.0075461143	1.0	185.6125807762146
449	-31.786009	6.318505	-19.495321	-44.335674	25.73913	-33.74474	0.011241898	-33.73195	-33.784096	270000	-7.073084e-08	43.39282	-0.010541599	-3.9279175	0.007786603	0.0	185.97073698043823
450	-27.884344	5.6044846	-19.364128	-41.788586	25.782608	-31.83319	0.010958441	-31.829487	-31.885942	270600	1.7484028e-08	46.517605	-0.019022888	-15.281185	0.0081527075	0.0	186.65275025367737
451	-30.307758	7.582344	-18.869143	-49.02527	25.913044	-28.139778	0.008400913	-28.108824	-28.168444	271200	2.5431316e-08	61.857826	-0.013696266	-4.593933	0.009385627	0.0	187.0235562324524
452	-33.308598	8.832482	-20.47799	-52.24824	25.73913	-30.147839	0.007476507	-30.125439	-30.178432	271800	-2.8610229e-08	87.94378	-0.018065896	-9.919296	0.008769976	0.0	187.38189601898193
453	-33.094124	8.754974	-21.958141	-47.754158	25.52174	-33.091763	0.0101978	-33.07831	-33.142185	272400	3.159046e-08	75.146904	-0.014871413	-0.0043563843	0.008371895	0.0	187.72384929656982
454	-32.7282	10.7142935	-18.744823	-61.859745	25.434782	-33.14635	0.024327828	-33.111397	-33.267426	273000	3.973643e-08	111.54134	-0.024072377	-0.2257843	0.009589444	0.0	188.05917739868164
455	-32.533653	7.642327	-17.473923	-49.623055	25.652174	-32.693897	0.012983917	-32.676598	-32.75632	273600	-4.5597552e-08	57.1416	-0.014379676	-0.024909973	0.008681733	1.0	188.42959928512573
456	-33.39636	7.358136	-20.253323	-47.830902	25.52174	-32.541332	0.009071775	-32.513573	-32.58522	274200	-1.0530154e-08	53.675793	-0.012049467	-0.75530624	0.00994502	0.0	188.79841923713684
457	-32.70218	10.382254	-18.548855	-55.262787	25.52174	-33.384453	0.01466345	-33.362	-33.457615	274800	-4.688899e-08	106.67319	-0.0072910665	-0.4241867	0.007477757	1.0	189.15443181991577
458	-31.263653	8.319862	-20.235905	-45.924736	25.913044	-32.748722	0.0054541477	-32.73371	-32.772034	275400	-2.960364e-08	70.67172	-0.007986189	-2.1318665	0.0067382907	1.0	189.50550889968872
459	-31.167604	7.501853	-19.694567	-49.82706	25.782608	-31.314112	0.002796683	-31.29366	-31.315042	276000	2.3841858e-08	55.273136	-0.0074113	-0.047405243	0.007345612	1.0	189.84359693527222
460	-32.0	7.965667	-18.118036	-47.813774	25.956522	-31.098827	0.0068320306	-31.084751	-31.13206	276600	5.8611235e-08	63.967102	-0.009017898	-0.7206383	0.0070953625	0.0	190.55249285697937
461	-34.30129	9.340547	-20.27227	-55.571384	25.913044	-31.943897	0.007614307	-31.941172	-31.980898	277200	1.7384689e-07	91.1472	-0.0043429094	-5.2841644	0.00728648	1.0	190.89607000350952
462	-30.439636	5.714664	-21.723776	-41.49254	25.73913	-34.227493	0.011848948	-34.21571	-34.281734	277800	1.959006e-07	46.19964	-0.019563353	-13.945187	0.007541957	1.0	191.25637865066528
463	-31.862793	7.6486516	-17.985409	-46.448128	25.695652	-30.590631	0.0043687746	-30.574356	-30.606554	278400	1.7086665e-08	59.311314	-0.01327916	-1.5403252	0.008281182	0.0	191.60328435897827
464	-33.06445	8.92343	-20.697598	-51.449036	25.73913	-31.800087	0.0048018843	-31.795853	-31.82335	279000	-7.549922e-09	79.722786	-0.015341659	-1.4968491	0.0073828204	1.0	191.95024466514587
465	-30.639807	7.320299	-17.780407	-45.925667	25.695652	-33.003872	0.00476227	-32.99033	-33.024605	279600	-1.2516975e-08	58.639023	-0.012361584	-5.1850204	0.009204266	0.0	192.3026123046875
466	-31.767647	6.8447967	-21.068079	-41.83599	25.782608	-30.781572	0.09549534	-28.481247	-30.790537	280200	-9.139379e-09	46.967834	-0.012047318	-0.874218	0.008648395	0.0	192.64247632026672
467	-31.142916	7.9705234	-21.666561	-48.248344	25.913044	-31.691761	0.0049926583	-31.605825	-31.707857	280800	-8.543332e-09	63.939243	-0.012931497	-0.56251144	0.0066165505	1.0	193.00233674049377
468	-34.446373	8.076084	-20.124765	-47.124016	25.826086	-31.189758	0.044133525	-30.975916	-31.21498	281400	-4.649162e-08	74.683266	-0.014271624	-10.321472	0.008976701	0.0	193.35721683502197
469	-35.85108	10.181154	-17.902954	-57.426823	26.0	-34.32683	0.28711167	-27.37525	-34.548313	282000	-1.07288365e-08	105.75581	-0.020058626	-2.7780914	0.0096255895	0.0	193.69799900054932
470	-30.551512	9.472744	-18.86257	-49.542248	25.73913	-35.914318	0.40352783	-31.665588	-37.196693	282600	-1.7960866e-07	117.59045	-0.019771807	-28.432487	0.008275566	0.0	194.4119634628296
471	-33.556904	8.070165	-21.838184	-47.59035	25.956522	-30.9523	0.008977539	-30.898533	-30.955124	283200	-5.424023e-08	72.239555	-0.012623015	-7.009018	0.008046409	1.0	194.76106095314026
472	-33.386433	7.469331	-21.003546	-46.5163	25.695652	-33.39624	0.005889436	-33.35747	-33.39767	283800	-3.1789145e-09	55.052475	-0.0066543203	-0.0029563904	0.0086724805	0.0	195.0987377166748
473	-33.042767	10.066545	-18.116356	-49.12545	25.869566	-33.36105	0.0028401045	-33.303135	-33.362427	284400	7.589658e-08	100.18538	-0.019437669	-0.13085938	0.008973712	0.0	195.44020199775696
474	-35.22019	5.496037	-22.94671	-43.461205	26.043478	-33.02105	0.010309444	-32.88236	-33.03595	285000	1.3579925e-07	35.044426	-0.013218003	-4.78817	0.0060140556	0.0	195.81015968322754
475	-32.68124	7.2550974	-21.192488	-48.009453	25.913044	-35.099552	0.004992194	-35.01212	-35.11706	285600	-3.6358834e-08	58.309624	-0.023394767	-5.8879547	0.009231873	0.0	196.14483976364136
476	-34.002026	6.8894835	-23.21651	-51.068882	25.695652	-32.805622	0.0049068783	-32.750443	-32.823788	286200	-5.4637592e-08	47.975834	-0.016132275	-1.4752159	0.0067326943	1.0	196.50105905532837
477	-34.655888	6.3892465	-24.093569	-47.007267	25.869566	-33.958065	0.0019894594	-33.9229	-33.96376	286800	-1.4265379e-07	40.783764	-0.015368832	-0.43121338	0.007946559	0.0	196.85895323753357
478	-35.1392	9.595711	-20.999954	-56.577396	25.73913	-34.592506	0.0030691745	-34.56136	-34.603825	287400	2.3047129e-08	90.87772	-0.020186858	-0.27510834	0.009709889	0.0	197.2060787677765
479	-32.45093	6.8487563	-18.460478	-46.378853	25.956522	-35.102684	0.0034354546	-35.088005	-35.11517	288000	6.2783556e-08	53.739555	-0.012805211	-6.9373474	0.008982597	0.0	197.53911352157593
480	-33.31184	9.284447	-16.864843	-49.329044	25.956522	-32.556778	0.004203613	-32.505447	-32.573784	288600	1.6788642e-08	85.8219	-0.010646836	-0.6030426	0.008785918	0.0	198.263165473938
481	-30.156187	6.6381617	-20.945229	-42.58693	25.695652	-33.308716	0.004536405	-33.22429	-33.322575	289200	9.3479954e-08	52.92969	-0.008320965	-9.636673	0.0063867895	1.0	198.59140133857727
482	-31.197618	6.750886	-18.60361	-47.448654	25.913044	-30.318132	0.0060333093	-30.2313	-30.32014	289800	-3.9239726e-08	45.99273	-0.011247098	-0.812809	0.009383261	0.0	198.9361126422882
483	-32.601185	7.0152965	-19.981308	-45.7076	25.826086	-31.187897	0.00388271	-31.11867	-31.189749	290400	1.0669231e-07	50.54334	-0.0141161205	-1.9236526	0.00916399	0.0	199.27646374702454
484	-35.373608	7.2231517	-23.037529	-47.498184	25.869566	-32.54087	0.0015846918	-32.52606	-32.54648	291000	-8.8214875e-08	59.598263	-0.0052562	-7.842266	0.008198779	1.0	199.63116598129272
485	-30.604572	7.5126486	-18.035704	-46.801678	26.0	-35.25479	0.005013838	-35.253414	-35.279285	291600	8.453925e-08	76.80598	-0.012772238	-20.158905	0.008037022	0.0	200.00116610527039
486	-32.06718	8.905472	-20.624786	-53.969425	25.913044	-31.054249	0.01113057	-31.000418	-31.057005	292200	-1.6013782e-07	80.44086	-0.00736682	-1.2532043	0.009338396	0.0	200.3801624774933
487	-35.451027	8.018786	-21.388119	-51.73266	25.73913	-32.093563	0.013955731	-31.98982	-32.096653	292800	-1.5348196e-08	75.11669	-0.01126776	-11.337498	0.006639294	1.0	200.72527170181274
488	-32.118065	8.21403	-19.179054	-50.1134	26.0	-35.20138	0.1273385	-32.13961	-35.2324	293400	-1.2218952e-07	76.3736	-0.01246659	-8.538528	0.008292083	0.0	201.07681965827942
489	-31.88057	8.883595	-17.510073	-48.35049	25.826086	-32.122986	0.37367493	-30.796633	-33.480553	294000	-9.159247e-08	77.727585	-0.012791659	-0.19896698	0.008393365	0.0	201.4254686832428
490	-34.42316	8.331053	-18.777796	-54.16742	25.73913	-31.913307	0.14015815	-31.790113	-32.519764	294600	4.152457e-08	75.43427	-0.018399473	-6.4894943	0.009428232	0.0	202.14179110527039
491	-33.13	10.002712	-18.040344	-58.668125	25.782608	-34.300236	0.22372016	-34.157207	-35.382492	295200	-4.2219956e-08	100.47465	-0.008399278	-1.2950668	0.007870688	1.0	202.4998869895935
492	-34.887257	7.443902	-20.067587	-46.584045	25.913044	-33.24457	0.058550444	-32.606216	-33.512417	295800	1.0331472e-08	57.57651	-0.008538675	-2.8428383	0.008129541	0.0	202.82745361328125
493	-34.08758	8.548203	-19.49073	-50.80508	25.913044	-34.834618	0.080755875	-34.774677	-35.27699	296400	7.828077e-08	73.31103	-0.008255011	-0.50045776	0.008965227	0.0	203.19111609458923
494	-34.19983	6.985732	-23.210648	-50.38507	25.826086	-34.168465	0.03345827	-34.10565	-34.340126	297000	6.437302e-08	47.801994	-0.012464161	-0.0090408325	0.009034771	0.0	203.5492422580719
495	-39.551834	7.595658	-27.052605	-50.94347	26.181818	-34.17274	0.033307012	-34.16329	-34.339478	297600	-2.9802322e-08	83.418015	-0.0076898322	-26.959538	0.00790728	0.0	203.8895878791809
496	-34.671417	10.317683	-19.40097	-51.55301	25.869566	-38.97254	0.19192126	-38.463375	-39.942326	298200	-5.642573e-08	123.12104	-0.01486524	-17.716393	0.0069019063	1.0	204.22902750968933
497	-34.50647	10.456657	-17.95875	-63.246105	25.782608	-35.22777	0.06299297	-34.56811	-35.307835	298800	3.218651e-08	107.9265	-0.011077738	-0.97850037	0.0074073705	1.0	204.57618713378906
498	-32.611652	7.004677	-18.859747	-41.870186	25.826086	-34.56805	0.62342376	-29.648815	-34.950703	299400	4.440546e-08	52.7925	-0.008522729	-4.244732	0.006917227	1.0	204.95467829704285
499	-37.02569	8.841702	-22.840788	-52.223957	25.869566	-32.543488	0.22314714	-32.480156	-33.50696	300000	-7.2518986e-08	98.242805	-0.0069662924	-19.465225	0.006405307	0.0	205.70810079574585
