Epoch	AverageEpRet	StdEpRet	MaxEpRet	MinEpRet	EpLen	AverageVVals	StdVVals	MaxVVals	MinVVals	TotalEnvInteracts	LossPi	LossV	DeltaLossPi	DeltaLossV	KL	BacktrackIters	Time
0	-801.87573	71.72682	-643.8333	-886.03375	13.761905	-1.6270554	0.48922738	0.0	-3.126701	600	-2.4000803e-07	536015.44	-0.028914262	-5874.5	0.0064676977	0.0	0.6897914409637451
1	-807.7999	65.82575	-602.3119	-879.2686	15.945946	-5.823765	1.3337042	-0.785274	-6.492193	1200	-1.8835068e-07	590364.25	-0.031788908	-5801.5	0.0069996053	0.0	1.0560009479522705
2	-794.54114	67.31467	-661.5799	-874.2142	16.555555	-9.689514	2.0100415	-1.8737075	-10.321043	1800	-8.662542e-08	530789.4	-0.035644826	-4365.6875	0.005974725	0.0	1.4328417778015137
3	-772.16986	95.643486	-544.55115	-881.2519	20.241379	-12.808325	2.1686475	-3.407365	-13.3641815	2400	4.9273172e-08	489961.8	-0.021487743	-3567.5625	0.0076646847	0.0	1.8116059303283691
4	-770.9487	82.60129	-628.3735	-874.9752	18.838709	-15.37945	2.4235747	-5.179333	-15.973214	3000	1.4305114e-08	472603.38	-0.037957978	-3453.0938	0.0076284497	0.0	2.1941077709198
5	-772.3667	99.80933	-386.48672	-863.4926	19.655172	-17.954655	2.445158	-7.376696	-18.552557	3600	4.7683717e-08	475549.12	-0.031678136	-3433.0312	0.00792955	0.0	2.571226119995117
6	-771.372	100.51171	-482.8904	-872.93066	18.612904	-20.516573	2.5345898	-9.839368	-21.12348	4200	1.4106432e-07	450702.4	-0.033591945	-3337.7812	0.008682508	0.0	2.943068027496338
7	-724.2365	126.4945	-403.10962	-883.71704	19.689655	-23.112696	2.410457	-12.606768	-23.670088	4800	-8.265177e-08	363251.75	-0.026628066	-2736.9375	0.0069414726	0.0	3.314408779144287
8	-717.978	129.78894	-463.6528	-868.38324	21.333334	-25.503883	2.262714	-15.277116	-26.007162	5400	-4.0928523e-08	361763.7	-0.02689655	-2766.375	0.0077015497	0.0	3.685021162033081
9	-709.41266	121.830986	-497.64093	-872.6569	22.538462	-27.899902	2.1540782	-17.976786	-28.369722	6000	1.4940898e-07	355242.12	-0.03639271	-2838.4062	0.0072663324	0.0	4.059707403182983
10	-682.0969	165.98833	-244.14395	-874.792	21.185184	-30.31433	2.1164532	-20.74847	-30.784094	6600	7.947286e-09	300726.94	-0.031524155	-2357.1562	0.005420579	2.0	4.545666933059692
11	-651.1496	156.33781	-338.89926	-866.2481	25.086956	-32.629383	1.8736781	-23.450512	-33.01373	7200	3.218651e-08	292236.88	-0.036156274	-2345.6875	0.0070623937	0.0	4.924909353256226
12	-666.87244	139.61497	-358.4406	-868.5265	26.363636	-34.901543	1.773311	-26.019804	-35.257328	7800	-1.1722247e-07	316620.0	-0.041933734	-2609.9062	0.008146857	0.0	5.295457124710083
13	-625.92065	202.40192	-191.76257	-867.8522	22.884615	-37.235535	1.8516953	-28.705275	-37.6385	8400	-2.5590262e-07	260186.03	-0.032291643	-2147.0781	0.008568989	0.0	5.633976936340332
14	-606.34204	201.96817	-273.844	-858.6093	22.538462	-39.446865	1.7572204	-31.351812	-39.829144	9000	5.165736e-08	219868.8	-0.026840191	-1839.3906	0.008179331	0.0	5.973200082778931
15	-542.9461	226.22496	-255.89491	-869.9695	23.833334	-41.537643	1.601283	-33.859562	-41.874428	9600	1.2795131e-07	165942.12	-0.034588724	-1348.3594	0.0080455085	0.0	6.347074031829834
16	-612.081	212.47327	-270.1194	-885.20874	21.703703	-43.304096	1.61241	-36.01636	-43.661537	10200	-9.497007e-08	204870.78	-0.023417734	-1762.7344	0.0058384677	2.0	6.699188232421875
17	-578.01807	234.98015	-115.60598	-864.60266	21.296297	-45.357304	1.5159601	-38.505604	-45.69411	10800	-2.5431316e-08	167306.1	-0.03348677	-1431.9375	0.008699314	0.0	7.051015615463257
18	-480.8319	190.74484	-271.97104	-857.64966	26.954546	-47.31569	1.2975973	-40.816475	-47.575428	11400	-8.265177e-08	139690.4	-0.023843065	-1313.7656	0.009470054	0.0	7.414964437484741
19	-532.90436	244.35858	-176.14835	-870.45044	22.653847	-49.109447	1.3552399	-42.866222	-49.404266	12000	-3.8743018e-08	155717.36	-0.0310226	-1345.9531	0.009261234	0.0	7.760201692581177
20	-514.64166	208.77246	-216.6868	-868.9378	24.875	-51.009876	1.2430905	-45.048256	-51.26968	12600	3.1789145e-09	145195.25	-0.030584263	-1422.4531	0.0085760215	0.0	8.235965490341187
21	-487.7199	251.03639	-160.80882	-878.4864	23.04	-52.95387	1.2136443	-47.251484	-53.212776	13200	-5.165736e-08	108933.805	-0.027022071	-1000.40625	0.008850995	0.0	8.572883367538452
22	-430.3561	262.8527	-140.68445	-863.4928	22.23077	-54.62606	1.1796875	-49.19187	-54.883327	13800	-4.2915346e-08	65946.12	-0.028729256	-617.6836	0.008296985	0.0	8.906100273132324
23	-384.75806	252.59009	-64.05681	-871.7544	23.75	-55.975105	1.1447785	-47.312084	-56.220387	14400	3.8146972e-08	56949.86	-0.025332507	-521.6914	0.007872506	0.0	9.271995782852173
24	-380.1152	245.18582	-65.944984	-848.0235	23.92	-57.216705	1.1012071	-51.53101	-57.46066	15000	5.165736e-09	63793.56	-0.034592405	-605.71875	0.009219332	0.0	9.6230309009552
25	-376.94452	276.0006	-86.41519	-877.93115	22.423077	-58.582916	1.049755	-53.746956	-58.811012	15600	-6.67572e-08	50801.074	-0.034262363	-449.72656	0.009605963	0.0	9.978929281234741
26	-412.246	300.7966	-52.03137	-864.9207	19.931034	-59.7665	1.0606897	-55.143078	-60.010174	16200	-7.470449e-08	43973.406	-0.029161774	-386.23828	0.007823495	0.0	10.311309337615967
27	-412.28314	305.85376	-39.448425	-873.255	20.103449	-60.89806	1.0052001	-56.516533	-61.129223	16800	-4.053116e-08	44857.76	-0.031658933	-383.63672	0.008614223	0.0	10.672784090042114
28	-266.11688	262.25934	-57.500942	-866.1728	23.32	-62.071186	0.8895105	-57.891758	-62.260967	17400	-2.7020773e-08	19077.51	-0.03141485	-152.30273	0.008519503	0.0	11.01033902168274
29	-299.93076	315.15094	-24.759455	-858.7107	20.448277	-62.788204	0.96540445	-57.294224	-63.01728	18000	2.5431316e-08	16587.908	-0.03028511	-88.62305	0.007968325	0.0	11.35562801361084
30	-247.42897	299.20178	-30.815626	-875.1384	21.851852	-63.395065	0.8611077	-59.503048	-63.585987	18600	-9.536743e-09	15637.606	-0.027609313	-53.25	0.0077972175	0.0	11.833369016647339
31	-296.71234	345.92572	-26.137312	-863.17676	18.75	-63.820965	0.8956272	-60.077873	-64.037186	19200	-9.536743e-09	12127.646	-0.04288801	-21.839844	0.0050460286	0.0	12.177881240844727
32	-140.58055	208.26837	-36.55061	-839.2871	23.76	-64.14509	0.76816064	-60.53589	-64.309265	19800	1.5894573e-08	3448.509	-0.030461984	-6.928711	0.0073477533	0.0	12.521206617355347
33	-123.53937	212.0652	-23.667355	-843.91296	23.16	-64.31888	0.755766	-60.767864	-64.48012	20400	1.9073486e-08	2952.2764	-0.029983988	-0.23510742	0.0049498756	0.0	12.878448724746704
34	-100.38041	163.46548	-32.161728	-871.949	24.083334	-64.34571	0.7330664	-60.830063	-64.498886	21000	9.536743e-09	2005.7675	-0.020611709	-0.40246582	0.007840532	1.0	13.242446422576904
35	-68.63364	28.794628	-25.429646	-136.74974	25.0	-64.38812	0.7135906	-60.8925	-64.53464	21600	1.1722247e-08	844.1182	-0.024644405	-0.34796143	0.008178362	0.0	13.604519367218018
36	-137.18788	215.66185	-34.412094	-864.8897	23.08	-64.41519	0.7402938	-60.936893	-64.57335	22200	7.947286e-09	3350.2063	-0.030359361	-3.1403809	0.005021552	0.0	13.948256015777588
37	-153.9004	247.9882	-29.035013	-870.0318	22.11111	-64.51982	0.75744563	-61.09633	-64.68766	22800	-6.357829e-09	3758.6233	-0.036422346	-1.3120117	0.0027085252	0.0	14.30299425125122
38	-75.702446	32.30754	-32.84793	-153.72968	25.391304	-64.610275	0.68993443	-61.231148	-64.752045	23400	-2.9007595e-08	1139.419	-0.026086122	-2.637329	0.008302811	0.0	14.67484164237976
39	-59.952984	24.23802	-24.798428	-113.926605	25.0	-64.7251	0.6876179	-61.35649	-64.865715	24000	-2.9802322e-10	614.9536	-0.030487772	-0.35882568	0.008035446	0.0	15.033740758895874
40	-127.45372	212.84586	-24.886908	-864.27814	23.0	-64.67136	0.7269805	-61.32234	-64.829384	24600	0.0	2683.2688	-0.033196405	-0.55444336	0.0017598307	0.0	15.525743246078491
41	-61.596508	22.599514	-19.220373	-113.82213	24.833334	-64.71936	0.6910531	-61.405216	-64.863785	25200	-2.6822091e-09	526.4577	-0.034344792	-0.1720581	0.008269049	0.0	15.890928030014038
42	-126.77386	209.72444	-21.881054	-872.0052	23.038462	-64.679955	0.7152207	-61.38512	-64.83552	25800	-2.6226044e-08	2878.2263	-0.028641572	-0.6791992	0.007904097	1.0	16.249027490615845
43	-64.85491	25.655954	-28.692461	-161.27034	24.916666	-64.738266	0.6794181	-61.479904	-64.88018	26400	-1.4305114e-08	690.378	-0.030050457	-0.008056641	0.0067848167	0.0	16.601198434829712
44	-62.93933	28.159414	-24.128798	-134.99854	25.0	-64.75388	0.6645417	-61.498314	-64.889755	27000	-4.371007e-09	834.39105	-0.028818464	-0.07885742	0.008698303	0.0	16.949310064315796
45	-85.96519	158.62985	-22.718567	-841.32135	24.125	-64.726395	0.6771391	-61.478962	-64.86781	27600	7.947286e-09	1504.8413	-0.030446136	-2.734375	0.003455577	0.0	17.285671949386597
46	-63.112988	27.461502	-24.72021	-108.58616	24.875	-64.59376	0.67173994	-61.372215	-64.734024	28200	-9.934108e-09	746.49945	-0.032161906	-0.16845703	0.00830131	0.0	17.6267511844635
47	-56.531586	22.009226	-26.660526	-110.85041	25.043478	-64.55654	0.6574943	-61.3355	-64.690926	28800	-3.89417e-08	527.57306	-0.022696437	-1.7561035	0.007516274	0.0	17.979140758514404
48	-89.0424	164.55199	-26.082487	-874.41565	24.166666	-64.43796	0.6700234	-61.224663	-64.57796	29400	1.7484028e-08	1453.4421	-0.030645858	-2.078125	0.0025671355	0.0	18.318448543548584
49	-59.46809	17.046978	-31.43063	-83.29774	24.666666	-64.31013	0.6637795	-61.126766	-64.4488	30000	1.07288365e-08	312.49973	-0.028063802	-0.92230225	0.008425992	0.0	18.68569803237915
50	-63.0095	31.751535	-27.115332	-151.52026	25.217392	-64.224205	0.6496587	-61.041557	-64.35706	30600	2.78155e-09	1030.0216	-0.032449313	-0.017822266	0.0074319695	0.0	19.178402185440063
51	-91.4971	163.94075	-23.966894	-885.1745	23.92	-64.19555	0.6744532	-61.026577	-64.33941	31200	7.947286e-09	1836.195	-0.030133758	-0.73828125	0.0041046725	0.0	19.536896228790283
52	-61.4424	23.161427	-27.574884	-104.47797	24.791666	-64.128174	0.65481853	-60.987816	-64.265045	31800	-1.8676122e-08	539.1456	-0.023022523	-0.2901001	0.009189407	0.0	19.88471746444702
53	-56.61322	20.949532	-26.890776	-106.135056	24.875	-64.073616	0.6533507	-60.94026	-64.210045	32400	-3.973643e-10	491.99512	-0.027146429	-2.2244873	0.006986006	0.0	20.228248596191406
54	-92.042076	163.079	-29.225887	-867.8697	24.083334	-63.929245	0.6527462	-60.798798	-64.06558	33000	4.7683715e-09	1543.739	-0.030748323	-0.9279785	0.0031886701	0.0	20.588456392288208
55	-54.023224	23.067465	-25.01683	-96.92427	24.958334	-63.832638	0.6450556	-60.739067	-63.96737	33600	-1.2119611e-08	632.8553	-0.033950437	-3.8775024	0.007115409	0.0	20.94925332069397
56	-57.818142	35.5116	-20.863556	-186.1157	25.47826	-63.638405	0.6311701	-60.546337	-63.767555	34200	1.7881394e-08	1387.7448	-0.032432765	-0.99450684	0.009294999	0.0	21.300519466400146
57	-50.795242	19.04215	-21.599384	-93.81919	24.875	-63.519936	0.64326996	-60.434925	-63.654205	34800	8.543332e-09	523.3715	-0.031131204	-7.2388916	0.0084390575	0.0	21.654544591903687
58	-55.445213	16.446188	-30.428234	-84.69126	25.26087	-63.242863	0.6303163	-60.154972	-63.371773	35400	-9.934108e-10	319.7909	-0.020295175	-2.9356995	0.0076872157	0.0	22.017577648162842
59	-59.058056	23.618158	-31.109785	-111.61003	25.217392	-63.045155	0.62971807	-59.960186	-63.173878	36000	-8.9406965e-10	564.3931	-0.036410555	-0.6817627	0.00938463	0.0	22.38079285621643
60	-86.535545	155.63618	-23.39372	-844.933	23.92	-62.935207	0.6536004	-59.86419	-63.074448	36600	1.11262e-08	1357.6595	-0.032011554	-2.3879395	0.0024287852	0.0	22.893691301345825
61	-52.376305	22.522692	-25.183695	-105.083824	25.086956	-62.77672	0.6200863	-59.738934	-62.90345	37200	2.4437904e-08	593.92505	-0.025088849	-5.1084595	0.007867624	0.0	23.23985505104065
62	-60.35082	22.158228	-26.405256	-100.759285	25.434782	-62.514576	0.61840916	-59.485012	-62.641003	37800	7.549922e-09	487.71906	-0.02670444	-0.33337402	0.007403829	0.0	23.591283082962036
63	-56.123207	20.014906	-23.44383	-88.28968	25.043478	-62.432007	0.61756647	-59.406555	-62.558197	38400	2.6027362e-08	418.65988	-0.029262098	-2.0344543	0.0076222643	0.0	23.932111978530884
64	-53.57636	17.547039	-26.310692	-84.84021	25.130434	-62.26324	0.61672544	-59.241924	-62.389305	39000	-5.3048133e-08	368.57413	-0.027386608	-4.0873413	0.006965707	0.0	24.280532360076904
65	-51.786266	17.485155	-23.253054	-81.004364	25.217392	-62.013535	0.6159482	-58.996025	-62.139416	39600	-3.536542e-08	403.05396	-0.027139863	-6.075775	0.00829109	0.0	24.619776487350464
66	-49.90453	16.48042	-27.491014	-96.75193	25.26087	-61.70106	0.61512536	-58.687588	-61.826855	40200	-1.6093255e-08	397.8957	-0.037557438	-8.638458	0.008588449	0.0	24.9636971950531
67	-50.72512	18.506008	-22.67412	-100.3751	25.347826	-61.32094	0.614283	-58.311573	-61.446445	40800	4.1325887e-08	436.84433	-0.028336039	-7.3659973	0.007966484	0.0	25.311919689178467
68	-53.48728	22.435072	-22.822222	-97.36182	25.52174	-60.9575	0.6133204	-57.952873	-61.08298	41400	-5.5829684e-08	547.3045	-0.024638493	-4.090576	0.00923388	0.0	25.65859842300415
69	-44.01721	20.060287	-23.162682	-108.097855	25.391304	-60.677605	0.6122534	-57.6782	-60.80276	42000	7.947286e-10	664.2391	-0.022532938	-18.351868	0.0068987305	0.0	26.009349822998047
70	-40.141598	15.812872	-21.173697	-81.51376	25.26087	-60.102684	0.61126155	-57.10814	-60.22768	42600	-7.192294e-08	636.39154	-0.019221762	-28.35498	0.0063204044	0.0	26.503963470458984
71	-46.335846	14.406927	-25.712938	-92.67935	25.47826	-59.358932	0.61025697	-56.369293	-59.483643	43200	5.165736e-09	370.04272	-0.020936096	-13.033966	0.007874475	0.0	26.852847814559937
72	-48.264256	17.537735	-23.006495	-84.652756	25.304348	-58.824974	0.60913867	-55.840828	-58.949505	43800	-3.0994414e-08	405.90775	-0.020440748	-9.066071	0.006834968	0.0	27.20459246635437
73	-54.869125	23.803896	-20.734331	-127.66118	25.565218	-58.37948	0.6078181	-55.401794	-58.5037	44400	-1.7086665e-08	571.9402	-0.027340814	-1.1960449	0.007874376	0.0	27.55800771713257
74	-46.388657	18.913078	-24.408272	-97.97399	25.391304	-58.19898	0.60643184	-55.22809	-58.322933	45000	4.45048e-08	486.59708	-0.02585622	-10.63092	0.009102468	0.0	27.90711498260498
75	-43.6752	18.769896	-22.595373	-83.42675	25.434782	-57.72156	0.605035	-54.757515	-57.84521	45600	-1.5894573e-08	539.61774	-0.022727314	-17.267578	0.007927426	0.0	28.266904592514038
76	-43.93352	14.930572	-21.630482	-78.29339	25.347826	-57.082527	0.60338783	-54.12655	-57.20588	46200	7.4307124e-08	388.1998	-0.02640033	-16.23175	0.009302657	0.0	28.615528106689453
77	-45.076508	14.276353	-22.577503	-75.465	25.347826	-56.443085	0.60160184	-53.495846	-56.566006	46800	-1.41064325e-08	322.82144	-0.02126098	-12.25946	0.0070572584	0.0	28.9924373626709
78	-44.52577	18.725685	-20.866022	-112.82819	25.217392	-55.873123	0.59978503	-52.9348	-55.995758	47400	-4.5696895e-09	477.95532	-0.0068280282	-11.615845	0.0083318325	2.0	29.344514846801758
79	-50.12009	23.297611	-21.306799	-115.09792	25.304348	-55.311314	0.5981033	-52.38196	-55.43416	48000	1.0430813e-08	549.077	-0.028036872	-2.9057617	0.0068540485	1.0	29.692320585250854
80	-46.485523	18.397776	-21.950274	-101.35897	25.52174	-55.0122	0.5963043	-52.090946	-55.13417	48600	-2.4636586e-08	399.42096	-0.02138589	-7.4429016	0.009197715	0.0	30.194276809692383
81	-57.488037	23.99204	-30.64743	-134.48013	25.826086	-54.556652	0.59420955	-51.645634	-54.678146	49200	2.1457673e-08	594.06104	-0.0227644	-0.8248291	0.006579262	0.0	30.551665544509888
82	-41.85653	16.424854	-21.50077	-83.54723	25.565218	-54.682175	0.5927825	-51.77815	-54.803318	49800	5.5631e-09	426.49084	-0.0154326465	-16.780365	0.009107196	0.0	30.901131868362427
83	-40.98771	12.797563	-22.014975	-72.71142	25.52174	-54.005157	0.5902669	-51.11347	-54.12587	50400	-2.22524e-08	328.77475	-0.018395746	-19.907196	0.007975792	0.0	31.24779438972473
84	-48.507618	17.133303	-24.820255	-87.980225	25.565218	-53.197678	0.5875418	-50.319324	-53.317783	51000	2.0662943e-08	308.82077	-0.022531472	-3.042389	0.008082192	1.0	31.60811948776245
85	-44.160248	16.798866	-19.549814	-83.308975	25.782608	-52.846203	0.58523625	-49.97915	-52.965847	51600	5.761782e-09	353.25433	-0.02609764	-9.209076	0.0085581895	0.0	31.967200994491577
86	-41.847378	14.710977	-20.673044	-72.78957	25.47826	-52.29048	0.5824958	-49.436848	-52.40957	52200	-1.4702479e-08	319.3399	-0.011648955	-13.873108	0.0059973383	0.0	32.314717531204224
87	-39.627117	10.821508	-20.715073	-61.99495	25.304348	-51.58288	0.5794621	-48.74411	-51.701347	52800	-4.78824e-08	252.6211	-0.023875412	-18.75354	0.007857748	1.0	32.660313844680786
88	-38.630527	13.403306	-21.600067	-80.95033	25.52174	-50.743587	0.5760718	-47.92144	-50.861427	53400	8.543332e-09	322.8141	-0.027261568	-19.951324	0.008850238	0.0	33.005956172943115
89	-41.67684	14.282192	-20.956083	-71.61587	25.565218	-49.85699	0.5724294	-47.05268	-49.974087	54000	-3.7352244e-08	267.1878	-0.018919328	-10.099762	0.0076578944	0.0	33.348546504974365
90	-38.082676	11.787033	-24.598448	-65.03012	24.916666	-49.194103	0.5801845	-46.41164	-49.31522	54600	-4.4008097e-08	264.53012	-0.015837343	-19.200409	0.008075715	0.0	33.869919776916504
91	-36.94275	11.33942	-18.717144	-73.45173	25.347826	-48.3103	0.5647267	-45.543728	-48.425808	55200	2.4636586e-08	250.06511	-0.022336904	-19.975006	0.008173273	0.0	34.21341943740845
92	-36.427696	12.403938	-19.21623	-62.969128	25.434782	-47.372948	0.560196	-44.628563	-47.48744	55800	3.0199686e-08	267.66797	-0.020059746	-18.948639	0.006082964	1.0	34.58210778236389
93	-74.69051	160.33919	-27.549297	-841.64453	24.416666	-46.437584	0.56641525	-43.721153	-46.555832	56400	-1.5894572e-09	1222.8264	-0.026978865	-3.088623	0.006504822	0.0	34.95122027397156
94	-34.377342	8.382286	-24.90627	-61.123398	25.391304	-46.049103	0.52867395	-43.459145	-46.157196	57000	-6.11941e-08	201.85695	-0.010163091	-21.426682	0.0072784955	0.0	35.289637327194214
95	-39.38308	16.988075	-20.053814	-85.03576	25.47826	-45.061836	0.5205265	-42.511784	-45.168236	57600	4.9670536e-08	312.79507	-0.024759192	-5.9869995	0.009366781	0.0	35.62785077095032
96	-43.989536	14.775405	-23.257359	-85.04048	25.52174	-44.47968	0.5164892	-41.949417	-44.585297	58200	5.165736e-09	214.70583	-0.013640137	-0.106155396	0.0079303635	0.0	35.97210454940796
97	-41.815098	11.640017	-23.473951	-68.91418	25.217392	-44.37655	0.51395863	-41.85869	-44.481636	58800	-2.3841858e-08	136.54779	-0.016181046	-1.1356506	0.0065920902	0.0	36.3195264339447
98	-43.755383	11.451072	-25.239279	-75.482796	25.52174	-44.13739	0.5109082	-41.634468	-44.241882	59400	-1.1920929e-08	129.07707	-0.018676555	-0.04925537	0.00816782	0.0	36.67153549194336
99	-41.682194	11.030077	-21.322405	-64.42065	25.434782	-44.072533	0.5084501	-41.581654	-44.17646	60000	2.7418137e-08	124.58907	-0.030228917	-0.9944229	0.007801412	0.0	37.02680015563965
100	-38.396088	10.648737	-22.468452	-58.80627	25.608696	-43.840084	0.5053529	-41.364384	-43.94343	60600	-5.2452087e-08	140.25368	-0.016785856	-5.763855	0.00700872	0.0	37.56042170524597
101	-36.952667	10.360402	-22.18669	-62.402607	25.695652	-43.260574	0.50080985	-40.80713	-43.36302	61200	-6.477038e-08	144.82959	-0.01845065	-8.363083	0.0066480697	0.0	37.91497325897217
102	-42.903038	17.700865	-21.853443	-88.76389	25.347826	-42.53289	0.4955499	-40.105206	-42.63421	61800	-3.1789145e-09	295.2061	-0.02712782	0.022521973	0.007981991	0.0	38.27417588233948
103	-41.139774	17.44575	-20.373837	-94.08407	25.391304	-42.494865	0.49298087	-40.07976	-42.595634	62400	-4.6094257e-08	291.62735	-0.021932669	-0.52349854	0.0077418867	0.0	38.63599228858948
104	-41.43004	13.62724	-20.46989	-66.697266	25.652174	-42.31705	0.4895841	-39.91859	-42.41716	63000	2.3444494e-08	182.21208	-0.025148813	-0.2568512	0.007822218	0.0	38.99557089805603
105	-34.614464	10.912149	-19.868288	-66.76515	25.608696	-42.177418	0.48638797	-39.794617	-42.27684	63600	2.6524066e-08	172.01425	-0.024173416	-13.5551605	0.008338777	0.0	39.33839178085327
106	-38.197166	11.4233675	-25.007954	-63.186	25.347826	-41.214382	0.47944176	-38.86561	-41.312424	64200	-5.9604646e-09	136.09903	-0.022341149	-2.670639	0.008327605	0.0	39.689127683639526
107	-40.41229	11.397107	-21.49435	-75.23263	25.391304	-40.724174	0.47461763	-38.399036	-40.821224	64800	-8.34465e-09	123.96026	-0.017578885	-0.051742554	0.008281596	0.0	40.03780746459961
108	-39.81519	13.028206	-19.701065	-62.921703	25.434782	-40.639103	0.4716317	-38.328594	-40.735588	65400	2.78155e-09	166.2401	-0.023352351	-0.14619446	0.009261579	0.0	40.38352966308594
109	-36.679893	8.296555	-19.782923	-56.419983	25.608696	-40.532417	0.46860754	-38.23673	-40.628246	66000	1.8278758e-08	82.44918	-0.027828706	-4.0105133	0.008431837	0.0	40.72728180885315
110	-38.17169	11.237446	-23.419975	-64.70107	25.608696	-39.964207	0.46315768	-37.695206	-40.05889	66600	-1.9868215e-10	125.58706	-0.021473454	-1.1361237	0.0066670896	1.0	41.26755428314209
111	-36.79502	8.358712	-24.470512	-52.906445	25.391304	-39.62621	0.45870146	-37.379044	-39.719986	67200	1.8874804e-08	76.19178	-0.009365301	-2.3752441	0.006296044	0.0	41.616920948028564
112	-43.431557	11.635947	-21.543562	-64.07914	25.47826	-39.160664	0.45359612	-36.93851	-39.2534	67800	4.688899e-08	150.1569	-0.02066559	-4.7171936	0.0067818942	0.0	41.96207618713379
113	-39.53946	11.20372	-22.33844	-58.15399	25.434782	-39.783684	0.45396584	-37.559723	-39.87653	68400	-2.6424726e-08	122.55229	-0.013736026	0.012748718	0.0045710844	0.0	42.30477428436279
114	-69.356514	162.99854	-22.32128	-849.5725	24.291666	-39.81951	0.4603066	-37.61196	-39.915623	69000	4.7683715e-09	1219.9976	-0.028061423	-3.2442627	0.005482055	0.0	42.66385245323181
115	-41.4766	14.813639	-23.178976	-87.09242	25.782608	-39.31047	0.4113264	-37.2954	-39.39462	69600	1.0331472e-08	225.08682	-0.030529646	-1.6176758	0.009663384	0.0	43.02858257293701
116	-41.252865	13.009206	-22.688286	-66.950264	25.52174	-39.685013	0.40717798	-37.690254	-39.76824	70200	1.1523564e-08	169.8457	-0.019796485	-0.9327698	0.00809107	0.0	43.387187480926514
117	-35.557293	10.477538	-22.396072	-64.4639	25.391304	-40.020596	0.4066338	-38.02851	-40.103737	70800	-1.7484028e-08	126.32536	-0.023069533	-6.324074	0.007950565	0.0	43.74389958381653
118	-36.57595	10.7574835	-19.71096	-64.151665	25.73913	-39.210033	0.40019932	-37.24947	-39.291874	71400	-2.9404958e-08	121.336784	-0.02543023	-2.6642303	0.006684626	1.0	44.098304748535156
119	-40.783756	11.106782	-22.196314	-61.80605	25.347826	-38.61704	0.39478335	-36.683002	-38.69774	72000	1.3113022e-08	124.08396	-0.008370557	-1.6605988	0.0039464436	0.0	44.44464111328125
120	-40.34653	12.088853	-21.706333	-61.917324	25.47826	-39.031063	0.39470088	-37.09744	-39.111816	72600	7.3512396e-08	145.79994	-0.022647768	-0.7743683	0.008352358	0.0	45.01048755645752
121	-36.59297	11.028568	-21.164425	-65.15268	25.782608	-39.36302	0.39403975	-37.43263	-39.44359	73200	1.8278758e-08	128.4244	-0.018879954	-2.7264252	0.007533591	0.0	45.351768493652344
122	-37.754757	10.914038	-24.437082	-63.232407	25.47826	-38.791416	0.38858715	-36.88775	-38.870926	73800	2.582868e-08	116.11427	-0.015523505	-0.47888184	0.0066514006	1.0	45.695120096206665
123	-36.304165	8.31267	-21.463913	-51.718872	25.565218	-38.508224	0.38461453	-36.624004	-38.586872	74400	-1.1920929e-08	72.672966	-0.015273404	-2.0028915	0.008047274	0.0	46.04990339279175
124	-36.674793	16.468933	-19.567448	-89.5599	25.52174	-37.975063	0.37923566	-36.1172	-38.0526	75000	-3.8743018e-08	267.89142	-0.020706832	-0.7536011	0.008803194	0.0	46.41127061843872
125	-75.4132	163.3984	-23.075018	-857.54425	24.416666	-37.618546	0.3821982	-35.78559	-37.69841	75600	-4.6094257e-08	1243.5614	-0.02916685	-11.877686	0.005075715	0.0	46.77945685386658
126	-36.120983	10.196133	-20.354532	-56.450672	25.52174	-38.89539	0.3420849	-37.21953	-38.965336	76200	-5.3445497e-08	109.879715	-0.017141217	-2.885315	0.008514964	0.0	47.14759802818298
127	-39.26873	14.0186205	-21.470505	-74.00445	25.217392	-38.296265	0.33275837	-36.666092	-38.36431	76800	1.37090685e-08	188.53714	-0.013901561	-0.2246399	0.0056156367	0.0	47.5128390789032
128	-41.027832	14.558336	-21.358147	-77.22425	25.52174	-38.45038	0.33151487	-36.826294	-38.518154	77400	-2.4338563e-08	214.50836	-0.011418114	-3.2593231	0.009028692	0.0	47.850292921066284
129	-37.781166	12.683218	-22.79135	-73.36673	25.434782	-39.192825	0.33334172	-37.559795	-39.260986	78000	-9.934108e-10	158.8218	-0.011317995	-0.9068146	0.005177412	0.0	48.195698261260986
130	-35.218777	8.834357	-22.862577	-57.104412	25.52174	-38.83316	0.32943293	-37.219276	-38.900513	78600	2.8610229e-08	88.12995	-0.012982675	-6.41201	0.004797536	0.0	48.745471715927124
131	-73.77988	165.62646	-22.854631	-866.5217	24.708334	-37.745773	0.32821926	-36.17169	-37.81432	79200	4.7683717e-08	1264.6128	-0.026467385	-4.795532	0.006528071	0.0	49.08814740180969
132	-36.45991	10.860818	-22.730635	-62.063	25.52174	-38.58625	0.29038605	-37.16365	-38.645615	79800	-1.3609728e-08	120.4207	-0.014420956	-2.2935486	0.007428909	0.0	49.44624924659729
133	-41.470192	12.948125	-19.618177	-71.0464	25.47826	-37.970856	0.2819515	-36.58959	-38.02852	80400	8.7221466e-08	177.22585	-0.01392886	-6.355316	0.0072532906	0.0	49.79129409790039
134	-35.84212	8.8947115	-21.794521	-52.859367	25.608696	-39.05312	0.28575096	-37.653233	-39.111553	81000	2.4239222e-08	87.69969	-0.007401305	-5.3424454	0.005924987	0.0	50.15769338607788
135	-38.008587	8.137914	-23.553951	-53.524666	25.52174	-38.065865	0.27947456	-36.69673	-38.123028	81600	-1.7881394e-08	64.682556	-0.010209705	-0.021957397	0.005074164	0.0	50.51693820953369
136	-42.463882	11.4325	-20.585732	-62.836533	25.47826	-37.93292	0.27724236	-36.57472	-37.989605	82200	-3.973643e-10	147.73972	-0.015715383	-11.749756	0.007765975	0.0	50.871366024017334
137	-34.19087	8.663299	-22.283436	-51.9922	25.47826	-39.525013	0.28318706	-38.137684	-39.58291	82800	-3.6160152e-08	101.19516	-0.015879286	-14.996841	0.005654424	0.0	51.22604966163635
138	-36.46517	8.507795	-21.420029	-52.694286	25.826086	-37.77787	0.27352557	-36.437878	-37.833805	83400	-3.8146972e-08	73.43545	-0.011671322	-1.1131134	0.005171451	0.0	51.568523645401
139	-36.600647	11.374997	-19.459164	-61.25175	25.826086	-37.187046	0.26919827	-35.86825	-37.24208	84000	-7.947286e-09	129.49782	-0.0138281435	-0.1457367	0.009168277	0.0	51.932236671447754
140	-37.875828	11.101084	-20.85449	-69.84745	25.652174	-36.985374	0.26677743	-35.678444	-37.039925	84600	-1.3510387e-08	124.61037	-0.024705727	-0.5962753	0.008716266	0.0	52.55258536338806
141	-35.12469	7.8200583	-22.401691	-50.148705	25.47826	-37.36097	0.26709288	-36.05249	-37.415577	85200	-5.4836274e-08	64.77901	-0.023227518	-2.949463	0.005238167	0.0	52.907413959503174
142	-41.913414	16.383177	-25.337225	-105.924416	25.52174	-36.51078	0.2614271	-35.230057	-36.564228	85800	7.549922e-09	303.5798	-0.021910692	-19.141357	0.008521075	0.0	53.225504875183105
143	-33.879265	8.77235	-17.461443	-54.733166	25.695652	-38.697853	0.27006775	-37.3748	-38.75309	86400	-1.5099843e-08	99.15901	-0.02131131	-13.485962	0.0063377116	0.0	53.566349267959595
144	-34.54892	8.199039	-21.906492	-48.079426	25.347826	-36.911957	0.26032335	-35.636642	-36.965187	87000	7.947286e-09	70.996056	-0.01897298	-3.8133087	0.009728238	0.0	53.91230654716492
145	-32.21953	11.698461	-19.938278	-70.45731	25.608696	-35.81948	0.2535545	-34.57732	-35.87133	87600	-6.934007e-08	147.78978	-0.016069513	-8.637802	0.008267614	0.0	54.267826795578
146	-35.84144	8.233665	-21.462732	-55.559505	25.434782	-34.24384	0.24435636	-33.046745	-34.293804	88200	3.973643e-09	68.31142	-0.017266195	-1.4321976	0.0074140304	0.0	54.636406660079956
147	-37.482372	9.55882	-21.87144	-61.625935	25.652174	-34.82745	0.24555387	-33.624485	-34.87766	88800	1.847744e-08	96.26976	-0.021413675	-4.830414	0.009234479	0.0	55.00270986557007
148	-39.032642	10.004665	-18.786837	-64.08808	25.434782	-36.046555	0.24957387	-34.8239	-36.097584	89400	2.8610229e-08	106.619545	-0.01258664	-6.5379944	0.008000976	0.0	55.34524154663086
149	-39.00725	10.241623	-21.11117	-57.721252	25.217392	-37.494728	0.25427526	-36.249043	-37.546726	90000	6.7551933e-09	103.2078	-0.008289427	-1.650032	0.0072786855	0.0	55.687052965164185
150	-41.319347	13.375727	-21.246656	-71.66922	25.47826	-38.262356	0.25554276	-37.01046	-38.3146	90600	2.3444494e-08	181.61139	-0.025288025	-6.1427765	0.0057807732	0.0	56.23153734207153
151	-37.329903	9.538412	-26.618517	-60.149952	25.347826	-39.69187	0.2590603	-38.422745	-39.74487	91200	6.357829e-09	93.230545	-0.014602876	-3.7272797	0.005312373	0.0	56.58683753013611
152	-33.12897	8.067701	-18.873707	-55.45605	25.434782	-38.625652	0.2525842	-37.38825	-38.677296	91800	-2.2451083e-08	93.9513	-0.030020002	-22.024765	0.0097054755	0.0	56.93213224411011
153	-35.613094	10.499924	-21.114096	-57.773212	25.52174	-35.877293	0.23902045	-34.706337	-35.926174	92400	-6.755193e-08	107.022415	-0.02387879	-0.05256653	0.0054655108	0.0	57.284916400909424
154	-37.256268	10.552414	-21.360514	-59.203426	25.565218	-35.63087	0.23606902	-34.474377	-35.679165	93000	-5.9604646e-09	111.58085	-0.024500977	-2.0862122	0.008830441	0.0	57.668601512908936
155	-38.695892	11.23131	-22.772564	-71.99211	25.695652	-36.49034	0.23786402	-35.325054	-36.53898	93600	3.695488e-08	129.91862	-0.017486952	-3.810135	0.006763013	0.0	58.03315234184265
156	-34.42202	10.463842	-19.569054	-56.79276	25.565218	-37.69769	0.24076715	-36.518177	-37.746918	94200	7.947286e-10	117.93544	-0.014398078	-7.80867	0.008437436	0.0	58.37675428390503
157	-40.598194	12.654943	-23.748686	-72.41542	25.73913	-36.025024	0.2318734	-34.88908	-36.072437	94800	6.874402e-08	181.21727	-0.023606133	-16.63266	0.009265542	0.0	58.72037672996521
158	-37.108913	10.705162	-23.958088	-63.588448	25.52174	-38.462585	0.23956366	-37.288967	-38.511566	95400	2.9404958e-08	114.67729	-0.018307298	-1.143753	0.0060227965	0.0	59.0794095993042
159	-37.0673	10.769098	-19.547989	-66.401306	25.304348	-37.876534	0.23517972	-36.724392	-37.92461	96000	-3.1987827e-08	114.111015	-0.012078283	-0.44628906	0.0073449947	0.0	59.42264437675476
160	-41.520844	11.559069	-21.83974	-66.211395	25.304348	-37.430683	0.23131342	-36.29749	-37.477997	96600	-3.2981237e-08	144.32344	-0.01627135	-12.743286	0.009112147	0.0	59.98063611984253
161	-41.66071	10.0572605	-21.087765	-56.587967	25.608696	-39.681896	0.23698133	-38.520935	-39.73036	97200	-1.768271e-08	103.856316	-0.03567178	-3.2406693	0.0086501315	0.0	60.30833125114441
162	-34.478687	10.977852	-19.452402	-60.459877	25.52174	-40.902065	0.23842087	-39.73405	-40.950813	97800	-1.66893e-08	156.52174	-0.014056733	-32.10901	0.0058785668	0.0	60.66711211204529
163	-44.997192	9.884265	-24.491812	-65.55351	25.47826	-37.352352	0.2241375	-36.254307	-37.39818	98400	2.5331975e-08	151.87334	-0.013013751	-42.55037	0.0033961027	0.0	61.03471112251282
164	-42.592926	13.122005	-20.570642	-68.85111	25.782608	-41.214752	0.23313081	-40.072647	-41.26241	99000	-1.0530154e-08	172.84737	-0.025347892	-1.7480927	0.008422691	0.0	61.386106967926025
165	-33.883224	9.172055	-23.164074	-55.245934	25.652174	-42.15429	0.232871	-41.013462	-42.201897	99600	7.589658e-08	150.46661	-0.019165495	-50.029915	0.006469724	0.0	61.748854637145996
166	-35.741283	10.023087	-20.858131	-55.56017	25.565218	-37.9803	0.21977068	-36.903645	-38.02523	100200	-1.7484028e-08	103.58386	-0.020892298	-4.117653	0.0076852776	0.0	62.092615604400635
167	-33.29395	7.9351068	-20.817974	-47.62025	25.73913	-36.64068	0.2135912	-35.594296	-36.684345	100800	2.6424726e-08	73.281006	-0.012562564	-8.509781	0.0061711683	2.0	62.435312032699585
168	-32.86776	6.936605	-20.60714	-46.367504	25.565218	-34.864674	0.20599112	-33.855534	-34.90681	101400	-1.3510387e-08	51.276756	-0.01359029	-3.3681183	0.004197753	0.0	62.778268814086914
169	-36.44776	8.977368	-22.069096	-50.171974	25.565218	-33.69655	0.19999906	-32.71676	-33.737446	102000	4.371007e-09	85.66449	-0.016578205	-5.397911	0.009348953	0.0	63.12301206588745
170	-40.901573	10.9451065	-23.381195	-59.12302	25.652174	-35.095154	0.20207514	-34.105186	-35.136467	102600	-5.364418e-08	150.3573	-0.015950955	-25.362694	0.0064411024	0.0	63.68878245353699
171	-36.92423	6.668002	-19.99234	-45.389816	25.565218	-38.22304	0.20791581	-37.20447	-38.265568	103200	-3.1391778e-08	45.021263	-0.007773303	-1.1026764	0.0075469925	0.0	64.02821660041809
172	-34.939636	10.069791	-20.248657	-57.913315	25.608696	-37.658516	0.20407069	-36.65878	-37.70024	103800	2.125899e-08	105.74826	-0.023685683	-5.8852386	0.007289574	0.0	64.37220573425293
173	-38.393375	9.624164	-22.735018	-70.05888	25.608696	-36.11442	0.19771147	-35.145836	-36.154846	104400	2.3841857e-09	95.90465	-0.024380943	-4.0264206	0.007234424	0.0	64.70062208175659
174	-36.88527	11.474013	-21.970552	-66.55294	25.52174	-37.345013	0.19843814	-36.372868	-37.385582	105000	-1.6093255e-08	128.51323	-0.017520765	-0.15945435	0.007455356	0.0	65.04941511154175
175	-37.515533	11.163976	-20.107372	-64.69299	25.826086	-37.12399	0.19539231	-36.16677	-37.16395	105600	3.3775965e-08	125.8282	-0.020154892	-0.19226074	0.0070573012	0.0	65.37240266799927
176	-38.11781	9.20937	-23.111368	-59.291668	25.52174	-37.402443	0.19380072	-36.45301	-37.44207	106200	5.9604646e-09	82.94861	-0.0026910454	-0.41358185	0.0056288387	0.0	65.71572279930115
177	-38.218594	11.73849	-21.269806	-64.36046	25.608696	-37.841404	0.19233969	-36.899136	-37.880737	106800	2.22524e-08	134.92255	-0.019562496	-0.16020203	0.006737218	0.0	66.05834174156189
178	-34.982735	8.647722	-22.167776	-54.807583	25.47826	-38.124733	0.19057181	-37.191128	-38.163696	107400	-3.7749608e-08	83.03384	-0.011626617	-8.1768875	0.008244558	0.0	66.39726972579956
179	-34.383873	9.404401	-20.14191	-59.20276	25.47826	-36.15834	0.1834043	-35.259846	-36.195843	108000	-2.1855036e-09	90.09951	-0.015703091	-2.628418	0.006176021	0.0	66.76000809669495
180	-31.665567	7.1977787	-18.89418	-49.78507	25.565218	-34.97903	0.17809372	-34.106552	-35.015446	108600	-1.0331472e-08	61.074295	-0.027656116	-9.586533	0.009800943	0.0	67.3281774520874
181	-33.192333	9.054	-21.625767	-48.013657	25.347826	-32.779408	0.16980621	-31.94753	-32.81413	109200	-2.7020773e-08	79.66004	-0.01472445	-0.088020325	0.0074303006	0.0	67.66855335235596
182	-33.53512	7.9442315	-18.979061	-49.747894	25.565218	-32.94908	0.16807526	-32.125683	-32.98345	109800	-2.135833e-08	61.939434	-0.015942547	-0.25538635	0.009642399	0.0	68.00980305671692
183	-37.564796	8.960628	-22.057064	-51.738117	25.652174	-33.323387	0.1669226	-32.50564	-33.35752	110400	-1.9868216e-09	97.317276	-0.0102808345	-16.25042	0.0057199392	0.0	68.34927082061768
184	-35.967987	8.289899	-22.03542	-51.616817	25.565218	-36.250267	0.17223346	-35.4065	-36.285496	111000	9.934108e-09	67.36678	-0.011684285	-0.042007446	0.0063064285	0.0	68.69926071166992
185	-33.695023	9.434977	-20.213926	-53.44787	25.434782	-36.14819	0.16970164	-35.316826	-36.18289	111600	9.536743e-09	92.75482	-0.017041521	-5.439781	0.00430752	0.0	69.04881739616394
186	-33.685333	11.513496	-19.226465	-70.41586	25.217392	-34.41405	0.16323537	-33.614365	-34.44743	112200	-2.7418137e-08	126.263725	-0.028853685	-0.5995178	0.0087717585	0.0	69.40187740325928
187	-33.14232	8.703535	-20.60121	-57.466732	25.695652	-33.799877	0.15931144	-33.019413	-33.832455	112800	-2.9404958e-08	75.28716	-0.024197988	-0.37556458	0.009196903	0.0	69.76345825195312
188	-35.26232	8.631491	-19.360065	-49.009956	25.695652	-33.322926	0.155973	-32.558823	-33.35484	113400	9.139379e-09	77.269936	-0.01765153	-3.470192	0.007343532	0.0	70.10647678375244
189	-39.56663	10.629995	-24.51412	-65.507355	25.47826	-34.75937	0.1574249	-33.988144	-34.791557	114000	-2.78155e-09	134.48294	-0.00856634	-21.007706	0.00619558	0.0	70.4566900730133
190	-37.37834	11.166019	-19.436682	-71.673996	25.47826	-38.28122	0.16234764	-37.48588	-38.31441	114600	2.4338563e-08	121.469894	-0.010331938	-0.746109	0.006595621	0.0	71.0253357887268
191	-32.949574	7.7074437	-21.133875	-48.80226	25.73913	-37.670708	0.15869538	-36.89326	-37.70315	115200	-4.1325887e-08	80.52432	-0.0051800404	-19.776268	0.0057587004	0.0	71.36050081253052
192	-34.60525	9.245189	-20.33138	-50.402008	25.652174	-34.27837	0.14996547	-33.543694	-34.309036	115800	9.735425e-09	84.94573	-0.011728285	-0.0858078	0.008947527	1.0	71.7192006111145
193	-36.512386	8.437986	-22.298227	-54.30775	25.391304	-34.453552	0.14817062	-33.727665	-34.48385	116400	3.973643e-09	73.95979	-0.0127545055	-3.9124908	0.006472394	0.0	72.07494735717773
194	-36.953033	10.427541	-21.318295	-60.030487	25.47826	-35.995106	0.14897792	-35.265274	-36.02558	117000	4.172325e-09	106.17053	-0.017804643	-0.8660507	0.009875595	0.0	72.44515562057495
195	-34.06133	9.341091	-20.17013	-50.662914	25.695652	-36.751022	0.14806885	-36.02564	-36.781315	117600	-4.4902166e-08	93.21818	-0.016413335	-6.726692	0.008578245	0.0	72.799147605896
196	-33.52226	8.903627	-21.00379	-55.04261	25.695652	-34.705826	0.14205648	-34.0099	-34.73488	118200	-6.477038e-08	79.31239	-0.017543998	-1.2705536	0.008326441	0.0	73.16314172744751
197	-36.326294	11.073249	-21.172598	-68.524506	25.391304	-33.772377	0.13813373	-33.095665	-33.80063	118800	1.847744e-08	125.241066	-0.01966843	-5.724373	0.007116861	1.0	73.52411675453186
198	-37.985687	7.924052	-22.32284	-50.09641	25.652174	-35.694427	0.13945666	-35.01123	-35.722946	119400	1.4305114e-08	67.15818	-0.010235571	-4.6095085	0.007908313	1.0	73.89309573173523
199	-32.986134	8.2922535	-21.264082	-49.94564	25.652174	-37.466084	0.1399181	-36.78063	-37.494694	120000	1.5894572e-09	87.68366	-0.01859249	-19.118378	0.0074306107	0.0	74.26045680046082
200	-37.53903	8.427386	-23.691118	-58.73745	25.565218	-33.995403	0.13207226	-33.348385	-34.02241	120600	2.682209e-08	83.30086	-0.021272572	-11.786118	0.007833169	0.0	74.82374668121338
201	-34.61552	9.1382675	-22.339436	-51.495407	25.695652	-36.65364	0.134073	-35.996822	-36.681065	121200	-7.152557e-09	86.56709	-0.015229908	-3.8288803	0.006352226	0.0	75.1921763420105
202	-38.18664	9.604529	-19.715408	-55.06871	25.608696	-35.144917	0.12990482	-34.508514	-35.17148	121800	1.5894573e-08	100.2634	-0.020335035	-8.549164	0.008994022	0.0	75.5435860157013
203	-37.556034	7.7329917	-25.987265	-56.982605	25.652174	-37.437595	0.13075611	-36.797028	-37.464333	122400	3.794829e-08	58.700104	-0.018132046	-0.017166138	0.0072170617	0.0	75.9019627571106
204	-35.634174	8.709886	-21.794828	-60.559055	25.52174	-37.579735	0.12881893	-36.948654	-37.60608	123000	-1.2715658e-08	77.75286	-0.031645425	-3.6502151	0.009761298	0.0	76.25599002838135
205	-32.782276	7.5737057	-19.751265	-47.092556	25.695652	-36.027985	0.124759465	-35.416794	-36.053513	123600	-4.5696893e-08	67.086	-0.02926528	-10.01894	0.0091074	0.0	76.61748623847961
206	-37.533253	9.696521	-23.222425	-57.063057	25.391304	-33.441605	0.11923013	-32.8575	-33.465996	124200	-3.4570693e-08	107.95106	-0.01852353	-15.0553055	0.009785426	0.0	76.96992540359497
207	-37.48801	8.517112	-20.817934	-56.19137	25.608696	-36.512665	0.12089547	-35.920406	-36.53739	124800	-3.8345654e-08	72.071754	-0.018211592	-0.8127594	0.008690885	0.0	77.31371855735779
208	-37.337906	10.28943	-24.610584	-64.42177	25.565218	-37.284023	0.11953882	-36.698402	-37.308464	125400	-4.7683717e-08	103.71512	-0.019050186	-0.007751465	0.009641469	0.0	77.6634681224823
209	-39.012726	8.115968	-24.084911	-61.617424	25.782608	-37.361313	0.1177071	-36.78467	-37.38539	126000	3.238519e-08	68.255035	-0.020072617	-2.6167374	0.0074880943	0.0	78.01321601867676
210	-36.17732	7.9567986	-22.938267	-49.682396	25.608696	-38.705574	0.117002055	-38.13238	-38.729492	126600	4.331271e-08	68.474724	-0.013043704	-5.8351784	0.007084063	0.0	78.58090543746948
211	-35.884117	10.232742	-19.901028	-55.535164	25.608696	-36.704754	0.11335864	-36.149418	-36.727943	127200	3.1789146e-08	103.426025	-0.018000253	-0.64728546	0.009347727	0.0	78.91606163978577
212	-37.978416	8.266608	-24.207571	-51.53403	25.52174	-36.00335	0.11074584	-35.460808	-36.025997	127800	9.139379e-09	70.48641	-0.015640615	-3.647026	0.007411735	0.0	79.28698110580444
213	-32.64318	7.1794987	-18.826609	-45.580673	25.695652	-37.625946	0.11039793	-37.08511	-37.648525	128400	3.9140385e-08	75.386116	-0.012315985	-23.178562	0.005664247	0.0	79.6233561038971
214	-35.75337	8.13575	-21.890322	-50.741123	25.652174	-33.658005	0.105103664	-33.143105	-33.6795	129000	-4.0133795e-08	69.71868	-0.024525274	-4.111511	0.009722962	0.0	79.97917866706848
215	-33.00821	8.049493	-21.928898	-49.773052	25.565218	-35.28864	0.10489288	-34.774765	-35.31008	129600	1.5497207e-08	69.53732	-0.014885133	-4.8841553	0.0075228605	0.0	80.33075165748596
216	-35.53065	8.8053	-22.103468	-56.358307	25.73913	-33.475277	0.10157211	-32.977676	-33.49606	130200	1.8080076e-08	80.42579	-0.021867607	-4.1577225	0.008740655	0.0	80.66764760017395
217	-34.224068	10.54333	-19.170229	-64.59168	25.47826	-35.15731	0.10150621	-34.660034	-35.17807	130800	1.11262e-08	109.39081	-0.017128082	-0.9108734	0.008094097	0.0	81.03221654891968
218	-35.96807	10.045791	-19.823332	-54.134136	25.652174	-34.36875	0.09905189	-33.883503	-34.38902	131400	5.5631e-09	101.95402	-0.011308111	-2.047165	0.005693853	0.0	81.39506316184998
219	-32.92928	10.907031	-21.382162	-70.79688	25.73913	-35.5838	0.09801555	-35.103626	-35.603848	132000	-5.3644182e-09	125.2013	-0.021740727	-6.591095	0.008681812	0.0	81.74032378196716
220	-34.935192	10.530166	-21.911818	-55.060505	25.652174	-33.39562	0.09461281	-32.932114	-33.414974	132600	-2.4239222e-08	110.86677	-0.012551302	-2.097824	0.0064902925	0.0	82.32826566696167
221	-31.192886	6.325498	-22.37837	-46.020206	25.652174	-34.627636	0.09394827	-34.16739	-34.646854	133200	-4.251798e-08	51.245373	-0.027730264	-11.17152	0.009304706	0.0	82.68532824516296
222	-34.47539	8.2269125	-21.972502	-56.750195	25.434782	-31.77392	0.09001935	-31.332918	-31.792336	133800	-2.503395e-08	74.40162	-0.002045508	-6.7423325	0.008557345	1.0	83.03158473968506
223	-31.895523	6.287201	-22.027533	-44.55957	25.695652	-33.968113	0.09026004	-33.52593	-33.986572	134400	-4.4107438e-08	43.11766	-0.009485658	-4.0240784	0.0045527713	0.0	83.3767364025116
224	-37.211235	9.908746	-22.897123	-57.698235	25.652174	-32.2666	0.087550364	-31.837698	-32.284515	135000	1.9868216e-09	119.32026	-0.010221835	-22.318901	0.007611924	1.0	83.72694182395935
225	-33.32501	10.079051	-19.924448	-52.33227	25.608696	-36.189335	0.088011764	-35.758163	-36.20733	135600	-5.265077e-08	107.616	-0.010153163	-7.778572	0.009582864	0.0	84.07181119918823
226	-39.00463	13.605839	-19.681362	-78.896385	25.695652	-33.92609	0.08569775	-33.50626	-33.94362	136200	-4.4703484e-08	200.70206	-0.02462562	-22.065216	0.0095946	0.0	84.41871047019958
227	-33.75619	8.395533	-20.039797	-55.779232	25.652174	-37.674904	0.08446498	-37.26111	-37.69217	136800	3.536542e-08	84.36696	-0.023302762	-14.1775055	0.00980167	0.0	84.79677176475525
228	-35.214283	7.2480416	-24.16328	-48.067314	25.52174	-34.753548	0.08291347	-34.347355	-34.7705	137400	-5.086263e-08	51.37634	-0.01439605	-0.10913086	0.0075702057	0.0	85.15490913391113
229	-33.18155	9.7024145	-18.448643	-60.904957	25.565218	-34.975735	0.081321634	-34.577343	-34.992367	138000	1.8874804e-08	96.2891	-0.01545392	-2.892952	0.006662747	1.0	85.51029872894287
230	-35.448338	7.3646464	-21.670755	-48.129784	25.47826	-33.608784	0.07983225	-33.217686	-33.62511	138600	4.0034454e-08	56.22401	-0.01631153	-2.904087	0.007843193	0.0	86.095134973526
231	-35.527306	8.660821	-19.413565	-50.8103	25.565218	-34.981342	0.07863338	-34.59612	-34.99742	139200	1.11262e-08	74.1412	-0.0144812	-0.25321198	0.009967949	0.0	86.45337557792664
232	-33.21656	7.9473095	-20.605112	-55.207535	25.47826	-35.41563	0.077357076	-35.036663	-35.431458	139800	4.7683715e-09	66.13596	-0.018993486	-4.5946884	0.00836034	0.0	86.81561183929443
233	-32.07215	7.4396124	-19.819586	-53.349373	25.565218	-33.62981	0.07572281	-33.25885	-33.64531	140400	-4.4902166e-08	57.239075	-0.010217684	-2.164486	0.008713622	0.0	87.15991568565369
234	-31.620823	7.820973	-20.147236	-55.317806	25.52174	-32.3697	0.07422119	-32.006096	-32.384888	141000	-3.0994414e-08	60.179115	-0.018038722	-0.56350327	0.009810004	0.0	87.49914336204529
235	-36.773243	7.615449	-22.578892	-52.609173	25.391304	-31.716478	0.0727282	-31.360186	-31.73136	141600	-9.536743e-09	80.69413	-0.016121238	-22.801388	0.0065806527	1.0	87.84283375740051
236	-33.731274	9.332576	-19.54305	-54.22163	25.608696	-35.687885	0.071928665	-35.335506	-35.7026	142200	-2.2848447e-08	89.54765	-0.01422453	-3.7303467	0.0064598178	0.0	88.18409776687622
237	-36.987705	9.716426	-22.874294	-57.764908	25.73913	-34.122578	0.070570596	-33.77685	-34.13701	142800	-1.768271e-08	102.298775	-0.016937612	-8.187721	0.0069532236	0.0	88.5484893321991
238	-34.70597	8.477667	-18.846445	-47.671417	25.608696	-36.48099	0.06969187	-36.139576	-36.495247	143400	-1.5099843e-08	73.63063	-0.01817756	-2.8467407	0.0080419	0.0	88.91148209571838
239	-34.209244	9.534695	-21.877924	-53.720848	25.608696	-35.095093	0.06878505	-34.758118	-35.109165	144000	-9.536743e-09	90.165184	-0.018272553	-0.883461	0.007113615	1.0	89.26389360427856
240	-35.394466	7.4718065	-21.729143	-47.786655	25.391304	-34.28215	0.06744802	-33.951725	-34.295948	144600	-4.6094257e-08	55.678776	-0.01760692	-1.1437759	0.0075142924	1.0	89.87202334403992
241	-35.47471	9.895085	-20.42132	-53.320362	25.47826	-35.19495	0.06635803	-34.86986	-35.20852	145200	2.960364e-08	95.8135	-0.01839209	-0.05102539	0.005889907	0.0	90.21336030960083
242	-35.421474	9.252472	-23.739965	-58.187897	25.47826	-35.3997	0.06517507	-35.08041	-35.413036	145800	6.039937e-08	83.15479	-0.012251863	-0.0006790161	0.0070398506	0.0	90.54706978797913
243	-37.6043	9.986937	-20.532883	-55.14206	25.47826	-35.42097	0.06413275	-35.106785	-35.434086	146400	-1.0331472e-08	101.696495	-0.020427616	-4.3880234	0.0065032253	1.0	90.88709020614624
244	-34.13604	6.6533246	-23.954586	-52.42635	25.47826	-37.286427	0.063067526	-36.97746	-37.29932	147000	-3.6557516e-08	52.443546	-0.008510008	-9.27182	0.008263916	0.0	91.2486412525177
245	-34.863297	9.346396	-20.868141	-55.196613	25.608696	-34.604496	0.062117428	-34.300186	-34.617203	147600	-3.1789145e-09	85.9239	-0.015661238	-0.05646515	0.007820701	0.0	91.59173274040222
246	-33.343357	7.252756	-21.12988	-50.378586	25.434782	-34.79989	0.061077062	-34.50068	-34.812386	148200	-7.947286e-10	53.185005	-0.012576389	-1.9112015	0.008802761	0.0	91.94516777992249
247	-31.805975	7.439061	-20.604786	-45.02536	25.652174	-33.55322	0.060065668	-33.25896	-33.56551	148800	-2.503395e-08	57.632046	-0.019762186	-3.05616	0.008580144	0.0	92.30433392524719
248	-35.60854	8.936897	-19.63487	-52.12614	25.869566	-31.956598	0.0586893	-31.669083	-31.968616	149400	-2.3841858e-08	92.89746	-0.016398262	-13.105469	0.0072651654	0.0	92.65711975097656
249	-38.922	12.265923	-19.621319	-70.26625	25.347826	-35.192883	0.05812365	-34.90814	-35.204773	150000	2.4735927e-08	157.47821	-0.00806542	-12.525116	0.0049721207	0.0	93.01649236679077
250	-32.923035	7.400194	-22.29354	-47.11738	25.73913	-38.340252	0.056555055	-38.06319	-38.351814	150600	-4.2319297e-08	82.6447	-0.015239786	-27.495228	0.006165672	0.0	93.61747670173645
251	-34.830555	10.268321	-20.524242	-61.819824	25.47826	-33.930927	0.056909114	-33.652134	-33.94257	151200	-8.742014e-09	103.22636	-0.015212038	-0.77745056	0.0067990716	1.0	93.95773386955261
252	-37.73295	7.6246505	-25.38489	-57.615437	25.434782	-34.63633	0.055852495	-34.362713	-34.647755	151800	1.3550122e-07	65.91014	-0.014544703	-8.9432335	0.0071436125	0.0	94.29889011383057
253	-67.21048	165.78697	-20.499361	-861.3668	24.416666	-37.177307	0.05523633	-36.912403	-37.188843	152400	0.0	1218.0355	-0.027744483	-9.061768	0.0068630013	0.0	94.65311312675476
254	-36.445507	5.758771	-25.792774	-47.854065	25.52174	-34.71328	0.027800381	-34.577084	-34.718964	153000	3.3775966e-09	35.576283	-0.013373124	-2.816948	0.0065357294	1.0	95.00033020973206
255	-37.292824	9.55879	-20.07753	-58.66126	25.47826	-36.11097	0.027247848	-35.977478	-36.11654	153600	-6.238619e-08	90.12745	-0.02272321	-1.2451935	0.009220355	0.0	95.3657865524292
256	-35.76754	10.022196	-19.438341	-57.97202	25.652174	-37.08341	0.027721511	-36.9476	-37.08908	154200	-5.066395e-09	100.84115	-0.020335447	-1.5937805	0.009379119	0.0	95.71159076690674
257	-34.18208	9.436953	-19.359974	-52.912647	25.608696	-35.994003	0.0270882	-35.861298	-35.999542	154800	-5.4836274e-08	90.81131	-0.013072097	-2.866867	0.0061322544	0.0	96.07123970985413
258	-34.62849	8.457214	-23.810125	-54.76305	25.47826	-34.50104	0.02623437	-34.372524	-34.506413	155400	-6.318092e-08	70.31935	-0.019745316	-0.021408081	0.009099184	0.0	96.43444323539734
259	-31.725172	9.395529	-19.758213	-63.765087	25.52174	-34.62168	0.026266666	-34.493004	-34.627056	156000	4.7683715e-09	92.63131	-0.027052758	-8.284866	0.009756952	0.0	96.79748392105103
260	-33.53776	8.969659	-19.424627	-49.273262	25.565218	-32.07127	0.02475201	-31.950012	-32.076336	156600	6.000201e-08	80.82259	-0.021792052	-1.8896484	0.009387299	0.0	97.39746427536011
261	-33.83453	8.629553	-19.177755	-48.296158	25.73913	-33.282814	0.025387237	-33.15844	-33.288006	157200	-5.5631e-09	73.55454	-0.007787157	-0.26559448	0.006464575	0.0	97.73155951499939
262	-36.56961	8.025803	-22.586508	-58.246574	25.608696	-33.756813	0.025597418	-33.631413	-33.76205	157800	3.9935113e-08	71.277275	-0.018637052	-7.5247345	0.0069878767	0.0	98.10386610031128
263	-35.017426	8.186539	-23.582085	-50.257656	25.869566	-36.23574	0.026871294	-36.104103	-36.24124	158400	-2.22524e-08	68.05209	-0.00978429	-1.4936295	0.006194315	0.0	98.46522498130798
264	-37.10755	9.694351	-22.526165	-58.51756	25.956522	-35.136047	0.026232809	-35.007534	-35.141415	159000	5.8412553e-08	98.136	-0.011453606	-3.9528656	0.007032904	0.0	98.82444334030151
265	-35.03346	8.902452	-19.563301	-54.613274	25.47826	-36.947235	0.0271148	-36.814404	-36.952785	159600	7.390976e-08	80.541916	-0.018178392	-3.2268906	0.006761271	0.0	99.18311262130737
266	-36.112667	9.959348	-21.13122	-64.79145	25.652174	-35.305984	0.026269492	-35.17729	-35.31136	160200	-6.039937e-08	95.50748	-0.014445651	-0.5580063	0.0074034994	0.0	99.55755376815796
267	-32.509106	8.34817	-19.142607	-53.598015	25.52174	-35.99222	0.026536018	-35.862225	-35.997654	160800	1.66893e-08	80.45342	-0.023724578	-12.320274	0.008990691	0.0	99.9243106842041
268	-37.420216	7.799754	-21.67748	-48.177692	25.47826	-32.782124	0.024806954	-32.66059	-32.787197	161400	-2.7815501e-08	80.55727	-0.023463823	-19.961174	0.007610636	0.0	100.28254079818726
269	-35.23665	10.717125	-20.754189	-57.666485	25.565218	-36.723774	0.026569372	-36.59361	-36.729206	162000	-1.3510387e-08	114.89514	-0.011279369	-1.9207687	0.007598408	0.0	100.6401629447937
270	-32.57535	8.203486	-19.364275	-55.23062	25.782608	-35.51845	0.026010655	-35.391026	-35.523773	162600	-1.8278758e-08	74.83347	-0.017085891	-8.192726	0.008679061	0.0	101.25360870361328
271	-35.93805	9.153405	-20.33005	-53.80304	25.695652	-32.97272	0.02479786	-32.85124	-32.9778	163200	-2.4636586e-08	91.125496	-0.017168202	-8.462036	0.0066390974	0.0	101.6118836402893
272	-34.078773	8.953595	-20.790728	-56.07014	25.565218	-35.518536	0.025856813	-35.39186	-35.523823	163800	-2.0464261e-08	80.544464	-0.016219595	-1.927887	0.008827869	0.0	101.96790266036987
273	-37.808777	9.733983	-20.687405	-55.52755	25.73913	-34.30481	0.025289848	-34.180916	-34.309986	164400	-4.9869218e-08	106.330696	-0.012575324	-12.193993	0.008877804	0.0	102.33859872817993
274	-38.05919	11.441465	-20.499537	-61.305866	25.695652	-37.35823	0.026426634	-37.228767	-37.363636	165000	3.218651e-08	128.98898	-0.017153593	-0.4610138	0.005723857	0.0	102.68282914161682
275	-34.3907	8.148266	-20.990856	-46.087055	25.52174	-37.981434	0.026562773	-37.8513	-37.986862	165600	-8.9406965e-10	77.958466	-0.014635247	-12.324974	0.0049580648	0.0	103.0534999370575
276	-32.25369	8.255734	-20.809858	-50.01462	25.695652	-34.907482	0.025416818	-34.782967	-34.912685	166200	-3.8146972e-08	73.98268	-0.013982676	-6.7387466	0.007823715	0.0	103.38966608047485
277	-38.23567	8.023742	-22.672886	-51.084904	25.782608	-32.613956	0.024455676	-32.494152	-32.618973	166800	-4.172325e-08	94.63845	-0.022924185	-29.728058	0.0088804895	0.0	103.75401425361633
278	-35.945244	11.338193	-21.652119	-60.282295	25.565218	-37.15546	0.025786012	-37.029137	-37.160736	167400	3.5762786e-09	128.09682	-0.005057069	-1.1934586	0.0029488537	0.0	104.11336398124695
279	-34.140778	7.223778	-19.512394	-48.12346	25.695652	-36.28722	0.025534851	-36.162125	-36.292442	168000	-3.695488e-08	55.750633	-0.0067998376	-4.41555	0.004609461	0.0	104.45794439315796
280	-34.957363	8.7609625	-23.71745	-58.27017	25.869566	-34.502884	0.024956286	-34.380627	-34.507996	168600	-1.4305114e-08	76.15845	-0.010288492	-0.19866943	0.0057754354	0.0	105.06537985801697
281	-32.373547	6.230349	-18.639969	-43.830635	25.73913	-34.868294	0.024972003	-34.745956	-34.873405	169200	-3.89417e-08	44.253914	-0.016124172	-5.8365173	0.008678142	0.0	105.40825963020325
282	-35.266197	8.364088	-20.84293	-48.95132	25.608696	-32.797943	0.024286143	-32.67897	-32.802925	169800	4.9670536e-08	74.70102	-0.011433233	-5.76606	0.0059725866	0.0	105.7489402294159
283	-35.22266	10.289996	-21.185162	-54.764153	25.956522	-34.845028	0.024764778	-34.7237	-34.850094	170400	-3.2583873e-08	105.64298	-0.030274818	-0.2054596	0.008960063	0.0	106.09798812866211
284	-29.398945	7.491579	-20.834795	-49.44362	25.52174	-35.257977	0.024829444	-35.136337	-35.263058	171000	2.5431316e-08	88.553764	-0.021764964	-31.241318	0.008249741	0.0	106.45812439918518
285	-37.275753	7.9764185	-20.048012	-55.771805	25.652174	-30.602488	0.023691423	-30.486435	-30.607399	171600	-3.8146972e-08	106.07515	-0.021253968	-40.4432	0.007618451	0.0	106.80759358406067
286	-38.880146	9.497615	-20.687334	-53.95562	25.869566	-35.49556	0.024322564	-35.376404	-35.500534	172200	2.960364e-08	101.166145	-0.010856161	-10.457329	0.00861542	0.0	107.16555619239807
287	-36.368195	10.2024765	-21.492226	-52.64355	25.73913	-38.054634	0.024302935	-37.935577	-38.059605	172800	-3.059705e-08	105.015915	-0.015867429	-2.4905777	0.009324923	0.0	107.51022124290466
288	-36.88877	7.557552	-21.88791	-52.426517	25.782608	-36.867474	0.024210606	-36.748867	-36.872425	173400	2.2649765e-08	56.556053	-0.019925395	0.00021743774	0.008902721	0.0	107.85133171081543
289	-32.0761	7.340409	-19.60693	-47.311302	25.47826	-36.8641	0.024111371	-36.745983	-36.869034	174000	-1.9073486e-08	74.60288	-0.016613891	-20.399193	0.009283826	0.0	108.21418285369873
290	-35.341377	8.0067	-22.075422	-52.96267	25.608696	-33.364838	0.023982463	-33.247345	-33.369743	174600	-3.2583873e-08	65.84502	-0.022105733	-3.3099594	0.008611579	0.0	108.83975315093994
291	-35.10914	10.252186	-20.536903	-61.336433	25.565218	-34.72571	0.023852086	-34.608868	-34.7306	175200	2.1457673e-08	103.91277	-0.013301885	-0.16199493	0.004820172	0.0	109.19395303726196
292	-31.597073	7.411658	-21.009954	-44.87008	25.695652	-35.069016	0.023766745	-34.95258	-35.073875	175800	1.2318293e-08	66.293045	-0.020930853	-11.202263	0.009199117	0.0	109.55461239814758
293	-31.657324	6.7500715	-19.532482	-47.647247	25.956522	-32.432636	0.023613535	-32.316956	-32.437473	176400	3.2981237e-08	45.997593	-0.016725997	-0.53476715	0.008431757	0.0	109.91345167160034
294	-33.925976	8.135536	-21.220533	-45.019638	25.826086	-31.810408	0.023481464	-31.695374	-31.81522	177000	-1.3510387e-08	69.659744	-0.021501446	-4.330391	0.007984673	0.0	110.25869965553284
295	-35.45668	10.547188	-22.647772	-69.87107	25.695652	-33.481804	0.023442283	-33.36696	-33.4866	177600	-7.549922e-09	113.84668	-0.014203503	-3.8559265	0.008456271	0.0	110.60246062278748
296	-34.455128	7.8218727	-20.208374	-47.13478	25.652174	-35.100597	0.023351595	-34.986195	-35.10537	178200	-3.33786e-08	60.588425	-0.022232616	-0.38292313	0.00832366	1.0	110.94858622550964
297	-32.375187	8.427299	-19.03477	-50.28078	25.695652	-34.60752	0.02325283	-34.493603	-34.612274	178800	1.1920929e-08	74.85293	-0.007383634	-4.6957016	0.007085023	1.0	111.31180691719055
298	-36.006237	8.578707	-21.651085	-51.476295	25.782608	-32.79809	0.023143053	-32.68471	-32.802826	179400	2.78155e-09	83.173454	-0.018696936	-9.814095	0.0074510956	0.0	111.67234754562378
299	-33.968624	10.020506	-20.334356	-60.129013	25.52174	-35.374493	0.022930998	-35.262154	-35.37918	180000	1.390775e-09	101.09231	-0.023143569	-1.4624634	0.0096352	0.0	112.0276563167572
300	-34.881107	7.846714	-23.16112	-50.777287	25.73913	-34.392105	0.023027843	-34.279293	-34.396816	180600	3.3577283e-08	61.114388	-0.0069155637	-0.2051239	0.00907106	0.0	112.64997363090515
301	-36.357365	9.06081	-23.407501	-51.99584	25.869566	-34.764904	0.02286202	-34.6529	-34.769577	181200	-2.6226044e-08	84.47654	-0.015209881	-2.7087555	0.007556386	0.0	113.01115202903748
302	-37.202396	9.2380705	-20.547874	-52.342445	25.608696	-36.18081	0.022720415	-36.069496	-36.185448	181800	1.5298525e-08	84.443306	-0.029811397	-0.8428421	0.009862782	0.0	113.36493134498596
303	-36.896854	11.56538	-21.424156	-60.959797	25.608696	-36.990284	0.022434158	-36.88038	-36.99487	182400	7.947286e-09	130.4989	-0.014792683	-0.0012359619	0.0078103635	0.0	113.73415541648865
304	-32.91426	8.126583	-22.556406	-59.226578	25.73913	-36.964478	0.02234901	-36.85499	-36.969044	183000	1.2318293e-08	81.0949	-0.008859438	-15.383263	0.008389064	0.0	114.111661195755
305	-34.445236	9.954585	-22.49016	-52.661957	25.956522	-33.558464	0.02257855	-33.44785	-33.56308	183600	2.8014183e-08	100.41367	-0.018459916	-0.8616562	0.0077887843	0.0	114.45810055732727
306	-32.684357	7.9850845	-20.218771	-43.98472	25.608696	-34.344936	0.022420263	-34.235104	-34.34953	184200	-1.5894573e-08	65.26149	-0.022431737	-2.543541	0.009239351	0.0	114.80482125282288
307	-33.012764	7.3446536	-20.293625	-50.639328	25.608696	-32.94435	0.022442171	-32.83441	-32.948948	184800	4.688899e-08	53.09597	-0.019942654	-0.0033721924	0.009661737	0.0	115.16067361831665
308	-35.972084	9.774249	-19.885351	-54.379154	25.565218	-32.98775	0.022263648	-32.878677	-32.992302	185400	4.7683717e-08	103.48413	-0.017237088	-8.7096405	0.008345834	0.0	115.51449656486511
309	-34.609642	8.631593	-19.598883	-49.927647	25.565218	-35.61977	0.021839947	-35.512775	-35.624233	186000	-2.6226044e-08	74.03014	-0.010855471	-0.86518097	0.0057733553	0.0	115.8492169380188
310	-35.786407	7.886119	-21.763678	-56.20825	25.565218	-34.79808	0.021879265	-34.69089	-34.80255	186600	2.3841857e-09	61.880272	-0.017886808	-0.8959999	0.008944217	0.0	116.49147176742554
311	-37.740597	11.853067	-20.051546	-67.24694	25.565218	-35.654434	0.02157829	-35.54872	-35.658844	187200	1.8278758e-08	142.09792	-0.018345661	-4.0140533	0.0069473046	1.0	116.84432077407837
312	-34.067852	8.340852	-21.488611	-54.699936	25.73913	-37.491085	0.021089746	-37.387768	-37.495396	187800	-7.390976e-08	79.94837	-0.016344933	-11.256233	0.005089953	0.0	117.20445561408997
313	-36.45533	12.822409	-21.534727	-84.309616	25.52174	-34.467342	0.021428557	-34.36237	-34.47173	188400	5.8611235e-08	167.09888	-0.019767491	-3.9526978	0.008933213	0.0	117.59313416481018
314	-35.959267	10.624399	-19.84914	-61.18386	25.47826	-36.250103	0.0209895	-36.14727	-36.254387	189000	-8.424123e-08	110.25549	-0.018988205	-0.11495972	0.0064842477	1.0	117.96453261375427
315	-36.0659	10.909081	-21.006704	-69.32027	25.47826	-35.949055	0.020819727	-35.847065	-35.953316	189600	-1.9073486e-08	117.06949	-0.011510305	-0.021835327	0.006563197	1.0	118.31777906417847
316	-35.058804	9.591422	-21.30169	-51.240746	25.52174	-36.08442	0.020664122	-35.983185	-36.088642	190200	-2.3841858e-08	90.61776	-0.024341427	-1.0057449	0.009030169	0.0	118.66442847251892
317	-39.980713	9.417482	-23.68401	-58.342842	25.652174	-35.14556	0.020654595	-35.044376	-35.149784	190800	5.1955382e-08	110.569664	-0.015829101	-21.81569	0.00781951	1.0	119.00686454772949
318	-33.042233	11.194364	-19.122604	-64.89965	25.695652	-39.37205	0.019468766	-39.276672	-39.376026	191400	-8.742015e-08	163.23721	-0.015040335	-37.81138	0.007975219	0.0	119.36470413208008
319	-34.768795	9.779387	-20.232178	-57.429573	25.695652	-34.207058	0.020937735	-34.104485	-34.211338	192000	-4.4604143e-08	94.83714	-0.013719056	-0.26520538	0.006039678	0.0	119.70578646659851
320	-34.85112	6.798111	-23.703259	-45.478687	25.652174	-34.593918	0.020587157	-34.49306	-34.598125	192600	4.5895575e-08	45.552708	-0.0098609375	-0.07027435	0.005130769	0.0	120.34292554855347
321	-34.856133	8.238116	-18.286299	-51.726227	25.47826	-34.82812	0.020364208	-34.72836	-34.832287	193200	-3.1789145e-09	66.02255	-0.019103194	-0.002067566	0.007170828	0.0	120.68261003494263
322	-33.86039	10.437769	-19.876347	-58.435078	25.652174	-34.86911	0.020212574	-34.770092	-34.873245	193800	-3.8345654e-08	109.60514	-0.02152437	-0.801918	0.00802442	1.0	121.03627490997314
323	-34.722626	10.747172	-20.16978	-68.95491	25.652174	-34.07923	0.020424582	-33.97917	-34.08341	194400	3.159046e-08	114.74508	-0.016611533	-0.4188156	0.007421987	0.0	121.39546346664429
324	-36.19866	9.638341	-23.905325	-55.22942	25.391304	-34.652813	0.020106388	-34.55431	-34.65692	195000	-4.1921933e-08	92.60699	-0.014253912	-2.261322	0.0059957495	0.0	121.73842191696167
325	-33.07594	7.763836	-21.27289	-52.391895	25.565218	-36.013634	0.019500578	-35.918102	-36.01762	195600	-2.22524e-08	67.48626	-0.0045534084	-8.334633	0.0074942596	0.0	122.09863138198853
326	-32.535152	7.039654	-21.654583	-43.8362	25.695652	-33.426773	0.0201351	-33.328133	-33.430893	196200	-2.582868e-08	49.61481	-0.013266784	-0.7622986	0.0065736035	0.0	122.46284437179565
327	-33.242702	10.280321	-18.339693	-53.13851	25.608696	-32.620266	0.020188784	-32.521362	-32.6244	196800	-1.768271e-08	104.02697	-0.020468313	-0.28713226	0.008282472	0.0	122.81969785690308
328	-69.672264	165.9898	-21.43957	-864.7666	24.666666	-33.109375	0.020107778	-33.01294	-33.113575	197400	1.7484028e-08	1225.525	-0.03250289	-11.229248	0.0037269143	0.0	123.16223168373108
329	-33.175575	7.3261704	-22.577303	-44.291656	25.73913	-36.142746	0.010992362	-36.088898	-36.144997	198000	0.0	61.70181	-0.025905756	-8.352047	0.008706903	0.0	123.51034283638
330	-31.886175	6.3348722	-23.392324	-46.352467	25.73913	-33.54999	0.009882523	-33.501575	-33.552013	198600	-1.9272168e-08	42.18297	-0.010931175	-2.6560593	0.008975126	0.0	124.13629484176636
331	-33.90942	10.05397	-18.731403	-56.56964	25.608696	-32.056423	0.009519056	-32.009785	-32.058372	199200	3.2583873e-08	103.855705	-0.0032774536	-3.5594711	0.008829484	1.0	124.48836660385132
332	-34.13721	9.744673	-20.70539	-49.88165	25.652174	-33.77105	0.009928316	-33.722412	-33.773083	199800	-3.8345654e-08	93.25271	-0.009434393	-0.10533905	0.0072569703	0.0	124.85182189941406
333	-35.82743	8.334252	-20.670935	-53.193474	25.695652	-34.078465	0.009990437	-34.029526	-34.080513	200400	1.8278758e-08	71.576805	-0.01386405	-2.9460602	0.0078057228	0.0	125.18959927558899
334	-35.761604	7.6957684	-19.333113	-47.25686	25.608696	-35.673943	0.010347215	-35.62325	-35.676056	201000	1.5894572e-09	58.302547	-0.016482284	-4.196167e-05	0.008207486	0.0	125.51602864265442
335	-32.95475	7.283035	-20.75197	-42.566406	25.608696	-35.687664	0.010333081	-35.637043	-35.689777	201600	-9.4870725e-09	59.370808	-0.024640907	-6.9022026	0.009196644	0.0	125.91998672485352
336	-36.609303	9.407104	-22.023727	-51.14206	25.52174	-33.22533	0.009777168	-33.177433	-33.227333	202200	7.073084e-08	97.709625	-0.016455216	-10.661301	0.0074373786	0.0	126.30877685546875
337	-35.15726	9.080695	-20.344093	-51.83726	25.652174	-36.238228	0.010425186	-36.187153	-36.240356	202800	-8.3843865e-08	81.96328	-0.023011226	-1.2866135	0.009413991	0.0	126.68078637123108
338	-34.624622	11.393543	-20.564865	-62.0026	25.826086	-35.19334	0.010185171	-35.14344	-35.19542	203400	7.281701e-08	129.65753	-0.015260333	-0.3569336	0.007958753	0.0	127.07486271858215
339	-32.585865	8.73393	-18.821672	-53.576332	25.652174	-34.627132	0.010048351	-34.577908	-34.62919	204000	1.1523564e-08	79.22964	-0.012831891	-4.1220093	0.006425462	1.0	127.4462993144989
340	-35.643883	10.465687	-19.138266	-58.00281	25.826086	-32.708908	0.009615198	-32.661804	-32.710876	204600	9.536743e-09	118.062614	-0.023655409	-8.835449	0.008574945	0.0	128.12479901313782
341	-36.869694	9.0482645	-22.992764	-53.570965	25.73913	-35.486374	0.01021138	-35.436348	-35.48846	205200	1.9868216e-08	82.36569	-0.01899097	-1.8241806	0.009252047	0.0	128.47669339179993
342	-33.878548	9.450968	-22.311464	-54.447197	25.52174	-36.767	0.010461919	-36.715748	-36.76914	205800	-2.3841858e-08	96.48684	-0.016281364	-8.622047	0.008303885	0.0	128.84700512886047
343	-31.051037	5.504047	-20.156622	-41.122078	25.913044	-34.02421	0.0098897815	-33.97576	-34.026234	206400	4.251798e-08	38.778053	-0.015037975	-8.707178	0.008148821	0.0	129.21808123588562
344	-36.57709	10.758949	-23.095581	-76.04189	25.695652	-31.276073	0.0093001705	-31.230515	-31.277983	207000	2.1606684e-08	142.38216	-0.017447693	-26.684853	0.009035384	0.0	129.6157398223877
345	-34.124325	7.621519	-19.58809	-47.326595	25.608696	-35.84476	0.01015481	-35.79501	-35.846832	207600	3.218651e-08	59.614075	-0.022613036	-2.7407684	0.0066420664	2.0	129.98085856437683
346	-33.017162	9.431035	-20.028938	-55.58006	25.652174	-34.408497	0.009905057	-34.359974	-34.410522	208200	6.357829e-09	89.60594	-0.016515486	-1.7794876	0.00919625	0.0	130.33001494407654
347	-35.011627	11.325329	-19.154936	-62.806293	25.652174	-33.204834	0.009683668	-33.15739	-33.20681	208800	2.1656355e-08	126.92438	-0.009849161	-2.530838	0.006919279	1.0	130.6783230304718
348	-31.36862	7.984699	-19.436853	-51.914635	25.695652	-34.632694	0.009891601	-34.58424	-34.63472	209400	-4.708767e-08	73.22956	-0.013337625	-10.617035	0.006849784	1.0	131.04351925849915
349	-34.982468	8.4423065	-22.368725	-54.02578	25.695652	-31.730778	0.00935764	-31.684938	-31.732695	210000	4.5696893e-08	79.31337	-0.01902371	-9.587898	0.009434144	0.0	131.3871786594391
350	-33.748783	7.233228	-20.985336	-49.929314	25.869566	-34.450638	0.009791497	-34.40267	-34.45264	210600	6.5316756e-09	52.11696	-0.021783	-0.3477478	0.009518968	0.0	132.02858924865723
351	-33.95566	7.631975	-19.265043	-53.264877	25.73913	-33.941914	0.009718944	-33.8943	-33.943897	211200	2.503395e-08	57.09832	-0.010683134	-0.0001411438	0.009028902	0.0	132.3829002380371
352	-34.34313	6.8533597	-19.490294	-49.10553	25.391304	-33.949783	0.009709223	-33.902218	-33.951767	211800	-1.291434e-08	45.861042	-0.020991366	-0.11122513	0.009991068	0.0	132.7316861152649
353	-35.764942	6.7758946	-22.79625	-55.066036	25.695652	-34.256042	0.009733933	-34.20836	-34.258034	212400	4.1325887e-08	47.798435	-0.019600613	-2.2439995	0.00646293	1.0	133.0830659866333
354	-33.639183	7.3137236	-20.353786	-45.755054	25.608696	-35.6433	0.009934333	-35.594635	-35.645332	213000	-5.5631e-09	56.46017	-0.018295972	-4.010269	0.0066276696	1.0	133.4227478504181
355	-35.833225	9.044961	-22.56381	-58.40346	25.73913	-33.789627	0.009637447	-33.74242	-33.791603	213600	-5.3644182e-09	85.53223	-0.020749092	-4.1876144	0.008713069	0.0	133.77822399139404
356	-34.989048	8.189152	-21.225441	-51.120106	25.652174	-35.6861	0.009908173	-35.63756	-35.688126	214200	6.516775e-08	66.51741	-0.017153667	-0.45544434	0.008984593	0.0	134.12622261047363
357	-34.456818	12.885808	-20.742743	-82.53085	25.73913	-35.05867	0.0098109925	-35.010612	-35.06068	214800	2.8610229e-08	171.9294	-0.027215134	-0.19056702	0.00796286	0.0	134.49065399169922
358	-35.97523	8.745696	-21.304596	-51.34384	25.565218	-34.64211	0.009779568	-34.594204	-34.64411	215400	-2.9007595e-08	77.04087	-0.012916325	-1.8352814	0.0071854005	1.0	134.85357308387756
359	-33.916573	8.0999775	-20.300959	-46.377014	25.695652	-35.936867	0.009961989	-35.888058	-35.938896	216000	6.9141386e-08	68.1838	-0.011503628	-3.7500458	0.0067940345	1.0	135.2193624973297
360	-36.758694	7.518846	-23.761658	-50.887356	25.565218	-34.08346	0.009709851	-34.035892	-34.085445	216600	1.9868216e-08	62.12776	-0.019136226	-6.6366043	0.008064158	0.0	136.006441116333
361	-37.76542	10.142565	-19.111643	-54.34272	25.434782	-36.53792	0.009990369	-36.48898	-36.539963	217200	1.291434e-08	101.75842	-0.017073127	-1.2364578	0.0064130654	1.0	136.39694046974182
362	-35.92085	10.099771	-20.182327	-51.611683	25.47826	-37.611073	0.010059923	-37.561794	-37.613132	217800	3.8544336e-08	102.90697	-0.017608242	-2.7361832	0.007102483	1.0	136.8166105747223
363	-32.37788	6.208414	-23.52632	-46.377472	25.565218	-36.016953	0.009863995	-35.968628	-36.018967	218400	-2.9404958e-08	50.75083	-0.026051655	-13.009689	0.009644565	0.0	137.19223284721375
364	-37.079384	9.414867	-20.882364	-55.703953	25.565218	-32.59183	0.009436512	-32.545605	-32.593765	219000	1.1920929e-09	106.82153	-0.017447295	-19.510025	0.006632221	1.0	137.71413707733154
365	-34.385437	9.431389	-20.292835	-55.463886	25.608696	-36.635067	0.0097939195	-36.587086	-36.637066	219600	-3.4968057e-08	91.42355	-0.018734884	-4.814911	0.008022356	0.0	138.09170365333557
366	-35.283337	9.597957	-18.4861	-56.034943	25.608696	-34.64725	0.009642115	-34.60001	-34.649216	220200	-5.6227048e-08	90.60821	-0.017751388	-0.38345337	0.008799073	0.0	138.46820330619812
367	-32.685925	8.505374	-20.941277	-59.476128	25.565218	-35.209927	0.009658595	-35.16261	-35.2119	220800	-6.635984e-08	77.4001	-0.014753431	-6.062584	0.006434647	1.0	138.86291360855103
368	-32.789825	9.596317	-19.005438	-56.42834	25.782608	-32.939056	0.009473138	-32.89265	-32.940994	221400	-2.0662943e-08	91.112656	-0.01932707	-0.004676819	0.006929133	1.0	139.25842547416687
369	-34.162865	8.758572	-22.86046	-51.206272	25.652174	-32.86608	0.009472243	-32.819675	-32.868015	222000	2.880891e-09	77.77108	-0.025046749	-1.7095261	0.009236803	0.0	139.707594871521
370	-30.711792	9.578778	-18.648808	-56.042835	25.608696	-34.096867	0.009565806	-34.050007	-34.098824	222600	1.3311704e-08	101.53729	-0.011832633	-10.682152	0.009036342	0.0	140.39691734313965
371	-33.071712	9.327076	-20.218197	-51.521587	25.869566	-31.403223	0.0094446475	-31.356953	-31.405153	223200	2.7020773e-08	89.14929	-0.018895745	-2.9705582	0.009086426	0.0	140.7322416305542
372	-34.385323	7.1488056	-20.74552	-50.46591	25.391304	-32.99567	0.009582122	-32.94873	-32.99763	223800	5.5631e-09	51.64506	-0.018054923	-1.8078613	0.008117881	0.0	141.07112646102905
373	-36.59277	9.373453	-19.844439	-53.635006	25.391304	-34.264545	0.009630071	-34.217365	-34.26651	224400	-2.682209e-08	90.63112	-0.027092256	-4.873375	0.008404675	0.0	141.41664338111877
374	-37.106438	10.954215	-20.968348	-58.93995	25.47826	-36.344578	0.009651063	-36.297295	-36.346546	225000	-6.0598055e-09	118.132835	-0.012339553	-0.5317688	0.008822358	0.0	141.763977766037
375	-33.777348	7.4030967	-21.94213	-45.430344	25.652174	-37.042297	0.009633885	-36.995102	-37.044266	225600	-2.78155e-09	64.23548	-0.020294178	-10.290894	0.008746239	0.0	142.114844083786
376	-34.95353	10.045993	-18.759783	-57.998302	25.652174	-34.029877	0.00953507	-33.983162	-34.031822	226200	-4.8478444e-08	100.49891	-0.020504279	-0.79390717	0.009134082	0.0	142.48800444602966
377	-33.152897	9.061466	-21.493124	-54.30402	25.608696	-34.864655	0.009517196	-34.818027	-34.866596	226800	-6.775061e-08	84.125244	-0.017006056	-2.526184	0.00990305	0.0	142.84905242919922
378	-34.637108	9.68729	-18.453707	-51.889694	25.913044	-33.354797	0.009493912	-33.308285	-33.356735	227400	2.3047129e-08	94.70573	-0.0145391	-1.6593399	0.007873264	1.0	143.19963550567627
379	-34.23283	7.7113113	-22.50025	-52.806347	25.695652	-34.585213	0.009518647	-34.53858	-34.58716	228000	1.7484028e-08	58.334885	-0.019754648	-0.11248779	0.008823714	0.0	143.55181646347046
380	-35.359764	8.763356	-21.325554	-53.15179	25.73913	-34.263115	0.009491698	-34.216618	-34.265057	228600	-3.3577283e-08	77.558136	-0.015017862	-1.271141	0.008477677	0.0	144.22910332679749
381	-36.703724	7.655889	-23.131815	-54.371075	25.391304	-35.360306	0.00950752	-35.31373	-35.362247	229200	-1.5894573e-08	58.997414	-0.017889021	-1.8957405	0.009212071	0.0	144.6336166858673
382	-30.751112	8.0025425	-20.01505	-53.89248	25.652174	-36.708836	0.00952325	-36.66218	-36.71078	229800	3.0199686e-08	98.31672	-0.021060739	-34.094475	0.0075650485	0.0	145.043879032135
383	-35.561214	8.40453	-19.24669	-49.15428	25.695652	-31.334375	0.009668143	-31.287008	-31.33635	230400	-8.543332e-08	86.63547	-0.022919241	-16.857986	0.006539441	1.0	145.53067088127136
384	-32.44076	5.901731	-24.156635	-45.74756	25.652174	-34.964897	0.009396142	-34.91886	-34.966812	231000	-5.3445497e-08	40.662743	-0.010428243	-6.2530556	0.009480039	0.0	146.06573247909546
385	-35.591793	7.3086777	-20.068504	-49.082706	25.73913	-32.775063	0.009509719	-32.72847	-32.777	231600	2.3841857e-09	59.981186	-0.019210923	-7.427376	0.009232731	0.0	146.7988200187683
386	-35.35052	8.629319	-21.662674	-51.687428	25.695652	-35.163174	0.009259987	-35.117805	-35.165062	232200	2.4835268e-08	73.232124	-0.014140145	-0.05075836	0.009934665	0.0	147.59886121749878
387	-34.32113	7.381301	-22.939857	-54.163963	25.869566	-35.381283	0.009236203	-35.336033	-35.383167	232800	1.5894572e-09	55.355545	-0.014502743	-0.9082451	0.009435586	0.0	148.20076751708984
388	-34.81398	7.774516	-21.699907	-52.75887	25.695652	-34.52061	0.009334135	-34.47488	-34.522514	233400	-7.549922e-09	59.07573	-0.014623936	-0.059360504	0.006507802	1.0	148.7628059387207
389	-34.632477	9.031915	-20.551971	-57.96469	25.695652	-34.73938	0.009258529	-34.69403	-34.74128	234000	8.881092e-08	80.568085	-0.02994898	-0.003211975	0.009126886	0.0	149.15843105316162
390	-35.02783	9.070298	-21.456627	-55.619102	25.956522	-34.68808	0.00925642	-34.64273	-34.68997	234600	3.973643e-09	82.64744	-0.020033183	-0.19876862	0.008334508	0.0	149.86520957946777
391	-66.68496	164.44797	-19.525883	-854.31024	24.708334	-35.106075	0.0094490005	-35.06076	-35.108047	235200	-4.2915346e-08	1199.773	-0.029133933	-1.6949463	0.0062936177	0.0	150.2224509716034
392	-35.59821	9.88231	-20.46734	-66.70166	25.73913	-33.897804	0.004727903	-33.87464	-33.89877	235800	9.139379e-09	101.3505	-0.024807606	-3.0193558	0.009374643	0.0	150.57192301750183
393	-34.508575	10.681077	-19.572308	-60.448696	25.826086	-35.545578	0.004686859	-35.522614	-35.54653	236400	-2.78155e-09	114.43405	-0.01107615	-0.97473145	0.008586843	0.0	150.93089318275452
394	-34.311764	8.566651	-21.79959	-56.536713	25.652174	-34.603798	0.0045859143	-34.581333	-34.604736	237000	-4.7683715e-09	72.757355	-0.021346519	-0.07740021	0.008974843	0.0	151.29268264770508
395	-32.397987	8.274145	-22.210718	-49.662544	25.47826	-34.332973	0.0045589493	-34.310642	-34.333908	237600	-1.947085e-08	70.548	-0.013940261	-3.577896	0.008768892	0.0	151.6275293827057
396	-33.27578	8.721994	-20.26207	-51.979263	25.652174	-32.49897	0.0043563587	-32.47763	-32.499863	238200	-6.556511e-08	76.43252	-0.015286579	-0.6194458	0.008753061	0.0	151.97045040130615
397	-32.939175	8.310574	-19.784096	-48.48094	25.695652	-33.265366	0.004439391	-33.243618	-33.266273	238800	4.371007e-09	67.93049	-0.012627428	-0.08847046	0.00816657	0.0	152.32643485069275
398	-36.864204	6.5610876	-22.331861	-50.201965	25.565218	-32.973236	0.004409465	-32.951633	-32.974136	239400	-2.3047129e-08	57.682278	-0.01878844	-14.967186	0.009328739	0.0	152.6739330291748
399	-33.78551	8.335289	-23.499136	-59.25265	25.73913	-36.70358	0.004795284	-36.680084	-36.704556	240000	-3.953775e-08	77.0458	-0.016837401	-8.136841	0.008054647	1.0	153.03396463394165
400	-31.36678	7.5140142	-20.546444	-52.143417	25.73913	-33.987118	0.00452608	-33.964947	-33.988045	240600	-1.8676122e-08	62.76005	-0.01666872	-6.307251	0.0085307965	0.0	153.7129774093628
401	-32.7297	6.758793	-24.806067	-49.74619	25.565218	-31.592169	0.004279537	-31.571203	-31.593044	241200	2.0662943e-08	46.06875	-0.012713418	-1.2236977	0.008717348	0.0	154.05829858779907
402	-34.463047	9.641549	-20.432241	-52.350143	25.608696	-32.646633	0.004388536	-32.625137	-32.647533	241800	2.7020773e-08	94.83823	-0.017158398	-3.4323425	0.009558986	0.0	154.42214131355286
403	-34.64835	9.5597	-18.60371	-51.29676	25.73913	-34.428513	0.0045723952	-34.406113	-34.429447	242400	-9.735425e-09	90.19455	-0.018721575	-0.050224304	0.007745232	0.0	154.7868766784668
404	-34.051453	6.526314	-23.17089	-45.46116	25.652174	-34.648575	0.0045919195	-34.62608	-34.649513	243000	-5.3246815e-08	42.06737	-0.016323837	-0.35822296	0.007647764	0.0	155.12584853172302
405	-35.4938	8.4999485	-23.256807	-47.824024	25.869566	-34.06353	0.0045320927	-34.041325	-34.064453	243600	3.33786e-08	73.870705	-0.01940368	-2.1441422	0.0064110365	1.0	155.47715163230896
406	-34.517696	9.123587	-21.019968	-53.301735	25.695652	-35.500942	0.0046756426	-35.47804	-35.5019	244200	-2.6226044e-08	81.979645	-0.017684763	-0.8797455	0.009033558	0.0	155.82855486869812
407	-36.944664	9.677302	-22.386358	-57.512577	25.652174	-34.575314	0.004588121	-34.552837	-34.576252	244800	-6.318092e-08	97.3562	-0.017532762	-5.3993835	0.009017787	0.0	156.19900488853455
408	-35.131092	7.7033467	-21.17635	-54.407745	25.391304	-36.86468	0.004800476	-36.841164	-36.86566	245400	-6.7154566e-08	60.41922	-0.017879844	-2.9087105	0.007691578	0.0	156.58283925056458
409	-34.81547	8.864716	-22.179882	-52.45645	25.565218	-35.18271	0.004642757	-35.15997	-35.183662	246000	-6.516775e-08	77.40116	-0.014055565	-0.09139252	0.008649454	0.0	156.9243679046631
410	-34.002167	7.758958	-20.354816	-50.0434	25.608696	-34.881447	0.0046173083	-34.85883	-34.882393	246600	6.3975655e-08	59.566746	-0.010317411	-0.76787186	0.0072530443	0.0	157.61629486083984
411	-31.130234	6.008899	-19.59993	-43.300365	25.608696	-34.00573	0.0045328434	-33.98353	-34.00666	247200	3.0994414e-08	43.76971	-0.021622792	-8.30452	0.00651896	1.0	157.99085187911987
412	-36.517773	6.8161674	-23.389591	-48.441093	25.52174	-31.148046	0.004247785	-31.127237	-31.148916	247800	-1.9868216e-09	73.08597	-0.010300736	-27.083767	0.009480015	0.0	158.60988330841064
413	-33.011227	7.0967197	-19.707184	-47.02655	25.608696	-36.07113	0.00465698	-36.048313	-36.07208	248400	6.357829e-08	58.48845	-0.017627424	-8.701164	0.0065901685	1.0	159.00661826133728
414	-34.71427	9.606351	-18.447971	-55.727566	25.869566	-33.33264	0.004455831	-33.31081	-33.33355	249000	4.430612e-08	93.89645	-0.017637862	-1.9149857	0.007524144	1.0	159.46274781227112
415	-34.446342	7.7566986	-22.154402	-46.59727	25.565218	-34.621113	0.004555329	-34.598797	-34.622044	249600	6.7551933e-09	58.981373	-0.018557504	-0.032661438	0.006610105	1.0	160.09193539619446
416	-33.857952	10.374535	-20.59704	-62.16704	26.0	-34.453667	0.004538131	-34.431435	-34.454594	250200	-4.688899e-08	108.3357	-0.021050213	-0.27480316	0.009679747	0.0	160.61598420143127
417	-34.25973	6.5736113	-21.435537	-45.634716	25.52174	-33.95094	0.004505241	-33.92887	-33.951862	250800	1.9669534e-08	42.45657	-0.017019486	-0.07606125	0.007825778	0.0	161.12334084510803
418	-34.553688	8.975929	-20.530664	-54.58907	25.47826	-34.217	0.0045186644	-34.19486	-34.21792	251400	-2.4239222e-08	78.37271	-0.01630066	-0.13259125	0.008917725	0.0	161.6845681667328
419	-32.941833	8.819572	-20.74429	-55.801376	25.608696	-34.572872	0.004547102	-34.5506	-34.573803	252000	8.424123e-08	78.88731	-0.011707452	-2.5032883	0.006986653	0.0	162.08036851882935
420	-36.367542	9.583867	-19.948881	-60.001064	25.608696	-33.0225	0.0044297087	-33.000797	-33.023403	252600	-1.3113022e-08	103.0264	-0.020111945	-11.449783	0.009189811	0.0	162.87775349617004
421	-37.047535	9.601644	-24.531433	-61.347694	25.695652	-36.289803	0.004661473	-36.266964	-36.290752	253200	4.3114028e-08	91.61164	-0.019567052	-0.638031	0.008511096	0.0	163.57157373428345
422	-31.134703	7.544622	-20.393215	-52.78374	25.608696	-37.07095	0.004718974	-37.047832	-37.071915	253800	5.662441e-09	91.01807	-0.019870497	-33.976574	0.008869625	0.0	163.93730568885803
423	-35.319984	8.861157	-20.916843	-61.118313	25.565218	-31.736143	0.0044360165	-31.71441	-31.73705	254400	-4.271666e-08	89.52119	-0.013429424	-12.178093	0.0076648523	1.0	164.50703406333923
424	-31.779505	6.59666	-18.954468	-42.79299	25.695652	-34.829666	0.004574736	-34.80726	-34.830605	255000	3.5762786e-09	51.923153	-0.012837553	-8.999226	0.0083892485	1.0	165.19478297233582
425	-34.91853	8.825389	-20.046669	-51.128735	25.695652	-32.194427	0.0044619166	-32.172565	-32.195335	255600	4.0133795e-08	84.79032	-0.019525528	-7.2016983	0.0088693425	0.0	165.64390182495117
426	-34.912853	9.10699	-22.153118	-59.68039	25.73913	-34.54131	0.004547083	-34.51903	-34.542236	256200	-2.9802322e-10	82.017426	-0.007302513	-0.17008209	0.0075687617	2.0	166.02348923683167
427	-33.671986	8.81695	-20.27878	-59.32796	25.52174	-34.925846	0.004565819	-34.903477	-34.926777	256800	2.3841858e-08	78.05112	-0.015203743	-1.4492188	0.009862666	0.0	166.36991167068481
428	-32.86159	7.445535	-21.829935	-46.76154	25.73913	-33.841652	0.0045314357	-33.81945	-33.842575	257400	-1.4305114e-08	55.37297	-0.017320411	-1.041729	0.008918206	0.0	166.75001573562622
429	-32.988243	9.745544	-21.302643	-58.830257	25.826086	-32.90533	0.0044843135	-32.883358	-32.906242	258000	-2.404054e-08	94.30866	-0.019102434	-0.012527466	0.0065400563	1.0	167.10586714744568
430	-35.496857	8.607592	-18.886179	-57.250416	25.73913	-33.00493	0.0044865827	-32.98295	-33.005844	258600	4.9273172e-08	79.28993	-0.014764878	-5.854286	0.006747408	1.0	167.81447315216064
431	-31.842484	8.169291	-19.242863	-45.11381	25.73913	-35.24121	0.004541901	-35.218964	-35.24214	259200	6.357829e-09	77.51426	-0.011443673	-11.132469	0.009343868	0.0	168.16748762130737
432	-31.477955	8.305026	-19.873209	-50.173725	25.608696	-32.206776	0.0044656503	-32.1849	-32.207687	259800	2.4239222e-08	68.157646	-0.014792802	-0.58154297	0.009613866	1.0	168.5194535255432
433	-37.95644	12.231573	-20.553394	-71.246895	25.782608	-31.49105	0.0044267657	-31.469366	-31.491957	260400	1.5298525e-08	191.08182	-0.013953543	-40.130524	0.009513156	0.0	168.8780071735382
434	-36.813118	10.460802	-20.03521	-56.363102	25.782608	-36.934452	0.004438741	-36.912704	-36.935356	261000	-4.529953e-08	108.06931	-0.014245833	-0.012176514	0.0069935466	0.0	169.23450636863708
435	-33.39627	6.351107	-21.891846	-46.44942	25.73913	-36.874557	0.004437246	-36.852818	-36.87546	261600	5.801519e-08	51.70688	-0.014426465	-11.310478	0.008670863	0.0	169.58862161636353
436	-37.295982	10.308136	-19.763067	-65.12369	25.782608	-33.997032	0.004480602	-33.97508	-33.997944	262200	5.5631002e-08	117.59469	-0.015351815	-10.736305	0.009307013	0.0	169.92865467071533
437	-32.72475	6.481624	-23.983995	-45.90646	25.782608	-36.742874	0.0044275303	-36.721184	-36.74378	262800	-1.2318293e-08	57.408436	-0.013559581	-15.021404	0.009599212	0.0	170.28753447532654
438	-31.907965	7.434374	-18.123379	-46.84909	25.695652	-33.551445	0.004524708	-33.529278	-33.55237	263400	-1.6490619e-08	57.12591	-0.016012028	-2.7352333	0.0089709945	0.0	170.66723895072937
439	-34.401764	8.86355	-22.77549	-54.747463	25.52174	-32.13309	0.004541871	-32.110844	-32.13402	264000	-5.165736e-08	81.82886	-0.017569661	-4.8541183	0.008416721	0.0	171.0312261581421
440	-31.525213	7.1909404	-19.374262	-44.709763	25.695652	-33.973236	0.0044798558	-33.951286	-33.974148	264600	-4.798174e-08	56.818504	-0.00916799	-5.777523	0.0092493845	0.0	171.7307369709015
441	-34.10025	9.330716	-18.759443	-52.1842	25.47826	-31.966148	0.004532182	-31.943945	-31.967073	265200	1.9868216e-09	89.08598	-0.009685001	-3.96109	0.0091229165	0.0	172.05867409706116
442	-33.428265	8.2999	-19.364351	-50.930405	25.608696	-33.632435	0.004446195	-33.610653	-33.633343	265800	-1.5894573e-08	68.23939	-0.01324636	-0.02859497	0.008331311	0.0	172.41157865524292
443	-35.424816	10.280936	-17.387518	-58.43482	25.391304	-33.50266	0.004450676	-33.480854	-33.503567	266400	1.66893e-08	106.42698	-0.015500645	-3.247139	0.006706422	1.0	172.76795864105225
444	-31.071201	7.522194	-18.369204	-45.241665	25.434782	-35.063503	0.004367711	-35.042103	-35.064392	267000	-2.682209e-08	71.29131	-0.015150741	-15.374111	0.0061864397	0.0	173.1199152469635
445	-34.480667	10.161009	-21.530767	-55.392487	25.869566	-31.731073	0.0044874605	-31.70909	-31.73199	267600	-1.3510387e-08	110.25555	-0.008174294	-7.3261566	0.008736203	0.0	173.46524357795715
446	-36.257053	9.507172	-23.685043	-60.5525	25.826086	-33.996746	0.004378909	-33.975292	-33.99764	268200	3.5762786e-09	95.46306	-0.013230719	-4.9188156	0.006365525	1.0	173.8057746887207
447	-33.71913	9.318022	-22.467596	-53.803753	25.391304	-35.909603	0.0042810156	-35.88863	-35.910477	268800	-1.9868216e-09	89.37267	-0.019684479	-4.284973	0.0066483337	1.0	174.1686487197876
448	-33.966145	7.6774364	-23.337969	-50.023483	25.391304	-34.152115	0.0043871645	-34.13062	-34.153008	269400	-2.4835268e-08	58.000626	-0.01680983	-0.035404205	0.008815893	0.0	174.5181062221527
449	-33.223328	5.2342157	-21.627361	-43.350098	25.608696	-33.972233	0.004389346	-33.95073	-33.97313	270000	-2.324581e-08	27.589798	-0.018182535	-0.50554276	0.0064420914	1.0	174.88035202026367
450	-38.895958	11.86818	-18.667137	-59.333736	25.608696	-33.345604	0.0044229906	-33.32394	-33.34651	270600	3.1938157e-08	168.72678	-0.028814549	-28.671646	0.009069054	1.0	175.5851287841797
451	-36.220604	11.322618	-18.65937	-62.035534	25.347826	-37.866394	0.004104599	-37.846287	-37.867233	271200	1.5894573e-08	128.11472	-0.016611002	-2.6198425	0.00943506	0.0	175.92242622375488
452	-36.5033	8.157482	-24.46007	-57.35033	25.47826	-36.542904	0.004184585	-36.522404	-36.54376	271800	8.543332e-09	63.96047	-0.014140633	-0.0115737915	0.00878388	0.0	176.26585960388184
453	-33.308514	10.78991	-18.75016	-61.593613	25.565218	-36.43436	0.004162158	-36.41397	-36.43521	272400	-1.37090685e-08	123.17232	-0.015389222	-9.254997	0.0064151376	1.0	176.61155200004578
454	-33.022522	9.239025	-15.686716	-56.603622	25.217392	-33.83435	0.004337816	-33.813107	-33.835243	273000	1.8278758e-08	83.4697	-0.016904391	-0.6749954	0.007760067	0.0	176.9759020805359
455	-34.27883	9.425942	-18.514326	-51.91501	25.52174	-33.101685	0.0043707215	-33.080276	-33.10258	273600	2.6226044e-08	88.41686	-0.017994098	-1.3090363	0.00837348	1.0	177.34131002426147
456	-35.897846	10.890322	-21.908276	-62.786846	25.47826	-34.09834	0.004286997	-34.077343	-34.09922	274200	1.1920929e-08	117.78471	-0.010782176	-2.9269028	0.0065743676	0.0	177.69337368011475
457	-33.775074	8.902943	-20.965433	-54.368477	25.565218	-35.615845	0.0041546817	-35.595493	-35.616695	274800	1.2715658e-08	80.283005	-0.019844752	-3.342575	0.008673884	0.0	178.0275468826294
458	-37.612087	9.528028	-22.199083	-52.591454	25.347826	-34.00108	0.00425261	-33.980247	-34.00195	275400	-3.973643e-08	100.05052	-0.0161418	-11.638779	0.008476338	0.0	178.3830051422119
459	-33.968903	9.3115	-18.04781	-49.847813	25.47826	-36.988125	0.0039819772	-36.968616	-36.988937	276000	-5.0465268e-08	94.592285	-0.008913811	-8.564339	0.0076287594	0.0	178.74102020263672
460	-34.40809	8.980908	-15.640422	-50.67645	25.565218	-34.457798	0.0041689174	-34.43737	-34.458645	276600	-1.5894572e-09	79.34445	-0.016538225	-0.007255554	0.009496015	0.0	179.46609020233154
461	-32.191944	9.539036	-18.787558	-48.432835	25.52174	-34.360455	0.004154651	-34.340103	-34.361305	277200	-1.8874804e-08	93.27762	-0.01759135	-4.7295837	0.008420605	0.0	179.80206727981567
462	-31.754505	9.088696	-22.123749	-64.91695	25.52174	-32.43237	0.004281014	-32.411396	-32.433243	277800	4.0382147e-08	78.60118	-0.035393313	-0.570137	0.009269521	0.0	180.15351343154907
463	-30.893003	9.521671	-16.823671	-48.040146	25.47826	-31.742859	0.004287742	-31.721853	-31.743734	278400	-4.271666e-09	89.66954	-0.005340962	-0.71746063	0.009535648	2.0	180.49644327163696
464	-34.346867	9.234945	-21.501171	-49.13462	25.47826	-30.970331	0.004330349	-30.949121	-30.97122	279000	-3.238519e-08	93.754326	-0.011885685	-10.184959	0.008387579	0.0	180.85157656669617
465	-31.175966	8.015606	-21.85157	-49.0742	25.47826	-33.842613	0.0040447684	-33.822796	-33.843437	279600	1.66893e-08	69.66703	-0.016736507	-6.420063	0.008895211	0.0	181.1916344165802
466	-32.560207	10.221803	-17.404482	-50.26532	25.347826	-31.583178	0.0042402665	-31.562405	-31.584044	280200	-2.3345153e-08	102.8969	-0.013853043	-0.803627	0.008068521	2.0	181.53939414024353
467	-38.075783	9.691883	-20.630419	-58.17756	25.434782	-32.383068	0.004143472	-32.362766	-32.38391	280800	-1.6291937e-08	123.28112	-0.015357318	-29.789589	0.0063042976	1.0	181.88778710365295
468	-35.678394	7.941244	-22.190155	-61.496696	25.304348	-37.116577	0.0037136506	-37.098377	-37.11733	281400	-7.450581e-09	62.23703	-0.014203507	-2.0855446	0.008266087	0.0	182.24624013900757
469	-32.31586	9.8681345	-16.893888	-51.43183	25.217392	-35.90282	0.003789116	-35.884262	-35.9036	282000	-4.45048e-08	106.55874	-0.017167924	-12.10965	0.008719023	0.0	182.58437991142273
470	-37.568043	12.138173	-19.586763	-63.027138	25.173914	-32.903225	0.00403511	-32.88346	-32.904053	282600	2.0464261e-08	160.98317	-0.009527313	-18.491013	0.006284201	0.0	183.32348728179932
471	-33.483032	10.538789	-20.109827	-53.678978	25.434782	-36.475956	0.0036515782	-36.458065	-36.4767	283200	-1.7881394e-08	117.92508	-0.016368572	-8.35302	0.006613979	0.0	183.66717863082886
472	-32.964844	9.171582	-18.001877	-49.221874	25.52174	-34.11588	0.0038347433	-34.09709	-34.11666	283800	-1.37090685e-08	83.83676	-0.009129583	-1.2285156	0.006015625	0.0	184.00373697280884
473	-33.138535	8.711663	-15.259386	-52.294857	25.652174	-33.157948	0.003911763	-33.138783	-33.158745	284400	4.371007e-09	74.60777	-0.011616419	-0.00016784668	0.008499544	0.0	184.35307145118713
474	-30.54386	8.471373	-20.655277	-47.319057	25.304348	-33.137146	0.0039094933	-33.117992	-33.137943	285000	6.079674e-08	76.107796	-0.011008628	-6.2073364	0.005317527	0.0	184.7037389278412
475	-31.900446	9.919422	-15.778381	-54.021652	25.73913	-30.55748	0.5459062	-29.547924	-30.983809	285600	-7.152557e-09	98.96841	-0.01468857	-1.8115845	0.009127482	0.0	185.02532577514648
476	-35.64389	12.8645525	-20.231321	-70.19976	25.73913	-31.676556	0.0040140077	-31.656906	-31.677425	286200	1.4702479e-08	181.376	-0.013184783	-15.195816	0.00773563	0.0	185.3685302734375
477	-29.76458	9.65776	-18.703403	-55.938118	25.565218	-35.01009	0.0037452902	-34.991764	-35.01091	286800	-2.3047129e-08	118.88617	-0.023509322	-26.393158	0.008932734	0.0	185.7318959236145
478	-32.65254	8.320539	-19.597153	-51.312267	25.608696	-30.832188	0.0040812306	-30.812214	-30.833076	287400	1.2318293e-08	72.217606	-0.017719148	-3.1835327	0.0073358156	0.0	186.1139795780182
479	-33.16835	9.848226	-19.722607	-53.650608	25.47826	-32.24203	0.0039431937	-32.222733	-32.24289	288000	3.3775966e-09	95.54419	-0.0062698293	-0.76377106	0.008265768	0.0	186.4754922389984
480	-34.253113	10.360445	-18.096375	-53.721794	25.782608	-32.98711	0.0038639733	-32.968197	-32.98795	288600	-1.9172827e-08	108.39661	-0.015837008	-1.6732864	0.008724112	0.0	187.2004725933075
481	-32.6193	9.974619	-16.456064	-55.32839	25.434782	-34.081127	0.0037830395	-34.06261	-34.08195	289200	-4.549821e-08	99.1963	-0.02131931	-2.0098495	0.008921133	1.0	187.55816626548767
482	-31.878553	7.2784386	-16.014923	-40.784195	25.565218	-32.885887	0.0038817988	-32.866886	-32.88673	289800	-3.218651e-08	53.14714	-0.016991187	-1.0939255	0.00795012	0.0	187.89345812797546
483	-35.05097	9.500704	-21.400265	-57.7765	25.695652	-31.97348	0.0039347867	-31.954222	-31.974337	290400	1.7484028e-08	97.28084	-0.016811786	-8.615219	0.0065120845	0.0	188.25311589241028
484	-28.942642	8.026774	-18.26353	-56.124485	25.695652	-34.490177	0.0036882963	-34.472126	-34.490982	291000	-4.8577785e-08	93.722694	-0.014951354	-28.361801	0.008281258	0.0	188.61313247680664
485	-32.048862	7.719616	-15.983244	-48.68976	25.73913	-30.124453	0.0040806783	-30.10448	-30.125343	291600	1.7881393e-09	62.060677	-0.014594924	-3.2608185	0.0069676894	0.0	188.97591829299927
486	-29.38686	7.6267095	-17.875074	-44.53101	25.652174	-31.559254	0.003912077	-31.540108	-31.560108	292200	-4.4902166e-08	61.96653	-0.018368073	-4.261673	0.007800659	1.0	189.3479654788971
487	-29.36305	7.076621	-16.400166	-46.163296	25.695652	-29.87042	0.0040796334	-29.850456	-29.871313	292800	1.5497207e-08	49.11756	-0.014467426	-0.29408646	0.008158389	0.0	189.7154700756073
488	-36.45013	11.204218	-19.26187	-55.97779	25.73913	-29.395283	0.0041023376	-29.375202	-29.396175	293400	-3.1789145e-09	173.3295	-0.02441843	-46.124214	0.009748023	0.0	190.06379461288452
489	-32.723392	9.540326	-17.914492	-59.39154	25.608696	-34.736588	0.0036053448	-34.71895	-34.73738	294000	8.1658364e-08	92.47383	-0.012330107	-3.707962	0.009538669	0.0	190.4298644065857
490	-32.848915	11.377078	-17.322859	-61.3441	25.565218	-33.31088	0.0037147757	-33.292698	-33.31169	294600	5.7021776e-08	125.21237	-0.01446383	-0.25174713	0.0068137688	0.0	191.3180251121521
491	-31.526224	9.396757	-17.254042	-55.602848	25.347826	-32.885967	0.0037301956	-32.867718	-32.886787	295200	-2.9206277e-08	88.555695	-0.013814581	-1.6734314	0.006204185	0.0	191.81959867477417
492	-36.541134	13.760688	-19.467962	-67.51666	25.391304	-31.8435	0.00381862	-31.82481	-31.844334	295800	2.404054e-08	205.06961	-0.023958812	-19.397263	0.009580636	0.0	192.33838391304016
493	-34.661865	8.331896	-18.877205	-46.56992	25.434782	-35.307163	0.0034946862	-35.29006	-35.307922	296400	-2.8610229e-08	68.482086	-0.017738272	-0.31798553	0.0071218666	0.0	192.97596049308777
494	-33.543156	9.533969	-16.083998	-47.26991	25.652174	-34.90513	0.003529706	-34.88785	-34.905895	297000	-1.3510387e-08	91.54099	-0.02011405	-1.9198227	0.008961342	0.0	193.50917172431946
495	-33.44084	7.592933	-15.61187	-49.923244	25.47826	-33.777752	0.00359502	-33.760155	-33.778534	297600	6.238619e-08	56.054764	-0.018901134	-0.106090546	0.008096275	1.0	194.06449961662292
496	-32.618526	11.620056	-16.86695	-59.133377	25.608696	-33.496803	0.0036095486	-33.479134	-33.497585	298200	-4.6690307e-08	132.46356	-0.013584559	-0.8113098	0.006611244	1.0	194.46066331863403
497	-31.005627	9.195624	-17.838911	-49.48449	25.391304	-32.744396	0.0036517258	-32.726524	-32.745193	298800	-7.549922e-09	85.52156	-0.0069616507	-2.8243637	0.008522788	0.0	194.8858458995819
498	-34.357548	11.477872	-19.855873	-66.0441	25.173914	-31.321589	0.0037630207	-31.303173	-31.322414	299400	2.78155e-09	134.12698	-0.015933748	-7.8470383	0.009476199	0.0	195.25875210762024
499	-30.602945	8.725208	-17.26811	-49.27359	25.52174	-33.666317	0.0035242746	-33.649063	-33.66708	300000	-1.4305114e-08	83.9855	-0.012696531	-9.014442	0.0067067966	0.0	196.15041303634644
