Epoch	AverageEpRet	StdEpRet	MaxEpRet	MinEpRet	EpLen	AverageVVals	StdVVals	MaxVVals	MinVVals	TotalEnvInteracts	LossPi	LossV	DeltaLossPi	DeltaLossV	KL	BacktrackIters	Time
0	-819.3276	62.03761	-662.0758	-910.3991	7.468354	0.08144976	0.7935977	1.6001947	-1.609618	600	-6.437302e-08	613097.8	-0.06152934	-5099.5625	0.009050474	0.0	0.7382736206054688
1	-805.7152	64.981705	-666.30035	-883.4916	9.564516	-3.217933	0.34626168	-1.0801263	-3.6060371	1200	4.2120615e-08	591048.75	-0.040517677	-4214.9375	0.0068974765	1.0	1.134413242340088
2	-787.426	70.11662	-652.2105	-900.78033	14.615385	-5.928126	0.5841535	-1.7189727	-6.260791	1800	-2.3841858e-07	562606.0	-0.039379034	-3590.625	0.0068665585	0.0	1.5150706768035889
3	-791.9074	90.554245	-406.5426	-900.9832	13.272727	-8.304033	1.4602407	-0.89098173	-9.238266	2400	1.0808309e-07	541631.25	-0.0481706	-3280.1875	0.008039643	0.0	1.897223711013794
4	-783.09766	101.276764	-413.16693	-912.1468	27.47619	-10.206121	1.7992008	-2.8913867	-11.783244	3000	-2.0583471e-07	570643.6	-0.026174245	-2947.1875	0.0091766855	0.0	2.262993574142456
5	-782.0677	83.75382	-617.627	-924.04767	22.423077	-12.202134	2.1110778	-2.6794949	-13.952238	3600	-8.106232e-08	528590.75	-0.047251653	-2877.8125	0.008488792	0.0	2.641897439956665
6	-690.9747	139.60728	-333.19867	-851.4197	27.904762	-14.076421	2.537219	-4.6652594	-16.120157	4200	3.695488e-08	426554.62	-0.04233016	-2404.9062	0.007665224	0.0	3.02195405960083
7	-672.62146	191.33228	-70.225426	-887.5759	25.52174	-16.054987	2.563745	1.8339577	-18.093252	4800	1.6887983e-08	418181.03	-0.04241541	-2874.5625	0.008498006	0.0	3.3890066146850586
8	-595.9313	204.65984	-164.41975	-863.5553	27.272728	-18.272255	2.4840744	-2.681034	-20.107277	5400	-6.039937e-08	316680.1	-0.029774103	-2158.375	0.0058694077	0.0	3.7748425006866455
9	-590.7368	206.43848	-150.9363	-877.1539	28.190475	-20.447512	2.1711707	-7.2278304	-22.114422	6000	-2.6623407e-08	323640.1	-0.04183572	-1962.9062	0.0079534575	0.0	4.151871919631958
10	-574.8534	207.81476	-179.17906	-862.0854	26.818182	-22.29561	2.3109114	-16.389244	-24.158905	6600	2.2013982e-07	280314.28	-0.030397978	-2561.25	0.008138163	0.0	4.667679071426392
11	-383.36963	223.5428	-62.898273	-731.2479	29.8	-24.88802	2.3126786	-4.1602583	-26.195847	7200	-6.8942704e-08	187952.4	-0.042046	-1303.0	0.008115901	0.0	5.046719074249268
12	-374.46133	176.67448	-95.540016	-684.27216	31.210526	-26.705536	1.855014	-13.362499	-27.988693	7800	-8.8214875e-08	165220.02	-0.03216961	-1164.8438	0.0066467193	0.0	5.3917765617370605
13	-309.71338	159.57188	-99.42933	-705.0559	29.25	-28.492126	2.3123248	-4.6032743	-29.712603	8400	-3.218651e-08	112959.945	-0.025491126	-795.09375	0.0054276907	0.0	5.763448238372803
14	-319.1346	212.80049	-44.431698	-821.1705	28.190475	-29.988363	2.1405225	-13.825805	-31.230331	9000	6.039937e-08	119454.76	-0.046247054	-768.6406	0.00674073	0.0	6.126646518707275
15	-304.39804	233.9171	-42.55933	-859.19135	26.043478	-31.374088	2.6821504	-6.4242563	-32.72741	9600	-6.218751e-08	94249.48	-0.046832893	-605.0625	0.008821575	0.0	6.487762689590454
16	-305.6201	251.67589	-66.028076	-867.7687	26.181818	-32.613132	2.9408855	-7.086832	-34.091896	10200	-2.8610229e-08	97632.09	-0.033450298	-568.0547	0.0067660618	0.0	6.851055383682251
17	-177.54912	189.75012	-35.632458	-827.76697	25.565218	-34.484608	2.2896264	-16.61172	-35.400635	10800	-4.3710074e-08	36525.895	-0.04861425	-187.97266	0.0064864215	0.0	7.198489427566528
18	-182.86096	167.98244	-41.87223	-865.1961	25.782608	-35.07857	2.7058403	-10.446418	-36.241066	11400	1.4305114e-08	24093.953	-0.03425535	-182.69727	0.0050756163	0.0	7.549517869949341
19	-203.9691	207.84128	-45.574337	-835.89014	24.541666	-35.9153	2.5663524	-21.268827	-37.072887	12000	1.5894573e-08	24740.36	-0.03786018	-179.0586	0.007998827	0.0	7.903940439224243
20	-159.44316	190.35841	-37.94961	-836.9488	25.086956	-36.877525	3.002621	-4.310983	-37.917976	12600	6.039937e-08	32037.754	-0.036030553	-140.24414	0.004513676	0.0	8.399795293807983
21	-135.91028	161.85573	-27.529028	-854.6271	24.0	-37.835697	2.4477947	-16.596285	-38.652443	13200	2.9404958e-08	9850.1	-0.035939604	-85.09473	0.0063358126	0.0	8.749534130096436
22	-119.1327	70.04293	-30.70411	-323.21866	25.608696	-38.307537	2.4184363	-25.815664	-39.23561	13800	-9.814898e-08	12348.176	-0.049670305	-104.75488	0.006568273	0.0	9.097891569137573
23	-111.73013	148.40732	-41.069878	-826.04706	23.6	-39.536476	1.6413074	-27.700808	-39.92612	14400	-2.0662943e-08	3584.471	-0.027907602	-42.43091	0.0021663776	0.0	9.454962015151978
24	-104.091805	157.68073	-21.560774	-846.85974	24.125	-39.981945	1.7002077	-27.971886	-40.388676	15000	3.8146972e-08	2997.827	-0.045725383	-21.33374	0.004747486	0.0	9.792361497879028
25	-86.40509	47.970615	-33.66242	-175.02786	25.347826	-40.04108	2.2920213	-22.465157	-40.730022	15600	2.5729339e-08	4568.653	-0.041605726	-40.441895	0.0063932636	0.0	10.13026738166809
26	-75.21881	36.630363	-30.466208	-205.81084	25.086956	-40.686245	2.0176723	-20.468992	-41.181156	16200	-1.9868216e-08	2657.1167	-0.023952823	-23.308838	0.0038154188	0.0	10.456855297088623
27	-77.99023	23.548288	-33.642338	-135.88203	24.333334	-41.340626	1.2409658	-33.06467	-41.556225	16800	-8.026759e-08	1845.3435	-0.037222575	-31.154907	0.008353575	0.0	10.791503429412842
28	-105.73874	160.30637	-37.873993	-855.99976	23.88	-41.562023	1.8026011	-33.19704	-41.98467	17400	-2.3841858e-08	5018.9346	-0.046276696	-27.765625	0.0047060656	0.0	11.114383697509766
29	-78.93857	26.893232	-37.058445	-139.23071	24.666666	-42.11769	1.5112553	-33.369934	-42.402256	18000	9.059906e-08	2105.6414	-0.021586709	-33.64087	0.0056808363	0.0	11.455621242523193
30	-71.111084	23.494617	-34.904167	-110.1865	24.416666	-42.648113	1.3901854	-30.691515	-42.87365	18600	-6.854534e-08	1337.3204	-0.03077735	-24.021606	0.0057399217	0.0	11.94023847579956
31	-108.50315	158.86478	-22.93027	-854.6292	24.0	-42.742966	2.1509523	-33.651207	-43.27053	19200	9.536743e-09	4806.8237	-0.04021293	-32.92383	0.0070697893	0.0	12.274507522583008
32	-88.23008	33.455307	-20.558176	-163.45094	24.333334	-43.460945	1.6031886	-32.145554	-43.75162	19800	-6.357829e-09	3106.8247	-0.04230866	-54.32422	0.0069595934	0.0	12.6062912940979
33	-103.44867	154.25246	-26.17132	-832.2247	23.92	-44.040207	1.8195821	-27.45142	-44.383137	20400	-4.7683715e-09	3775.8687	-0.012499586	-28.42627	0.003928361	0.0	12.926178455352783
34	-64.209496	25.815266	-29.03796	-111.04934	24.333334	-44.75678	0.937879	-32.81669	-44.858788	21000	-2.7815501e-08	1005.2161	-0.037197266	-12.665283	0.0064845975	0.0	13.256212949752808
35	-112.05035	162.25084	-26.95989	-871.54126	24.041666	-44.49706	2.5915189	-34.34439	-45.188152	21600	-1.4305114e-08	3690.3757	-0.04392445	-34.883545	0.00639118	0.0	13.580583333969116
36	-81.787	35.980595	-31.880575	-198.77306	24.625	-45.43176	1.6922779	-34.556408	-45.71233	22200	3.7352244e-08	2771.971	-0.02576085	-42.3479	0.0076326784	0.0	13.91654896736145
37	-102.94852	160.99562	-27.801819	-880.36487	23.44	-46.197056	1.0348207	-34.784187	-46.32839	22800	3.8146972e-08	2460.995	-0.03982438	-23.678223	0.0045429603	0.0	14.248722314834595
38	-132.47131	210.05957	-30.81507	-854.571	22.615385	-46.492794	1.8263037	-34.92912	-46.81127	23400	-6.357829e-09	3574.8613	-0.03399294	-27.651855	0.0037119007	0.0	14.587819337844849
39	-79.10551	45.308323	-24.154446	-247.26941	24.583334	-46.94688	2.062322	-35.095016	-47.32947	24000	9.23872e-09	3283.1245	-0.02557119	-36.11206	0.0047974717	0.0	14.925697803497314
40	-77.284454	28.169403	-22.974318	-130.37831	24.416666	-47.714993	1.4787594	-35.326294	-47.92569	24600	-1.3510387e-08	1601.5352	-0.026090365	-33.964355	0.006636074	0.0	15.427597522735596
41	-80.90223	23.772367	-36.17983	-119.99527	24.333334	-48.384747	1.1365805	-35.51095	-48.52586	25200	1.39077505e-08	1554.2902	-0.026191605	-41.995728	0.007088739	0.0	15.788610219955444
42	-69.77286	39.60043	-20.352558	-197.8159	24.833334	-48.67578	2.322686	-35.711678	-49.203125	25800	-1.1920929e-08	2113.7942	-0.030661276	-21.230469	0.006430561	0.0	16.144418954849243
43	-101.003494	159.27156	-35.8731	-870.9503	23.48	-49.478237	1.4836727	-35.89277	-49.67995	26400	-6.516775e-08	2163.0037	-0.02934503	-17.866455	0.0026600182	0.0	16.510857343673706
44	-61.25292	24.707932	-26.361643	-113.52324	24.708334	-49.789173	1.8733876	-36.04925	-50.138	27000	2.4636586e-08	722.54364	-0.029678375	-6.489746	0.007189285	0.0	16.88823437690735
45	-102.26574	159.67332	-30.866585	-871.6701	23.68	-50.16551	1.5813842	-36.14675	-50.42521	27600	-3.4968057e-08	2394.839	-0.029046917	-20.575684	0.003504246	0.0	17.259208917617798
46	-59.70296	27.65896	-28.231497	-134.29512	24.583334	-50.34982	2.348254	-32.87728	-50.919106	28200	1.5894572e-09	837.33154	-0.032966364	-6.765991	0.0063804127	0.0	17.62938904762268
47	-76.20867	39.77781	-23.153053	-209.37924	24.916666	-50.16938	3.5053582	-36.411278	-51.175453	28800	2.582868e-08	2490.0273	-0.031487506	-84.09912	0.005879488	0.0	17.988795042037964
48	-66.084015	33.63613	-24.45394	-153.3897	25.043478	-51.289005	2.0905411	-39.436344	-51.789238	29400	2.8610229e-08	1351.6313	-0.025524942	-14.281616	0.0055026705	0.0	18.33672308921814
49	-61.941437	21.01616	-34.366306	-114.732056	24.5	-51.966934	1.4068477	-37.110065	-52.198322	30000	1.37090685e-08	516.4323	-0.02928948	-7.7237854	0.009077956	0.0	18.67829465866089
50	-74.10682	41.158154	-26.249762	-230.8419	24.791666	-52.00467	1.8626952	-39.38669	-52.493553	30600	-3.576279e-08	2383.0403	-0.02338609	-45.040283	0.0035116514	0.0	19.171754598617554
51	-59.396133	23.347248	-21.023823	-102.37541	24.708334	-52.80795	1.5166818	-40.087402	-53.11698	31200	3.2583873e-08	568.2512	-0.027407322	-12.819946	0.007040421	0.0	19.511505603790283
52	-101.82394	152.05124	-26.926985	-835.91943	23.76	-52.56602	1.8729337	-41.214577	-53.38465	31800	-2.3841858e-08	2063.2305	-0.033593904	-37.492554	0.0063719787	0.0	19.844069957733154
53	-60.538227	29.03745	-32.704258	-174.32677	24.875	-53.50596	2.0653248	-36.11125	-53.97074	32400	3.9339067e-08	943.7992	-0.020354835	-6.657959	0.002408224	0.0	20.1674485206604
54	-74.46192	27.352789	-32.460392	-128.24667	24.625	-53.805374	1.6440268	-40.764404	-54.25913	33000	4.45048e-08	1172.1265	-0.03303496	-28.044434	0.0065960004	1.0	20.49998378753662
55	-61.676846	26.134962	-22.817776	-116.03625	24.333334	-54.51857	2.0891387	-40.62848	-54.93094	33600	3.417333e-08	697.37006	-0.029715024	-21.862488	0.0077763135	0.0	20.833191633224487
56	-59.746613	21.329828	-32.081867	-113.5191	24.958334	-53.015125	3.5783725	-41.028255	-55.240055	34200	2.6424726e-08	493.87646	-0.017641751	-13.29834	0.0068557137	0.0	21.165642738342285
57	-58.953247	20.393162	-23.350323	-93.51771	24.625	-54.220764	2.4519136	-40.854256	-55.476074	34800	4.072984e-09	406.1453	-0.02743324	-6.226532	0.007809873	0.0	21.501408338546753
58	-56.193817	20.230015	-29.79681	-122.92286	25.0	-53.64676	3.0202773	-41.186653	-55.66539	35400	2.503395e-08	424.10095	-0.032427527	-6.476532	0.00795485	0.0	21.838916301727295
59	-55.700825	22.094952	-24.702488	-128.85612	24.625	-54.58726	2.555692	-41.0455	-55.750355	36000	-1.5993914e-08	472.0964	-0.026829338	-3.8972473	0.008602482	0.0	22.171271562576294
60	-61.8741	37.81065	-26.337215	-217.89897	24.75	-54.02051	2.8219197	-39.371548	-55.823605	36600	-1.2715658e-08	1658.6226	-0.02726587	-18.122192	0.0021306158	0.0	22.672874212265015
61	-55.983032	18.645323	-18.360931	-90.19159	24.958334	-54.700382	2.7755542	-41.520725	-56.14397	37200	-2.3841857e-09	319.78824	-0.030727789	-9.327209	0.0094425455	0.0	23.006218433380127
62	-66.39725	33.133682	-31.93246	-162.77856	25.130434	-53.4404	3.8970609	-18.379951	-56.25607	37800	8.34465e-09	1275.3046	-0.02438072	-66.49463	0.0031964602	0.0	23.340656995773315
63	-93.62915	152.18187	-24.005686	-831.1395	23.64	-56.107265	2.11975	-40.78451	-56.72489	38400	-3.0199686e-08	1555.1777	-0.028462272	-9.592285	0.0067814547	0.0	23.673120975494385
64	-54.487865	13.359551	-26.19452	-78.67397	24.833334	-56.5728	1.8523049	-41.816986	-57.129272	39000	2.78155e-09	180.31154	-0.024416912	-2.1676178	0.0064212694	0.0	24.011173963546753
65	-54.188858	19.82181	-21.393255	-104.23582	24.875	-56.005585	2.6692326	-40.674526	-57.077667	39600	-1.1920929e-09	393.44592	-0.02373445	-6.60318	0.0078912955	0.0	24.35006046295166
66	-49.986492	17.635704	-20.178324	-81.23761	24.833334	-55.333763	3.221721	-38.898968	-57.001083	40200	-1.5497207e-08	325.5922	-0.028373016	-46.201416	0.008664611	0.0	24.685038566589355
67	-54.594296	27.018536	-23.99328	-158.60106	25.217392	-50.873028	3.2067966	-35.673073	-56.90174	40800	-1.6887983e-08	744.7723	-0.025617996	-7.819641	0.008859404	0.0	25.012346982955933
68	-59.77356	24.30114	-27.488787	-121.99783	25.086956	-52.132893	3.499074	-33.754253	-57.02348	41400	3.973643e-10	642.96814	-0.030314157	-18.557434	0.0061169425	0.0	25.331912994384766
69	-52.817284	17.947102	-20.668783	-85.258	25.0	-54.15835	2.7156763	-36.486324	-57.34373	42000	-1.3311704e-08	297.776	-0.02206444	-27.501312	0.0065773134	0.0	25.663139820098877
70	-63.772728	26.863825	-34.94753	-149.74075	25.304348	-52.892097	3.1013858	-37.121384	-57.32524	42600	-2.9007595e-08	894.3442	-0.022048173	-82.710754	0.0035970218	0.0	26.16008996963501
71	-60.899334	24.248438	-23.271318	-112.1826	25.173914	-56.68213	3.7340176	-7.2371945	-57.7468	43200	-1.5894572e-09	581.8527	-0.028855385	-8.147705	0.0067635626	0.0	26.49517011642456
72	-54.775692	19.395931	-19.68161	-99.8381	25.043478	-56.992733	3.1647723	-31.413952	-58.03548	43800	1.11262e-08	380.98114	-0.023003224	-1.8835754	0.005073383	0.0	26.82844305038452
73	-45.415314	16.428782	-20.728388	-82.75204	24.833334	-56.58138	3.3509958	-28.154581	-57.89914	44400	-1.2854736e-07	397.87396	-0.027199667	-98.983826	0.008625832	0.0	27.168213367462158
74	-51.73199	20.527233	-20.322319	-112.66824	24.833334	-51.599308	2.8422718	-31.440193	-56.675713	45000	-1.1920929e-08	402.3313	-0.02987942	-8.058746	0.008050713	0.0	27.4908287525177
75	-53.48291	20.258497	-23.323431	-101.83423	24.916666	-51.046047	2.863551	-27.274664	-57.32285	45600	1.2318293e-08	410.65884	-0.028985249	-13.670471	0.0068803253	0.0	27.831933975219727
76	-66.07527	30.912825	-20.753635	-152.21123	25.130434	-52.25797	2.9470484	-32.27874	-57.433437	46200	-6.9141386e-08	1157.5599	-0.032043908	-35.636597	0.0043249372	0.0	28.169511318206787
77	-40.27189	16.509928	-19.674877	-87.18754	25.217392	-53.14034	3.7188725	-20.32859	-58.347637	46800	-4.967054e-09	414.80838	-0.02856563	-148.79361	0.0080181565	0.0	28.506582975387573
78	-52.8057	20.84904	-27.708946	-97.45691	24.833334	-44.1718	3.674327	-25.760773	-57.87112	47400	-2.3841858e-08	459.9949	-0.030280054	-108.286316	0.008368409	0.0	28.848504066467285
79	-46.259613	22.184523	-23.170124	-92.82584	25.217392	-47.90707	5.7653933	-18.080837	-58.265953	48000	-1.5894572e-09	440.701	-0.02559676	-14.4791565	0.0069568967	0.0	29.189217805862427
80	-47.823677	24.313797	-19.214815	-140.82562	25.217392	-46.142548	4.8256106	-29.691826	-58.255695	48600	-1.6093255e-08	584.7496	-0.013175411	-4.848755	0.0025687772	0.0	29.688805103302002
81	-56.100636	25.744267	-22.275932	-144.617	25.086956	-47.362408	4.4602346	-24.037489	-58.33389	49200	-3.973643e-10	742.03326	-0.025519948	-43.74652	0.0035205039	0.0	30.020282983779907
82	-50.18694	24.053413	-20.724035	-121.547195	24.666666	-51.641346	5.0697107	-29.66431	-58.80369	49800	1.947085e-08	493.8323	-0.03798248	-58.81772	0.008981963	0.0	30.3545925617218
83	-56.557346	21.770548	-24.184471	-118.914764	25.0	-49.73699	6.7784176	-29.406788	-58.912605	50400	2.22524e-08	470.269	-0.015198602	-27.659424	0.0039218334	0.0	30.690884590148926
84	-52.441944	16.430779	-27.97089	-96.65167	25.130434	-52.206364	4.594348	-32.940388	-59.263725	51000	-1.1523564e-08	250.81271	-0.028437976	-4.198105	0.008421162	0.0	31.020851373672485
85	-48.254013	26.499647	-25.560804	-142.47508	25.173914	-51.490467	5.033371	-32.13549	-59.27087	51600	2.9802322e-08	712.0725	-0.01894751	-26.99292	0.007016267	0.0	31.35871195793152
86	-44.180607	14.597281	-26.61515	-77.17591	25.173914	-49.048374	4.0055084	-32.783623	-59.10663	52200	5.9604646e-09	220.41672	-0.015761007	-4.9129486	0.007602792	0.0	31.699465036392212
87	-47.58344	17.885902	-23.12413	-96.03653	25.0	-48.804092	4.423321	-30.237522	-58.6835	52800	4.45048e-08	291.4348	-0.017609952	-6.718872	0.0075390516	0.0	32.05919408798218
88	-47.013958	22.219362	-16.701862	-108.602585	24.791666	-49.074234	3.688303	-32.88994	-58.489	53400	-4.7286353e-08	425.6588	-0.027930595	-14.029388	0.009017644	0.0	32.41041016578674
89	-41.14281	15.584756	-20.251602	-95.287155	25.304348	-48.35754	4.1030555	-33.43502	-58.300114	54000	-4.967054e-09	279.34747	-0.012920445	-53.55893	0.0022346992	0.0	32.76066970825195
90	-42.873737	18.163584	-21.01338	-92.16734	25.347826	-42.539215	3.7319279	-31.099407	-57.8182	54600	1.66893e-08	302.51505	-0.02158974	-10.289642	0.0052889646	0.0	33.2966411113739
91	-41.78634	16.55457	-18.19456	-94.21548	25.304348	-43.679478	3.6087835	-31.921312	-55.70038	55200	-4.887581e-08	225.18141	-0.029205376	-12.427353	0.008310901	0.0	33.656583070755005
92	-54.257504	26.71493	-24.321348	-109.86898	25.304348	-42.864594	4.473498	-30.391075	-55.53505	55800	-3.7749608e-08	808.7186	-0.02550212	-98.43756	0.0043734717	0.0	34.018306255340576
93	-46.29191	13.394998	-22.317196	-81.27883	25.304348	-50.40427	2.9917827	-30.10234	-57.01839	56400	-4.7683715e-09	192.10338	-0.025953548	-12.9478	0.008860957	0.0	34.378830671310425
94	-84.25385	161.8827	-24.83871	-843.65906	24.25	-48.258446	3.84968	-24.570818	-55.852436	57000	-1.5894573e-08	2261.0078	-0.015464576	-25.467773	0.0024766985	0.0	34.72971057891846
95	-48.17036	16.005217	-27.709412	-79.48771	25.173914	-48.403877	4.0170827	-32.027443	-58.61249	57600	4.5696895e-09	230.29094	-0.026081668	-4.2957764	0.009103837	0.0	35.08291292190552
96	-32.517	9.021304	-19.926184	-51.953346	25.434782	-46.97841	4.5665145	-30.994368	-58.41437	58200	6.11941e-08	290.0542	-0.019494988	-197.42453	0.007924343	0.0	35.44273400306702
97	-39.52437	15.77847	-20.742807	-78.45523	25.47826	-36.187206	4.1354537	-30.552774	-57.982887	58800	5.4041546e-08	247.72838	-0.02628795	-3.7330933	0.0075040474	0.0	35.80175185203552
98	-42.519695	18.526442	-21.941767	-85.030106	25.52174	-36.556843	4.1342754	-24.715067	-57.38423	59400	-1.1920929e-09	348.1869	-0.023658225	-11.425537	0.00681055	0.0	36.16413116455078
99	-70.179054	164.10855	-19.474323	-854.972	24.291666	-37.171688	3.4408066	-29.692276	-58.58458	60000	1.11262e-08	1271.3793	-0.035278786	-0.45776367	0.0067816367	0.0	36.52240061759949
100	-40.890377	12.722327	-22.697386	-77.201675	25.304348	-37.32196	3.26449	-28.326544	-58.857063	60600	1.4702479e-08	168.08388	-0.024121601	-12.143936	0.0054798992	0.0	37.075329065322876
101	-40.704258	18.688925	-23.377802	-103.21674	25.217392	-38.146614	3.2125325	-33.42655	-57.1474	61200	1.6093255e-08	325.19418	-0.013557108	-11.462219	0.0040475377	0.0	37.442870140075684
102	-39.24874	16.343428	-19.38455	-91.795685	25.347826	-39.600887	3.3513157	-30.123173	-57.37771	61800	-1.6490619e-08	232.29599	-0.027426144	-11.195938	0.0088179475	0.0	37.79034495353699
103	-82.41503	163.86642	-20.462759	-860.0972	24.666666	-39.61044	4.162839	-31.43078	-57.3441	62400	4.7683717e-08	1752.7356	-0.03474763	-88.852905	0.0067548226	0.0	38.14228582382202
104	-40.15063	20.773289	-23.383669	-113.90933	25.565218	-45.9553	3.928856	-18.256796	-58.174576	63000	1.7484028e-08	453.7354	-0.028236698	-22.41571	0.009054868	0.0	38.514801263809204
105	-38.89246	17.93147	-18.191841	-89.95627	25.434782	-44.505085	3.1717284	-27.166105	-57.489193	63600	2.3841857e-09	334.08948	-0.01693968	-42.88257	0.0036678403	0.0	38.875253677368164
106	-40.27761	20.325834	-19.407104	-95.57688	25.391304	-39.73791	3.5678124	-26.716722	-57.095234	64200	-1.2119611e-08	366.54224	-0.02218062	-10.182678	0.009737906	0.0	39.24868583679199
107	-30.892027	9.149882	-17.899624	-51.370953	25.347826	-39.18498	3.4863365	-25.818764	-57.22423	64800	-2.22524e-08	145.61127	-0.024033235	-63.386497	0.0083046	0.0	39.60327100753784
108	-37.267303	12.7830515	-17.955235	-66.15794	25.434782	-32.75279	2.5850708	-20.017498	-52.69497	65400	-1.5894573e-08	169.85204	-0.029597279	-32.978973	0.007191036	0.0	39.95561695098877
109	-33.042652	13.616695	-17.672407	-76.36413	25.26087	-34.9532	2.9324858	-24.387743	-56.70553	66000	6.9538753e-09	172.00516	-0.021216499	-5.3323975	0.009011745	0.0	40.30239796638489
110	-47.170654	30.900557	-22.823069	-168.1504	25.652174	-34.609108	4.690862	-27.816225	-56.67669	66600	1.2318293e-08	1085.5004	-0.020513548	-136.664	0.0075128875	0.0	40.83849334716797
111	-37.77618	16.41312	-20.141497	-74.00276	25.304348	-41.586807	3.7562182	-26.080767	-57.861526	67200	-1.847744e-08	265.4413	-0.016804071	-22.173843	0.00645209	0.0	41.17116117477417
112	-34.104637	8.917477	-19.495287	-58.984043	25.47826	-39.38702	2.8801394	-27.259083	-54.138203	67800	1.9868216e-09	105.883255	-0.017214034	-25.53685	0.009407354	0.0	41.50676131248474
113	-34.09244	17.370165	-18.476217	-101.63946	25.347826	-36.432007	2.7181215	-26.698967	-56.844246	68400	1.8080076e-08	288.5128	-0.02854911	-5.920349	0.008891446	0.0	41.83982992172241
114	-75.38947	161.74005	-17.535841	-841.59827	24.375	-35.935047	3.37197	-20.036236	-56.519955	69000	-4.45048e-08	1729.2891	-0.031787314	-55.7489	0.006932829	0.0	42.179100036621094
115	-31.621075	11.047419	-17.666325	-55.767796	25.434782	-38.862682	3.3131378	-24.737217	-54.07027	69600	9.536743e-09	169.15523	-0.019809822	-53.949303	0.007795452	0.0	42.513447761535645
116	-32.758743	13.297591	-21.186356	-78.50766	25.304348	-33.41664	2.6588507	-23.88923	-57.071613	70200	1.3510387e-08	159.24763	-0.020900551	-2.9927673	0.008169816	0.0	42.8500292301178
117	-31.708488	8.998135	-20.05775	-52.99763	25.391304	-33.045006	2.2602046	-26.813894	-50.88441	70800	-3.6557516e-08	78.89025	-0.02307245	-1.7129593	0.0078027956	0.0	43.177701473236084
118	-33.288498	10.870858	-17.394764	-64.883865	25.434782	-32.72951	2.2915862	-22.646784	-52.0782	71400	4.7683715e-09	113.1718	-0.019063294	-3.0784912	0.0072665685	0.0	43.52087163925171
119	-38.502213	13.007001	-17.022928	-67.37505	25.304348	-33.17499	3.1370609	-24.274105	-56.83312	72000	-3.4968057e-08	183.23593	-0.01711087	-27.852905	0.009183302	0.0	43.856404304504395
120	-30.270365	12.779323	-17.927378	-67.42736	25.565218	-37.184837	3.6172216	-20.360306	-57.5829	72600	-5.165736e-08	199.38834	-0.015299809	-47.725204	0.005182761	3.0	44.377697467803955
121	-32.50399	11.528121	-17.092697	-54.433407	25.52174	-32.766304	2.6205928	-21.738827	-54.141468	73200	2.1060307e-08	122.10029	-0.009431256	-3.0638275	0.009820771	0.0	44.71607303619385
122	-32.66131	11.658157	-20.402746	-70.36644	25.173914	-32.5996	2.8776467	-24.105394	-56.74589	73800	2.2053719e-08	120.35409	-0.02009497	-0.9114075	0.008155249	0.0	45.04895901679993
123	-34.68945	13.382551	-19.611107	-74.325485	25.26087	-32.517033	1.9843417	-22.588392	-46.821743	74400	2.5232634e-08	169.11635	-0.017138321	-14.767532	0.0077195563	0.0	45.382713317871094
124	-37.40508	24.07394	-19.467697	-128.53387	25.434782	-34.832706	4.539136	-22.93502	-56.94506	75000	6.7551933e-09	546.51117	-0.01477087	-16.339294	0.005950467	0.0	45.71855306625366
125	-30.274158	8.903827	-18.400383	-49.801178	25.434782	-34.028797	2.6184988	-17.978243	-50.43874	75600	-6.357829e-09	87.9689	-0.019147258	-15.122902	0.008083456	0.0	46.056161403656006
126	-38.62959	15.124948	-17.938185	-77.07059	25.52174	-31.144196	3.1002302	-23.689299	-55.065865	76200	1.5894573e-08	255.51094	-0.021330122	-60.424698	0.0067892894	0.0	46.3936972618103
127	-31.556324	8.219555	-20.052109	-50.06255	25.434782	-36.552494	3.1889615	-18.156195	-52.128418	76800	-4.1325887e-08	86.12813	-0.018760016	-22.306812	0.0065340195	0.0	46.73533630371094
128	-34.215923	13.070734	-20.483995	-72.14598	25.565218	-31.998089	3.0574384	-23.462841	-51.574856	77400	-3.973643e-10	168.066	-0.015734775	-11.906815	0.008100248	0.0	47.07668590545654
129	-31.504124	13.522424	-19.42228	-80.0731	25.434782	-34.40487	2.8675508	-20.580484	-54.088287	78000	-2.503395e-08	176.4097	-0.018583225	-8.981003	0.006072805	2.0	47.415013551712036
130	-32.363842	9.984906	-17.681	-56.30488	25.52174	-32.31052	3.5125108	-19.170002	-56.176945	78600	-6.357829e-09	94.39302	-0.011654874	-2.784172	0.006448409	0.0	47.949223279953
131	-32.28354	10.584883	-21.82749	-64.76332	25.304348	-31.87235	3.2811382	-20.272087	-49.647945	79200	-1.11262e-08	96.23272	-0.015967103	-2.8560638	0.008651352	0.0	48.280150413513184
132	-27.064495	4.918228	-19.579603	-41.074585	25.434782	-31.855694	3.1672235	-19.295172	-51.994198	79800	-1.7484028e-08	53.371204	-0.024948915	-25.699104	0.007018733	0.0	48.61670279502869
133	-29.86309	8.734807	-19.05968	-55.14469	25.52174	-28.364525	2.2766526	-14.709188	-48.837227	80400	5.7220458e-08	73.37343	-0.01440053	-3.6044998	0.0056858277	0.0	48.95841717720032
134	-33.309475	11.238536	-18.257885	-71.40049	25.347826	-29.331238	2.3929315	-21.93961	-50.161335	81000	-3.1789145e-09	129.33124	-0.019512255	-14.19725	0.00867925	0.0	49.294363260269165
135	-27.754665	10.8502655	-19.020428	-70.0826	25.52174	-33.000164	2.5935905	-20.075119	-49.551174	81600	-5.9405963e-08	137.53758	-0.030158686	-31.638054	0.009112976	0.0	49.62596583366394
136	-66.20459	166.03839	-19.6209	-861.22406	24.375	-28.245012	2.2479472	-15.326912	-42.94609	82200	-2.8610229e-08	1251.6243	-0.027603831	-52.42749	0.006520909	0.0	49.96417474746704
137	-30.085325	7.4182034	-17.659285	-43.153564	25.086956	-31.475092	2.8697567	-22.598736	-45.488503	82800	1.3510387e-08	57.15834	-0.025386807	-4.308132	0.00845874	0.0	50.30596113204956
138	-30.836454	10.732575	-18.317482	-58.455185	25.47826	-30.964245	2.8709743	-22.046858	-48.922318	83400	1.07288365e-08	106.32257	-0.013949765	-1.0689545	0.006104865	0.0	50.6408531665802
139	-31.030127	9.180682	-17.895597	-48.886578	25.47826	-30.914616	2.685659	-21.963348	-48.019836	84000	2.22524e-08	75.43885	-0.01717569	-4.789055	0.009333146	0.0	50.97869277000427
140	-32.722275	11.932898	-21.865204	-72.71965	25.347826	-30.882141	2.748785	-21.76604	-49.646267	84600	-2.2649765e-08	136.35988	-0.023826035	-8.189957	0.007920255	0.0	51.51816439628601
141	-27.903614	9.60659	-18.016861	-60.089466	25.434782	-32.015606	2.5042021	-22.323637	-50.812016	85200	3.7749608e-08	102.60016	-0.018483423	-16.33722	0.006351655	0.0	51.860541105270386
142	-31.05672	12.045438	-18.86796	-64.70342	25.304348	-27.868515	2.5824792	-21.105444	-48.492737	85800	3.5663447e-08	138.44641	-0.026331203	-18.193283	0.00835221	0.0	52.189921140670776
143	-26.407904	6.365088	-18.55048	-45.589775	25.304348	-30.034697	3.0862422	-21.846535	-47.339527	86400	3.1789145e-09	50.871727	-0.021026256	-14.778908	0.006622933	1.0	52.529749631881714
144	-24.399055	4.1395917	-18.281809	-32.21428	25.391304	-27.328438	2.3896549	-20.75765	-46.530285	87000	-7.947286e-09	26.288488	-0.028801326	-8.203537	0.008653925	0.0	52.86832618713379
145	-28.843338	7.9286666	-18.74705	-44.56252	25.391304	-25.727121	2.0381646	-19.231283	-37.25031	87600	-1.947085e-08	67.73504	-0.023779456	-12.314838	0.007688697	0.0	53.20429611206055
146	-34.52858	17.126703	-19.863503	-95.87634	25.391304	-29.001637	3.6689792	-20.217468	-47.30433	88200	-2.0662943e-08	311.5247	-0.011389304	-40.34424	0.0060429345	0.0	53.52739191055298
147	-27.931715	6.078751	-18.290174	-40.35038	25.47826	-32.816616	2.1648853	-21.848661	-47.252888	88800	-4.529953e-08	58.11121	-0.013732982	-18.917343	0.008054596	0.0	53.86541795730591
148	-26.182543	4.8080277	-17.593145	-38.436188	25.391304	-29.841116	1.7768866	-19.705484	-38.130783	89400	-3.576279e-08	36.01599	-0.014221172	-10.869663	0.005734755	2.0	54.210132122039795
149	-28.887741	7.9686427	-19.5605	-56.629948	25.434782	-27.609467	2.3966217	-17.92425	-45.247562	90000	-5.165736e-09	64.02211	-0.010394258	-3.931446	0.0060865325	0.0	54.545703172683716
150	-24.887323	6.048603	-17.783583	-43.588966	25.391304	-28.385221	1.7108809	-18.420465	-37.130745	90600	-1.9868216e-09	47.416992	-0.015468173	-10.475834	0.0061555565	0.0	55.08326745033264
151	-26.333483	6.6597486	-19.583712	-51.232944	25.47826	-26.617401	1.9022025	-16.7757	-40.634304	91200	4.1325887e-08	44.11506	-0.022108098	-1.492363	0.0069701276	0.0	55.41307353973389
152	-27.458637	7.164212	-17.954536	-48.309555	25.52174	-26.198437	1.5896025	-16.611969	-43.909706	91800	2.8510888e-08	49.265476	-0.020523341	-3.0946617	0.008004826	0.0	55.743244886398315
153	-26.133545	6.4780116	-18.68635	-48.638794	25.652174	-27.068981	1.5999832	-17.159588	-37.58877	92400	2.7815501e-08	40.451427	-0.020886634	-1.8574295	0.009417595	0.0	56.07607436180115
154	-26.41303	6.4692926	-19.112175	-43.056915	25.652174	-26.589497	1.9356855	-16.590452	-37.5082	93000	-7.947286e-10	37.985474	-0.017467763	-1.3308372	0.008809744	0.0	56.41537547111511
155	-24.5154	6.2264047	-17.551006	-45.478664	25.52174	-26.407064	1.7774082	-16.430737	-39.59349	93600	1.3510387e-08	38.549473	-0.01775369	-3.5405083	0.009682924	0.0	56.75420355796814
156	-27.400911	5.6011195	-22.196747	-40.900517	25.608696	-25.529005	1.9988728	-16.01406	-36.013878	94200	5.5631e-09	31.825758	-0.022027949	-3.2951012	0.009134889	0.0	57.085822105407715
157	-31.61494	14.8271	-18.18742	-75.25497	25.73913	-26.694464	2.7520554	-16.241386	-47.20784	94800	-1.2318293e-08	228.99297	-0.013566918	-34.64859	0.0056751315	0.0	57.4282112121582
158	-24.052551	4.028094	-18.452791	-33.67243	25.47826	-30.96873	1.616926	-16.349508	-36.746136	95400	3.33786e-08	62.872448	-0.021808287	-41.165894	0.008943947	0.0	57.76929211616516
159	-27.369566	9.301775	-19.581726	-59.702045	25.565218	-26.329472	2.3324094	-12.97559	-42.610947	96000	-1.1523564e-08	79.67843	-0.017947918	-3.4940186	0.008296312	0.0	58.10899376869202
160	-26.64017	6.505113	-17.628143	-41.996258	25.217392	-26.993471	1.9833297	-14.808005	-44.79194	96600	3.1789145e-09	39.820507	-0.014273592	-1.3852654	0.008244284	0.0	58.65514278411865
161	-24.877598	6.491738	-18.62408	-50.022038	25.391304	-26.526806	1.5000514	-13.483183	-40.179817	97200	2.026558e-08	43.979904	-0.023234384	-4.2837906	0.0092067905	0.0	58.98404788970947
162	-30.123184	12.592631	-18.707264	-79.57926	25.47826	-25.96382	2.2916367	-15.413398	-43.767296	97800	-7.947286e-10	159.74997	-0.010408219	-16.950653	0.0032061937	0.0	59.31032371520996
163	-25.901884	5.0301704	-18.108967	-36.376617	25.52174	-29.747652	2.009304	-13.265652	-39.754955	98400	-3.1391778e-08	41.159817	-0.017561646	-14.310015	0.005294559	0.0	59.64327883720398
164	-27.963602	7.2843323	-18.308378	-47.801174	25.47826	-27.166336	1.8954655	-14.572439	-40.606422	99000	8.940697e-09	52.023483	-0.015929084	-2.3145828	0.007650261	0.0	59.97832441329956
165	-27.354126	8.805002	-19.271854	-61.142002	25.47826	-27.595795	1.5576161	-18.85924	-40.028103	99600	2.0464261e-08	71.81531	-0.015150799	-0.93769073	0.005390575	0.0	60.31315612792969
166	-24.377535	4.898821	-18.276608	-35.856308	25.565218	-27.425173	1.2258811	-19.806988	-37.51128	100200	1.7484028e-08	32.548172	-0.0201675	-8.433029	0.00822141	0.0	60.65299916267395
167	-26.266003	5.916352	-18.049805	-40.34178	25.434782	-25.397701	1.7481577	-19.305428	-39.93764	100800	2.3841858e-08	33.514732	-0.012694634	-1.647974	0.007608101	0.0	60.98803496360779
168	-59.527115	167.20714	-19.582026	-861.135	24.416666	-25.82834	1.0461924	-21.258324	-31.307137	101400	-4.9273172e-08	1183.9166	-0.029603465	-10.853027	0.00817008	0.0	61.32637166976929
169	-28.082134	15.434616	-16.9847	-93.860855	25.347826	-26.245108	1.8879087	-20.35356	-40.584244	102000	-2.503395e-08	228.8538	-0.021546464	-6.337448	0.008340056	0.0	61.659355878829956
170	-22.642925	3.478166	-16.71539	-32.38284	25.26087	-27.25317	1.5996957	-19.70102	-31.952662	102600	7.5499216e-08	34.1834	-0.020313581	-21.731617	0.0075700856	0.0	62.21451234817505
171	-23.898613	4.4435606	-18.491758	-36.092667	25.52174	-23.224281	1.2870587	-18.92826	-35.775177	103200	1.7881393e-09	20.267418	-0.02269867	-0.69532585	0.009264416	0.0	62.55518293380737
172	-24.464462	3.5546207	-20.145992	-32.950455	25.52174	-23.681204	0.7666425	-19.668522	-31.306517	103800	-1.0331472e-08	13.15922	-0.01204148	-0.83976364	0.00676908	0.0	62.88686394691467
173	-25.175856	5.7290373	-17.693342	-39.69854	25.217392	-24.38075	1.0283858	-20.721481	-33.136486	104400	6.2584875e-09	30.84504	-0.0120939	-1.0297146	0.0064459727	0.0	63.216052770614624
174	-27.945929	12.1527405	-18.956785	-81.37873	25.434782	-25.056236	1.3729918	-20.723341	-38.362934	105000	-1.3311704e-08	141.07658	-0.0159766	-11.460709	0.0070816833	0.0	63.55916666984558
175	-26.387022	9.525912	-17.840477	-57.93774	25.608696	-27.389551	1.5195137	-23.358847	-43.5599	105600	-5.761782e-09	82.41371	-0.011993953	-2.1986618	0.008102867	0.0	63.893242835998535
176	-23.15414	5.2097874	-17.999567	-41.64802	25.73913	-26.51614	1.6496743	-21.997034	-43.077805	106200	2.503395e-08	34.32827	-0.010976358	-10.863956	0.007045755	0.0	64.22663140296936
177	-25.383215	3.7266123	-16.976828	-33.604668	25.347826	-23.75266	1.4453485	-19.41165	-34.37813	106800	4.6094257e-08	16.76439	-0.02210692	-3.3472185	0.008728833	0.0	64.56347417831421
178	-25.617203	6.3245854	-19.268791	-47.31623	25.47826	-25.122988	1.5281539	-20.673622	-40.05078	107400	8.742014e-09	33.519825	-0.018927673	-2.09894	0.008915089	0.0	64.89878106117249
179	-26.65387	5.186556	-18.259523	-37.426003	25.26087	-25.338085	0.8777997	-22.058516	-31.99166	108000	1.2318293e-08	27.527948	-0.01516069	-2.0583496	0.0076246057	0.0	65.23637342453003
180	-26.329313	12.468479	-17.797081	-79.21893	25.565218	-26.73315	1.8639085	-20.813879	-43.083313	108600	5.165736e-09	136.44078	-0.023125136	-3.9562988	0.008137163	0.0	65.79551577568054
181	-26.58277	8.843965	-17.272533	-56.565815	25.347826	-25.966047	1.5238355	-21.45352	-36.431007	109200	3.218651e-08	72.6244	-0.024997244	-2.6497269	0.009184236	0.0	66.12682747840881
182	-26.622377	7.3348284	-17.284393	-48.468643	25.565218	-26.285362	1.5497394	-21.643185	-41.360096	109800	5.2452087e-08	51.158325	-0.024424654	-1.6976814	0.006969979	0.0	66.46647214889526
183	-24.914598	6.052914	-18.20266	-42.47415	25.173914	-26.378935	1.0496063	-20.834595	-33.73731	110400	2.3841858e-08	36.57325	-0.016255902	-2.2501297	0.008547231	0.0	66.80372524261475
184	-28.613523	12.676228	-18.057888	-77.112526	25.26087	-25.436947	1.8758401	-20.481525	-37.98001	111000	-1.1920929e-09	150.90698	-0.023033528	-10.340042	0.0071514505	0.0	67.13225293159485
185	-24.862818	5.6683216	-17.726564	-38.069416	25.52174	-27.873138	1.8820342	-21.533674	-38.721924	111600	7.947286e-09	44.053978	-0.014090626	-13.117571	0.007968316	0.0	67.45570349693298
186	-24.454597	4.8918605	-17.137873	-40.83026	25.565218	-25.128565	0.91891104	-20.851698	-35.705357	112200	1.9868216e-08	23.276237	-0.01819851	-0.71790695	0.006402243	0.0	67.7996768951416
187	-24.482836	5.9457207	-17.28674	-37.846943	25.565218	-24.592413	1.09928	-20.375286	-37.233757	112800	-3.576279e-08	32.766243	-0.009697196	-3.5018997	0.0066161957	0.0	68.13656544685364
188	-24.411749	5.968623	-17.497448	-45.91664	25.26087	-24.370089	1.1045051	-20.043358	-36.351845	113400	1.0331472e-08	32.406178	-0.008641221	-0.6618118	0.007148122	0.0	68.47427177429199
189	-25.434624	11.262488	-18.608215	-74.510765	25.173914	-24.495388	1.6617186	-19.21336	-41.944824	114000	-9.735425e-09	113.14451	-0.015803637	-3.5513687	0.0059271497	0.0	68.81489706039429
190	-23.543299	5.1635094	-17.932281	-41.041126	25.347826	-25.31073	1.3780435	-20.844662	-37.17792	114600	-5.5631e-09	26.221956	-0.008932542	-3.425251	0.0066879685	0.0	69.38060665130615
191	-23.628199	4.407191	-18.985052	-38.965126	25.652174	-23.483475	0.8296867	-19.345783	-32.717796	115200	7.947286e-09	18.93021	-0.015618128	-0.3411827	0.007614103	0.0	69.712886095047
192	-24.071703	3.8742938	-19.93724	-38.663013	25.52174	-23.618717	0.7873857	-19.650444	-31.644405	115800	1.3510387e-08	14.446292	-0.014198463	-0.5294428	0.005792817	0.0	70.04841494560242
193	-23.450418	3.550253	-18.070635	-32.763374	25.652174	-24.144043	1.161708	-20.692589	-36.445404	116400	1.5497207e-08	13.093174	-0.015610308	-0.8833542	0.008431995	0.0	70.38309001922607
194	-24.881714	4.5257664	-19.17068	-34.132343	25.652174	-23.467146	1.0548315	-20.850624	-34.77907	117000	-2.8411547e-08	20.346842	-0.015592694	-2.4168835	0.0071205753	0.0	70.72240567207336
195	-24.586336	7.439133	-17.710337	-51.448753	25.47826	-24.764372	1.3068154	-20.815304	-33.33023	117600	-1.9073486e-08	47.344276	-0.022857765	-0.46476746	0.007933354	0.0	71.05793166160583
196	-25.98472	6.992729	-18.634481	-45.317364	25.434782	-24.8801	1.7821834	-21.739708	-37.92739	118200	-9.536743e-09	41.282707	-0.012890574	-1.6010284	0.007258091	0.0	71.397958278656
197	-24.473932	3.7409434	-17.666988	-31.680883	25.47826	-25.568626	1.2909919	-19.644133	-35.896553	118800	1.11262e-08	15.723469	-0.009299543	-1.9378777	0.008219459	0.0	71.7374861240387
198	-23.71628	4.0861917	-18.461813	-35.217575	25.52174	-24.381723	0.5876909	-20.250298	-27.659643	119400	9.536743e-09	17.01807	-0.025049713	-0.81793404	0.0082898	0.0	72.0676281452179
199	-25.053581	6.1363373	-16.979736	-45.410114	25.304348	-23.85159	1.0914931	-19.793463	-31.775084	120000	-3.973643e-09	35.38274	-0.01841251	-2.2651482	0.008248451	0.0	72.39767575263977
200	-23.973513	4.5597076	-17.68166	-37.475723	25.47826	-24.827282	0.87825924	-20.740381	-31.233646	120600	-2.2649765e-08	21.12233	-0.019916601	-1.4543362	0.009152882	0.0	72.96972346305847
201	-24.710848	3.8292346	-19.239372	-35.85023	25.47826	-24.088007	1.0663524	-20.551155	-31.63504	121200	-1.3113022e-08	13.691623	-0.0077964817	-1.8728943	0.005815665	0.0	73.30447888374329
202	-24.646124	8.534367	-17.6008	-57.376514	25.47826	-24.649565	1.6269236	-20.030504	-38.79703	121800	1.758337e-08	59.70278	-0.01805711	-1.2761421	0.009957763	0.0	73.63959288597107
203	-25.002375	6.582368	-17.68488	-44.033848	25.52174	-24.715786	1.8807337	-20.336727	-36.70416	122400	-5.2352746e-08	34.14958	-0.016576886	-0.88645935	0.0075570927	0.0	73.97764110565186
204	-25.546637	6.7427435	-18.111784	-48.949226	25.434782	-24.817974	1.3106868	-19.683897	-31.579872	123000	-5.3644182e-09	41.58379	-0.012545154	-1.3654709	0.008425196	0.0	74.30900168418884
205	-56.80417	160.00021	-17.274126	-823.9058	24.458334	-25.308502	1.341624	-22.141073	-38.626274	123600	-3.0199686e-08	1082.3448	-0.03171661	-9.305054	0.008325265	0.0	74.64121890068054
206	-25.406569	6.087547	-17.93155	-43.4829	25.173914	-24.75821	1.1800971	-20.527582	-32.484486	124200	-7.152557e-09	35.080196	-0.023147548	-2.1248856	0.009677905	0.0	74.97808122634888
207	-25.223696	5.274327	-18.85855	-34.215057	25.347826	-25.561476	1.5439742	-21.060772	-34.455738	124800	-4.0332477e-08	25.738028	-0.010591137	-1.0677872	0.008201961	0.0	75.31881499290466
208	-26.36284	6.6457176	-18.691563	-43.20722	25.52174	-25.241829	1.3067584	-20.979666	-40.53483	125400	0.0	41.756493	-0.017652545	-1.7791939	0.008068684	0.0	75.66364574432373
209	-24.555887	8.5733185	-17.403582	-57.818146	25.695652	-26.299192	1.5256284	-22.082808	-40.048103	126000	1.6291937e-08	66.61843	-0.024918353	-4.2211075	0.0098389415	0.0	75.99780249595642
210	-26.149069	6.2898717	-18.731375	-44.678257	25.347826	-24.615934	1.5241716	-20.296564	-36.716206	126600	2.8212865e-08	38.81058	-0.01288086	-3.5693092	0.0071479883	0.0	76.5677547454834
211	-24.033047	5.374324	-18.88883	-41.409943	25.391304	-26.054195	1.1445864	-21.772135	-36.583694	127200	4.7683717e-08	29.141256	-0.021068132	-4.423525	0.00577046	0.0	76.89898800849915
212	-26.981886	7.1258035	-18.190956	-50.57151	25.652174	-24.153204	1.297346	-21.38384	-31.16372	127800	2.1855037e-08	53.372974	-0.019103996	-7.8332367	0.00868346	0.0	77.22913217544556
213	-24.017363	3.712297	-17.488966	-30.594845	25.347826	-26.751873	0.8653045	-22.004158	-33.495277	128400	-1.5894573e-08	20.840967	-0.021307027	-7.4170017	0.009038072	0.0	77.56081366539001
214	-23.128569	3.9404094	-17.18064	-32.668148	25.47826	-24.059519	0.8416067	-20.829647	-37.083885	129000	4.7683715e-09	15.453768	-0.020130327	-2.3371058	0.0062051234	0.0	77.90191459655762
215	-23.656178	4.1043806	-18.399942	-32.38158	25.434782	-23.131802	1.0735064	-20.33622	-33.10004	129600	1.2715658e-08	15.486105	-0.011813219	-0.4820099	0.00733776	0.0	78.23497176170349
216	-24.782898	6.373753	-17.41174	-48.5012	25.173914	-23.685852	1.4201664	-20.774368	-36.65723	130200	-4.9273172e-08	35.24601	-0.019025858	-1.536705	0.008234633	0.0	78.57021927833557
217	-24.026587	4.462965	-17.202349	-36.166775	25.434782	-24.734213	1.3461716	-20.98204	-37.1464	130800	3.8544336e-08	17.455387	-0.0076458175	-0.89019775	0.0077684973	0.0	78.90713834762573
218	-21.932186	3.5586379	-17.072353	-31.601494	25.652174	-23.812784	1.3991992	-19.659801	-39.20552	131400	6.1790146e-08	14.618737	-0.0043495926	-3.6865644	0.0043709157	0.0	79.24040699005127
219	-23.768526	4.6653886	-17.649609	-37.654457	25.565218	-22.043242	1.11318	-19.086885	-31.279467	132000	4.7286353e-08	23.557636	-0.017921412	-3.4070835	0.0077781803	0.0	79.58515119552612
220	-27.925776	8.549053	-21.200884	-62.296715	25.565218	-23.789593	1.4166542	-19.685335	-36.238956	132600	7.7486035e-09	81.504105	-0.01368807	-19.872498	0.009393225	0.0	80.16594552993774
221	-24.8047	2.8186977	-21.14463	-31.085365	25.347826	-27.886517	2.0429904	-22.84076	-39.12844	133200	-3.6557516e-08	22.022701	-0.019590726	-11.684822	0.008191475	0.0	80.50454878807068
222	-26.03999	6.1471477	-18.497128	-45.1146	25.608696	-25.100729	0.64766765	-21.347048	-32.092716	133800	-1.9868216e-09	37.79576	-0.016134059	-1.7326279	0.007632845	0.0	80.84714984893799
223	-24.841707	6.004788	-17.214537	-39.198475	25.608696	-26.052183	1.0927616	-21.9356	-35.988377	134400	-1.5298525e-08	35.636368	-0.014671419	-5.9075813	0.008540559	0.0	81.17822813987732
224	-23.62975	3.716111	-18.257002	-29.917978	25.434782	-24.590673	1.3602287	-20.385162	-32.88091	135000	4.172325e-08	14.468529	-0.012994088	-1.5591536	0.008875332	0.0	81.50996685028076
225	-26.285055	6.63203	-18.202044	-44.25126	25.52174	-23.78538	1.2787465	-20.497364	-37.638714	135600	4.8478444e-08	46.8104	-0.020296779	-6.1584473	0.009427781	0.0	81.84996366500854
226	-23.064054	4.1101513	-17.414513	-32.610558	25.47826	-26.089458	1.2589302	-21.706009	-30.51788	136200	5.6227048e-08	25.923796	-0.0088986475	-10.081867	0.006477113	0.0	82.18482947349548
227	-22.916515	4.589535	-16.999996	-37.390244	25.434782	-23.369139	1.6006294	-20.797842	-32.693222	136800	-3.7352244e-08	17.116787	-0.015128822	-0.6155071	0.00795706	0.0	82.52911829948425
228	-25.308405	8.758658	-16.740622	-57.21187	25.52174	-22.86958	1.9374257	-20.297327	-38.101017	137400	-4.2120615e-08	71.48266	-0.008018359	-8.020523	0.006605042	0.0	82.86806273460388
229	-22.670225	4.206221	-17.029478	-33.41078	25.347826	-25.1209	1.7449341	-19.502699	-35.74131	138000	-4.0133795e-08	24.416227	-0.014123328	-7.4619656	0.008851612	0.0	83.20150852203369
230	-23.909973	4.732038	-17.274317	-37.295704	25.695652	-22.886658	1.3419832	-19.367765	-34.687477	138600	-2.78155e-09	22.258915	-0.00994307	-1.6774044	0.0086250175	0.0	83.79347395896912
231	-25.695047	3.7386556	-19.78085	-33.267815	25.695652	-24.296576	2.1095514	-19.178177	-39.36362	139200	1.9073486e-08	16.138994	-0.021101043	-3.8065672	0.006100986	0.0	84.12213897705078
232	-24.981071	5.044631	-20.046059	-37.13377	25.391304	-25.345427	0.59778947	-22.087416	-30.39855	139800	1.5695889e-08	25.175505	-0.025682833	-0.9364433	0.008798905	0.0	84.45961904525757
233	-23.06709	4.697857	-16.66009	-40.14771	25.47826	-24.964098	0.47324482	-21.992989	-30.487873	140400	-1.3113022e-08	25.49835	-0.015135055	-3.599743	0.009010036	0.0	84.79674959182739
234	-24.141542	4.6014543	-19.301718	-38.740635	25.47826	-23.215885	1.1717515	-21.269945	-41.00276	141000	1.5894573e-08	20.944897	-0.011510949	-2.7953625	0.008049586	0.0	85.12767171859741
235	-21.836258	2.6218235	-18.07686	-28.846268	25.695652	-23.92018	0.5403497	-20.824406	-29.649572	141600	-4.2915346e-08	10.932777	-0.014653165	-4.346027	0.008615973	0.0	85.45945692062378
236	-23.188854	4.5990047	-17.245083	-35.628788	25.347826	-21.988483	1.2387986	-19.77731	-29.766012	142200	2.8014183e-08	19.83376	-0.012605797	-2.0449352	0.008242006	0.0	85.79199552536011
237	-22.364046	5.041232	-17.208914	-40.30249	25.782608	-23.14946	1.5048887	-20.4749	-33.275852	142800	-6.099542e-08	19.175262	-0.008288755	-0.9664173	0.009151772	0.0	86.11630749702454
238	-21.551247	2.6486177	-16.858133	-26.236326	25.565218	-22.138689	0.7404155	-18.661911	-27.878708	143400	-3.4968057e-08	7.394613	-0.015338273	-0.59677076	0.0073780473	0.0	86.44632315635681
239	-23.945524	4.5325	-17.447853	-37.545715	25.608696	-21.799477	1.1543688	-19.719707	-35.73672	144000	-4.2120615e-08	23.064425	-0.01250909	-6.6155434	0.008152876	0.0	86.78464889526367
240	-23.07868	5.2901425	-16.68956	-40.667313	25.73913	-23.68856	1.3917127	-20.833494	-33.208786	144600	1.66893e-08	25.153625	-0.011270255	-1.4425716	0.0068662763	0.0	87.37969255447388
241	-24.575487	11.773602	-18.076235	-77.70442	25.47826	-23.13321	1.8166139	-19.885357	-38.271416	145200	-1.7881394e-08	114.42477	-0.017276049	-7.5872726	0.005838852	0.0	87.70532488822937
242	-23.254232	6.0087037	-17.883224	-41.846424	25.869566	-24.287588	1.3960669	-19.414694	-39.92338	145800	1.9868216e-08	32.68915	-0.015532396	-3.351385	0.008632943	0.0	88.03242802619934
243	-23.451347	3.8506196	-17.389662	-32.77022	25.652174	-22.950401	1.1134123	-17.259106	-33.13457	146400	-1.5894573e-08	15.92123	-0.023472054	-1.3329487	0.008297983	0.0	88.36153984069824
244	-57.28081	163.0178	-17.068884	-838.5828	24.625	-23.413126	0.83242685	-17.862732	-34.393044	147000	2.3841858e-08	1140.8748	-0.029688755	-14.462158	0.0076422817	0.0	88.69677376747131
245	-23.410429	3.748358	-18.069702	-30.797539	25.695652	-24.667175	1.6429595	-18.647657	-33.769775	147600	5.7220458e-08	16.253494	-0.026481485	-3.8423615	0.0064691557	0.0	89.0318591594696
246	-23.599771	4.4005876	-18.85937	-36.747105	25.695652	-23.31358	1.2456434	-20.00489	-31.578514	148200	3.3775966e-09	18.760141	-0.011390478	-0.53349495	0.0057035615	0.0	89.36359667778015
247	-24.456654	8.860393	-18.71773	-63.01764	25.652174	-23.793428	2.0116572	-18.292946	-42.655262	148800	4.5696893e-08	62.26898	-0.015241639	-2.956562	0.008632013	0.0	89.70346093177795
248	-24.10629	4.4042225	-18.121447	-37.011097	25.347826	-24.029613	0.96081287	-20.401615	-31.197803	149400	1.7484028e-08	18.801878	-0.01886953	-0.65193176	0.00857509	0.0	90.04198408126831
249	-21.902147	2.9342473	-17.83247	-28.555729	25.913044	-24.084883	0.908902	-20.496712	-37.997066	150000	-6.039937e-08	13.144478	-0.008403422	-5.8418837	0.005184779	0.0	90.37512254714966
250	-25.760769	11.057375	-17.067497	-73.79823	25.913044	-22.49784	2.4382727	-19.652454	-41.47173	150600	-4.7683715e-09	110.5136	-0.013027003	-12.423691	0.0029481233	0.0	90.96809983253479
251	-23.549019	4.7027807	-17.635283	-32.420677	25.608696	-25.205877	1.2369503	-20.068972	-32.60673	151200	2.6226044e-08	23.92707	-0.018929344	-3.2755756	0.008966774	0.0	91.28445672988892
252	-23.739788	6.6396437	-17.313038	-51.885075	25.608696	-23.638844	1.3376471	-19.496468	-38.58252	151800	6.039937e-08	38.922997	-0.013726128	-1.196888	0.009720408	0.0	91.64165711402893
253	-24.697618	4.7755985	-18.625696	-38.89372	25.608696	-23.786097	1.2129798	-20.184607	-37.797096	152400	2.870957e-08	20.927061	-0.015768839	-1.1483936	0.007939661	0.0	92.01533555984497
254	-23.558445	4.239638	-18.162745	-32.206543	25.826086	-24.500286	0.9464326	-18.916735	-33.528683	153000	8.1857046e-08	18.143194	-0.0113274	-1.1616287	0.0068628853	0.0	92.36277055740356
255	-23.777134	5.2086167	-18.29599	-39.58303	25.52174	-23.653492	1.2923515	-19.657026	-31.90865	153600	2.4636586e-08	23.199398	-0.012212105	-0.2165165	0.008423906	0.0	92.7242579460144
256	-22.173838	4.221115	-16.994272	-35.42371	25.73913	-23.765749	1.5420237	-19.852467	-32.1299	154200	3.3577283e-08	19.485716	-0.010815554	-2.9905453	0.0073256586	0.0	93.09306764602661
257	-22.509027	3.7243612	-18.010544	-31.034018	25.73913	-22.02946	0.7990347	-18.797298	-28.834555	154800	2.1457673e-08	13.3928795	-0.022746773	-0.37041855	0.008544554	0.0	93.47096848487854
258	-23.363737	4.692625	-17.85769	-39.07245	25.695652	-22.629702	1.366142	-19.094019	-36.89469	155400	5.4041546e-08	20.182722	-0.020778231	-1.2412968	0.008367371	0.0	93.82315325737
259	-22.383736	3.3444984	-17.920795	-29.375916	25.52174	-22.95564	0.67786235	-19.30123	-28.98608	156000	-3.973643e-09	11.2398405	-0.01228141	-0.5216894	0.006672035	0.0	94.185866355896
260	-23.249601	4.136979	-16.889572	-34.318928	25.826086	-22.656172	1.5796359	-20.30891	-36.72471	156600	-1.5894573e-08	15.12931	-0.01371127	-1.2354298	0.008124212	0.0	94.8017647266388
261	-21.560038	3.1926491	-17.627953	-31.961185	25.52174	-23.020182	0.9895075	-19.856955	-35.071285	157200	-3.5663447e-08	10.841534	-0.009793179	-2.2692862	0.0055780048	0.0	95.13280367851257
262	-24.027216	4.4212327	-16.978079	-32.57361	25.826086	-21.798275	1.9425683	-19.416014	-35.84271	157800	-8.145968e-08	24.368654	-0.006434528	-5.93009	0.0070509682	0.0	95.46028661727905
263	-22.801647	3.3198402	-18.295776	-31.231108	25.391304	-23.91474	1.0392275	-20.302853	-30.427837	158400	6.357829e-09	10.362658	-0.012442328	-1.6257839	0.0088696545	0.0	95.78670334815979
264	-23.368101	4.866845	-16.821459	-35.716793	25.565218	-22.897657	1.6507927	-20.15215	-36.82642	159000	-1.07288365e-08	21.08996	-0.016456027	-0.8964405	0.007326569	0.0	96.12601780891418
265	-21.075111	3.7420063	-16.957664	-34.796528	25.913044	-23.157162	0.8165914	-19.774343	-29.245565	159600	-1.7086665e-08	17.465405	-0.0072949952	-4.655998	0.008931265	0.0	96.45718836784363
266	-21.515461	3.9792871	-17.286627	-31.347933	25.782608	-20.951355	0.51559764	-18.473303	-27.392054	160200	-2.3841857e-09	15.743789	-0.016994901	-0.48504353	0.0072034183	0.0	96.79531359672546
267	-22.622566	2.7551754	-18.146528	-28.538795	25.73913	-21.651142	1.0748106	-18.057106	-35.994217	160800	2.22524e-08	8.880173	-0.008753909	-1.3117905	0.0070747314	1.0	97.1343023777008
268	-22.21471	3.2918632	-17.623158	-29.017954	25.608696	-22.54265	0.40567908	-19.06428	-26.23289	161400	-3.973643e-09	10.548533	-0.018732775	-0.2646742	0.009165424	0.0	97.47283911705017
269	-23.086523	3.927858	-17.924698	-33.42075	25.782608	-22.291286	0.7157946	-19.830524	-29.208624	162000	-2.7219455e-08	15.096305	-0.014160136	-0.63870716	0.008908261	0.0	97.80918955802917
270	-21.763474	3.378884	-17.82261	-32.36903	25.913044	-23.042309	1.0079201	-19.843973	-37.038208	162600	-1.9868216e-09	12.592751	-0.01520181	-1.7542629	0.007587491	0.0	98.41580104827881
271	-21.948141	2.5939043	-17.650167	-29.387175	25.52174	-21.637249	0.4575268	-19.026785	-25.842602	163200	1.5099843e-08	6.613282	-0.013415199	-0.4317255	0.009829818	0.0	98.75656461715698
272	-23.027473	5.39071	-17.946085	-44.63489	25.73913	-22.131931	1.5398014	-19.500357	-42.520367	163800	-2.6226044e-08	28.079695	-0.015580684	-1.4632015	0.006420113	1.0	99.09360909461975
273	-22.104586	2.757486	-16.735868	-27.239168	25.695652	-22.939545	1.3167185	-19.102869	-30.794525	164400	-6.357829e-08	8.218315	-0.021660313	-1.4653015	0.008101499	0.0	99.42747926712036
274	-23.210314	4.8018737	-17.814812	-39.34884	25.608696	-22.18143	1.1837521	-20.140215	-31.064127	165000	1.0530154e-08	22.544058	-0.014565692	-1.5404549	0.008129323	0.0	99.76481556892395
275	-23.044245	3.8245654	-18.737171	-34.091316	25.391304	-23.446062	1.561491	-19.285952	-37.109013	165600	-1.09275184e-08	13.519259	-0.020437026	-0.81792927	0.008781533	0.0	100.09762597084045
276	-21.848585	3.4758794	-17.226757	-31.522127	25.826086	-22.73194	0.7655704	-19.47497	-30.470228	166200	-4.053116e-08	12.298703	-0.011676471	-0.9211817	0.0078192	0.0	100.4335584640503
277	-23.412731	6.539837	-17.351164	-41.605877	25.913044	-22.325918	2.0774548	-20.069311	-36.086422	166800	-1.66893e-08	32.324898	-0.018700408	-2.960001	0.009557512	0.0	100.77610850334167
278	-22.576492	3.4362764	-18.000534	-32.238663	25.652174	-22.838005	0.92977744	-18.09414	-31.211084	167400	1.5099843e-08	11.517894	-0.015871925	-0.58436394	0.007524349	0.0	101.11920356750488
279	-21.76699	6.4588566	-17.1539	-50.43776	25.73913	-22.677181	1.7118986	-19.704773	-42.190887	168000	4.371007e-09	32.82927	-0.013741555	-1.3029385	0.0066802693	0.0	101.45565152168274
280	-22.012075	3.2399013	-17.22547	-30.525265	25.608696	-21.671078	1.0148456	-18.989	-34.335506	168600	3.794829e-08	10.72222	-0.012356773	-0.50409794	0.008895887	0.0	102.07262754440308
281	-22.494366	3.826	-17.319204	-34.452602	25.695652	-22.059303	0.79215103	-19.982912	-30.169168	169200	-6.67572e-08	13.329299	-0.022482311	-0.42443848	0.008498565	0.0	102.40757393836975
282	-21.874428	2.1343355	-17.898722	-26.21899	25.652174	-22.396729	0.8506507	-18.378918	-28.555923	169800	2.4636586e-08	5.1741	-0.015176384	-0.69179916	0.009434217	0.0	102.73814082145691
283	-25.544582	10.011112	-17.137157	-65.86146	25.782608	-22.06295	1.2130749	-20.193203	-34.582256	170400	5.5233638e-08	104.18324	-0.02124336	-13.006668	0.008391335	0.0	103.07201957702637
284	-23.331203	4.1941757	-18.039515	-39.14033	25.73913	-25.666306	1.9128479	-19.459702	-40.15571	171000	3.4968057e-08	16.842028	-0.027898852	-6.999565	0.009704783	0.0	103.40933680534363
285	-22.967293	5.20961	-17.589436	-42.409576	25.73913	-23.073662	1.7341077	-20.125858	-37.8495	171600	1.3311704e-08	23.118393	-0.029014267	-0.4928608	0.009598899	0.0	103.7544674873352
286	-22.798409	4.818688	-17.632696	-35.836132	25.434782	-22.99574	1.3232685	-19.544891	-32.74871	172200	-5.0465268e-08	20.14093	-0.033337206	-1.0724068	0.008868017	0.0	104.09076118469238
287	-22.179964	3.0456755	-18.37099	-28.591343	25.73913	-22.426395	1.0758731	-17.827406	-29.839146	172800	3.6756198e-08	9.731729	-0.01345002	-0.7717142	0.008054924	0.0	104.42719721794128
288	-22.475758	4.1044884	-17.076508	-32.139084	25.565218	-22.34373	1.1878506	-19.439844	-31.82926	173400	-4.7683715e-09	14.67556	-0.009250938	-0.4414749	0.008920745	0.0	104.7662284374237
289	-21.45221	3.2704823	-17.715221	-30.747541	25.956522	-22.463715	1.6346512	-20.112339	-31.71123	174000	-2.2053719e-08	9.524067	-0.009820438	-1.3879595	0.0096341865	0.0	105.10084676742554
290	-23.170813	4.358244	-17.002611	-35.127914	25.26087	-21.559973	1.659912	-19.989418	-32.1194	174600	-5.4041546e-08	18.354279	-0.010337485	-2.9264193	0.008069245	0.0	105.71318697929382
291	-21.20127	3.3105817	-17.301447	-30.237173	25.608696	-22.83728	1.0728518	-18.893665	-33.009468	175200	5.761782e-09	12.473089	-0.020574851	-2.7634258	0.009347412	0.0	106.0528552532196
292	-22.81362	4.5343556	-17.90769	-36.240658	25.52174	-21.097301	0.7248572	-19.222923	-29.417746	175800	-2.3444494e-08	22.723974	-0.0112994695	-3.108612	0.009148418	0.0	106.37901067733765
293	-22.58111	2.6755998	-18.191381	-28.51435	25.565218	-22.748945	0.6325521	-20.78137	-29.936	176400	-3.536542e-08	7.2204833	-0.008376342	-0.23269701	0.00790411	0.0	106.71237349510193
294	-23.809324	5.061752	-17.390505	-35.988712	25.826086	-22.891039	1.3306564	-20.56101	-32.82803	177000	4.45048e-08	22.937822	-0.015913507	-3.7490044	0.005709205	0.0	107.0421850681305
295	-21.734457	4.1624503	-16.861036	-34.21781	25.52174	-23.134027	0.9997339	-19.11168	-31.070648	177600	2.0662943e-08	18.912668	-0.015542631	-2.5216599	0.008605493	0.0	107.37033653259277
296	-21.847166	4.2622623	-17.390633	-35.433937	25.434782	-21.953148	1.5690185	-19.589363	-36.463264	178200	9.139379e-09	15.971348	-0.015211436	-0.51226234	0.007747288	0.0	107.70416784286499
297	-21.543364	3.540339	-18.508825	-35.114773	25.652174	-21.785234	1.074742	-18.50907	-33.461746	178800	-1.5099843e-08	10.898327	-0.013925573	-1.0577421	0.0082522025	0.0	108.04269886016846
298	-24.631063	4.1821313	-17.92344	-32.27342	25.52174	-22.089329	2.2624958	-18.39622	-37.217014	179400	1.7881394e-08	23.561918	-0.021797396	-7.1637917	0.008837421	0.0	108.38402605056763
299	-22.002897	3.218561	-16.831787	-28.232815	25.695652	-24.198359	1.2967167	-19.415874	-30.902607	180000	-1.5894572e-09	16.075516	-0.0106507875	-6.1791143	0.007461633	0.0	108.71106123924255
300	-23.4543	3.3024685	-17.479448	-30.60838	25.782608	-22.00603	0.44710517	-17.620394	-28.314379	180600	-2.1656355e-08	12.695643	-0.019435998	-2.3033495	0.00996173	0.0	109.33771800994873
301	-22.364191	3.7437935	-17.243097	-33.53107	25.434782	-23.73779	1.6886493	-19.365076	-32.86007	181200	-3.4968057e-08	15.067028	-0.01716702	-2.1274748	0.008691675	0.0	109.67528939247131
302	-22.505262	3.7504878	-17.411367	-31.089542	25.608696	-22.368269	0.8423146	-17.880432	-30.029266	181800	3.1193096e-08	14.000875	-0.01993899	-0.40770245	0.006443889	0.0	110.00343537330627
303	-23.098537	3.6771543	-17.054583	-33.722923	25.695652	-22.48355	0.38685507	-18.146599	-25.411564	182400	-1.11262e-08	13.80292	-0.010486536	-0.39501953	0.008041618	0.0	110.34491276741028
304	-23.33434	4.9195437	-17.64397	-33.730686	25.608696	-23.10733	0.4812514	-19.543262	-27.540245	183000	-4.529953e-08	23.253923	-0.013911033	-1.7893295	0.00910594	0.0	110.68141984939575
305	-21.487497	3.4216323	-16.78681	-31.682869	25.826086	-23.072968	1.0024874	-18.040524	-31.000795	183600	1.5695889e-08	14.6980715	-0.0097574955	-3.2897806	0.005427075	0.0	110.99762845039368
306	-22.484213	2.7925515	-17.109718	-27.467728	25.565218	-21.55653	0.5115133	-18.97715	-29.254692	184200	1.2715658e-08	8.378218	-0.017732251	-0.8710513	0.009639333	1.0	111.340500831604
307	-23.276197	2.530348	-19.157251	-28.477465	25.73913	-22.565063	0.919503	-20.463797	-31.641626	184800	-3.1391778e-08	7.2496905	-0.011095622	-0.7527318	0.0074773836	0.0	111.67543816566467
308	-22.635365	4.809623	-17.603378	-36.507652	25.695652	-23.20931	0.46208474	-18.966682	-29.368671	185400	5.761782e-09	23.144415	-0.026201231	-0.39215088	0.008317463	0.0	112.01114344596863
309	-22.433619	3.421801	-17.373146	-30.837387	25.782608	-22.765917	0.835148	-19.063643	-30.37253	186000	-1.9868216e-08	11.352264	-0.0037922638	-0.14793777	0.0078021144	0.0	112.34273910522461
310	-21.664759	4.2032905	-17.684265	-37.738564	25.52174	-22.509909	1.3353043	-18.123377	-35.955727	186600	1.7484028e-08	14.80722	-0.015863277	-1.5092239	0.007289613	1.0	112.96662545204163
311	-21.58482	2.309333	-17.898031	-26.127228	25.652174	-21.534838	0.7530475	-18.862026	-30.154919	187200	1.7484028e-08	5.5098658	-0.012635556	-0.31072998	0.008376511	0.0	113.29004859924316
312	-22.801485	4.52727	-16.776014	-37.53248	25.52174	-21.61574	0.9092316	-18.17529	-33.119087	187800	-3.1789146e-08	19.522089	-0.023428945	-1.3225136	0.008179579	0.0	113.6226396560669
313	-21.5636	2.7930276	-17.332125	-30.727585	25.695652	-22.70435	0.5779782	-19.136658	-30.094072	188400	4.3610733e-08	8.887414	-0.015823435	-1.5090847	0.0067295735	1.0	113.96110701560974
314	-21.786716	3.2625866	-17.343037	-31.30828	25.565218	-21.577995	0.66874844	-17.630733	-27.731369	189000	1.5695889e-08	10.202554	-0.015341549	-0.10308361	0.0074932002	0.0	114.2989137172699
315	-21.99379	5.138832	-17.500975	-42.18516	26.0	-21.99281	1.4580637	-19.569893	-32.586697	189600	5.056461e-08	21.189844	-0.018922802	-0.3569107	0.009781676	0.0	114.6327691078186
316	-22.156784	3.0623538	-16.909498	-29.812166	25.695652	-22.125921	1.9955491	-18.453096	-31.348063	190200	4.9273172e-08	7.788397	-0.015180548	-0.6734767	0.0072992835	0.0	114.97509622573853
317	-23.203402	4.646249	-17.65264	-37.693233	25.608696	-21.884134	0.8572678	-19.196354	-29.165154	190800	1.5298525e-08	22.633656	-0.011409671	-2.1692047	0.007029078	0.0	115.30743265151978
318	-22.475222	3.208263	-18.014002	-30.109148	25.47826	-22.999094	0.59534043	-20.096066	-28.074526	191400	2.960364e-08	10.315021	-0.018033804	-0.69272804	0.009549082	0.0	115.64868092536926
319	-22.312555	3.5242264	-17.36598	-29.349636	25.52174	-22.730944	1.6048874	-18.311892	-32.23208	192000	1.3113022e-08	11.541069	-0.015153084	-0.68608	0.008602621	0.0	115.98359727859497
320	-22.364073	3.9029803	-17.03949	-34.446217	25.695652	-22.166597	0.9201138	-17.969048	-31.263325	192600	-1.6887983e-08	13.909323	-0.014421844	-0.3694811	0.0077233966	0.0	116.60810017585754
321	-23.288393	5.1399884	-17.359245	-43.008476	25.652174	-22.384651	1.0301105	-19.372112	-31.90469	193200	-3.2583873e-08	24.315712	-0.016648956	-1.2120438	0.009516131	0.0	116.94264459609985
322	-22.313652	3.766509	-17.571497	-31.009146	25.434782	-23.344612	1.5632968	-20.033932	-33.34026	193800	-2.8411547e-08	13.607996	-0.017531183	-1.2404671	0.009725198	0.0	117.2698884010315
323	-21.678038	2.901017	-17.880205	-28.161158	25.652174	-22.097692	0.9577803	-19.239225	-28.834858	194400	4.053116e-08	8.227336	-0.01838745	-0.38200808	0.009227877	0.0	117.60249495506287
324	-22.993965	5.9220057	-17.531923	-43.10292	25.52174	-21.80881	1.3873906	-19.049274	-31.207476	195000	-4.271666e-08	32.134277	-0.014598646	-1.3734417	0.007706999	0.0	117.93722009658813
325	-21.82118	3.8528082	-17.685667	-30.301361	25.47826	-22.742836	0.7441932	-18.49265	-30.892498	195600	1.7484028e-08	14.923527	-0.016167939	-1.0725727	0.00904518	0.0	118.27666568756104
326	-21.702648	3.8564782	-17.601717	-34.735947	25.52174	-21.900307	1.2331901	-18.315481	-31.436436	196200	-2.1457673e-08	13.560562	-0.016365023	-0.46284676	0.007275544	0.0	118.6091194152832
327	-22.401073	3.1271923	-17.807743	-28.509659	25.391304	-21.512865	0.7959797	-17.903687	-27.142162	196800	-1.14440915e-07	10.634159	-0.011731534	-1.1789227	0.008825122	0.0	118.94903111457825
328	-21.595613	3.181914	-17.480438	-29.976395	25.434782	-22.528496	1.1421628	-21.273924	-31.438227	197400	-3.059705e-08	10.46928	-0.0139050335	-1.4461069	0.005853192	0.0	119.28231501579285
329	-22.32108	3.6720948	-17.029585	-30.003384	25.47826	-21.515152	0.7716331	-17.85882	-29.483772	198000	-4.2120615e-08	13.488685	-0.0135071045	-0.69094753	0.008212407	0.0	119.61493062973022
330	-23.020962	3.6957033	-17.839933	-32.11077	25.869566	-22.354105	0.7740586	-20.28035	-30.06925	198600	-1.5397866e-08	13.699707	-0.012947373	-0.84484005	0.0060148793	0.0	120.24447894096375
331	-23.0938	4.7426033	-16.998936	-34.62187	25.565218	-22.9597	0.8802223	-19.147575	-31.660141	199200	-1.66893e-08	21.422321	-0.012813086	-3.3994236	0.00607734	0.0	120.58920741081238
332	-20.856407	1.7268432	-17.910826	-23.991472	25.652174	-22.835363	1.3103456	-18.021372	-31.97888	199800	-4.2120615e-08	8.525598	-0.023452679	-5.431454	0.0076714843	0.0	120.92154026031494
333	-22.750998	5.281272	-16.629908	-35.378	25.47826	-20.970478	0.82464314	-17.591705	-30.644247	200400	-1.7881394e-08	28.438906	-0.01229819	-6.0474625	0.007056378	0.0	121.23752188682556
334	-22.576574	3.2811234	-17.831768	-29.27807	25.47826	-22.492554	1.3275819	-18.125885	-31.616636	201000	1.4305114e-08	10.053945	-0.010305582	-0.42196178	0.008567794	0.0	121.56870198249817
335	-20.64224	2.700497	-17.42758	-29.13082	25.47826	-22.471037	0.76823413	-20.19944	-32.536755	201600	7.947286e-10	10.124351	-0.00820489	-3.4467292	0.0075129867	0.0	121.9124927520752
336	-22.189272	3.0994027	-17.826166	-29.155893	25.52174	-20.68612	0.70912874	-16.546547	-27.920763	202200	-4.5001507e-08	11.848391	-0.023369214	-3.1672058	0.008442036	0.0	122.25870108604431
337	-20.32715	1.9122919	-16.689154	-24.812338	25.695652	-22.147245	1.0814598	-17.941778	-30.902462	202800	-5.9604645e-08	7.162735	-0.018801974	-3.8080323	0.009737991	0.0	122.60175371170044
338	-21.988636	3.462566	-16.84983	-33.04761	25.652174	-20.384743	0.6111995	-18.472845	-25.807041	203400	1.4702479e-08	14.023896	-0.009520379	-3.2536354	0.007395107	0.0	122.93964695930481
339	-22.508238	5.393845	-17.397186	-45.40009	25.73913	-22.079489	1.744444	-17.705835	-31.844898	204000	-3.5762786e-09	28.652527	-0.011604584	-2.6991158	0.0068698614	0.0	123.27632975578308
340	-22.096983	3.1938114	-17.920746	-27.657864	25.304348	-22.418242	0.5534583	-18.518627	-28.374239	204600	-2.3047129e-08	10.035806	-0.016882768	-0.50956535	0.00918468	0.0	123.90315580368042
341	-21.677738	2.9994044	-17.273104	-27.431286	25.391304	-22.437765	1.7446408	-18.629148	-31.813005	205200	-7.947286e-09	10.616168	-0.013709971	-1.8825407	0.007275055	1.0	124.25016832351685
342	-21.978697	3.2604842	-17.393747	-32.11337	25.565218	-21.700203	0.73943067	-18.11472	-30.387259	205800	1.3510387e-08	10.070803	-0.0060883886	-0.19720173	0.0070284535	0.0	124.57982230186462
343	-20.879162	3.5600517	-17.45195	-34.457745	25.695652	-21.882618	0.5346814	-17.69262	-27.008524	206400	-6.11941e-08	13.159516	-0.015329576	-1.177846	0.007278051	0.0	124.9138457775116
344	-21.46467	3.0574338	-17.428244	-29.623505	25.826086	-20.89701	0.49776283	-16.916843	-26.412266	207000	-4.172325e-08	9.666923	-0.0047899242	-0.42155552	0.0075559313	0.0	125.24810433387756
345	-21.23745	4.1946898	-16.82949	-35.5582	25.47826	-21.462095	0.44388926	-17.514015	-26.674843	207600	-1.5894572e-09	16.998562	-0.011880675	-0.6057606	0.0077541918	0.0	125.58458590507507
346	-21.813147	2.9965098	-17.688963	-27.527308	25.652174	-21.250246	0.7806088	-19.65515	-30.546022	208200	5.9604646e-09	8.958644	-0.013003943	-0.48803997	0.0094016045	0.0	125.91661977767944
347	-21.080894	3.2974718	-17.159777	-30.225067	25.782608	-21.750774	0.6838668	-19.000082	-27.319065	208800	-2.1060307e-08	11.031326	-0.010759184	-0.6280308	0.007327803	0.0	126.25577449798584
348	-22.391617	5.056768	-17.463013	-42.72546	25.52174	-21.445932	1.7071198	-19.029444	-33.54561	209400	4.649162e-08	19.31397	-0.012874435	-2.4622917	0.007923625	1.0	126.59805750846863
349	-22.852486	3.5220337	-17.33353	-28.654285	25.608696	-22.20899	1.2769105	-19.335587	-33.490013	210000	3.973643e-10	12.331654	-0.022404611	-1.0292921	0.008745367	0.0	126.93206524848938
350	-55.602093	162.00891	-18.034653	-832.43726	24.625	-22.686644	0.7072087	-19.702682	-30.015215	210600	-3.8146972e-08	1102.3325	-0.031622354	-18.74121	0.007505038	0.0	127.57162857055664
351	-20.37622	2.357704	-17.20278	-26.455818	25.695652	-22.427488	2.1050782	-21.331179	-31.016417	211200	3.973643e-10	13.739548	-0.0144931665	-8.340446	0.009239637	0.0	127.90563344955444
352	-21.021408	2.2435045	-17.66084	-26.293186	25.217392	-20.437084	0.6412417	-19.085287	-28.778263	211800	-3.0994414e-08	5.2080173	-0.01879819	-0.4678731	0.009670285	0.0	128.23382306098938
353	-21.049837	2.3965583	-17.23025	-25.596706	25.782608	-20.9506	0.45455158	-19.430273	-28.929415	212400	2.1457673e-08	5.692172	-0.015665973	-0.045352936	0.0088917	0.0	128.57295989990234
354	-22.013294	3.0661426	-17.65782	-29.74154	25.304348	-21.232574	1.1717823	-18.880636	-30.951258	213000	1.9073486e-08	8.606297	-0.021381367	-0.6798992	0.009765885	0.0	128.89978313446045
355	-22.029858	3.7162454	-17.194004	-31.931646	25.73913	-21.777067	0.56778395	-19.437408	-27.762024	213600	2.026558e-08	13.269133	-0.017427793	-0.5957136	0.007231034	0.0	129.2419490814209
356	-21.444744	2.714024	-17.768414	-26.879	25.913044	-22.276583	1.2710837	-20.046862	-31.218214	214200	-1.5894573e-08	8.420202	-0.0141360285	-1.8273892	0.007522072	0.0	129.5804798603058
357	-23.50889	6.0742617	-18.06055	-48.307167	25.565218	-21.4657	1.2376984	-16.702833	-31.66184	214800	1.8278758e-08	36.68447	-0.01876174	-4.3529663	0.009305436	0.0	129.91594576835632
358	-20.995361	2.7129145	-17.361767	-27.411762	25.565218	-23.238838	0.4517301	-17.90523	-27.49647	215400	-2.7020773e-08	12.144742	-0.017838947	-4.921464	0.008492326	0.0	130.25540733337402
359	-22.343721	4.054285	-17.208	-31.530674	25.73913	-21.132607	0.8594666	-17.555527	-29.749483	216000	-3.576279e-08	17.354797	-0.012991742	-1.9340849	0.0064295516	0.0	130.59721755981445
360	-22.77697	2.972535	-18.539898	-29.69425	25.652174	-22.304016	0.8476098	-17.326977	-31.435215	216600	1.7086665e-08	8.810283	-0.012897346	-0.4431677	0.009217968	0.0	131.25513648986816
361	-20.60664	2.1936347	-17.125158	-25.452501	25.608696	-22.645393	0.8526963	-19.766352	-29.46617	217200	4.4107438e-08	9.020206	-0.013001981	-4.3898463	0.009981747	0.0	131.58151268959045
362	-21.880844	2.7532508	-16.653597	-26.87288	25.565218	-20.652313	0.56437445	-18.321623	-28.44805	217800	-2.1060307e-08	8.746204	-0.018637447	-1.4098549	0.009359996	0.0	131.90782618522644
363	-21.153816	2.3148735	-17.21894	-26.49125	25.652174	-21.84259	0.78755105	-15.966501	-27.995724	218400	-2.3841857e-09	6.0173845	-0.012678153	-0.8948779	0.009042813	0.0	132.2375738620758
364	-21.118435	3.6263144	-16.89411	-35.050304	25.826086	-21.214748	0.5188494	-19.669188	-29.504492	219000	-1.3510387e-08	12.773049	-0.015255493	-1.0778999	0.0072918446	0.0	132.5825548171997
365	-20.957573	2.9290473	-16.776684	-27.725096	25.652174	-21.096838	0.89596814	-13.791201	-29.99124	219600	-1.8874804e-08	8.400362	-0.008896763	-0.63570213	0.007722653	0.0	132.91674518585205
366	-22.766613	3.2092927	-17.419477	-28.691935	25.826086	-21.183664	1.8269684	-18.69759	-36.793484	220200	-3.1391778e-08	12.287902	-0.01085046	-3.1634922	0.007174997	0.0	133.25268936157227
367	-20.929995	2.77753	-17.201685	-28.171164	26.043478	-22.467754	0.340844	-19.013384	-26.406208	220800	1.2715658e-08	10.066639	-0.003916383	-2.6010122	0.0073558553	0.0	133.58983421325684
368	-20.19538	1.7018503	-17.649937	-24.576014	25.608696	-20.944515	0.4018137	-18.813745	-27.062605	221400	2.3047129e-08	3.4450269	-0.009191388	-0.62608695	0.007927924	0.0	133.9346923828125
369	-21.954416	2.9278948	-18.451803	-28.398273	25.652174	-20.23958	0.6180178	-18.09711	-29.03219	222000	-5.543232e-08	11.305013	-0.014006724	-2.9817877	0.008667143	0.0	134.27397632598877
370	-21.776226	2.905054	-17.092249	-29.58251	25.782608	-22.007347	0.9368949	-14.040828	-30.286146	222600	-4.371007e-09	8.029486	-0.016044475	-1.0427213	0.008919182	0.0	134.93725204467773
371	-21.936073	3.1386578	-17.48975	-30.397701	25.652174	-21.626648	0.7252875	-19.36605	-27.631763	223200	-6.45717e-08	9.711405	-0.015596004	-0.4150381	0.006901439	1.0	135.2768280506134
372	-20.576777	2.2215035	-17.640324	-25.509031	25.826086	-21.942158	0.67009693	-19.150518	-30.315985	223800	-1.1722247e-08	6.253494	-0.01737027	-1.9920125	0.007201821	0.0	135.6151921749115
373	-21.678682	3.3713973	-18.388628	-33.052654	25.565218	-20.502432	0.4727972	-18.181982	-25.379278	224400	-2.9404958e-08	12.577588	-0.017674243	-1.7741013	0.007944773	0.0	135.95098161697388
374	-20.250277	1.8411518	-17.780725	-24.945084	25.695652	-21.557526	0.56650835	-18.022335	-24.560463	225000	1.9868216e-09	5.2112637	-0.0118239755	-1.9367378	0.0070997174	1.0	136.29329991340637
375	-21.267086	2.9010682	-16.84622	-28.470463	25.826086	-20.367773	0.72736835	-18.505632	-27.64216	225600	-3.33786e-08	9.0886755	-0.007791335	-1.4214854	0.006603198	0.0	136.6271665096283
376	-21.334387	2.5102181	-17.874481	-28.320196	25.73913	-21.228567	0.98735553	-18.85425	-27.08597	226200	4.5597552e-08	4.8709173	-0.013734053	-0.153965	0.008274588	0.0	136.9612774848938
377	-20.850397	2.782539	-17.24234	-27.420282	25.73913	-21.142725	0.70647085	-18.462008	-28.056793	226800	6.7949294e-08	7.313261	-0.014455466	-0.2916293	0.007345843	0.0	137.29669094085693
378	-22.340319	3.3511534	-17.577791	-31.001467	25.652174	-20.936409	1.1697412	-18.909624	-34.31181	227400	1.9868216e-08	13.038183	-0.014377989	-2.5044823	0.008759361	0.0	137.63739109039307
379	-21.205587	2.8873188	-17.067118	-29.227604	25.695652	-22.393892	1.0890846	-17.33103	-31.765703	228000	-6.357829e-09	8.861253	-0.020102404	-2.0729318	0.008412286	0.0	137.96751141548157
380	-21.331919	2.5986245	-17.416952	-27.486923	25.434782	-21.264984	1.4145118	-18.61457	-29.94277	228600	6.7551933e-09	6.9160366	-0.015616867	-0.843565	0.007791896	0.0	138.63287901878357
381	-20.855093	2.2256954	-17.36002	-26.859125	25.826086	-21.185242	0.40797997	-18.441406	-24.45227	229200	7.947286e-09	5.047085	-0.013458791	-0.2044506	0.008448547	0.0	138.97362399101257
382	-21.167849	2.9225507	-16.967035	-28.48867	25.782608	-20.842928	0.4912685	-16.315605	-25.91036	229800	2.4239222e-08	8.27045	-0.013294451	-0.35826206	0.008976299	0.0	139.30368661880493
383	-21.952934	3.7411933	-17.009283	-30.740828	25.434782	-21.282442	1.238128	-18.914562	-31.535923	230400	3.7153562e-08	12.191545	-0.013700554	-0.9102669	0.00833392	0.0	139.62861609458923
384	-20.257406	2.0957415	-16.80556	-25.047594	26.043478	-21.69372	0.6570728	-18.744905	-27.26053	231000	-3.1789146e-08	6.5806136	-0.011725299	-2.2696362	0.005673583	0.0	139.95888471603394
385	-21.152704	2.5120893	-17.373892	-25.806593	25.73913	-20.324938	0.48219663	-19.647581	-25.888058	231600	-5.9405963e-08	6.8073244	-0.009908522	-0.7548723	0.008467085	0.0	140.2934319972992
386	-22.536097	4.326381	-16.96971	-33.139282	25.782608	-21.231052	0.9257276	-19.28821	-28.7098	232200	4.6094257e-08	19.446133	-0.0070932414	-2.6516495	0.007559401	0.0	140.6334068775177
387	-21.705399	3.8566895	-17.272318	-30.739817	25.565218	-22.371532	0.9045569	-19.585665	-30.180788	232800	-2.8610229e-08	14.436277	-0.021644196	-0.70468426	0.00889102	0.0	140.9696455001831
388	-22.099089	2.9376857	-17.398298	-27.877571	25.869566	-21.85749	1.1082221	-16.356571	-28.928959	233400	-3.2583873e-08	8.595416	-0.02386353	-0.6016693	0.008397741	0.0	141.30604434013367
389	-23.361938	3.1282358	-18.536968	-30.004654	26.272728	-22.052048	0.9903634	-19.729229	-31.54749	234000	-2.1656355e-08	11.314847	-0.011996246	-2.3482094	0.0065855356	1.0	141.6454029083252
390	-23.024069	8.106454	-18.423052	-59.97992	25.826086	-23.315117	0.72766507	-20.80402	-31.63735	234600	-2.8610229e-08	62.71571	-0.018516455	-1.3500633	0.007868808	0.0	142.3120698928833
391	-22.298328	2.9155915	-18.069088	-28.089582	25.73913	-22.924543	0.51584285	-20.21053	-28.53241	235200	3.973643e-08	8.804784	-0.014244433	-0.60606384	0.00824012	0.0	142.64439725875854
392	-20.765364	2.0292697	-18.028389	-25.58106	25.73913	-22.274363	0.36969084	-19.735123	-26.343184	235800	-1.5894573e-08	6.409628	-0.01462258	-2.3519611	0.0064550135	0.0	142.9762887954712
393	-21.794912	1.4557761	-19.219383	-24.885101	25.869566	-20.880495	0.492161	-18.705124	-26.832914	236400	0.0	3.1458676	-0.0057921107	-0.96567035	0.008116855	0.0	143.30457425117493
394	-21.80156	3.0321345	-18.41067	-30.68869	25.608696	-21.770943	0.47271654	-19.515793	-28.834768	237000	6.556511e-08	8.74225	-0.017524434	-0.8852935	0.007830059	0.0	143.63654375076294
395	-21.343477	2.0834975	-17.506365	-25.714607	25.913044	-21.648502	0.44082266	-19.656193	-26.368671	237600	-2.9802322e-08	4.4894867	-0.01541937	-0.19562864	0.008912019	0.0	143.97715187072754
396	-20.458597	2.4360409	-16.568344	-27.005274	26.043478	-21.355804	0.23114192	-19.261705	-23.19625	238200	-2.3841857e-09	6.7451434	-0.01635674	-0.88310623	0.008512335	0.0	144.3132085800171
397	-21.503515	3.001325	-17.841013	-28.215965	25.826086	-20.506777	0.4551685	-17.396896	-25.621029	238800	6.437302e-08	9.626439	-0.019327557	-1.2078743	0.006537649	0.0	144.65295386314392
398	-22.008173	2.623479	-18.659565	-27.155422	25.391304	-21.54018	1.0202315	-19.65804	-34.169662	239400	-2.8610229e-08	8.351903	-0.0264793	-0.72077656	0.007819349	0.0	144.98575830459595
399	-23.636473	7.8178687	-17.743427	-56.557228	25.608696	-22.45683	2.0165868	-20.049591	-40.30641	240000	4.7683717e-08	46.401764	-0.019547658	-4.337902	0.007502838	0.0	145.32140398025513
400	-21.552465	3.3186193	-16.640676	-32.825073	25.565218	-23.13519	0.7016422	-20.543774	-34.27497	240600	3.6358834e-08	12.539401	-0.017176544	-3.888464	0.0064992756	1.0	145.99327635765076
401	-21.210838	2.1882687	-17.70597	-25.669542	25.73913	-21.673298	1.7059495	-17.405941	-32.581116	241200	-7.073084e-08	6.182633	-0.014860253	-1.4661999	0.009698003	0.0	146.3319833278656
402	-20.826805	2.5583775	-16.972685	-25.936743	25.826086	-21.179537	0.40154868	-17.77732	-25.133516	241800	-2.7815501e-08	6.588825	-0.015399574	-0.20722532	0.0071125524	0.0	146.69090390205383
403	-21.841425	2.9968975	-17.140644	-27.60811	25.47826	-20.81729	0.46762413	-17.255365	-25.92932	242400	-5.5631e-09	9.584572	-0.011858435	-1.1821756	0.006736436	0.0	147.03685879707336
404	-20.875769	2.0268521	-17.691616	-24.976788	25.695652	-21.73958	0.61173844	-19.532606	-26.785923	243000	-1.7086665e-08	5.045031	-0.016573867	-1.1321485	0.009899484	0.0	147.39160466194153
405	-24.662312	6.819343	-17.05783	-44.349663	25.608696	-21.403896	2.358764	-18.871588	-43.59177	243600	9.338061e-09	45.88373	-0.016162	-15.648842	0.008538195	0.0	147.73605751991272
406	-21.487593	2.3375165	-17.259966	-25.302015	25.652174	-24.098797	2.232319	-19.723866	-34.756557	244200	-3.973643e-09	15.966601	-0.0068812123	-10.262136	0.0045462577	0.0	148.06183433532715
407	-21.200377	2.7012844	-16.50052	-28.246437	25.695652	-21.601383	0.4515365	-19.638435	-26.31753	244800	8.34465e-09	7.087523	-0.020446593	-0.209692	0.008447237	0.0	148.3948392868042
408	-21.086939	3.3110762	-17.87582	-30.553474	25.652174	-21.237923	0.5482306	-19.262321	-29.616644	245400	4.053116e-08	10.567136	-0.02418138	-0.22079086	0.00857131	0.0	148.73425817489624
409	-20.930927	3.830655	-17.79216	-35.52419	25.826086	-21.11334	0.99503595	-19.115528	-35.24571	246000	-4.2120615e-08	12.721632	-0.014739578	-1.2905474	0.008611987	0.0	149.06945061683655
410	-21.914522	2.665285	-17.279156	-28.665396	25.608696	-20.825209	0.73625314	-17.704678	-29.034681	246600	1.7484028e-08	8.218603	-0.008618676	-1.4188962	0.008666157	0.0	149.75025343894958
411	-22.35586	3.3187728	-17.083382	-28.387585	25.52174	-21.9499	1.0471834	-19.423767	-33.266296	247200	-4.5696893e-08	10.76691	-0.014442414	-0.68729496	0.0067270678	0.0	150.07604598999023
412	-21.288147	2.7441936	-17.84711	-31.391861	25.782608	-22.368757	0.72748774	-19.292818	-28.925396	247800	-4.2915346e-08	8.092307	-0.018960211	-1.5304518	0.007372031	0.0	150.41773986816406
413	-22.368624	3.611119	-18.02153	-34.121677	25.73913	-21.508835	1.6234761	-19.28921	-37.809647	248400	-2.8312206e-08	13.859617	-0.021105442	-1.8210268	0.009350643	0.0	150.7585051059723
414	-22.979118	6.409032	-17.733921	-49.682594	25.826086	-22.470976	1.9769372	-20.13589	-44.09381	249000	1.8278758e-08	30.797325	-0.010916585	-4.794573	0.008861173	1.0	151.09991550445557
415	-21.119936	2.3389223	-17.182364	-26.452011	25.391304	-22.525116	1.3100178	-18.241108	-32.832573	249600	-4.4902166e-08	9.085757	-0.021377217	-3.82015	0.009612661	0.0	151.43538904190063
416	-21.44198	3.4340675	-17.466991	-32.92274	25.608696	-21.165424	0.42002755	-17.559153	-25.750261	250200	6.11941e-08	11.578954	-0.010736837	-0.2213459	0.0063283974	0.0	151.78919911384583
417	-21.14867	3.0059435	-16.846395	-27.198383	25.826086	-21.393785	0.6622281	-17.715784	-27.156878	250800	-7.947286e-10	8.85624	-0.012637985	-0.21329021	0.0075071612	1.0	152.15700817108154
418	-20.697784	3.0049434	-17.164165	-30.96922	25.391304	-21.097263	0.7317542	-19.237358	-36.044235	251400	-3.33786e-08	8.832785	-0.015054723	-0.36932564	0.0073501808	0.0	152.51187181472778
419	-21.289104	3.3680408	-17.451773	-29.66698	25.52174	-20.790236	0.64265513	-18.871035	-26.145538	252000	2.026558e-08	11.238357	-0.012275237	-0.47456074	0.0080995	0.0	152.86261749267578
420	-22.583908	6.439533	-17.27504	-49.550343	25.565218	-21.508795	2.0794384	-19.38951	-43.77476	252600	7.947286e-09	32.61904	-0.008761468	-7.7387753	0.0061745592	0.0	153.55996799468994
421	-22.067926	2.3396153	-18.303856	-26.680037	25.73913	-21.966635	0.50764215	-17.906448	-27.006449	253200	2.582868e-08	5.3338294	-0.0103716655	-0.049824715	0.0056454204	0.0	153.89558839797974
422	-22.755865	5.307106	-16.68202	-35.379936	26.0	-22.277647	1.4735366	-18.617977	-38.783894	253800	1.291434e-08	25.615461	-0.018788086	-1.402811	0.0070091533	1.0	154.2434904575348
423	-20.940895	2.8078885	-17.422707	-26.955683	25.52174	-22.428099	0.7992511	-20.422585	-27.275951	254400	4.0133795e-08	9.676147	-0.017526023	-2.582848	0.009741369	0.0	154.60744643211365
424	-20.829426	2.1919608	-17.906355	-25.6945	25.73913	-20.904224	1.1018548	-19.09918	-31.405876	255000	1.5894572e-09	5.3971615	-0.01456358	-0.7189679	0.006829309	0.0	154.97245955467224
425	-20.954395	2.9102628	-17.47189	-31.062887	25.391304	-20.84591	0.5386439	-19.137842	-28.446323	255600	4.45048e-08	8.295277	-0.014047804	-0.105727196	0.0071879434	0.0	155.324862241745
426	-21.511045	4.1171894	-17.08313	-33.88008	25.608696	-20.959154	0.3937445	-19.312887	-27.609282	256200	3.596147e-08	16.643105	-0.022789307	-0.5215454	0.007195513	0.0	155.68313217163086
427	-23.784172	6.9889765	-17.547483	-50.458134	26.0	-21.749462	1.8801742	-19.709547	-42.278194	256800	4.1127205e-08	45.912457	-0.016920788	-16.441113	0.008783349	0.0	156.0491693019867
428	-21.661957	3.7661793	-17.10035	-31.022787	26.272728	-23.639744	2.0540807	-17.684483	-44.811428	257400	5.4041546e-08	15.666875	-0.020390088	-4.417671	0.009196896	0.0	156.41895580291748
429	-21.951054	3.7925215	-17.682747	-33.26457	25.652174	-21.347307	0.9666858	-18.81685	-32.38546	258000	2.3841857e-09	14.388642	-0.022193762	-1.0274591	0.007291073	1.0	156.79029393196106
430	-22.385498	3.3245418	-18.01716	-30.658766	25.217392	-21.934933	0.83766526	-20.232079	-30.553339	258600	4.6094257e-08	11.188807	-0.01697613	-0.8378563	0.0069883126	0.0	157.50964188575745
431	-21.084183	2.5058897	-16.95075	-28.063318	25.73913	-22.538694	1.2599758	-20.504711	-37.235252	259200	2.6623407e-08	9.077906	-0.013119484	-2.6480908	0.008343342	0.0	157.84773921966553
432	-21.729326	3.5707839	-17.518923	-32.9606	25.869566	-21.440966	1.8322814	-19.53286	-38.313034	259800	-4.7286353e-08	10.486309	-0.020818843	-0.6588011	0.0065302486	1.0	158.17781162261963
433	-20.479168	2.556581	-17.197535	-27.266947	25.565218	-21.273043	0.7236426	-18.267435	-33.57099	260400	-1.3113022e-08	7.1199627	-0.015823577	-0.8542056	0.008557604	0.0	158.51606464385986
434	-21.212748	2.3313165	-18.573065	-27.063627	25.73913	-20.493011	0.37485552	-19.031256	-23.834707	261000	3.3577283e-08	5.9133763	-0.01820976	-0.6774435	0.00613628	0.0	158.8458981513977
435	-21.367327	2.5461056	-17.33131	-26.726095	25.52174	-21.187565	0.43679768	-19.731195	-25.99534	261600	-2.5629998e-08	6.227705	-0.0101830745	-0.040982246	0.0052878303	0.0	159.18894004821777
436	-21.632671	2.9371686	-17.911829	-29.020718	25.52174	-21.383339	0.617694	-19.891546	-29.079557	262200	2.7020773e-08	8.140495	-0.017534617	-0.105311394	0.00847459	0.0	159.5329556465149
437	-20.549284	3.3505867	-16.790966	-29.276022	25.608696	-21.571712	0.42878687	-20.01733	-25.893517	262800	-4.0133795e-08	11.637819	-0.017219562	-1.3108492	0.00957913	0.0	159.8738293647766
438	-20.610193	2.3994462	-17.235096	-26.021711	25.565218	-20.445406	0.40161464	-19.017689	-23.400211	263400	-2.8610229e-08	5.543375	-0.009314668	-0.08937216	0.0068453853	0.0	160.21017408370972
439	-21.912146	3.1048715	-17.241323	-32.061745	25.73913	-20.651995	0.62514836	-19.220407	-26.751577	264000	4.1325887e-08	10.552211	-0.011524066	-1.7990303	0.008868253	0.0	160.5433430671692
440	-22.323399	5.5210805	-17.572863	-41.150654	25.782608	-22.104975	1.7155524	-20.312057	-38.88394	264600	-1.9073486e-08	24.827232	-0.022361526	-0.37597466	0.009765286	0.0	161.25021600723267
441	-21.576221	3.032196	-17.67441	-30.940994	25.869566	-22.179625	0.8301553	-20.59813	-31.93714	265200	1.0331472e-08	9.5667715	-0.00851897	-0.7120886	0.007498632	0.0	161.59040522575378
442	-21.117203	3.1816888	-17.024715	-28.477493	25.73913	-21.472881	0.42661777	-19.364746	-26.23877	265800	-3.417333e-08	9.987581	-0.014234855	-0.5011177	0.008137901	0.0	161.93014645576477
443	-20.59019	2.4072337	-17.122639	-25.450188	25.608696	-21.1116	0.56554306	-18.996164	-27.146032	266400	3.0100345e-08	5.937438	-0.014423337	-0.37974548	0.0064504053	0.0	162.2641429901123
444	-22.224005	2.7347112	-17.403807	-27.656532	25.956522	-20.837809	1.4683385	-19.231544	-38.231445	267000	-1.06890994e-07	9.664834	-0.030710613	-3.225327	0.004582037	0.0	162.59306478500366
445	-21.713678	3.665842	-17.139961	-30.521324	25.73913	-22.071732	1.3253663	-20.451355	-31.529802	267600	-3.2981237e-08	12.169198	-0.017484415	-0.22950554	0.0059894077	0.0	162.93404531478882
446	-21.169191	2.2936118	-16.953302	-26.431675	25.608696	-21.56811	0.5736676	-20.023775	-26.987656	268200	-7.947286e-08	5.215013	-0.017254123	-0.22397804	0.009207145	0.0	163.27019786834717
447	-23.014196	5.4896584	-17.603687	-45.379757	25.826086	-21.548124	1.9621551	-19.837816	-38.548428	268800	-3.3577283e-08	23.432688	-0.011720056	-3.0275536	0.007908465	0.0	163.61176919937134
448	-22.581758	4.129063	-17.12938	-33.02592	25.73913	-22.817636	1.4997153	-20.42642	-34.51017	269400	4.371007e-09	15.919684	-0.017250078	-1.9368	0.0089943055	0.0	163.94856119155884
449	-20.822247	2.6676822	-17.100023	-29.247162	25.47826	-22.396614	1.2059989	-17.858192	-32.030666	270000	-2.0662943e-08	10.51092	-0.022568759	-3.5052114	0.008391148	0.0	164.28586649894714
450	-21.882942	2.9574893	-16.792974	-28.193295	25.304348	-20.864275	0.36139867	-19.10342	-24.39982	270600	-2.4636586e-08	9.240261	-0.019010378	-1.0278835	0.008397348	0.0	164.99765872955322
451	-21.519438	3.201099	-16.86002	-27.692963	25.52174	-21.866432	0.51157653	-20.5156	-27.367609	271200	-4.053116e-08	9.77549	-0.021080036	-0.31209278	0.009757816	0.0	165.33213925361633
452	-21.10449	3.290872	-17.39425	-28.301931	25.73913	-21.529757	1.0726656	-19.391869	-32.75709	271800	0.0	10.259974	-0.009489041	-0.5577555	0.0065909773	0.0	165.65812993049622
453	-21.885906	2.9738302	-17.44322	-27.69321	25.652174	-21.325142	1.6509917	-17.069197	-31.601645	272400	1.5894572e-09	9.087466	-0.020091757	-0.93981934	0.0097232945	0.0	165.99114537239075
454	-21.56071	3.2320526	-17.29471	-30.603514	25.913044	-21.78447	1.6707349	-19.362154	-32.72881	273000	6.854534e-08	8.737006	-0.013935543	-0.3372326	0.00909245	0.0	166.3235034942627
455	-20.436005	2.6022372	-16.856493	-27.563974	25.52174	-21.349434	0.76986784	-19.23289	-26.900797	273600	9.934108e-10	7.2605143	-0.012765561	-1.3669748	0.008637318	0.0	166.65652322769165
456	-21.348839	3.126998	-16.92375	-30.29574	25.652174	-20.471745	1.0000755	-18.433638	-28.525587	274200	9.934108e-09	10.777985	-0.016389757	-1.535739	0.007418232	0.0	166.98366856575012
457	-21.42036	3.1191251	-17.625452	-29.224783	25.73913	-21.28434	0.57811224	-19.208548	-26.521048	274800	-1.9073486e-08	9.331596	-0.014074744	-1.4282413	0.00933719	0.0	167.31568551063538
458	-21.051838	2.5827413	-17.264294	-28.917086	25.826086	-21.174303	0.4845986	-19.309303	-25.16418	275400	-2.22524e-08	6.7787337	-0.013711265	-0.32863188	0.006424012	1.0	167.6522994041443
459	-21.036758	3.2622986	-17.208612	-28.651081	25.652174	-21.245375	1.3876135	-20.01157	-32.1409	276000	-3.7749608e-08	10.087276	-0.017160004	-0.43311024	0.0063577914	0.0	167.9860942363739
460	-21.365843	3.1578104	-17.417326	-29.239609	26.0	-21.121922	1.2354827	-19.874624	-31.607449	276600	5.8809917e-08	9.515983	-0.009851784	-0.50754166	0.006911262	0.0	168.70257782936096
461	-21.22154	3.3270717	-16.48353	-30.439228	25.52174	-21.377356	1.2673174	-20.089653	-29.723732	277200	-6.556511e-09	10.544809	-0.014260368	-0.24310207	0.008341072	0.0	169.03493428230286
462	-21.080002	2.243462	-17.578543	-25.295723	25.695652	-21.151812	0.6122747	-19.978903	-27.176294	277800	-2.1060307e-08	5.0338616	-0.006588109	-0.27419472	0.005862968	0.0	169.37440061569214
463	-21.290827	4.9089384	-17.538155	-42.441868	25.608696	-21.151157	1.0012568	-19.79063	-31.340014	278400	-2.4239222e-08	19.849295	-0.015119081	-3.4271927	0.008702046	0.0	169.68860745429993
464	-22.268627	2.995639	-17.257143	-27.933884	25.695652	-21.221062	1.1887113	-19.936808	-29.776602	279000	1.0331472e-08	10.08	-0.023513779	-2.0880532	0.009750223	0.0	170.00942587852478
465	-20.933367	3.13901	-17.706652	-30.15037	25.652174	-22.104399	0.8242504	-20.844082	-30.796011	279600	-2.5232634e-08	10.689753	-0.005859689	-1.7979031	0.007628659	0.0	170.34759187698364
466	-20.492949	2.0274584	-17.438799	-23.806429	25.608696	-20.975685	0.9161691	-19.793505	-29.84691	280200	-4.529953e-08	4.762761	-0.012147909	-0.80301666	0.0071428698	0.0	170.6916697025299
467	-22.025433	2.7224207	-18.069054	-30.66265	25.73913	-20.682487	1.2028246	-19.505816	-31.573235	280800	3.6557516e-08	8.908867	-0.018989123	-2.0952182	0.0077894195	0.0	171.0346348285675
468	-22.074823	4.053492	-17.65785	-37.27713	25.913044	-21.948883	0.8304729	-20.361814	-32.938564	281400	5.9604646e-09	14.637907	-0.018187003	-0.58840847	0.009250317	0.0	171.37541556358337
469	-21.342957	3.2555654	-17.387693	-29.328123	25.652174	-22.06415	0.9501712	-20.878393	-31.444962	282000	7.947286e-09	10.304079	-0.01464386	-0.85770893	0.005671904	0.0	171.71494817733765
470	-21.21615	2.7729716	-18.041904	-27.489458	25.695652	-21.309599	1.0019001	-19.412605	-30.687693	282600	5.920728e-08	7.90992	-0.017289152	-0.48920584	0.009715516	0.0	172.43056058883667
471	-21.887629	3.3541827	-16.96622	-30.183598	25.26087	-21.214668	0.56266016	-20.135746	-30.166569	283200	2.7616819e-08	10.8954525	-0.0143651385	-0.53092575	0.0072266636	0.0	172.77535247802734
472	-21.523935	3.14241	-17.648144	-27.680573	25.565218	-21.935528	1.0798415	-20.644583	-32.89404	283800	-1.5894573e-08	9.347797	-0.02279099	-0.84897137	0.009160629	0.0	173.10692286491394
473	-21.502768	3.4540577	-17.719437	-31.768143	25.826086	-21.572247	1.0527833	-19.80058	-28.78395	284400	1.8278758e-08	12.111671	-0.007656823	-0.7990942	0.00763873	0.0	173.43552422523499
474	-21.10912	2.277473	-17.055166	-27.772709	25.869566	-21.58057	0.825242	-19.991655	-27.591345	285000	-1.1920929e-09	5.2483497	-0.010612166	-0.9346609	0.006797253	0.0	173.7764434814453
475	-21.060188	3.08352	-18.111244	-29.933798	25.956522	-21.041016	0.9125845	-18.220716	-31.620068	285600	2.582868e-08	8.579693	-0.021440092	-0.3984766	0.009812809	0.0	174.11609983444214
476	-20.38598	1.9422224	-17.708996	-25.138834	25.782608	-20.971895	0.5420184	-19.120272	-25.07637	286200	2.3444494e-08	4.0485654	-0.01677254	-0.5011208	0.009894396	0.0	174.4526047706604
477	-21.04675	3.3345623	-17.076921	-30.821321	25.695652	-20.411207	0.8431607	-19.2755	-30.022568	286800	8.34465e-09	10.916474	-0.02124532	-0.5012598	0.009786228	0.0	174.7863473892212
478	-21.780127	3.473704	-17.572557	-31.167974	25.652174	-21.09869	0.9840524	-19.901842	-31.137009	287400	1.1205673e-07	11.637522	-0.009442099	-0.8340845	0.007873461	0.0	175.12394785881042
479	-21.578335	2.814092	-17.636044	-27.98836	25.73913	-21.588705	0.3754608	-19.593311	-24.995075	288000	2.4239222e-08	7.8993783	-0.017676352	-0.19339275	0.007789111	0.0	175.46463131904602
480	-20.445606	2.045973	-18.126823	-25.71416	25.608696	-21.608923	0.4848072	-20.525904	-25.091812	288600	-3.2583873e-08	5.6839957	-0.01022726	-1.7301867	0.0076787607	0.0	176.19457817077637
481	-20.13769	3.5278091	-17.038506	-32.29407	25.913044	-20.504261	0.8287381	-18.726093	-30.522337	289200	-1.0331472e-08	11.2126875	-0.009248732	-0.2285614	0.006162937	0.0	176.50583577156067
482	-20.440535	2.3092499	-16.533966	-25.2413	25.73913	-19.997128	0.303148	-18.533524	-25.065529	289800	1.07288365e-08	5.4404674	-0.018670257	-0.2579608	0.008712479	0.0	176.8371067047119
483	-22.113811	3.4769545	-17.127363	-31.153934	25.956522	-20.716728	1.3599283	-18.79267	-31.322306	290400	-8.304914e-08	13.81141	-0.014359501	-2.6973019	0.00941276	0.0	177.1698715686798
484	-22.23905	4.0826488	-17.231897	-32.13117	25.869566	-22.150343	1.1957593	-19.265991	-32.151054	291000	-4.152457e-08	14.639789	-0.022545725	-0.35913086	0.009832416	0.0	177.5082278251648
485	-20.910295	2.4031904	-17.587126	-25.7062	25.826086	-21.985983	0.5386453	-20.010038	-30.492838	291600	4.8478444e-08	6.9627166	-0.01009337	-1.3119612	0.0073753325	0.0	177.84739470481873
486	-21.295647	3.5680482	-17.041754	-32.802578	25.826086	-20.96024	0.53436625	-19.401941	-29.588362	292200	5.553166e-08	12.253244	-0.006340204	-0.31890678	0.008344122	0.0	178.1844563484192
487	-20.691235	2.5917652	-16.759335	-26.91704	25.565218	-21.280811	0.53950214	-20.234415	-26.459751	292800	5.7220458e-08	7.0584426	-0.015931442	-0.55998325	0.007853184	0.0	178.51962018013
488	-20.718555	3.0842028	-16.958168	-31.142157	25.956522	-20.718203	0.58724093	-19.746407	-29.320904	293400	-3.2981237e-08	9.518004	-0.015389365	-0.5174036	0.008967166	0.0	178.85267686843872
489	-22.857695	5.2814817	-17.63005	-43.18353	25.695652	-20.979132	1.6638771	-19.63469	-38.919937	294000	1.07288365e-08	26.530632	-0.016321654	-4.0038643	0.008427164	0.0	179.1869387626648
490	-21.866411	4.885143	-18.142866	-43.48047	25.956522	-22.602262	0.85467035	-21.475048	-37.131348	294600	1.5894573e-08	21.789965	-0.016084272	-1.0053997	0.008930751	0.0	179.91533780097961
491	-21.322	3.0823982	-17.299643	-28.906569	25.52174	-21.796124	0.93934745	-20.685186	-32.515984	295200	3.4968057e-08	9.087055	-0.017094739	-0.27949524	0.0067733484	1.0	180.25735783576965
492	-20.42302	3.1033576	-17.21624	-33.25183	25.52174	-21.350197	1.2759606	-20.115746	-34.838024	295800	-1.9868216e-08	7.748068	-0.01677134	-1.1029258	0.008937352	0.0	180.5868833065033
493	-21.223482	2.962633	-17.629784	-27.736628	25.695652	-20.27669	0.33732077	-19.355995	-22.28071	296400	3.8146972e-08	9.778145	-0.015203816	-1.0703669	0.009426049	0.0	180.92926120758057
494	-22.230051	3.0819452	-18.223644	-31.817974	25.782608	-21.278662	0.7052265	-20.356596	-33.70487	297000	-3.2583873e-08	10.158894	-0.021646537	-1.3289242	0.009668909	0.0	181.26471209526062
495	-20.887136	3.0288887	-17.315453	-31.101734	25.826086	-22.15056	0.52957094	-21.197857	-31.799839	297600	-4.967054e-09	10.62661	-0.016796824	-3.376164	0.009170908	0.0	181.60411405563354
496	-21.773216	3.006765	-17.290419	-25.86957	25.565218	-21.031075	1.8258615	-19.785978	-31.769392	298200	2.22524e-08	10.608645	-0.012407926	-2.092555	0.0076464843	0.0	181.9330701828003
497	-20.898226	2.8054736	-18.076729	-27.225353	25.652174	-21.641361	0.44539592	-20.774752	-25.925852	298800	-8.026759e-08	8.239106	-0.021784168	-1.2824769	0.008078689	0.0	182.27142238616943
498	-22.148304	4.09452	-18.606691	-39.819874	25.782608	-20.985224	1.3034327	-19.966526	-33.74909	299400	3.973643e-08	14.07875	-0.013116805	-4.3902035	0.008645021	0.0	182.61391615867615
499	-20.552086	3.4411533	-17.46397	-31.131989	25.608696	-21.89223	0.8750691	-19.950462	-32.22385	300000	1.7484028e-08	12.385351	-0.015794875	-2.0656452	0.008934775	0.0	183.351083278656
