Epoch	AverageEpRet	StdEpRet	MaxEpRet	MinEpRet	EpLen	AverageVVals	StdVVals	MaxVVals	MinVVals	TotalEnvInteracts	LossPi	LossV	DeltaLossPi	DeltaLossV	KL	BacktrackIters	Time
0	-843.7198	62.530632	-663.1404	-889.4943	8.382353	-1.526335	0.5817013	0.0	-3.1664271	600	1.7086664e-07	555532.94	-0.03044042	-5695.625	0.005431541	1.0	0.6693758964538574
1	-848.6263	62.219852	-616.5224	-928.8334	9.6	-5.6154304	1.6477891	-0.7894806	-6.4928255	1200	-8.90096e-08	596375.4	-0.03724398	-5557.4375	0.008323651	0.0	1.0415725708007812
2	-837.34784	70.876816	-535.92145	-905.03516	9.145162	-9.269151	2.555582	-1.8824872	-10.444722	1800	0.0	531179.6	-0.03528945	-4023.8125	0.0079840105	0.0	1.4101502895355225
3	-829.3778	86.16802	-532.9084	-889.3094	9.459017	-12.173542	2.9595423	-3.4765944	-13.4272375	2400	-8.583069e-08	483090.34	-0.037839107	-3670.8125	0.0070972587	0.0	1.7715678215026855
4	-827.4979	98.30465	-397.9126	-890.19324	8.275362	-14.767184	3.3699207	-5.4987226	-16.013178	3000	1.4424324e-07	454381.0	-0.039179217	-3258.9688	0.0072169527	0.0	2.1250991821289062
5	-836.87744	92.0569	-364.0136	-891.4866	8.083333	-17.24005	3.444999	-7.985669	-18.535133	3600	9.536743e-09	475878.66	-0.034953423	-3566.3438	0.0068725203	0.0	2.5108907222747803
6	-827.5371	93.2886	-467.45697	-890.6656	9.370968	-20.078753	3.164296	-10.8406925	-21.167744	4200	-1.3510386e-07	465335.7	-0.03301042	-3565.3438	0.006968058	0.0	2.8763914108276367
7	-783.1786	135.1613	-350.96957	-889.7014	13.021739	-23.040674	2.7220259	-13.704446	-23.83837	4800	9.8546344e-08	384441.44	-0.034340087	-3082.3438	0.007921189	0.0	3.2415771484375
8	-772.1432	144.74226	-414.38315	-890.928	15.131579	-25.712818	2.4862287	-16.283474	-26.370195	5400	1.513958e-07	357293.38	-0.03479944	-2795.8438	0.00894628	0.0	3.591944456100464
9	-763.2022	137.53235	-502.98804	-889.7951	16.277779	-28.182621	2.4187222	-18.747885	-28.804514	6000	6.755193e-08	349781.2	-0.028023545	-2866.4062	0.00809626	0.0	3.9282259941101074
10	-770.44904	131.34346	-442.73303	-889.1154	14.512196	-30.57877	2.5448487	-21.302935	-31.278324	6600	-8.662542e-08	360036.62	-0.031728186	-3016.7188	0.008560205	0.0	4.397745847702026
11	-791.29236	135.64566	-477.21143	-890.5418	12.0	-33.00415	2.677615	-24.12388	-33.814247	7200	-7.3512396e-08	356310.5	-0.032056294	-3039.625	0.007664709	0.0	4.735153913497925
12	-798.37994	124.16485	-427.3783	-889.89667	11.591837	-35.58566	2.5178034	-27.235182	-36.347317	7800	5.5631e-09	352416.75	-0.0248896	-2899.375	0.006654261	0.0	5.086502552032471
13	-721.10583	200.6339	-223.66537	-887.8193	16.135136	-38.2474	2.1454883	-29.515919	-38.83472	8400	1.5099843e-08	265792.88	-0.03239609	-2260.3438	0.008674793	0.0	5.4110918045043945
14	-712.9495	196.98889	-266.39185	-888.79144	16.22857	-40.58047	1.9497163	-32.86329	-41.073837	9000	9.258588e-08	256465.28	-0.028533222	-2052.9062	0.007584915	0.0	5.73496413230896
15	-716.71844	208.44283	-268.61005	-890.63574	14.634147	-42.686718	2.0010717	-35.297947	-43.23002	9600	8.424123e-08	244965.05	-0.027309438	-2069.4219	0.0073032277	0.0	6.065462589263916
16	-732.6511	184.76436	-305.3776	-889.31244	14.292683	-44.8725	1.9243759	-37.85829	-45.4018	10200	-8.106232e-08	254721.77	-0.024502555	-2205.125	0.009267017	0.0	6.3893561363220215
17	-696.5043	213.80595	-243.61919	-889.1437	15.864865	-47.207207	1.7411504	-40.511257	-47.660385	10800	-3.576279e-08	211434.05	-0.03257179	-1858.0781	0.009180422	0.0	6.700798749923706
18	-639.23535	246.72887	-295.84097	-887.8589	17.142857	-49.37347	1.6012211	-42.94007	-49.772522	11400	3.1789146e-08	152322.52	-0.021354143	-1380.4844	0.008162723	0.0	7.003515720367432
19	-771.0051	207.91035	-178.96877	-889.8013	7.92	-50.790554	2.182627	-45.059498	-51.623276	12000	6.079674e-08	203299.97	-0.027077597	-1720.8906	0.008803131	0.0	7.330268621444702
20	-735.95996	213.52525	-225.9494	-889.31604	11.156863	-53.096004	1.614002	-47.856842	-53.59473	12600	1.66893e-08	194229.84	-0.021871949	-1670.8281	0.008098299	0.0	7.776700735092163
21	-691.2345	249.09415	-178.05232	-889.4134	12.8	-55.22845	1.4114338	-50.330368	-55.636047	13200	-6.2783556e-08	156332.55	-0.011282642	-1326.7656	0.009413095	4.0	8.104558229446411
22	-685.20056	277.9186	-66.83145	-887.78217	11.075472	-57.03755	1.4624803	-50.166725	-57.501766	13800	2.3841858e-08	124899.47	-0.030327974	-968.9219	0.0083094565	0.0	8.42907166481018
23	-625.4413	285.35452	-85.26605	-887.5472	14.55	-58.786575	1.1804397	-54.42788	-59.106686	14400	1.2715658e-08	106086.86	-0.021900803	-880.2578	0.0071467743	1.0	8.743417024612427
24	-599.5217	283.28113	-93.41551	-888.4655	16.82353	-60.40695	1.0499167	-56.188587	-60.668465	15000	2.4437904e-08	107225.15	-0.026254673	-939.125	0.008313538	0.0	9.051469087600708
25	-676.5186	291.5724	-76.48477	-889.8241	11.057693	-61.924297	1.2353455	-57.955643	-62.30915	15600	-2.5431316e-08	102246.75	-0.027014388	-791.1094	0.006902244	0.0	9.377882719039917
26	-633.3288	297.77872	-138.07048	-889.7908	13.116279	-63.524426	1.0634936	-59.743977	-63.823956	16200	-4.7683715e-09	86275.49	-0.02812264	-705.0	0.0077423286	0.0	9.702208518981934
27	-694.85535	273.19827	-104.33786	-889.34033	10.142858	-64.9146	1.1378652	-61.402626	-65.28376	16800	3.1789146e-08	116099.07	-0.02548346	-912.2969	0.008881128	0.0	10.027388334274292
28	-617.4945	314.70227	-78.842964	-889.63574	12.913043	-66.6576	0.97184193	-63.32417	-66.94174	17400	1.2516975e-08	87444.56	-0.025813576	-667.3906	0.008427204	0.0	10.34656810760498
29	-604.5683	329.8214	-85.728226	-889.5851	12.5	-68.146194	0.92410624	-64.97638	-68.41583	18000	7.311503e-08	69814.9	-0.02039614	-457.6328	0.005000382	0.0	10.664976119995117
30	-635.83215	319.03094	-47.447914	-890.3191	11.307693	-69.36453	0.92933184	-66.37899	-69.65421	18600	-2.1656355e-08	87405.586	-0.024049403	-575.34375	0.006257314	0.0	11.133023738861084
31	-523.8883	347.6602	-29.005453	-888.39087	15.552631	-70.7627	0.9429819	-63.662914	-71.03739	19200	-5.7220458e-08	61127.64	-0.023321588	-381.2539	0.0068522366	1.0	11.492614984512329
32	-571.5375	342.67093	-55.092953	-889.89594	13.522727	-71.97488	0.8593046	-63.597874	-72.21491	19800	5.8809917e-08	65146.348	-0.030479148	-409.98828	0.008670192	0.0	11.843347311019897
33	-479.13275	365.11087	-51.2243	-890.9577	16.0	-73.12755	1.2237746	-59.736385	-73.436104	20400	-1.4702479e-08	40916.74	-0.024871245	-175.38672	0.007361396	0.0	12.193013906478882
34	-501.93518	375.60825	-27.893995	-889.10077	14.238095	-73.90072	1.5320771	-60.422688	-74.27578	21000	-1.1920929e-09	44985.953	-0.021575097	-134.0	0.006690059	0.0	12.544766664505005
35	-498.41302	381.03345	-26.69105	-888.1128	14.142858	-74.4899	1.8914177	-61.0084	-74.99284	21600	1.4305114e-08	45884.875	-0.021822408	-127.41406	0.0071153245	0.0	12.890987873077393
36	-552.6531	371.4226	-18.891644	-889.8589	12.425532	-74.732124	2.7614243	-61.560776	-75.67089	22200	-4.053116e-08	60178.348	-0.020785386	-187.96094	0.008027792	1.0	13.247430086135864
37	-571.37726	369.14355	-39.988327	-889.5861	11.795918	-75.471565	3.0788856	-62.12859	-76.52587	22800	-7.152557e-09	56364.906	-0.033114046	-191.64453	0.0074391733	0.0	13.585627555847168
38	-551.98285	378.4811	-43.558064	-889.62384	12.163265	-76.402054	2.918308	-62.988285	-77.41881	23400	-9.536743e-09	54274.535	-0.021962985	-161.0586	0.0053776614	0.0	13.92050313949585
39	-437.1019	378.8309	-43.318768	-888.27985	16.083334	-76.81037	3.1437383	-63.65554	-78.24194	24000	0.0	32241.91	-0.031950545	-90.396484	0.006474637	0.0	14.269590854644775
40	-555.0809	379.70886	-32.96646	-888.79755	12.0	-76.777214	3.2402077	-64.152794	-78.86618	24600	4.371007e-09	58594.027	-0.024536675	-156.38672	0.0064404747	0.0	14.752062559127808
41	-468.27783	391.1561	-21.837349	-887.3025	14.6	-76.5548	3.5837352	-64.83753	-79.68843	25200	2.3841858e-08	39633.277	-0.025449967	-86.21484	0.007316281	0.0	15.105726480484009
42	-442.6638	392.93073	-34.834423	-887.9219	15.756757	-77.05325	3.8756177	-65.310844	-80.281105	25800	1.9868216e-08	30489.96	-0.036443327	-98.375	0.0072248396	0.0	15.458216905593872
43	-500.37662	382.56	-30.925932	-889.74396	14.285714	-76.02285	4.832571	-65.702805	-80.77577	26400	1.66893e-08	42077.797	-0.027677769	-142.8086	0.0068954024	0.0	15.802058935165405
44	-421.55057	392.42947	-36.042282	-887.5848	15.789474	-74.80854	5.1295295	-66.36972	-81.60332	27000	6.357829e-09	33815.875	-0.022620657	-48.28125	0.0070832665	0.0	16.122886657714844
45	-490.46243	395.33438	-26.027727	-889.1999	13.55814	-75.531136	4.9025307	-66.76634	-82.11191	27600	-2.3047129e-08	44470.047	-0.03291634	-72.89844	0.0074592573	0.0	16.444210290908813
46	-379.59457	391.0091	-20.179134	-887.73376	16.657143	-74.21354	4.921099	-67.24281	-82.724014	28200	0.0	27609.17	-0.020802014	-100.375	0.0074194456	0.0	16.77638030052185
47	-405.6232	401.35373	-19.960497	-887.775	16.0	-70.76989	5.7016125	-67.52448	-83.09514	28800	-3.1789145e-09	30140.08	-0.025775835	-44.033203	0.006651881	0.0	17.09725594520569
48	-489.0585	389.34943	-29.321934	-887.4614	13.785714	-72.32008	5.6208053	-67.75972	-83.418686	29400	-2.5431316e-08	41286.305	-0.024079122	-147.55078	0.0076927613	0.0	17.422564268112183
49	-359.06445	392.50922	-23.97836	-885.5434	17.17647	-73.83173	5.9097743	-68.39594	-84.21428	30000	-1.2144446e-08	24580.953	-0.03101241	-137.52734	0.0067792083	0.0	17.748912572860718
50	-373.22214	381.81885	-21.918097	-878.95447	17.470589	-70.56232	4.9131713	-68.56738	-84.47166	30600	-1.7086665e-08	27380.73	-0.018257929	-213.39258	0.008539474	0.0	18.20792055130005
51	-473.5393	389.71716	-25.323473	-889.067	14.195122	-74.9834	5.8474846	-68.98445	-84.9901	31200	5.0465268e-08	41465.133	-0.024388963	-107.93359	0.0067967717	0.0	18.52705693244934
52	-439.3916	400.40463	-20.571629	-887.3226	14.8	-73.61137	5.925151	-69.64508	-85.81832	31800	-2.22524e-08	36555.066	-0.019219432	-61.933594	0.006261786	1.0	18.850578546524048
53	-362.6732	386.16626	-22.687775	-883.98346	17.058823	-73.09932	5.4307637	-70.09913	-86.35982	32400	-7.152557e-09	25260.8	-0.018727662	-21.373047	0.008695826	0.0	19.16852641105652
54	-471.64606	390.93893	-37.435997	-886.999	14.04878	-74.285614	5.8761234	-70.35995	-86.8064	33000	3.695488e-08	41129.44	-0.02476821	-127.98828	0.0067709177	0.0	19.4778311252594
55	-387.49365	389.14523	-19.473034	-868.6595	16.527779	-75.490746	6.178589	-71.02373	-87.65778	33600	-4.7683715e-09	30730.654	-0.016103275	-53.634766	0.00929111	0.0	19.796882152557373
56	-320.58316	368.71796	-22.238907	-889.36444	18.806452	-75.624886	5.8204722	-71.40509	-88.18815	34200	4.7683715e-09	20479.04	-0.020590838	-19.613281	0.0072339056	0.0	20.097235202789307
57	-428.92822	396.96683	-24.80047	-888.56665	15.076923	-75.13535	5.988061	-66.74237	-88.576065	34800	1.5894572e-09	33041.504	-0.01971343	-49.339844	0.0077366815	0.0	20.42108392715454
58	-401.85107	393.4525	-22.328737	-888.517	15.72973	-74.90752	5.7582307	-72.10874	-89.17025	35400	-2.3444494e-08	31018.244	-0.022945754	-39.990234	0.0069701076	0.0	20.744945287704468
59	-381.7483	387.16043	-24.801788	-888.3398	16.742857	-75.57112	5.7641215	-72.4969	-89.70489	36000	-1.0331472e-08	26744.617	-0.018918855	-95.00781	0.0082965195	0.0	21.0631365776062
60	-270.01956	353.41452	-24.463232	-884.9645	19.966667	-76.70727	6.1430163	-72.88527	-90.30026	36600	2.3841857e-09	15391.993	-0.014790231	-50.063477	0.007077214	0.0	21.52534532546997
61	-360.37708	388.4308	-33.030163	-889.1207	17.117647	-75.12659	5.479427	-72.912415	-90.3976	37200	-4.371007e-09	24848.734	-0.014587859	-18.074219	0.007854625	0.0	21.84822154045105
62	-310.97903	361.21945	-26.840118	-888.6847	19.233334	-75.04963	5.1873755	-73.08473	-90.75508	37800	1.07288365e-08	15522.975	-0.021079937	-22.30957	0.008025963	0.0	22.165287494659424
63	-358.0996	387.08984	-28.380552	-870.9608	17.117647	-75.738495	5.5727706	-73.45846	-91.223885	38400	-5.5631e-09	25688.81	-0.01984598	-23.335938	0.00752104	0.0	22.486027717590332
64	-432.3697	392.8253	-26.724134	-885.8069	15.459459	-76.05234	5.769684	-73.67694	-91.63269	39000	-1.1920929e-08	34355.688	-0.0227546	-196.2461	0.0074204756	0.0	22.807997465133667
65	-387.19748	394.98874	-27.154047	-887.0853	16.055555	-77.544075	5.969193	-74.44503	-92.61239	39600	-2.7815501e-08	27766.686	-0.024159279	-57.435547	0.008035262	0.0	23.131874084472656
66	-267.89413	355.38727	-21.71046	-886.76385	20.0	-76.76311	5.377881	-74.74621	-93.11534	40200	-3.5762786e-09	15570.837	-0.020002648	-16.878906	0.0069264593	0.0	23.450583457946777
67	-423.5175	393.9989	-31.634586	-883.6754	15.384615	-77.08572	5.9034758	-74.64514	-93.17155	40800	-1.0331472e-08	35814.83	-0.020600552	-127.5625	0.0074253017	0.0	23.773083686828613
68	-436.8881	396.9565	-23.043177	-887.08344	14.55	-78.17919	6.5316453	-75.20631	-94.05052	41400	-1.4305114e-08	36308.582	-0.03180695	-79.78906	0.0065933317	0.0	24.09484052658081
69	-425.1939	392.27512	-28.235565	-874.8963	14.948718	-78.56611	6.385635	-75.89479	-95.02535	42000	2.1060307e-08	35656.727	-0.004035228	-92.68359	0.0043849284	0.0	24.420486450195312
70	-304.3656	370.1891	-22.123796	-884.92206	18.625	-79.186676	6.1358757	-76.646645	-96.07101	42600	1.0331472e-08	19286.736	-0.028579252	-30.197266	0.0059193834	0.0	24.886900186538696
71	-388.37076	391.9511	-20.878696	-889.0459	16.194445	-79.03847	6.1151066	-76.66743	-96.2784	43200	4.2120615e-08	28259.51	-0.013386538	-32.708984	0.008891164	0.0	25.20679235458374
72	-430.96274	387.64426	-22.6492	-871.8552	15.205129	-79.69732	6.603913	-77.003685	-96.89667	43800	-7.947286e-10	35807.99	-0.015888175	-151.59766	0.008420658	0.0	25.52799129486084
73	-335.41058	374.9554	-22.567734	-881.8034	18.1875	-80.76405	6.5238953	-78.0589	-98.25373	44400	-1.2715658e-08	22105.232	-0.025160424	-42.148438	0.009503666	0.0	25.850245475769043
74	-251.88974	347.12958	-22.312077	-875.22876	20.607143	-80.42079	5.770242	-78.4797	-98.88652	45000	3.1789145e-09	14649.89	-0.014645703	-13.943359	0.00790109	0.0	26.17218565940857
75	-384.3978	396.04117	-21.171957	-888.4876	16.25	-80.578766	6.354756	-78.1586	-98.77516	45600	2.78155e-09	28668.44	-0.013678633	-27.330078	0.007142032	0.0	26.49175524711609
76	-480.0172	395.34982	-22.83375	-881.063	13.395349	-81.254036	7.1332736	-78.2283	-99.18683	46200	1.2715658e-08	47665.566	-0.025046082	-259.28125	0.007921755	0.0	26.81981921195984
77	-319.21002	376.15338	-21.430199	-888.3803	18.151516	-82.04934	6.7769794	-79.36129	-100.802284	46800	-3.973643e-09	20845.049	-0.027502604	-39.03125	0.008337303	0.0	27.141254663467407
78	-255.91484	335.99463	-28.127434	-871.95294	20.413794	-81.47378	6.2323875	-79.35336	-101.08856	47400	1.2318293e-08	14000.587	-0.01081657	-8.686523	0.007915336	0.0	27.466885089874268
79	-289.26468	362.32605	-21.997765	-873.3491	19.064516	-81.55548	6.237193	-79.38761	-101.212166	48000	9.934108e-09	18502.594	-0.01998875	-16.976562	0.008013056	0.0	27.7918643951416
80	-286.20782	356.8155	-23.83436	-851.187	19.193548	-81.552246	6.452078	-79.29058	-101.47366	48600	-7.152557e-09	18608.209	-0.013076424	-12.021484	0.008262286	0.0	28.26321053504944
81	-269.61798	353.28638	-22.255108	-873.5388	20.0	-81.34585	6.3488994	-79.21339	-101.6307	49200	-1.9868215e-10	16459.805	-0.017756125	-11.919922	0.0093386555	0.0	28.57502317428589
82	-454.58798	395.97708	-30.200043	-878.4613	14.4	-81.9431	7.338194	-78.9888	-101.68969	49800	-1.0331472e-08	39122.555	-0.024290675	-161.74219	0.008161003	0.0	28.898548364639282
83	-250.17155	334.5621	-27.33549	-849.3428	20.689655	-82.46429	6.8776627	-80.01991	-103.17766	50400	-7.549922e-09	14521.025	-0.023438307	-21.845703	0.008177056	0.0	29.221151113510132
84	-200.84721	284.29578	-19.486536	-850.9689	23.36	-82.364265	6.699499	-79.99246	-103.4093	51000	-1.4901161e-08	8649.128	-0.016378343	-16.09375	0.008086424	0.0	29.534873008728027
85	-468.27957	395.81235	-25.627853	-885.38434	14.097561	-83.30914	7.642944	-80.22596	-103.73074	51600	-1.3510387e-08	39773.65	-0.023001587	-146.61719	0.008096809	0.0	29.87203860282898
86	-358.558	382.68405	-18.264315	-853.078	17.294117	-84.397156	7.406795	-81.59619	-105.54108	52200	-1.5894572e-09	27025.27	-0.021348726	-51.78711	0.0076571107	0.0	30.224376678466797
87	-313.83182	369.0706	-23.631987	-867.7548	18.870968	-84.66883	7.1803617	-82.09553	-106.44664	52800	-1.1920929e-09	20484.34	-0.016344907	-17.464844	0.007824218	0.0	30.563297986984253
88	-362.06458	386.39432	-27.785336	-880.9092	17.147058	-84.934814	7.5303016	-82.15472	-106.85005	53400	4.7683715e-09	25392.877	-0.014528748	-31.03711	0.006336694	1.0	30.919973373413086
89	-243.65909	331.2906	-27.379915	-887.2269	21.592592	-84.62156	6.723165	-82.419945	-107.44925	54000	-1.5099843e-08	12590.576	-0.026850995	-9.411133	0.007271843	0.0	31.252521514892578
90	-322.43057	373.82355	-25.352564	-884.32385	18.121212	-84.92943	7.226046	-82.35528	-107.63678	54600	-4.7683715e-09	21457.19	-0.017277263	-57.539062	0.007894912	0.0	31.77007031440735
91	-173.65115	288.00928	-21.506964	-851.5523	22.76923	-84.687805	7.0704217	-82.28401	-107.95966	55200	8.742014e-09	9085.221	-0.012475181	-87.99609	0.0071272054	0.0	32.12704586982727
92	-410.71796	396.00415	-23.114697	-883.8622	15.5	-84.04192	8.165085	-80.90679	-106.787056	55800	-2.0662943e-08	32419.826	-0.018105334	-78.166016	0.008344615	0.0	32.47253227233887
93	-421.80197	397.33475	-22.5635	-885.3798	15.179487	-84.75916	8.48306	-81.41971	-107.90057	56400	-1.9868216e-09	35074.766	-0.019251334	-84.27344	0.008146854	0.0	32.81094455718994
94	-422.32132	397.8599	-24.473324	-877.3375	15.153846	-85.885864	8.716267	-82.36182	-109.4033	57000	1.66893e-08	35124.414	-0.018987019	-84.01172	0.009640917	0.0	33.158021211624146
95	-327.90314	377.50034	-27.180052	-874.9773	18.375	-86.306885	8.238231	-83.28161	-110.88929	57600	-1.11262e-08	23311.506	-0.01938819	-27.05664	0.0074196067	0.0	33.510042905807495
96	-301.61307	357.0312	-23.048382	-849.57104	19.6	-86.09465	8.040085	-83.302025	-111.3376	58200	-3.1789145e-09	17263.555	-0.018558135	-15.527344	0.009726976	0.0	33.86309576034546
97	-351.5934	375.99936	-29.186811	-867.8994	17.787878	-86.610214	8.3811865	-83.577774	-111.90694	58800	-2.1457673e-08	23518.158	-0.032006595	-45.720703	0.008070971	0.0	34.21219325065613
98	-384.22107	394.20984	-20.415226	-875.14844	16.333334	-87.78948	9.012707	-84.4069	-113.085236	59400	7.947286e-10	28962.584	-0.015296892	-37.816406	0.0071146665	0.0	34.57286190986633
99	-276.22983	352.804	-23.017735	-848.5705	19.793104	-87.3085	8.169367	-84.56762	-113.74825	60000	1.7335017e-08	15897.934	-0.013868759	-23.29004	0.00846155	0.0	34.92812705039978
100	-383.13318	392.43082	-19.469242	-875.6749	16.25	-87.364716	8.997023	-83.97123	-113.541954	60600	1.1920929e-09	29506.914	-0.017385641	-51.248047	0.008668151	0.0	35.41515517234802
101	-308.5977	372.75223	-20.947432	-852.0316	18.612904	-87.11818	8.677081	-84.11994	-114.201546	61200	2.6226044e-08	19808.455	-0.014410121	-35.42578	0.006915694	0.0	35.73876094818115
102	-385.07062	391.54095	-24.184433	-852.62	16.166666	-86.89104	9.371703	-83.382225	-113.90581	61800	1.41064325e-08	28722.55	-0.015138656	-41.597656	0.0073984917	0.0	36.0614378452301
103	-444.94232	394.17914	-23.905865	-874.9313	14.463414	-87.75015	10.105437	-83.69749	-114.74155	62400	2.125899e-08	38013.85	-0.018139008	-166.91797	0.009081594	0.0	36.378246545791626
104	-204.17487	307.88763	-21.363401	-849.39325	21.88889	-88.416885	8.582297	-85.68206	-117.30046	63000	4.7683715e-09	10655.624	-0.019317076	-64.17676	0.0066691423	1.0	36.69186234474182
105	-326.17468	379.83896	-21.814505	-877.37506	18.21875	-87.4902	9.021964	-84.35292	-116.30482	63600	-4.45048e-08	21394.707	-0.014396664	-40.976562	0.008567451	0.0	37.00862741470337
106	-336.05743	380.24545	-25.918966	-885.2923	17.647058	-86.83725	9.434782	-83.51959	-115.91262	64200	-7.947286e-09	22029.008	-0.019856054	-23.564453	0.007446289	0.0	37.3285493850708
107	-302.08383	370.86267	-25.260162	-878.65515	18.71875	-86.36877	9.304936	-83.164696	-116.00678	64800	-5.165736e-09	19508.367	-0.014623551	-46.396484	0.008408807	0.0	37.657535552978516
108	-403.92734	392.81723	-25.85983	-887.58966	15.675675	-86.044464	10.095191	-82.24373	-115.52957	65400	-2.1457673e-08	29163.494	-0.019131301	-80.603516	0.009136337	0.0	37.97300148010254
109	-374.28577	389.37515	-21.785955	-875.20404	16.457144	-87.2751	10.29778	-83.5047	-117.26864	66000	-4.371007e-09	26581.18	-0.01865688	-42.19922	0.007475771	0.0	38.30103850364685
110	-275.80652	345.88046	-29.538103	-850.57947	19.566668	-87.42598	9.56907	-84.19255	-118.44851	66600	-1.6267101e-08	15015.804	-0.017815758	-11.355469	0.00808126	0.0	38.776952266693115
111	-426.7939	394.02368	-28.406275	-877.12164	14.923077	-88.52707	11.005264	-84.22985	-118.79999	67200	-1.2715658e-08	35154.7	-0.0156176025	-235.58984	0.007269064	0.0	39.09160232543945
112	-463.25793	389.39374	-27.42227	-852.4315	13.72093	-91.53405	12.088413	-86.415184	-121.50944	67800	3.2583873e-08	42004.14	-0.019244544	-337.21484	0.0064690206	1.0	39.40765023231506
113	-346.22418	381.54227	-22.653572	-875.1097	17.39394	-94.20568	11.140202	-89.6896	-125.40836	68400	2.3841858e-08	22706.654	-0.017509751	-93.77344	0.00913614	0.0	39.728310108184814
114	-407.19214	394.69284	-27.724081	-873.5812	15.526316	-93.89974	11.276593	-89.556595	-125.760574	69000	-4.6094257e-08	33029.94	-0.019765956	-152.13672	0.009599359	0.0	40.03409504890442
115	-409.43478	392.46924	-31.818369	-850.56555	15.526316	-94.73646	12.108096	-89.83479	-126.63374	69600	2.026558e-08	32179.453	-0.026221808	-77.36719	0.009288045	0.0	40.336013078689575
116	-354.3327	388.28412	-24.312845	-853.0585	16.970589	-94.642914	11.213521	-90.5737	-127.946945	70200	1.7484028e-08	24555.732	-0.01300876	-54.66211	0.006781045	1.0	40.65483546257019
117	-459.76114	398.05444	-30.775452	-878.749	13.767442	-94.7008	12.732867	-89.40607	-127.31427	70800	2.3841857e-09	40790.64	-0.009178055	-149.2539	0.008249995	0.0	40.97445845603943
118	-356.01978	390.20795	-18.863245	-879.4307	17.205883	-95.16045	11.493493	-90.91259	-129.47581	71400	-8.742014e-09	24760.47	-0.009361406	-67.47266	0.007761897	0.0	41.29535365104675
119	-243.85542	339.6052	-20.097229	-850.57416	20.551723	-93.252754	10.54998	-89.75657	-128.84921	72000	-5.3246815e-08	14726.57	-0.018796714	-117.41016	0.0071932967	0.0	41.62322783470154
120	-220.8096	329.2802	-25.17499	-877.4265	21.25	-90.57518	10.545244	-87.117714	-126.607025	72600	3.1789145e-09	13469.406	-0.015261693	-146.3125	0.008247481	0.0	42.109044313430786
121	-324.3686	380.63864	-19.835312	-881.9556	18.03125	-88.02223	11.376593	-84.08136	-123.939	73200	3.1789145e-09	21028.4	-0.00768248	-41.791016	0.008865964	0.0	42.43085837364197
122	-324.3695	380.68692	-22.775492	-875.52435	18.0625	-86.70551	11.603377	-82.676384	-122.963905	73800	-1.1920929e-09	21007.299	-0.014958802	-39.43164	0.009135869	0.0	42.75559163093567
123	-216.2112	330.46356	-18.237204	-852.64734	21.071428	-84.97254	10.616236	-81.567184	-122.25792	74400	-3.1789145e-09	12480.795	-0.013690545	-159.82617	0.008459567	0.0	43.07304120063782
124	-385.27237	388.71066	-20.953669	-852.1859	16.083334	-82.80307	11.943581	-78.47183	-119.41465	75000	-1.66893e-08	28468.746	-0.017492287	-156.25977	0.009935683	0.0	43.394537925720215
125	-381.27377	392.11142	-22.935724	-853.9864	16.25	-84.48506	12.883193	-79.66782	-121.206314	75600	5.9604646e-09	28653.803	-0.012272886	-48.841797	0.0070313923	0.0	43.713191747665405
126	-336.838	379.00674	-25.491274	-875.8274	17.558823	-84.91114	12.448961	-80.482574	-122.51359	76200	1.3510387e-08	22481.404	-0.016007593	-37.041016	0.008797725	0.0	44.033682107925415
127	-355.13327	387.97403	-25.758024	-854.6799	17.029411	-85.14144	12.215133	-80.84124	-123.283646	76800	-6.357829e-09	24179.836	-0.014867778	-29.728516	0.0088043725	0.0	44.35744571685791
128	-284.8701	357.83774	-18.049047	-849.57446	19.290323	-84.66553	11.712972	-80.715004	-123.61431	77400	1.5894572e-09	17767.082	-0.017331129	-28.902344	0.00952444	0.0	44.68192791938782
129	-265.11487	350.94952	-23.442362	-850.6088	19.733334	-84.018486	11.875458	-80.06078	-123.342125	78000	-1.1920929e-08	15281.46	-0.009107092	-48.72168	0.008681396	0.0	45.008596420288086
130	-262.25366	351.10956	-20.300743	-850.22504	19.833334	-82.37992	11.476735	-78.64944	-122.27419	78600	-9.934108e-09	16145.753	-0.01710022	-85.069336	0.008844027	0.0	45.50048351287842
131	-369.4477	397.08972	-20.483112	-886.17426	16.8	-81.687904	12.968965	-77.08602	-121.08046	79200	-5.5631e-09	25727.492	-0.020317532	-46.10547	0.008248288	0.0	45.823549032211304
132	-379.35416	396.39896	-25.749182	-877.92926	16.194445	-81.477554	12.844493	-76.88657	-121.377266	79800	-2.7418137e-08	27932.303	-0.01729086	-74.8418	0.00918867	0.0	46.14555311203003
133	-259.29745	356.7801	-20.905924	-876.11536	19.966667	-81.24838	12.344691	-77.2323	-122.28418	80400	3.973643e-09	15786.116	-0.022927752	-89.48242	0.004396402	0.0	46.46402144432068
134	-395.38232	395.59192	-24.374525	-879.61566	15.756757	-79.76708	13.530886	-74.791565	-120.26743	81000	3.1789145e-09	29369.18	-0.0106823	-79.84375	0.009332515	0.0	46.787129402160645
135	-285.03452	366.35202	-26.32554	-850.96844	19.4	-80.32314	12.139184	-76.378296	-122.360344	81600	4.7683715e-09	17934.404	-0.021859594	-41.32422	0.008695709	0.0	47.112892866134644
136	-367.58072	390.38974	-23.586254	-851.5182	16.885714	-79.90909	13.572336	-75.058205	-121.465225	82200	-2.78155e-09	26702.236	-0.013438837	-52.14453	0.00771413	0.0	47.41526675224304
137	-417.11514	400.83652	-27.10123	-876.85596	15.540541	-81.14185	14.102233	-75.944725	-122.826195	82800	-2.5431316e-08	31535.797	-0.011960632	-103.509766	0.009207145	0.0	47.731839656829834
138	-404.82523	398.7972	-22.23495	-874.78827	15.763158	-83.31552	14.374257	-77.98885	-125.424095	83400	-1.3510387e-08	31088.18	-0.015620483	-68.4668	0.006550893	1.0	48.06275296211243
139	-341.92386	382.14465	-20.18652	-850.935	17.818182	-83.83341	13.369025	-79.28144	-127.292534	84000	1.0331472e-08	22233.607	-0.012594205	-26.65039	0.006379014	1.0	48.390443086624146
140	-391.87903	398.9023	-20.690231	-875.2325	15.918919	-84.87591	14.4499235	-79.58301	-128.05324	84600	-7.947286e-10	29547.346	-0.012916152	-43.214844	0.008891274	0.0	48.977911949157715
141	-417.2262	397.25903	-24.403349	-873.0876	15.486486	-85.053024	14.509533	-79.78373	-128.81686	85200	1.1920929e-09	30552.773	-0.012711002	-92.9043	0.009578905	0.0	49.2906379699707
142	-166.90172	291.01886	-19.517986	-849.8779	22.807692	-85.420975	12.2382965	-81.78342	-131.34052	85800	-2.7020773e-08	9355.687	-0.0064132274	-306.51855	0.008824225	0.0	49.58952188491821
143	-235.09189	344.7069	-19.588634	-848.66693	20.689655	-80.447464	11.8094015	-77.09521	-126.94442	86400	-5.5631e-09	14019.543	-0.015558116	-226.7002	0.009659732	0.0	49.90431237220764
144	-322.77057	379.88135	-23.196043	-851.3747	18.09375	-77.839554	13.585807	-73.362045	-123.69531	87000	2.8610229e-08	20545.438	-0.009816448	-21.289062	0.008808201	0.0	50.216280460357666
145	-192.51094	310.5762	-20.100504	-850.20026	22.222221	-76.44085	12.044935	-72.91016	-123.65316	87600	1.5894573e-08	10992.008	-0.01130897	-97.67969	0.0064466023	1.0	50.52719974517822
146	-357.7733	384.22415	-26.840593	-852.4413	17.0	-75.04133	14.060524	-70.273766	-121.31249	88200	3.7749608e-08	23578.605	-0.008067497	-126.90039	0.008437791	0.0	50.846951723098755
147	-455.59616	400.66922	-20.814823	-875.03674	13.883721	-78.538826	16.377596	-72.02667	-123.45747	88800	-2.78155e-09	40526.035	-0.011092191	-259.65625	0.009236037	0.0	51.1675009727478
148	-441.13177	399.75873	-24.047531	-878.12836	14.512196	-82.23584	16.6676	-75.71471	-127.786964	89400	-3.1789146e-08	36087.82	-0.009929942	-191.48828	0.009231392	0.0	51.489548683166504
149	-221.62454	330.49033	-19.292974	-876.7643	21.0	-83.01263	13.600927	-78.77372	-131.45168	90000	-3.33786e-08	12123.264	-0.014775182	-88.69336	0.009230376	0.0	51.808011531829834
150	-453.2623	406.66824	-21.675556	-877.73975	13.953488	-82.87149	16.468948	-76.6805	-129.7183	90600	-3.3577283e-08	41033.754	-0.012568114	-190.48828	0.0086929	0.0	52.31000518798828
151	-314.5606	372.22818	-22.762978	-850.3202	18.181818	-83.21475	15.139237	-78.03476	-131.75388	91200	2.3841857e-09	21563.627	-0.0098501425	-29.18164	0.009702597	0.0	52.63024044036865
152	-442.60342	396.1336	-33.07278	-878.6937	14.317073	-84.60314	17.172325	-78.00527	-132.15157	91800	-8.742014e-09	35157.613	-0.010256953	-209.89453	0.008979022	0.0	52.95108675956726
153	-298.99863	366.2334	-25.17019	-847.00714	18.71875	-85.54867	14.410782	-81.02688	-135.69899	92400	-1.0331472e-08	18998.197	-0.01680134	-104.79297	0.009760038	0.0	53.27334547042847
154	-273.4621	357.6991	-25.716473	-877.26074	19.827587	-84.927536	14.684077	-80.37545	-135.47096	93000	1.11262e-08	14995.873	-0.013012988	-81.96289	0.008661473	0.0	53.597553730010986
155	-372.20346	389.9266	-22.599684	-875.70844	16.685715	-83.89494	15.45673	-78.87066	-134.31903	93600	-1.5894572e-09	25111.01	-0.0067919195	-57.152344	0.00874279	0.0	53.92432117462158
156	-241.56544	344.09802	-20.319143	-877.3031	20.344828	-83.863205	14.24356	-79.605415	-135.5027	94200	-1.8278758e-08	13525.802	-0.013747842	-113.52344	0.008891289	0.0	54.2565860748291
157	-202.96634	307.84048	-22.813692	-849.4678	21.703703	-80.580925	12.867985	-77.19931	-133.4769	94800	1.5099843e-08	9685.295	-0.006737387	-54.720703	0.009212331	0.0	54.56657361984253
158	-336.72614	384.7886	-19.495594	-851.4516	17.515152	-80.02111	15.134069	-75.32919	-131.86908	95400	9.934108e-09	22667.787	-0.010894507	-122.53125	0.008503402	0.0	54.88632583618164
159	-170.05759	289.3659	-27.57729	-851.6703	22.615385	-78.662125	13.654464	-74.926994	-131.91214	96000	1.758337e-08	8095.8564	-0.01568518	-184.6997	0.009687182	0.0	55.210989236831665
160	-435.78583	395.92575	-24.33097	-878.8357	14.7	-77.55254	16.88858	-71.857124	-129.15567	96600	-3.973643e-09	34183.86	-0.0059084883	-423.0586	0.0083475625	1.0	55.72222375869751
161	-367.84232	389.60083	-21.63202	-850.8758	16.714285	-80.85186	16.167217	-75.55976	-133.35258	97200	1.3113022e-08	25890.656	-0.005761244	-104.19531	0.008843519	0.0	56.04230546951294
162	-305.24042	374.2913	-20.9264	-850.2571	18.64516	-81.46392	15.321329	-76.76828	-135.05801	97800	1.11262e-08	18438.605	-0.016216874	-48.54883	0.009325396	0.0	56.35594654083252
163	-354.72748	385.08875	-27.277243	-851.45917	16.970589	-81.259	16.489893	-75.83028	-134.56372	98400	7.947286e-10	24663.307	-0.011501638	-88.23242	0.009271121	0.0	56.67682194709778
164	-339.0221	386.16153	-22.97859	-878.32697	17.424242	-82.3481	16.88621	-76.61708	-135.81917	99000	1.2715658e-08	21890.906	-0.013184524	-76.78906	0.009819509	0.0	56.98775005340576
165	-158.2397	254.88664	-23.108	-847.93665	23.04	-80.06506	13.832086	-76.3121	-135.99615	99600	-1.5894572e-09	5930.9185	-0.012479185	-65.34619	0.008502622	0.0	57.313764810562134
166	-399.2203	397.38254	-19.027716	-877.0128	15.675675	-80.428246	16.518232	-75.16799	-135.03659	100200	-1.947085e-08	29363.596	-0.013519515	-404.42578	0.009210962	0.0	57.63574457168579
167	-391.7211	397.97763	-20.194077	-871.6429	15.864865	-82.73539	17.317423	-77.02601	-137.3882	100800	-1.013279e-08	29550.58	-0.009650685	-117.19922	0.009639558	0.0	57.950984716415405
168	-302.2585	381.51733	-22.036291	-876.93787	18.709677	-83.17341	16.227396	-77.927795	-138.88168	101400	1.9868216e-08	19094.072	-0.016987566	-141.33984	0.009236266	0.0	58.277196168899536
169	-276.7413	367.9253	-27.579067	-875.95465	19.258064	-80.20756	15.720882	-75.457054	-136.93246	102000	1.4305114e-08	16917.018	-0.0067555904	-108.328125	0.008666703	0.0	58.59178566932678
170	-335.68973	380.18768	-19.674356	-873.08606	17.558823	-77.809944	16.619022	-72.86988	-134.80907	102600	-4.7683715e-09	21330.29	-0.010613874	-39.65625	0.00920654	0.0	59.09710192680359
171	-319.44995	381.99292	-25.572725	-851.7603	18.03125	-78.571754	16.173489	-73.84379	-136.19598	103200	4.7683715e-09	19960.836	-0.0074200463	-58.226562	0.0074787936	0.0	59.4164297580719
172	-167.09114	291.0219	-23.518854	-851.2518	22.73077	-76.81902	14.583507	-72.96456	-135.78781	103800	-1.2715658e-08	8171.1475	-0.0073109753	-177.6709	0.008573475	0.0	59.7408390045166
173	-288.9225	359.73102	-26.00695	-878.29	19.32258	-73.85194	16.089735	-69.27228	-132.42892	104400	1.8676122e-08	16626.63	-0.021570701	-33.839844	0.00901047	0.0	60.05582022666931
174	-244.90958	342.21753	-33.12548	-878.6359	20.241379	-74.44147	15.432244	-70.23818	-133.67616	105000	8.742014e-09	12834.242	-0.011329279	-23.577148	0.008338469	0.0	60.3744843006134
175	-329.6216	384.3283	-21.407488	-875.3303	17.617647	-74.6204	16.685513	-69.70587	-133.4547	105600	4.7683715e-09	22002.416	-0.011027717	-194.45312	0.008046092	0.0	60.699387550354004
176	-354.5808	387.4639	-20.778141	-850.0464	16.882353	-75.33868	17.532867	-69.9432	-134.15552	106200	1.8278758e-08	23111.684	-0.009415458	-67.7168	0.0063598845	1.0	61.016804933547974
177	-281.73593	361.14325	-22.775503	-848.9463	19.32258	-76.22802	16.618206	-71.42573	-136.11295	106800	1.5894572e-09	16107.16	-0.011118397	-16.509766	0.009302055	0.0	61.339174032211304
178	-420.86282	397.86847	-20.74446	-877.53735	15.230769	-77.819595	19.454033	-71.17006	-136.25592	107400	1.5894572e-09	31558.904	-0.007866837	-199.64453	0.006942733	0.0	61.660683155059814
179	-285.29218	360.54675	-21.11102	-852.9497	19.129032	-79.500114	16.792152	-74.65873	-140.31398	108000	-1.5894572e-09	16201.616	-0.009298514	-23.589844	0.008751836	0.0	61.97833967208862
180	-272.12683	352.24768	-28.178509	-850.7827	19.965517	-79.38475	16.323547	-74.79931	-140.85652	108600	-2.9802322e-08	14937.877	-0.0066249096	-37.126953	0.006516691	1.0	62.500927686691284
181	-290.1302	368.71896	-27.056892	-877.26953	19.3	-79.01634	16.711946	-74.35318	-140.76373	109200	-1.07288365e-08	16354.912	-0.0094514135	-29.708984	0.009034617	0.0	62.81143045425415
182	-384.16504	393.8755	-22.25102	-876.7017	16.583334	-79.49186	19.141462	-73.25967	-140.09377	109800	-8.34465e-09	26375.172	-0.008481166	-84.802734	0.0067028357	2.0	63.12117123603821
183	-328.7079	376.71536	-20.769802	-852.1316	18.46875	-80.3016	17.489098	-75.16458	-142.53911	110400	3.8146972e-08	20050.479	-0.011836778	-59.273438	0.009439849	0.0	63.44872260093689
184	-281.88678	364.90164	-24.519794	-885.8223	19.35484	-81.029526	16.957357	-76.3297	-144.13354	111000	-1.9868216e-08	15671.543	-0.015689747	-54.41992	0.009510363	0.0	63.77548694610596
185	-355.0396	387.96292	-22.675877	-850.4888	17.32353	-80.528046	18.997187	-74.514435	-142.75493	111600	-1.947085e-08	23112.652	-0.019937592	-38.65625	0.009105732	0.0	64.09604907035828
186	-358.34427	388.72638	-18.78271	-878.458	17.470589	-81.12552	19.155575	-75.075714	-143.82823	112200	-1.5894573e-08	22941.11	-0.011245645	-44.845703	0.009009863	0.0	64.41582798957825
187	-321.5099	383.73947	-20.78994	-879.6072	18.5	-81.660225	18.290674	-76.27383	-145.53432	112800	-9.536743e-09	20938.217	-0.017231755	-65.5293	0.007556895	0.0	64.73712992668152
188	-427.0039	402.05685	-19.667383	-878.82275	15.157895	-82.07544	20.869793	-75.00093	-144.79549	113400	-2.3841857e-09	31492.447	-0.016541542	-112.47461	0.0093421955	0.0	65.06370210647583
189	-378.43008	393.433	-21.839108	-855.6145	16.666666	-83.751625	20.012123	-77.26425	-147.70673	114000	-2.78155e-09	27693.861	-0.013568169	-157.13281	0.007903517	0.0	65.37995195388794
190	-379.34488	396.21286	-20.134518	-876.74756	16.583334	-85.37067	20.69719	-78.18269	-149.2238	114600	7.947286e-10	27093.006	-0.011071251	-96.14258	0.008158596	0.0	65.89344763755798
191	-421.05392	395.48615	-18.96604	-874.54675	15.783784	-85.57775	21.247755	-78.2765	-149.91653	115200	-2.7815501e-08	29200.193	-0.010380693	-166.00586	0.007657347	1.0	66.21191453933716
192	-369.72446	390.98447	-20.729794	-850.2036	17.142857	-87.799736	19.983639	-81.60522	-153.78918	115800	1.2318293e-08	24385.715	-0.015220677	-33.246094	0.0077258954	0.0	66.53282356262207
193	-286.3379	367.39764	-21.035831	-850.919	19.6	-87.13162	18.651003	-81.798004	-154.52232	116400	7.0532162e-09	16440.967	-0.0093563795	-126.13867	0.007903584	0.0	66.84944200515747
194	-323.8133	379.75955	-24.12918	-854.12476	18.53125	-84.331345	19.53575	-78.45255	-151.64377	117000	-4.371007e-09	19440.758	-0.010267221	-38.18164	0.008497191	0.0	67.18228530883789
195	-334.04913	389.23676	-19.896454	-878.91785	17.848484	-82.73285	19.754543	-76.90299	-150.54942	117600	1.11262e-08	21452.24	-0.0073189116	-65.21875	0.009060878	0.0	67.4988157749176
196	-405.8559	397.2774	-18.082329	-851.1636	15.578947	-81.797966	21.676296	-74.6335	-148.80882	118200	1.5894572e-09	29124.42	-0.0050117075	-113.69336	0.0081119025	0.0	67.81457996368408
197	-348.69867	392.53702	-18.557507	-851.0502	17.205883	-82.85604	20.408274	-76.71743	-151.44615	118800	4.371007e-09	22861.107	-0.010254746	-46.51172	0.009442238	0.0	68.12263631820679
198	-318.9762	383.3831	-19.718473	-878.5073	18.21875	-81.82638	20.530622	-75.34009	-150.61487	119400	-8.34465e-09	20501.71	-0.00562739	-72.28906	0.009111181	0.0	68.44489622116089
199	-368.59894	392.12372	-22.402987	-879.7153	16.571428	-80.14003	21.306162	-73.35946	-149.11795	120000	0.0	24031.26	-0.012458212	-42.878906	0.009959484	0.0	68.76686525344849
200	-318.82684	371.02408	-20.521439	-849.2761	18.151516	-80.45994	20.290375	-74.36403	-150.59326	120600	1.66893e-08	20605.533	-0.01695892	-122.38867	0.009076975	0.0	69.29605722427368
201	-325.1806	378.42856	-22.529602	-879.8593	18.0	-82.47872	20.600199	-75.92785	-152.53412	121200	-1.9073486e-08	19777.16	-0.009504649	-57.552734	0.007854765	0.0	69.61920428276062
202	-424.0422	391.14417	-20.243149	-849.83795	14.794871	-83.96178	23.106247	-75.98917	-153.00876	121800	-5.5631e-09	29722.232	-0.008311099	-275.22656	0.009482474	0.0	69.94153165817261
203	-346.83524	384.14667	-25.270847	-877.4015	17.142857	-87.3337	20.96043	-80.877556	-158.38615	122400	-2.22524e-08	23029.156	-0.00914196	-176.81055	0.007199518	0.0	70.25971412658691
204	-392.03906	387.1376	-25.333084	-870.86633	15.763158	-88.786705	23.028765	-80.98523	-158.99554	123000	-3.7352244e-08	26919.646	-0.017251397	-127.69141	0.009199352	0.0	70.57520627975464
205	-300.17807	371.31674	-22.980215	-880.277	18.59375	-89.54382	20.252449	-83.82072	-162.3245	123600	-1.66893e-08	17851.176	-0.010123075	-70.26953	0.00999026	0.0	70.90707278251648
206	-380.18286	394.40186	-19.399336	-851.9996	16.0	-88.730934	22.35685	-81.57112	-160.54605	124200	3.059705e-08	25480.918	-0.013081387	-41.841797	0.009032817	0.0	71.24590516090393
207	-224.53394	328.88	-24.188745	-879.8298	21.392857	-86.107124	19.328932	-80.984436	-160.51181	124800	1.66893e-08	11122.168	-0.01605238	-141.97949	0.009307435	0.0	71.59973216056824
208	-356.91327	389.5174	-28.059036	-878.20874	17.029411	-84.26289	21.694721	-77.705284	-157.58896	125400	1.2715658e-08	22178.38	-0.013191204	-25.804688	0.007995389	0.0	71.95136022567749
209	-194.54707	314.4072	-25.892338	-875.11566	21.88889	-82.13657	18.242758	-77.56988	-157.91243	126000	5.5631e-09	9838.521	-0.0087879365	-212.20605	0.008748482	0.0	72.28471899032593
210	-244.28812	340.7875	-29.966291	-849.8829	20.275862	-78.75294	20.111635	-73.2571	-153.96152	126600	7.947286e-10	12483.011	-0.012321327	-66.76758	0.009846161	0.0	72.83783054351807
211	-325.06183	377.02002	-23.673481	-853.2802	18.0	-77.08253	20.39596	-71.441284	-152.45366	127200	-1.7484028e-08	20004.629	-0.025967762	-594.2832	0.008544404	0.0	73.17711615562439
212	-332.99646	382.59555	-29.597475	-874.51917	17.588236	-79.374535	22.948887	-72.13733	-153.53178	127800	0.0	20720.346	-0.010733733	-46.882812	0.008551313	0.0	73.53106093406677
213	-333.27148	383.0178	-21.697472	-874.41614	17.5	-79.35241	22.293276	-72.66206	-154.49368	128400	-3.1789145e-09	20801.857	-0.0066125304	-25.71289	0.009401318	0.0	73.87666177749634
214	-334.4852	377.24875	-27.259945	-851.1437	17.558823	-79.834496	22.237432	-73.12964	-155.41167	129000	1.8874804e-08	20774.215	-0.010669891	-167.32812	0.009633004	0.0	74.23544311523438
215	-386.39655	387.01755	-21.992693	-850.1674	16.0	-82.418755	23.779177	-74.65485	-157.3583	129600	1.9073486e-08	25331.846	-0.015936995	-145.26562	0.009681664	0.0	74.58468008041382
216	-262.41208	353.13632	-21.51724	-878.4981	20.0	-83.799034	20.90128	-77.95833	-161.13237	130200	-1.7484028e-08	15061.217	-0.015393578	-111.48633	0.00954773	0.0	74.93285775184631
217	-352.8495	393.9807	-17.164747	-876.09515	17.17647	-83.17142	22.742275	-75.93587	-159.52377	130800	1.013279e-08	22615.566	-0.019564698	-100.41211	0.008911813	0.0	75.26010012626648
218	-366.98315	393.97873	-20.97016	-874.83606	16.571428	-82.048676	23.568697	-74.7152	-158.85051	131400	2.0662943e-08	23717.393	-0.013267134	-39.25586	0.0091482755	0.0	75.59787249565125
219	-318.28113	377.03204	-18.679338	-879.5342	18.09091	-81.3366	22.461432	-74.78067	-159.46716	132000	-9.536743e-09	18916.32	-0.01036578	-23.40625	0.009225652	0.0	75.94744968414307
220	-375.09424	392.6956	-17.743532	-880.53107	16.18919	-82.32477	24.192055	-74.660416	-159.79019	132600	-9.536743e-09	26295.717	-0.015256976	-192.82227	0.008633482	0.0	76.51017999649048
221	-379.61832	386.66922	-25.75777	-854.35315	16.18919	-84.42212	24.710428	-76.36395	-162.02312	133200	-3.973643e-09	24671.646	-0.009213577	-131.66797	0.009055729	0.0	76.85932159423828
222	-274.33304	349.45905	-27.290173	-879.6118	19.266666	-85.33123	21.450294	-79.49152	-165.62288	133800	1.4702479e-08	13663.644	-0.012115335	-10.544922	0.009535413	0.0	77.22128653526306
223	-278.50266	364.61282	-23.43484	-853.214	19.032259	-85.83839	22.151297	-79.63107	-166.0791	134400	-3.973643e-10	15954.787	-0.0068018893	-111.81348	0.009452545	0.0	77.57438397407532
224	-366.00864	391.52597	-28.734575	-851.87	16.657143	-83.74145	24.153532	-76.255035	-163.15869	135000	-6.357829e-09	23977.406	-0.010534898	-91.115234	0.006411463	1.0	77.91267323493958
225	-299.4422	378.4215	-18.56156	-850.2823	18.709677	-82.74593	22.90918	-76.06015	-163.51611	135600	1.1920929e-09	17758.188	-0.0037136467	-162.71094	0.008055115	0.0	78.26731538772583
226	-349.38156	392.31836	-20.60171	-850.3857	17.147058	-79.97267	23.976526	-72.72885	-160.70654	136200	2.8610229e-08	22160.791	-0.009378235	-42.78711	0.009503185	0.0	78.60773038864136
227	-281.92398	370.53903	-19.59667	-877.6076	19.266666	-77.33146	21.662361	-71.55618	-160.06862	136800	9.536743e-09	17088.244	-0.014917278	-458.31445	0.009461703	0.0	78.93388962745667
228	-413.40945	401.2681	-26.576555	-879.62585	15.513514	-77.76601	26.384985	-68.93492	-157.9023	137400	2.78155e-09	28331.95	-0.012120333	-138.0918	0.008843589	0.0	79.26189994812012
229	-283.5054	369.1307	-18.95399	-849.9241	19.366667	-77.127815	22.45016	-71.033005	-160.56	138000	8.742014e-09	15653.283	-0.0060287104	-62.51465	0.0088611925	0.0	79.58693051338196
230	-457.40616	402.51855	-19.39099	-876.9082	14.243902	-78.70421	27.620394	-69.098656	-159.06216	138600	-1.3510387e-08	34757.6	-0.0076100165	-225.5	0.0066636153	1.0	80.13754558563232
231	-360.25735	398.12833	-20.608118	-877.88947	17.0	-81.20659	25.70135	-72.98563	-163.57362	139200	-2.3841857e-09	24852.418	-0.0150053445	-91.76172	0.009919664	0.0	80.4478907585144
232	-350.9226	393.35898	-20.88874	-878.2325	17.529411	-79.96148	25.16509	-72.01445	-163.18903	139800	-8.145968e-09	22273.51	-0.025023187	-56.197266	0.009381539	0.0	80.76168370246887
233	-446.34302	401.89218	-20.304272	-877.8805	14.525	-80.70372	27.764078	-71.19319	-162.87157	140400	-1.0331472e-08	32738.986	-0.011223466	-152.77539	0.009358058	0.0	81.08593606948853
234	-387.78247	405.43457	-21.784985	-887.10034	16.0	-82.64682	26.378054	-74.20818	-166.48553	141000	-2.22524e-08	26453.018	-0.018665778	-55.28711	0.009632411	0.0	81.40298628807068
235	-334.84204	390.1181	-18.00734	-877.3528	17.666666	-80.42974	24.693731	-73.22948	-166.1147	141600	3.8146972e-08	20538.205	-0.017405223	-55.125	0.009986842	0.0	81.72079920768738
236	-362.18774	397.22574	-22.332216	-873.29254	16.857143	-79.38319	25.781097	-71.5959	-164.9653	142200	-4.7683715e-09	23628.275	-0.008491254	-35.402344	0.008967651	0.0	82.04483914375305
237	-239.26294	351.22452	-21.214075	-851.37164	20.678572	-76.81871	22.77966	-70.71149	-164.59128	142800	-1.8676122e-08	12731.85	-0.0072696833	-199.64941	0.008849152	0.0	82.36663031578064
238	-300.68246	378.60587	-17.670689	-879.52313	18.741936	-73.60294	24.133156	-66.85219	-161.11871	143400	4.371007e-09	17193.383	-0.008245917	-37.546875	0.008488323	0.0	82.67661571502686
239	-352.35608	393.34885	-18.960442	-876.8232	17.264706	-72.63241	25.275166	-65.20257	-159.85782	144000	-9.735425e-09	22074.05	-0.01076411	-220.77148	0.006429784	1.0	83.00641894340515
240	-100.025	225.51399	-20.473852	-848.0462	24.583334	-70.85968	20.41087	-65.97184	-161.02109	144600	-1.2715658e-08	4984.349	-0.009664979	-357.98682	0.009462078	0.0	83.55035281181335
241	-400.31787	402.6897	-18.997852	-875.72595	15.736842	-69.72845	27.91164	-60.53604	-155.9109	145200	6.7551933e-09	29244.227	-0.010935016	-200.45898	0.0066477736	1.0	83.86055755615234
242	-304.916	374.76514	-23.319118	-851.27454	18.838709	-68.95078	24.500423	-62.152878	-158.0321	145800	2.125899e-08	16961.623	-0.0042410325	-21.46289	0.008997928	0.0	84.17272186279297
243	-278.3503	371.0727	-19.607283	-850.75757	19.333334	-70.00332	24.654713	-63.01655	-159.24162	146400	4.371007e-09	16280.917	-0.010405575	-44.006836	0.009063095	0.0	84.4926290512085
244	-243.85193	348.13083	-22.01543	-852.09454	20.5	-67.65774	23.063015	-61.66869	-158.28917	147000	1.9868216e-09	12087.731	-0.013356591	-26.609375	0.009404032	0.0	84.80871200561523
245	-454.75986	403.71085	-21.356455	-880.2512	14.073171	-70.694756	29.407164	-60.598324	-157.51329	147600	-7.947286e-09	35612.125	-0.008166613	-569.5664	0.00949823	0.0	85.13227152824402
246	-242.59683	351.66318	-21.311794	-877.6893	20.535715	-71.58052	24.434805	-64.62122	-162.10756	148200	7.947286e-09	12484.225	-0.011822776	-105.43945	0.009447613	0.0	85.45700907707214
247	-400.101	401.9697	-24.417353	-853.159	15.578947	-72.43694	28.446339	-63.183613	-161.03293	148800	1.4702479e-08	27853.754	-0.0125596905	-82.85742	0.009149192	0.0	85.77544832229614
248	-414.10556	401.1679	-22.22401	-851.62524	15.384615	-74.201614	29.053997	-64.58119	-162.97275	149400	-3.973643e-09	29243.914	-0.0077620097	-138.56836	0.009418702	0.0	86.10211658477783
249	-362.08536	394.37015	-23.370375	-873.4253	17.0	-75.59612	27.560062	-67.044426	-166.00139	150000	7.152557e-09	25036.52	-0.007368186	-78.25391	0.009209298	0.0	86.4263186454773
250	-363.43875	393.85544	-19.2649	-853.82544	17.0	-76.55049	27.78717	-67.84719	-167.28983	150600	-1.2715658e-08	23782.61	-0.014404964	-36.61914	0.008995238	0.0	86.98600029945374
251	-353.11627	389.08224	-20.121777	-852.2241	17.617647	-76.60259	27.24727	-68.40684	-168.33005	151200	-7.152557e-09	21301.893	-0.006748053	-34.32617	0.008885378	0.0	87.29718542098999
252	-436.45016	399.2709	-26.0618	-875.62976	15.076923	-79.368286	30.014343	-69.19327	-169.55669	151800	-1.66893e-08	32213.746	-0.007600124	-260.1621	0.0065479064	1.0	87.61850905418396
253	-374.90857	397.0391	-20.709991	-874.9738	16.970589	-81.90415	28.643047	-72.52601	-173.43774	152400	2.3047129e-08	23172.938	-0.015498951	-73.865234	0.009651317	0.0	87.94420719146729
254	-424.1425	403.49414	-20.511564	-877.3729	15.368421	-82.61663	29.819387	-72.675285	-174.10057	153000	1.1920929e-08	29043.87	-0.019691167	-68.98633	0.00939384	0.0	88.26337885856628
255	-303.6466	380.80536	-17.64649	-882.85077	18.935484	-81.191124	26.17436	-73.76364	-175.7806	153600	1.5894572e-09	16619.727	-0.012669497	-91.708984	0.0091657005	0.0	88.58112382888794
256	-336.08133	391.06232	-17.901148	-886.0531	18.151516	-79.29265	26.90164	-71.55556	-174.01845	154200	5.5631e-09	20396.244	-0.01647128	-169.63086	0.009255502	0.0	88.89639544487
257	-350.42148	393.3079	-17.755108	-880.84766	17.352942	-79.26557	28.838413	-70.11769	-173.03836	154800	-9.536743e-09	21639.793	-0.009314891	-85.3457	0.009147676	0.0	89.21778655052185
258	-198.55551	318.59665	-22.52292	-875.4287	22.115385	-75.183205	23.47978	-69.43779	-172.83276	155400	1.1920929e-09	9100.224	-0.0059082676	-102.80762	0.009158959	0.0	89.54392385482788
259	-301.99866	378.40567	-19.495644	-876.7314	19.0	-73.643005	26.32268	-66.33676	-170.0328	156000	6.357829e-09	16883.57	-0.010616614	-60.58008	0.009544035	0.0	89.8635835647583
260	-350.33478	393.08646	-18.323254	-879.8083	17.647058	-73.37463	28.197163	-64.990906	-169.07005	156600	4.7683715e-09	21468.625	-0.01989302	-24.378906	0.008847552	0.0	90.43119668960571
261	-320.11978	381.23807	-21.7948	-875.94763	18.6875	-73.544174	28.02198	-65.242386	-169.77771	157200	7.2518986e-09	18994.184	-0.0139075415	-140.61133	0.00958943	0.0	90.7473554611206
262	-336.86752	385.4931	-20.787163	-850.7027	18.09091	-74.34448	28.50815	-65.3944	-170.33028	157800	-1.3510387e-08	19652.104	-0.0090871155	-145.20703	0.008648278	0.0	91.05931448936462
263	-500.05716	400.26584	-23.661049	-877.86597	12.978261	-78.815094	34.281345	-65.96658	-171.31207	158400	2.7815501e-08	42308.15	-0.011992341	-561.8203	0.0069035115	1.0	91.37921786308289
264	-318.25705	385.58694	-19.928104	-876.11395	18.65625	-79.86367	28.019903	-71.6539	-177.69771	159000	-1.9868216e-09	19370.18	-0.017880136	-112.990234	0.009797026	0.0	91.70104479789734
265	-354.89816	391.61133	-21.383223	-877.3581	17.617647	-79.802086	29.484787	-70.59492	-177.1406	159600	-3.973643e-10	21393.564	-0.012655008	-93.41016	0.009085788	0.0	92.0293242931366
266	-282.78375	367.82507	-19.163164	-850.66736	19.733334	-78.04043	26.717043	-70.69124	-177.68146	160200	-8.742014e-09	16069.595	-0.015454297	-123.65137	0.009699112	0.0	92.34740281105042
267	-259.97662	362.36542	-18.093233	-849.5704	20.137932	-76.5031	26.907867	-68.973404	-176.35736	160800	-1.5894572e-09	13877.281	-0.0085719135	-159.03418	0.00971663	0.0	92.6677017211914
268	-300.947	378.86014	-20.755608	-875.7522	19.0	-73.43526	27.436687	-65.88115	-173.6676	161400	-1.9073486e-08	16705.447	-0.008827868	-48.04297	0.009000363	0.0	92.97321915626526
269	-399.73044	399.03186	-24.48476	-853.2033	16.055555	-74.09742	30.73515	-64.4462	-172.64125	162000	0.0	26360.553	-0.0063532633	-216.20508	0.009559489	0.0	93.27868986129761
270	-352.72238	389.90848	-27.395588	-879.0898	17.5	-75.8757	30.29462	-66.338646	-175.02821	162600	1.39077505e-08	21538.586	-0.008473518	-89.95508	0.008415052	0.0	93.83591079711914
271	-288.49094	367.5985	-21.857805	-875.209	19.5	-75.137695	27.538046	-67.43319	-176.57568	163200	-7.947286e-09	14912.208	-0.012546444	-46.301758	0.009741318	0.0	94.14277291297913
272	-281.1503	369.5926	-25.112759	-851.6989	19.666666	-74.57526	27.354012	-67.00387	-176.4965	163800	0.0	15873.463	-0.0152432	-119.68652	0.009742589	0.0	94.45122385025024
273	-347.7609	392.73703	-22.48484	-851.4249	17.411764	-74.44176	30.569529	-65.12432	-175.02176	164400	-1.2715658e-08	21133.791	-0.006577345	-30.441406	0.008536261	0.0	94.76003789901733
274	-334.3411	391.80786	-21.884415	-879.7227	18.030304	-73.3412	29.447685	-64.73819	-175.11575	165000	-5.5631e-09	20764.824	-0.013704391	-73.81445	0.009022962	0.0	95.07224202156067
275	-360.09723	399.36545	-21.831547	-876.5512	16.885714	-74.36284	30.991562	-64.341194	-175.1897	165600	9.536743e-09	23781.172	-0.010146698	-87.271484	0.006469372	1.0	95.39796996116638
276	-302.1476	376.64746	-19.370792	-879.05206	18.870968	-72.32318	28.805258	-64.01694	-175.4084	166200	-8.742014e-09	17303.29	-0.013730562	-132.66797	0.009325565	0.0	95.72973370552063
277	-374.95007	400.83884	-19.337076	-876.09827	16.61111	-74.37758	32.593826	-63.520752	-175.3116	166800	-7.947286e-10	24386.29	-0.007026846	-108.24609	0.009614728	0.0	96.06255412101746
278	-389.60452	398.10162	-20.955065	-852.46716	16.216217	-74.29843	32.23197	-63.87375	-176.19296	167400	-1.7484028e-08	26187.086	-0.01697189	-100.26172	0.009357322	0.0	96.38273572921753
279	-221.7089	337.13916	-20.91304	-875.8382	21.296297	-72.66047	26.011457	-66.242836	-179.07878	168000	1.9868216e-08	10425.269	-0.010050345	-94.12891	0.009014996	0.0	96.70213103294373
280	-319.1222	382.73352	-18.338963	-850.8699	18.0625	-72.26983	29.922459	-63.524464	-176.69481	168600	-4.371007e-09	17977.936	-0.0077727134	-33.01367	0.008363541	0.0	97.26779866218567
281	-333.4563	387.83383	-24.59061	-869.59344	17.848484	-72.18096	30.483797	-63.070152	-176.63179	169200	6.357829e-09	20310.105	-0.007127727	-22.015625	0.008171248	0.0	97.58793926239014
282	-335.0234	389.68042	-19.653608	-879.6255	17.636364	-72.47649	30.497078	-63.373512	-177.36667	169800	4.7683715e-09	20461.953	-0.0057876008	-31.83789	0.008596416	0.0	97.89545559883118
283	-263.17294	352.6455	-21.67059	-850.38873	19.7	-71.51899	28.4833	-63.801105	-178.23404	170400	3.0994414e-08	13186.097	-0.0065789577	-29.276367	0.009156825	0.0	98.21365022659302
284	-458.34616	400.2729	-25.294495	-878.9305	13.744186	-76.481834	35.713596	-63.85765	-178.58499	171000	2.3841857e-09	34512.875	-0.014453767	-433.2422	0.009650855	0.0	98.53090143203735
285	-382.14783	397.94104	-20.163942	-880.62134	16.222221	-79.58426	32.44153	-69.58897	-184.92055	171600	-2.582868e-08	23796.79	-0.0114853205	-51.10742	0.009180095	0.0	98.84346222877502
286	-317.42908	385.81235	-23.275482	-876.36096	18.21875	-80.14449	30.414776	-71.15167	-187.03163	172200	-9.536743e-09	18167.965	-0.008514341	-75.5	0.0075781494	1.0	99.16951537132263
287	-344.50134	395.1893	-19.311342	-852.57446	17.17647	-78.34819	31.563477	-68.999985	-185.38068	172800	-1.5894572e-09	21952.45	-0.017471805	-49.06836	0.008894934	0.0	99.49521517753601
288	-454.85632	405.70532	-19.896414	-877.9253	14.243902	-79.52718	35.72439	-67.21634	-184.14403	173400	-1.11262e-08	32820.426	-0.010032144	-169.38672	0.008457801	0.0	99.82507514953613
289	-348.76453	394.1743	-19.528326	-878.822	17.264706	-79.64426	32.18724	-69.90614	-187.49641	174000	-1.7484028e-08	20885.217	-0.009598744	-42.14258	0.0067231026	1.0	100.14112329483032
290	-401.78027	403.21826	-20.57854	-872.83356	15.763158	-80.09277	34.324623	-69.04259	-187.15816	174600	-1.07288365e-08	26682.78	-0.008174891	-48.94922	0.008650055	0.0	100.71808981895447
291	-365.68576	393.7803	-17.932066	-876.7407	16.828571	-79.91896	33.187473	-69.601685	-188.29424	175200	1.3510387e-08	23482.574	-0.0071115843	-275.13672	0.006769983	1.0	101.02513122558594
292	-285.28754	369.74915	-21.766907	-852.87897	19.166666	-78.991585	30.788994	-70.35034	-189.54039	175800	1.11262e-08	14879.437	-0.00794182	-88.8916	0.006380199	1.0	101.34196043014526
293	-316.18405	384.57156	-17.611895	-850.30493	18.25	-77.54516	31.497639	-68.27154	-187.84128	176400	1.1920929e-08	17804.574	-0.01175865	-108.9707	0.009016248	0.0	101.66464066505432
294	-263.75128	360.5931	-17.960356	-850.9351	20.206896	-73.88821	29.388048	-66.13047	-186.14024	177000	-3.973643e-10	13314.587	-0.010755037	-59.805664	0.009629967	0.0	101.98396348953247
295	-377.41574	396.1133	-20.85177	-851.39825	16.63889	-74.83708	34.392487	-63.786926	-184.15012	177600	-9.536743e-09	24537.94	-0.008397201	-336.54297	0.009303914	0.0	102.29575204849243
296	-285.1812	366.32626	-24.539412	-850.64813	19.5	-73.91205	30.58355	-65.172035	-185.98593	178200	4.371007e-09	15087.264	-0.011415926	-141.85352	0.00903644	0.0	102.61525321006775
297	-347.45596	390.69724	-20.444569	-880.9192	17.5	-76.29099	35.237167	-64.70062	-185.86801	178800	-9.139379e-09	23186.818	-0.0126448665	-40.77539	0.009382984	0.0	102.94161820411682
298	-443.63965	410.13922	-20.185339	-880.499	14.45	-78.525826	37.919712	-65.061386	-186.6537	179400	-2.3841857e-09	31564.688	-0.010314314	-169.86719	0.008714743	0.0	103.26943826675415
299	-447.83887	406.9052	-25.085526	-887.0402	14.45	-79.67939	36.720222	-67.23376	-189.47708	180000	6.357829e-09	30306.13	-0.0058222627	-152.4043	0.006490864	0.0	103.59313941001892
300	-317.02277	383.96603	-22.731895	-851.3933	18.3125	-79.650215	32.26885	-70.372444	-193.2324	180600	-1.5497207e-08	17616.66	-0.0068954807	-65.82422	0.008616303	0.0	104.17744851112366
301	-277.9091	370.6882	-19.574963	-852.676	19.4	-76.876816	31.026915	-68.40508	-191.73587	181200	1.9073486e-08	15519.844	-0.0133421	-121.88379	0.008343287	0.0	104.48817205429077
302	-277.29276	365.3414	-20.855057	-852.79553	19.35484	-73.4293	30.958874	-65.00121	-188.76396	181800	-1.3510387e-08	14445.775	-0.0054297405	-42.35547	0.0087449355	0.0	104.79746556282043
303	-303.8071	377.8059	-20.851608	-876.9807	18.64516	-72.09643	31.550215	-63.442772	-187.55472	182400	2.22524e-08	15971.866	-0.009779493	-54.60254	0.009542785	0.0	105.10907912254333
304	-350.63278	392.66095	-27.301914	-876.535	17.088236	-73.44143	34.396935	-62.923225	-187.38904	183000	2.7616819e-08	20336.74	-0.009771178	-55.51953	0.008419288	0.0	105.42129588127136
305	-336.46384	386.18405	-18.97484	-853.4724	17.666666	-73.24512	33.22092	-63.602966	-188.49779	183600	8.742014e-09	18624.473	-0.004540677	-23.382812	0.007324972	0.0	105.74213361740112
306	-215.03561	330.67953	-20.213768	-852.6456	21.107143	-71.96676	29.607939	-64.41136	-189.7121	184200	9.536743e-09	10197.966	-0.015392848	-99.29297	0.00980255	0.0	106.06035590171814
307	-235.05615	345.00458	-21.592089	-849.2144	20.51724	-69.16102	29.861584	-61.508255	-187.11024	184800	-1.4305114e-08	11696.45	-0.014131926	-182.03223	0.008760396	0.0	106.3779821395874
308	-424.35052	402.45654	-25.463633	-877.7849	14.775	-72.23139	38.208794	-58.92875	-184.83618	185400	-1.3510387e-08	31542.797	-0.012484655	-335.32422	0.009993636	0.0	106.69598531723022
309	-300.31705	370.82373	-22.19204	-880.0055	18.59375	-72.70418	33.04883	-63.249817	-189.70795	186000	2.4636586e-08	15944.797	-0.010310277	-42.08008	0.009122282	0.0	107.01827716827393
310	-347.24164	396.37207	-19.814333	-877.2271	17.088236	-74.77559	34.382244	-64.37319	-191.18217	186600	1.5894572e-09	20701.256	-0.013418071	-71.76172	0.008499749	0.0	107.58356618881226
311	-365.32108	395.5896	-23.163788	-881.54504	16.685715	-74.15145	34.890682	-63.612045	-190.92944	187200	3.973643e-09	22687.586	-0.007930838	-343.6504	0.0089961225	0.0	107.89833974838257
312	-317.76978	383.57346	-19.477581	-852.32697	18.0	-75.64217	35.324947	-64.77258	-192.58334	187800	-1.9868216e-09	17635.361	-0.0062762415	-164.91406	0.008620188	0.0	108.20460104942322
313	-436.30273	404.6068	-19.633282	-878.63605	14.536586	-77.045395	39.00866	-63.7886	-192.03596	188400	-1.11262e-08	30547.834	-0.017342929	-167.08789	0.00968286	0.0	108.52063941955566
314	-307.95596	381.73038	-21.372389	-854.64136	18.151516	-77.011604	34.181103	-67.11409	-195.9833	189000	8.742014e-09	17451.072	-0.008270601	-54.771484	0.009227514	0.0	108.84610676765442
315	-380.3766	396.1228	-21.293036	-876.2514	16.027779	-76.706024	36.362644	-65.43719	-194.7993	189600	9.536743e-09	23312.0	-0.012100337	-57.509766	0.0098332055	0.0	109.1691062450409
316	-399.40952	403.4277	-18.324532	-875.9275	15.605263	-79.392914	37.88968	-66.98866	-196.8312	190200	1.3510387e-08	26917.607	-0.012037967	-192.58984	0.00902565	0.0	109.49442267417908
317	-237.0517	349.79285	-21.619959	-882.8279	20.37931	-76.06667	31.390585	-67.858925	-198.29884	190800	3.1789145e-09	11223.02	-0.011834129	-158.21582	0.0094609745	0.0	109.8152220249176
318	-318.1191	385.40457	-18.89036	-878.16504	18.0	-73.946434	34.11205	-64.23098	-195.0479	191400	-6.357829e-09	18286.617	-0.007207223	-184.22656	0.009848765	0.0	110.13937783241272
319	-376.12363	400.4465	-24.152685	-876.1304	16.333334	-75.65176	38.255753	-63.175037	-194.41006	192000	7.947286e-09	23230.902	-0.007213164	-140.17188	0.007854522	0.0	110.46249985694885
320	-362.41656	395.85672	-20.864435	-874.67303	16.714285	-75.00874	36.573746	-63.62439	-195.37646	192600	5.9604646e-09	22154.537	-0.009550901	-86.34766	0.009034079	0.0	111.04842782020569
321	-299.55988	378.22263	-27.709824	-850.9064	18.806452	-74.03814	34.45772	-64.21827	-196.47488	193200	2.4636586e-08	15809.634	-0.0032520278	-56.13086	0.006782406	0.0	111.35721111297607
322	-432.55112	403.8826	-20.429695	-871.7931	14.769231	-75.60701	39.450024	-62.479836	-195.1531	193800	1.0331472e-08	29370.268	-0.0059623863	-147.44336	0.009176256	0.0	111.66455268859863
323	-349.10358	396.59323	-17.066006	-877.7696	17.382353	-76.532005	36.304596	-65.55137	-198.79204	194400	6.357829e-09	20603.04	-0.013807708	-53.509766	0.008992834	0.0	111.98745250701904
324	-361.7854	394.3826	-17.760418	-872.05597	16.742857	-76.332954	36.75947	-65.01207	-198.76508	195000	1.3113022e-08	23250.342	-0.008862582	-318.3711	0.00929701	0.0	112.30724120140076
325	-294.9897	374.30164	-22.181368	-874.9811	18.59375	-75.62822	34.511917	-65.66189	-199.8801	195600	-1.11262e-08	15963.797	-0.0063181208	-154.42676	0.0064067515	1.0	112.62735843658447
326	-283.05484	371.7326	-22.089819	-876.84937	19.166666	-73.619934	33.65463	-64.32801	-198.94157	196200	-1.5894573e-08	14477.69	-0.015682265	-65.850586	0.009806935	0.0	112.9476432800293
327	-441.47116	405.44864	-22.584314	-873.8088	14.190476	-76.943115	41.9211	-62.216316	-197.2067	196800	1.0331472e-08	31997.193	-0.009868895	-235.41406	0.00914361	0.0	113.26807832717896
328	-318.36804	388.73773	-20.445805	-876.43274	18.03125	-76.6541	36.771755	-65.40743	-201.0438	197400	-3.1789145e-09	17808.756	-0.005232117	-236.59961	0.008006353	0.0	113.58954238891602
329	-278.39825	372.92215	-22.302765	-849.769	19.2	-72.99237	33.871037	-63.937927	-200.04613	198000	1.5099843e-08	14466.333	-0.009042169	-103.359375	0.008639234	0.0	113.9060468673706
330	-299.80878	379.92392	-20.382616	-878.74	18.741936	-70.57639	34.818787	-60.918278	-197.43713	198600	-7.947286e-09	15727.855	-0.013693369	-35.01172	0.009422094	0.0	114.50032162666321
331	-192.17262	309.38068	-22.095177	-850.19293	22.037037	-67.64435	32.284744	-59.440495	-196.34604	199200	6.7551933e-09	9279.847	-0.012865361	-122.20215	0.0097804945	0.0	114.82961678504944
332	-362.3185	398.21906	-18.602806	-880.9019	16.62857	-68.704124	37.112934	-57.611473	-194.72023	199800	-3.3775966e-09	22021.268	-0.0062309075	-456.40234	0.008849288	0.0	115.15381240844727
333	-291.7861	376.5765	-20.280556	-878.1855	18.71875	-68.97901	35.905373	-58.674194	-196.22379	200400	-6.357829e-09	15739.275	-0.005942346	-49.17578	0.009075481	0.0	115.4690489768982
334	-329.33838	383.06177	-21.955801	-877.4032	17.588236	-68.73865	37.064068	-57.835342	-195.7855	201000	-1.7484028e-08	19392.467	-0.007037575	-59.65625	0.008636941	0.0	115.79722261428833
335	-427.03452	404.16953	-20.047522	-879.42	14.775	-73.8125	41.16276	-60.08463	-198.38452	201600	-7.152557e-09	28531.643	-0.010633696	-333.00586	0.008377897	0.0	116.12491011619568
336	-298.87704	380.75467	-20.889383	-875.77136	18.64516	-73.9616	35.41631	-64.21641	-203.08534	202200	-1.3113022e-08	15793.293	-0.0044314493	-45.875977	0.0064937053	1.0	116.4520812034607
337	-317.44824	386.77155	-19.353483	-874.83856	18.28125	-72.81401	36.45733	-62.439396	-201.77768	202800	4.7683715e-09	17222.031	-0.009260392	-39.560547	0.009590711	0.0	116.7766501903534
338	-377.64316	397.1224	-21.848003	-851.7106	16.555555	-73.201485	39.247616	-61.107613	-200.89359	203400	3.973643e-09	22460.164	-0.016389858	-80.19141	0.008988218	0.0	117.09534645080566
339	-218.81432	336.1457	-18.651167	-850.3892	21.444445	-71.10809	33.053444	-62.759995	-203.03929	204000	-1.4305114e-08	10068.487	-0.0031768125	-132.21094	0.006148459	0.0	117.41517210006714
340	-425.6814	405.30927	-17.799255	-879.0036	15.131579	-73.09881	40.98539	-59.810215	-200.42188	204600	0.0	27067.154	-0.009337468	-247.89453	0.009527534	0.0	118.02253723144531
341	-220.58807	333.31488	-22.14057	-850.07654	21.37037	-71.31397	33.10107	-62.736504	-203.89105	205200	1.1523564e-08	10734.26	-0.0043041147	-102.80762	0.009761464	0.0	118.3458240032196
342	-259.94263	363.4764	-21.344702	-851.1412	19.931034	-69.95642	34.446423	-60.985023	-202.44531	205800	-2.4636586e-08	12892.704	-0.0039030847	-61.168945	0.007595458	0.0	118.66150569915771
343	-453.54712	405.30392	-23.433846	-875.86884	14.097561	-73.2904	43.394543	-58.428295	-200.26173	206400	-1.5099843e-08	30937.094	-0.021207785	-234.09961	0.009195386	0.0	118.97438883781433
344	-313.96765	386.7514	-19.437471	-875.7037	18.40625	-72.572334	37.152233	-61.979015	-204.45107	207000	1.5099843e-08	18079.156	-0.013048736	-37.503906	0.006473857	1.0	119.29480695724487
345	-409.12338	405.28378	-19.783577	-877.5498	15.540541	-74.21695	41.12453	-60.97475	-203.93964	207600	3.973643e-09	27327.48	-0.017509153	-613.8867	0.009196961	0.0	119.62101888656616
346	-282.47803	372.408	-21.019121	-879.718	19.3	-73.29015	37.06317	-62.446827	-205.9867	208200	-1.2715658e-08	14326.719	-0.010401557	-124.73047	0.008992984	0.0	119.92735290527344
347	-386.37967	402.4803	-19.962208	-875.8012	16.135136	-74.82083	42.1536	-60.79217	-204.7331	208800	1.7086665e-08	24593.143	-0.010446578	-88.896484	0.006430266	1.0	120.25128054618835
348	-313.08298	383.34402	-18.356857	-849.8735	18.25	-72.93347	38.724007	-61.369293	-205.86884	209400	-7.947286e-10	17992.152	-0.005046687	-80.59375	0.009278987	0.0	120.57476925849915
349	-257.87228	363.03345	-17.827833	-847.5303	19.862068	-69.974556	35.71248	-60.447243	-205.42084	210000	2.22524e-08	12799.037	-0.013553758	-103.87891	0.009418807	0.0	120.88754653930664
350	-360.57892	395.65338	-22.403624	-851.43665	16.971428	-70.30769	40.77586	-57.674385	-203.03612	210600	-3.2981237e-08	21711.283	-0.011003263	-58.453125	0.008873847	0.0	121.48749279975891
351	-377.31848	399.40207	-18.505573	-877.6699	16.666666	-70.87119	40.36535	-58.517742	-204.332	211200	1.7285346e-08	22537.312	-0.006219171	-150.54297	0.0075162253	0.0	121.79949235916138
352	-316.95703	387.95267	-19.25833	-879.55414	18.25	-71.23667	38.417084	-60.28278	-206.59044	211800	3.1789145e-09	17115.457	-0.012700807	-51.75	0.009582359	0.0	122.11464190483093
353	-301.86435	381.05032	-21.411427	-876.71094	18.709677	-69.70237	37.436268	-59.42732	-206.18237	212400	4.2915346e-08	15569.269	-0.012683123	-15.856445	0.009810162	0.0	122.42573738098145
354	-315.32614	385.88327	-20.088163	-852.29755	18.15625	-69.34652	38.148808	-58.619545	-205.76468	213000	1.7484028e-08	16852.43	-0.0068402183	-97.166016	0.009702948	0.0	122.74030113220215
355	-243.19763	348.25058	-19.280338	-850.69525	20.642857	-66.744835	35.0913	-57.747574	-205.32072	213600	3.576279e-08	10990.031	-0.018902676	-17.90918	0.009009561	0.0	123.05728888511658
356	-300.16656	378.37177	-19.988192	-877.6907	18.709677	-67.021645	38.006145	-56.445366	-204.30363	214200	1.11262e-08	16296.955	-0.005336267	-28.211914	0.008962661	0.0	123.37392997741699
357	-283.58035	367.8063	-17.803734	-852.6138	19.533333	-66.48998	37.09534	-56.43948	-204.64067	214800	-1.11262e-08	15256.66	-0.010094224	-27.705078	0.00817428	0.0	123.69459795951843
358	-378.46115	394.59152	-22.78134	-851.0821	16.333334	-70.57168	42.350147	-57.06825	-205.56903	215400	-4.053116e-08	22771.096	-0.013011264	-254.7461	0.009784217	0.0	124.01692962646484
359	-330.5692	393.7623	-17.594986	-876.3851	17.636364	-73.207184	40.902836	-60.510273	-209.45927	216000	-5.5631e-09	18592.836	-0.0055976748	-188.26172	0.008772881	0.0	124.33968710899353
360	-333.16156	390.65646	-20.024519	-877.34644	17.787878	-70.635956	39.71432	-59.18954	-208.66951	216600	-1.66893e-08	18108.28	-0.008842963	-34.435547	0.009092084	0.0	124.95761466026306
361	-390.24606	400.85352	-17.883627	-873.94586	16.081081	-73.36594	44.147636	-58.926697	-208.88947	217200	-2.22524e-08	24398.924	-0.007596655	-133.82812	0.008897709	0.0	125.26304244995117
362	-398.3238	404.27875	-19.947107	-853.02356	15.631579	-76.09111	44.506485	-61.40207	-211.91818	217800	-1.3311704e-08	24960.756	-0.013531881	-119.94531	0.009824894	0.0	125.58832240104675
363	-361.3196	398.18488	-21.086834	-876.5054	16.6	-75.414795	41.800102	-62.542404	-213.69681	218400	-6.7551933e-09	21724.992	-0.011448355	-129.51953	0.00912462	0.0	125.90309190750122
364	-315.51324	388.80383	-17.946062	-878.92206	18.3125	-75.16142	40.72737	-62.54228	-214.24557	219000	1.6291937e-08	17240.98	-0.0032578937	-143.89453	0.008299569	0.0	126.2213385105133
365	-279.75104	371.64417	-18.448393	-852.40027	19.266666	-70.15478	37.951977	-59.969143	-212.15993	219600	2.026558e-08	13934.287	-0.0063187187	-45.23633	0.009828095	0.0	126.5483889579773
366	-469.4891	407.44434	-16.868061	-875.1622	13.488372	-74.67478	48.02811	-57.555275	-210.14227	220200	-1.7484028e-08	33116.203	-0.0067554265	-225.51953	0.0069276285	0.0	126.87033700942993
367	-163.9253	291.48483	-22.892347	-849.16034	22.923077	-69.71448	33.92753	-61.79347	-215.09103	220800	-1.4305114e-08	7235.317	-0.007790814	-122.68701	0.007815396	0.0	127.18782639503479
368	-301.49246	375.15585	-21.428316	-850.8824	18.612904	-69.21969	39.24806	-58.277668	-211.87637	221400	1.5894572e-09	16088.269	-0.0063930573	-88.21387	0.008101002	0.0	127.50967741012573
369	-316.88278	384.297	-19.906473	-852.8105	18.125	-69.6563	40.070602	-58.13313	-212.04842	222000	9.536743e-09	16621.012	-0.002816685	-71.49414	0.006900892	1.0	127.83961915969849
370	-432.05292	406.73663	-19.183765	-874.2411	14.463414	-74.135086	47.220444	-57.923832	-212.23262	222600	-7.947286e-10	28799.803	-0.01573574	-131.11523	0.009709145	0.0	128.4498302936554
371	-277.09366	364.22745	-18.76224	-848.32153	19.096775	-71.52253	39.29592	-60.74803	-215.69193	223200	0.0	13717.706	-0.009694397	-24.759766	0.006375334	1.0	128.76564383506775
372	-433.767	404.66132	-17.844511	-876.37604	14.512196	-76.44977	47.33943	-60.25458	-215.55927	223800	1.7484028e-08	28450.05	-0.008100586	-133.35352	0.0073106973	1.0	129.08353447914124
373	-432.49915	405.42245	-17.729311	-881.9836	14.634147	-79.56608	47.30279	-63.20221	-219.11246	224400	1.66893e-08	29505.02	-0.007186605	-396.97266	0.008280792	0.0	129.40894865989685
374	-345.47482	393.39572	-20.50545	-852.755	17.235294	-79.91458	44.39614	-65.58982	-222.1561	225000	-2.7020773e-08	20015.137	-0.01365851	-168.75195	0.0095116105	0.0	129.73999214172363
375	-313.9499	386.12964	-20.03987	-852.21985	18.1875	-75.88095	40.96038	-64.28362	-221.37115	225600	-1.7484028e-08	16525.312	-0.010663771	-67.00586	0.009119373	0.0	130.06104969978333
376	-361.76837	397.86935	-17.67243	-878.2808	16.657143	-75.18815	43.60077	-61.84604	-219.39847	226200	2.22524e-08	20622.574	-0.009516156	-27.623047	0.009752861	0.0	130.38636255264282
377	-300.33868	379.1135	-22.79841	-876.5952	18.548388	-72.54814	40.285065	-61.48877	-219.52768	226800	1.8278758e-08	15051.918	-0.004291976	-33.26172	0.009566285	0.0	130.70219230651855
378	-390.73563	403.93298	-19.413054	-880.0134	15.783784	-74.64797	45.65453	-60.108353	-218.53743	227400	-1.3510387e-08	23370.268	-0.008780197	-76.89258	0.009507165	0.0	131.03342628479004
379	-239.42154	343.2439	-22.42449	-851.5435	20.37931	-71.24709	38.219395	-61.394413	-220.3275	228000	0.0	10872.982	-0.0054858415	-22.499023	0.008709714	0.0	131.39140272140503
380	-378.34576	398.00052	-24.27052	-874.0522	16.222221	-73.764595	44.490597	-59.99553	-219.20787	228600	1.9868216e-09	22507.062	-0.007224013	-426.11523	0.008994055	0.0	132.05130052566528
381	-286.7938	367.2944	-24.257795	-849.3765	19.2	-73.09541	40.62546	-61.825214	-221.49413	229200	1.66893e-08	13482.949	-0.009467917	-106.14258	0.008542523	1.0	132.38549780845642
382	-259.76224	365.48184	-19.423395	-873.8031	19.896551	-71.715034	38.98207	-61.50038	-221.49327	229800	-5.5631e-09	12659.632	-0.0042494303	-102.07715	0.006564372	1.0	132.72188448905945
383	-207.56302	335.35287	-19.726728	-852.8028	21.285715	-67.45239	37.500137	-58.071842	-218.44647	230400	1.2715658e-08	10019.153	-0.013857718	-157.38965	0.009540165	0.0	133.07903456687927
384	-316.25055	386.13855	-21.12814	-876.20825	18.125	-65.598076	41.867542	-53.817303	-214.52876	231000	-7.152557e-09	16318.488	-0.008150473	-17.591797	0.009689041	0.0	133.42331075668335
385	-294.03894	372.80786	-20.57844	-849.1441	18.625	-65.21815	41.54282	-53.616554	-214.70717	231600	-4.7683715e-09	14857.44	-0.004764705	-16.487305	0.0063502034	1.0	133.77744483947754
386	-328.75876	388.67993	-20.951384	-852.9155	17.484848	-66.91362	42.820286	-54.415092	-215.82483	232200	3.33786e-08	19282.934	-0.011584966	-307.02148	0.009092555	0.0	134.09493565559387
387	-265.24872	353.98465	-23.921597	-873.3885	19.5	-66.10212	40.70447	-55.016594	-216.85423	232800	-1.5099843e-08	12318.384	-0.0073205726	-112.22754	0.009946921	0.0	134.42402935028076
388	-292.049	374.46524	-19.664406	-851.2342	18.65625	-68.34105	41.78384	-56.63587	-218.6816	233400	1.4305114e-08	14766.887	-0.007242538	-13.103516	0.009946386	0.0	134.75065326690674
389	-418.1463	405.10687	-23.079683	-880.16516	15.102564	-72.02918	47.82381	-56.23018	-218.64597	234000	-3.238519e-08	26122.277	-0.0076602586	-206.97461	0.008418394	0.0	135.08137559890747
390	-251.28133	359.8198	-20.592493	-851.22253	19.833334	-70.838264	40.00558	-60.228756	-223.20638	234600	9.934108e-09	12552.1045	-0.008714855	-115.82324	0.009876379	0.0	135.71640610694885
391	-331.69995	391.56107	-20.62626	-878.88855	17.60606	-70.431274	43.879528	-57.43817	-220.85861	235200	-2.8610229e-08	17702.02	-0.0074762944	-42.320312	0.009601565	0.0	136.0150330066681
392	-238.72331	346.5931	-21.58725	-876.9417	20.51724	-66.94989	39.581264	-56.66186	-220.56075	235800	-5.9604646e-09	11912.62	-0.006332897	-22.740234	0.006465362	1.0	136.33176016807556
393	-256.05463	358.8112	-19.97187	-878.87244	19.966667	-66.34168	39.940792	-55.811222	-219.9874	236400	1.4305114e-08	13435.543	-0.007053844	-521.96094	0.008840536	0.0	136.66270661354065
394	-435.8197	403.46646	-27.650023	-878.11475	14.292683	-72.07553	50.43376	-54.628136	-219.13522	237000	-2.1060307e-08	27967.64	-0.023935374	-251.56055	0.009173522	0.0	136.9901247024536
395	-172.14003	289.5316	-19.710508	-850.58997	22.192308	-67.90649	36.793453	-59.09265	-224.20909	237600	7.549922e-09	7116.7974	-0.0071356115	-38.573242	0.0084126135	0.0	137.3097846508026
396	-487.15308	399.35324	-19.10528	-879.3101	12.891304	-77.74586	53.57962	-57.905544	-223.2286	238200	-4.7683715e-09	34530.035	-0.010889876	-538.0078	0.0066588433	1.0	137.6305000782013
397	-248.07368	338.11166	-21.068811	-848.88794	19.931034	-74.2532	40.143353	-63.787525	-229.76282	238800	1.1920929e-09	10470.641	-0.005959628	-35.71875	0.006637087	0.0	137.95592761039734
398	-306.00348	364.7371	-23.99805	-849.826	18.3125	-76.373405	42.624912	-64.51794	-230.74324	239400	-9.536743e-09	14248.104	-0.011696445	-104.924805	0.009766427	0.0	138.27917528152466
399	-378.9167	399.66983	-16.952883	-877.3678	16.055555	-80.49958	46.826626	-65.86169	-232.33507	240000	-7.152557e-09	21362.146	-0.005963105	-30.386719	0.009199655	0.0	138.5996015071869
400	-296.29446	368.8939	-21.862076	-848.78394	18.6875	-77.99558	43.03066	-66.0387	-233.09798	240600	3.1789145e-09	15338.597	-0.010229543	-29.950195	0.0091254	0.0	139.23229837417603
401	-293.89014	376.45258	-19.361755	-877.97766	18.75	-77.50729	43.165466	-65.47203	-232.95065	241200	-2.7020773e-08	14954.342	-0.009549546	-80.52832	0.009737159	0.0	139.54026818275452
402	-214.55875	333.11127	-22.06593	-878.83606	21.25	-73.57858	39.450005	-63.542286	-231.50623	241800	1.2715658e-08	9779.328	-0.00628441	-97.359375	0.006440183	1.0	139.85310125350952
403	-423.61713	400.8046	-21.225288	-873.95276	14.7	-77.02784	49.635044	-60.56726	-228.89688	242400	-1.4702479e-08	28177.86	-0.00942536	-1036.6699	0.0093876785	0.0	140.18130612373352
404	-258.52383	360.33926	-21.52599	-878.4265	19.833334	-74.91156	42.918823	-62.77379	-231.7275	243000	-3.1789145e-09	12544.754	-0.006375901	-80.18457	0.009271852	0.0	140.50375986099243
405	-231.88779	347.80783	-20.82476	-852.5435	20.655172	-71.66343	40.850567	-61.039707	-230.41054	243600	-1.5894572e-09	11063.618	-0.009663728	-115.81152	0.009520688	0.0	140.82597279548645
406	-377.17468	399.55038	-25.041	-877.8784	16.222221	-73.721825	48.547195	-58.051846	-227.82637	244200	-9.934108e-09	21203.385	-0.007436465	-159.81836	0.009601587	0.0	141.14802074432373
407	-300.14163	378.97717	-19.274664	-876.83014	18.806452	-70.8906	43.674774	-58.695114	-229.0085	244800	1.0331472e-08	15365.27	-0.010699788	-71.46484	0.008676786	0.0	141.469890832901
408	-329.74817	389.521	-18.794964	-849.3238	17.757576	-71.66366	45.942436	-58.060158	-228.82745	245400	-7.947286e-09	18204.457	-0.014873385	-91.90039	0.006795307	1.0	141.79540848731995
409	-297.7659	380.21243	-21.66816	-874.025	18.838709	-69.44817	43.401337	-57.46002	-228.71823	246000	8.742014e-09	14820.575	-0.006048721	-97.00488	0.00813574	0.0	142.1123285293579
410	-359.37524	398.9631	-21.942291	-853.71185	16.857143	-70.47703	47.261955	-56.10961	-227.82169	246600	8.742014e-09	19910.773	-0.010023165	-58.408203	0.006328945	1.0	142.7561638355255
411	-345.19855	394.85522	-18.905762	-851.14386	17.235294	-70.019	46.8052	-55.979935	-228.24754	247200	-2.4239222e-08	18507.34	-0.012814973	-31.070312	0.008974887	0.0	143.0785789489746
412	-469.78952	406.0288	-21.085297	-877.87256	13.651163	-75.34817	54.490887	-55.82785	-228.6238	247800	-1.11262e-08	32256.688	-0.0067528016	-488.86133	0.007865075	0.0	143.40089416503906
413	-374.40173	403.29916	-17.86455	-878.5085	16.527779	-75.31578	49.502274	-59.53073	-233.07474	248400	-1.11262e-08	22387.424	-0.011910755	-150.65234	0.00944727	0.0	143.7283480167389
414	-438.96857	410.5746	-17.240866	-878.6524	14.4	-77.82754	52.92156	-59.860565	-233.99721	249000	-7.152557e-09	28215.393	-0.010070747	-95.88672	0.00797861	0.0	144.04441618919373
415	-385.64178	406.31064	-20.448833	-877.2983	15.972973	-77.14892	50.511826	-60.95367	-235.8128	249600	-6.357829e-09	22659.197	-0.013055326	-117.70703	0.009720886	0.0	144.36923575401306
416	-313.20062	385.8797	-21.302807	-848.8712	18.125	-73.38108	45.64154	-60.489025	-235.96123	250200	-9.536743e-09	15902.724	-0.021229163	-61.65039	0.006370267	1.0	144.6897795200348
417	-310.85886	385.85327	-18.773737	-876.4021	18.25	-71.717354	46.15313	-58.580032	-234.50569	250800	-3.1789145e-09	17461.824	-0.012443182	-100.18164	0.009736707	0.0	145.01124143600464
418	-385.91144	403.85263	-21.48166	-878.37524	15.918919	-73.8901	51.798542	-56.888706	-233.2521	251400	7.947286e-09	23432.277	-0.005625584	-157.25195	0.007914581	0.0	145.3309829235077
419	-359.64505	399.36795	-18.258106	-877.96246	16.542856	-72.30099	48.875847	-57.553	-234.42154	252000	1.66893e-08	19805.861	-0.0116426535	-21.042969	0.008486276	0.0	145.65476536750793
420	-207.96631	333.22638	-17.426495	-847.7617	21.357143	-67.94573	41.59795	-57.47216	-234.83237	252600	-1.7484028e-08	9664.61	-0.015759194	-128.21973	0.0079281805	0.0	146.30545234680176
421	-328.97406	391.28995	-21.250336	-873.2109	17.818182	-67.52572	47.023968	-53.822987	-231.50006	253200	1.1523564e-08	17979.438	-0.008129854	-283.88672	0.0088688955	0.0	146.61203265190125
422	-236.55542	354.2073	-17.373976	-878.35297	20.535715	-64.68021	43.2752	-53.173542	-231.26128	253800	1.3113022e-08	10997.443	-0.013572481	-135.89258	0.009072692	0.0	146.9297890663147
423	-329.94092	392.7944	-21.726366	-879.36176	17.69697	-64.12314	47.03529	-50.588455	-228.99007	254400	6.357829e-09	18314.559	-0.01013825	-198.61133	0.009078882	0.0	147.2562963962555
424	-428.93158	409.20773	-21.0706	-875.9063	14.743589	-68.964935	53.781868	-50.84517	-229.62698	255000	1.0331472e-08	26765.627	-0.010337783	-141.91602	0.008598388	0.0	147.58056044578552
425	-387.9636	403.92267	-19.690865	-876.60504	16.054054	-70.12117	51.696007	-53.672047	-233.05457	255600	0.0	22231.912	-0.012973881	-72.21289	0.009309506	0.0	147.9017984867096
426	-357.25702	398.98712	-18.90529	-851.01654	16.857143	-71.18555	50.3889	-55.558525	-235.46156	256200	-1.1523564e-08	20581.146	-0.010204286	-118.47656	0.009868852	0.0	148.23040390014648
427	-237.44705	351.50623	-18.039255	-851.66064	20.714285	-66.43761	42.82711	-55.588036	-235.98575	256800	7.947286e-10	10678.497	-0.011558252	-62.374023	0.008500981	0.0	148.55181550979614
428	-349.50604	394.44394	-18.22666	-876.42566	17.441177	-67.529724	49.04185	-52.931934	-233.65263	257400	-5.5631e-09	18274.857	-0.008905824	-40.84375	0.009453161	0.0	148.87102365493774
429	-319.31525	384.9509	-21.269377	-877.8915	18.375	-67.39597	47.190975	-54.021214	-235.12654	258000	-1.5894573e-08	15564.646	-0.020361163	-16.94629	0.009256458	0.0	149.2000072002411
430	-469.07227	405.99493	-19.24916	-877.5781	13.55814	-74.12261	55.670155	-54.73876	-236.19798	258600	-2.3841858e-08	32742.293	-0.011782285	-1298.832	0.009887281	0.0	149.87210536003113
431	-257.70178	364.68378	-20.522978	-850.63574	19.931034	-70.59318	44.352406	-58.98149	-241.09839	259200	7.152557e-09	12167.45	-0.008748882	-82.53516	0.009083233	0.0	150.21742367744446
432	-420.59296	405.94217	-16.517866	-880.7213	15.184211	-73.71538	53.511543	-56.377872	-238.91325	259800	2.6623407e-08	25228.555	-0.0048092823	-76.40625	0.0073245945	0.0	150.5327935218811
433	-371.467	403.0116	-19.227001	-881.6527	16.666666	-74.57672	51.692017	-58.219383	-241.29625	260400	9.536743e-09	21916.37	-0.0065503037	-144.45703	0.0075083543	0.0	150.88088417053223
434	-276.8594	372.70813	-16.357815	-849.71014	19.566668	-70.2144	45.385853	-58.050545	-241.68341	261000	-5.5631e-09	13409.999	-0.015725067	-183.06445	0.009066209	0.0	151.2178692817688
435	-387.65768	403.6726	-19.977615	-875.1786	16.216217	-71.870804	52.271103	-55.47425	-239.51086	261600	6.556511e-09	21838.12	-0.015509801	-45.94336	0.009628873	0.0	151.57213926315308
436	-409.57196	406.5934	-18.199585	-875.92847	15.358974	-73.565704	53.326027	-56.34046	-240.88693	262200	-2.9404958e-08	25135.656	-0.019150687	-838.04297	0.009692394	0.0	151.9283185005188
437	-460.60892	407.26523	-20.023315	-877.0077	13.904762	-77.79	57.52374	-57.738693	-242.86594	262800	5.9604646e-09	30077.906	-0.010568505	-152.02344	0.008597106	0.0	152.27713632583618
438	-315.6646	387.2083	-19.8488	-879.7094	18.4375	-75.04936	48.82245	-60.934856	-246.71466	263400	-2.1457673e-08	15814.028	-0.009973513	-113.28516	0.009131193	0.0	152.63171195983887
439	-316.9773	392.8587	-20.302895	-880.6414	18.5	-73.4516	48.975346	-59.388542	-245.61603	264000	1.3510387e-08	16349.078	-0.01432261	-130.93848	0.009627392	0.0	152.98273086547852
440	-348.52612	396.17258	-19.712088	-878.5676	17.470589	-71.79138	49.86334	-57.201855	-243.86195	264600	1.1920929e-08	19577.836	-0.015611348	-442.82617	0.008964982	0.0	153.66572284698486
441	-360.79837	397.70093	-19.726141	-851.12744	17.028572	-72.94006	51.8147	-57.171326	-244.24268	265200	-2.1457673e-08	19144.727	-0.006680333	-36.539062	0.008858779	0.0	153.9766583442688
442	-298.75308	381.03436	-19.685854	-876.90063	19.096775	-70.46173	47.56482	-57.30145	-244.82756	265800	-9.536743e-09	15347.577	-0.013511472	-327.1006	0.0094699105	0.0	154.30961108207703
443	-406.83517	407.05664	-19.345203	-874.5487	15.513514	-73.424805	54.360508	-55.879234	-243.78989	266400	1.11262e-08	22917.64	-0.0156057505	-46.11133	0.009463195	0.0	154.62459635734558
444	-377.80338	401.9998	-19.889917	-879.6694	16.63889	-73.24251	53.13264	-56.708515	-245.15918	267000	-1.1920929e-08	20709.84	-0.010839572	-72.39844	0.009733112	0.0	154.94839477539062
445	-318.8633	384.66397	-19.325174	-875.7885	18.59375	-72.04931	49.72293	-57.890232	-246.81296	267600	-3.5762786e-09	15573.434	-0.0108646415	-12.082031	0.008706444	0.0	155.27248120307922
446	-435.97086	403.4618	-27.746904	-876.4817	15.0	-76.9159	57.162273	-57.571136	-246.85754	268200	7.152557e-09	25541.957	-0.0058595464	-163.33789	0.009673317	1.0	155.59692764282227
447	-282.1034	371.90442	-22.116493	-877.3425	19.666666	-74.93223	48.75179	-61.35871	-251.16321	268800	1.3311704e-08	13227.328	-0.013520467	-114.40723	0.00977836	0.0	155.92271947860718
448	-333.72308	391.20834	-20.098213	-879.21875	18.060606	-73.87109	50.584816	-59.268642	-249.44711	269400	-3.2583873e-08	16710.223	-0.011384436	-18.558594	0.009973199	0.0	156.2435941696167
449	-371.09195	399.3607	-18.730177	-880.7202	16.882353	-73.89967	52.177345	-58.261932	-248.85493	270000	2.22524e-08	19844.584	-0.013889025	-23.021484	0.009393022	0.0	156.56493139266968
450	-426.23273	404.467	-19.749409	-878.8308	15.157895	-76.8289	55.81996	-58.75164	-249.79941	270600	1.9073486e-08	23822.338	-0.011248526	-198.00195	0.009610168	0.0	157.2327437400818
451	-312.8661	388.13153	-19.613907	-877.4429	18.5625	-75.89416	49.911236	-61.838287	-253.40527	271200	-8.34465e-09	15721.278	-0.02458563	-82.868164	0.0081281215	0.0	157.56125020980835
452	-332.00272	393.66776	-19.717903	-876.1206	18.09091	-74.82508	52.33182	-59.11473	-251.1726	271800	6.357829e-09	17020.418	-0.007979218	-222.24219	0.0067386674	1.0	157.8626766204834
453	-334.09332	386.6604	-22.96781	-850.4329	18.0	-71.74118	50.5572	-57.223457	-249.73676	272400	-2.0662943e-08	17424.842	-0.013571051	-318.16406	0.0096290875	0.0	158.1844139099121
454	-298.34738	380.65988	-18.42871	-875.98535	18.935484	-71.67211	49.710983	-57.72078	-250.59659	273000	-2.4239222e-08	14334.255	-0.010451438	-106.47168	0.008878451	0.0	158.50386476516724
455	-276.42493	373.7704	-22.527332	-849.8586	19.566668	-68.9905	48.42164	-55.89293	-249.15446	273600	4.967054e-09	13090.232	-0.004044323	-76.83789	0.008969636	0.0	158.81062817573547
456	-315.53857	391.0991	-19.54588	-880.0573	18.3125	-67.35602	50.646114	-52.954132	-246.60193	274200	-7.947286e-09	15819.105	-0.007870528	-52.97168	0.008556215	0.0	159.11835169792175
457	-329.52246	392.3524	-19.272219	-877.8316	17.90909	-66.43055	51.09528	-51.68544	-245.74034	274800	-1.8676122e-08	16807.166	-0.0061298897	-181.13086	0.008697802	0.0	159.43856239318848
458	-258.4389	366.4557	-19.101786	-877.1611	19.965517	-63.66634	47.361927	-51.23315	-245.70972	275400	1.5894572e-09	11850.619	-0.012402377	-43.461914	0.00640413	1.0	159.75913333892822
459	-211.73232	339.06393	-21.672398	-849.11615	21.25926	-59.98453	44.6246	-49.063145	-243.87389	276000	1.4305114e-08	9432.403	-0.010746181	-213.13184	0.009792227	0.0	160.07409858703613
460	-372.8817	399.06372	-23.05959	-851.49835	16.61111	-62.85845	54.879143	-45.953182	-241.03253	276600	1.3510387e-08	20959.207	-0.018516954	-91.82617	0.009094973	0.0	160.75037360191345
461	-260.62753	362.09103	-17.062542	-879.6084	20.172413	-61.667057	48.388214	-48.717365	-244.20686	277200	-5.5631e-09	12135.188	-0.009172301	-18.745117	0.006652592	1.0	161.0782675743103
462	-341.92432	397.27313	-16.958044	-849.31085	17.470589	-64.49474	53.177567	-48.643375	-244.42778	277800	-5.5631e-09	17822.707	-0.007930624	-31.894531	0.009586737	0.0	161.4074125289917
463	-454.40826	406.12106	-19.316599	-878.71027	14.243902	-69.460785	60.492897	-48.531776	-244.7927	278400	-1.9868216e-08	27463.326	-0.013400112	-290.48047	0.0068351403	1.0	161.72802233695984
464	-294.9085	382.27863	-17.939556	-877.04297	18.774193	-67.68033	50.57643	-53.586952	-250.45926	279000	2.6226044e-08	14281.44	-0.01575385	-66.87207	0.008937514	0.0	162.04208612442017
465	-386.6856	404.3604	-18.701128	-877.20215	16.18919	-70.18182	56.45219	-52.26039	-249.58969	279600	7.947286e-09	21330.736	-0.022570645	-42.5	0.009892252	0.0	162.36479306221008
466	-451.91064	407.17664	-22.740725	-877.8667	14.073171	-73.94051	60.26459	-53.31287	-251.18944	280200	1.2715658e-08	27242.312	-0.00804514	-335.95898	0.008751199	0.0	162.69070267677307
467	-315.26495	387.25092	-21.375692	-876.1327	18.3125	-71.3772	51.893066	-56.634666	-255.1741	280800	1.1920929e-08	15348.96	-0.0050195255	-47.30371	0.0065531833	1.0	163.01192116737366
468	-360.91516	399.86526	-19.635143	-873.58167	17.0	-72.35107	54.98405	-55.694492	-254.69153	281400	0.0	18861.07	-0.022245316	-20.871094	0.0099482825	0.0	163.32956433296204
469	-385.3173	401.25824	-20.192778	-849.0846	16.027027	-73.61488	56.88705	-55.46045	-254.95494	282000	4.7683715e-09	22111.96	-0.0077226465	-448.75586	0.0068467003	1.0	163.660147190094
470	-295.18576	379.4885	-17.311113	-851.51556	18.774193	-71.08505	51.68935	-56.356827	-256.3742	282600	1.5894573e-08	14596.16	-0.007237045	-151.13867	0.008201109	0.0	164.33349084854126
471	-410.2528	406.6257	-20.297098	-880.13947	15.230769	-74.304504	59.67541	-54.5523	-255.00493	283200	9.934108e-09	23557.29	-0.015061271	-54.873047	0.009713778	0.0	164.65210390090942
472	-364.45663	393.763	-24.432076	-851.0427	16.657143	-74.286835	57.834282	-55.906208	-256.93185	283800	-2.3841857e-09	18621.316	-0.010708887	-320.54102	0.009205648	0.0	164.96967267990112
473	-374.07993	401.616	-18.119823	-874.004	16.222221	-74.88279	56.571617	-57.32314	-258.76685	284400	1.0331472e-08	20019.354	-0.008844561	-57.48633	0.009777759	0.0	165.2876741886139
474	-237.7241	344.4229	-22.407001	-877.9743	20.413794	-69.66155	47.8134	-57.455788	-259.4192	285000	1.11262e-08	12562.108	-0.009623932	-722.08594	0.009801518	0.0	165.5950849056244
475	-403.80466	404.18594	-19.06722	-876.87024	15.394737	-76.012726	59.568237	-56.22097	-258.427	285600	9.536743e-09	22340.398	-0.011188315	-118.34766	0.009319	0.0	165.91114592552185
476	-233.59047	346.352	-22.056036	-848.6446	20.689655	-71.23423	48.698055	-58.235966	-260.93762	286200	-7.947286e-10	10527.347	-0.009734069	-144.06543	0.00965265	0.0	166.2247850894928
477	-360.3982	398.95374	-20.07368	-877.044	16.657143	-72.504715	56.138603	-55.265755	-258.30017	286800	-3.1789145e-09	18642.307	-0.011791346	-50.783203	0.008906936	0.0	166.552738904953
478	-345.11304	398.9116	-18.936419	-876.6937	17.17647	-71.67781	55.392303	-54.9796	-258.4927	287400	3.0199686e-08	17791.791	-0.010623026	-76.66406	0.00871221	0.0	166.86454916000366
479	-259.5307	364.86548	-21.952494	-874.161	19.827587	-66.94414	49.772648	-53.87753	-257.90024	288000	-4.7683715e-09	11654.786	-0.012279318	-64.131836	0.009233105	0.0	167.18705296516418
480	-214.31937	333.6296	-19.46296	-873.10925	21.357143	-63.57597	48.146847	-51.384956	-255.75386	288600	-2.8610229e-08	9486.173	-0.0060632257	-32.760742	0.0084733665	0.0	167.86902952194214
481	-336.47998	384.5373	-19.539173	-852.54126	17.515152	-65.108376	53.948483	-49.458363	-254.02766	289200	3.3775966e-09	17073.807	-0.008465643	-225.61523	0.006543578	1.0	168.18725109100342
482	-313.56583	385.36115	-19.8203	-849.4228	18.03125	-67.27181	53.364475	-52.258965	-257.0874	289800	-1.5894572e-09	14867.25	-0.011382919	-18.17871	0.009893954	0.0	168.49423480033875
483	-359.45618	396.54272	-19.539555	-850.88727	16.714285	-69.01181	56.707264	-51.860962	-257.09692	290400	3.973643e-10	19269.857	-0.007058054	-31.261719	0.009594698	0.0	168.80742502212524
484	-291.3759	375.44934	-18.480747	-850.5113	18.75	-67.422066	52.477196	-53.00918	-258.71872	291000	5.5631e-09	13958.252	-0.0065830713	-11.65332	0.009092288	0.0	169.12395310401917
485	-277.14746	370.62778	-18.638182	-849.56805	19.133333	-66.13908	51.403164	-52.400932	-258.49606	291600	1.5894573e-08	13462.18	-0.00831251	-20.22168	0.009432275	0.0	169.44276690483093
486	-296.0343	382.67386	-20.61283	-875.5128	18.548388	-65.45183	52.662445	-50.900833	-257.3488	292200	-6.9538753e-09	13993.948	-0.008829762	-27.009766	0.009583117	0.0	169.7630100250244
487	-310.4668	387.3237	-20.61054	-850.20593	18.34375	-64.47866	53.915123	-49.265995	-256.1267	292800	2.22524e-08	15970.363	-0.0052100522	-16.651367	0.008742855	0.0	170.08340859413147
488	-311.44086	386.6612	-19.373491	-849.44977	18.125	-63.76953	54.18696	-48.27082	-255.57114	293400	-1.4702479e-08	14999.002	-0.0060619437	-17.351562	0.0065189768	1.0	170.40829753875732
489	-360.8074	399.30487	-19.677382	-879.25037	16.657143	-64.92542	57.36602	-47.56597	-255.29745	294000	2.4239222e-08	18582.48	-0.0102419	-51.929688	0.00978148	0.0	170.73480439186096
490	-345.75363	395.27554	-23.635979	-873.6959	17.294117	-66.39261	56.61087	-49.535843	-257.75043	294600	-1.5099843e-08	17255.615	-0.014811762	-26.414062	0.009183986	0.0	171.4268479347229
491	-295.43692	382.83835	-17.580675	-875.8815	18.612904	-65.3283	53.26397	-50.599895	-259.2954	295200	9.934108e-09	14006.547	-0.011895993	-33.996094	0.008195679	0.0	171.7441155910492
492	-384.51358	405.19553	-19.988262	-877.5117	16.0	-67.34703	59.139103	-48.883266	-258.01672	295800	-1.5099843e-08	22297.863	-0.007412716	-805.68945	0.007597731	0.0	172.05251693725586
493	-278.4404	374.68225	-21.119978	-876.1379	19.333334	-65.51301	53.677837	-50.629646	-260.3497	296400	2.5431316e-08	12901.3955	-0.00613551	-60.2041	0.007839936	0.0	172.3690938949585
494	-345.01736	396.8824	-18.687132	-880.4652	17.441177	-66.07956	57.81874	-48.654552	-258.76727	297000	7.947286e-09	17470.406	-0.008882794	-124.453125	0.007143999	0.0	172.68941402435303
495	-236.77188	353.2402	-18.880894	-875.43585	20.535715	-61.694153	49.990417	-49.05452	-259.63785	297600	4.2915346e-08	11277.583	-0.018853074	-35.870117	0.009741719	0.0	173.0056140422821
496	-258.6247	365.7879	-17.106476	-874.8898	19.896551	-60.992584	52.56914	-46.762997	-257.64908	298200	2.4636586e-08	11641.469	-0.020858789	-172.3418	0.00936112	0.0	173.33115649223328
497	-256.99435	364.86685	-18.625774	-849.98615	19.896551	-58.34729	51.428474	-44.96462	-256.15488	298800	-1.1523564e-08	11422.168	-0.007405886	-15.827148	0.009216121	0.0	173.65742444992065
498	-296.20316	382.6243	-19.182747	-883.42236	18.580645	-58.200314	53.87464	-43.420113	-254.9199	299400	5.5631e-09	13861.485	-0.009616403	-34.007812	0.008928194	0.0	173.98890566825867
499	-369.54495	400.8638	-19.867016	-849.91614	16.333334	-62.06848	59.587143	-43.68337	-255.54088	300000	9.536743e-09	20384.357	-0.014405528	-80.509766	0.008937681	0.0	174.70203399658203
