Epoch	AverageEpRet	StdEpRet	MaxEpRet	MinEpRet	EpLen	AverageVVals	StdVVals	MaxVVals	MinVVals	TotalEnvInteracts	LossPi	LossV	DeltaLossPi	DeltaLossV	KL	BacktrackIters	Time
0	-793.98157	81.603905	-505.05252	-878.8234	12.543478	-0.5008004	0.5000433	0.7521214	-1.660269	600	-6.1591464e-08	526773.75	-0.038343582	-7342.2812	0.006956884	1.0	0.755230188369751
1	-793.29565	83.79732	-524.48444	-875.78424	14.341463	-5.7358356	0.5024761	-4.5073657	-6.335104	1200	7.78834e-08	522735.47	-0.04236528	-4960.2188	0.009194592	0.0	1.1423695087432861
2	-789.0457	133.30475	-262.8311	-881.54974	15.025641	-9.218375	0.06855721	-8.409148	-9.224914	1800	7.311503e-08	507614.94	-0.03767827	-3753.3438	0.0076382495	1.0	1.533778429031372
3	-692.47174	152.12164	-295.09357	-876.08234	23.75	-11.957752	3.8933592e-08	-11.957751	-11.957752	2400	1.2477238e-07	375997.94	-0.033969633	-2783.125	0.0067156428	1.0	1.9261689186096191
4	-715.9398	141.50212	-327.02307	-880.6268	21.37037	-14.342674	9.536743e-07	-14.342673	-14.342673	3000	3.2583873e-08	390090.03	-0.037572518	-2949.9688	0.0087510375	0.0	2.3042478561401367
5	-665.15186	146.68306	-409.0911	-871.8624	25.0	-16.800219	1.9073486e-06	-16.80022	-16.80022	3600	8.662542e-08	344315.16	-0.0269829	-2791.6875	0.0068101143	0.0	2.6910650730133057
6	-622.4838	219.64743	-140.34865	-868.2324	22.346153	-19.220993	1.9451215e-06	-19.220984	-19.220991	4200	-1.5099843e-08	266953.66	-0.037805602	-2017.5938	0.0066402024	0.0	3.1445066928863525
7	-588.34015	192.01811	-222.27037	-862.97876	25.52174	-21.327581	1.9073486e-06	-21.327583	-21.327583	4800	5.00679e-08	249584.27	-0.029695135	-2020.4219	0.0074944864	0.0	3.782945156097412
8	-534.0313	230.55353	-89.17327	-871.3849	25.818182	-23.449413	1.9057585e-06	-23.449413	-23.449415	5400	3.576279e-08	207801.89	-0.029272407	-1605.4844	0.008211198	0.0	4.422284841537476
9	-463.49335	233.52722	-120.77314	-864.5986	25.954546	-25.38972	2.1508827e-06	-25.389702	-25.389719	6000	3.6160152e-08	154518.73	-0.031437907	-1202.1406	0.007402634	0.0	5.060432195663452
10	-336.43887	211.50624	-115.99376	-845.3861	28.285715	-27.106934	5.2234896e-07	-27.106922	-27.106934	6600	1.07288365e-08	129536.83	-0.021039808	-934.33594	0.007617531	0.0	5.914693355560303
11	-319.0891	219.17702	-46.934387	-876.39557	26.772728	-28.651817	0.05296357	-27.355558	-28.653978	7200	-4.6094257e-08	83496.8	-0.023500612	-649.8594	0.004765059	0.0	6.548511028289795
12	-256.69318	133.5339	-67.5747	-487.1795	29.15	-29.981289	3.4358754e-06	-29.981215	-29.981289	7800	-5.821387e-08	73147.51	-0.018150186	-600.66406	0.0069137206	0.0	7.185516357421875
13	-203.33148	163.38553	-55.648293	-853.2844	26.363636	-31.27675	1.9073486e-06	-31.276749	-31.276752	8400	3.4968057e-08	28888.287	-0.033632614	-254.14062	0.0075686127	0.0	7.857751846313477
14	-220.81456	222.71294	-40.729744	-851.77637	25.26087	-32.167778	3.8146973e-06	-32.167774	-32.167774	9000	-4.1325887e-08	34439.32	-0.03241215	-226.69922	0.008074393	0.0	8.501908779144287
15	-132.57863	161.55923	-23.65154	-844.2514	25.26087	-33.006447	4.6724203e-05	-33.005306	-33.00645	9600	-9.139379e-09	9229.418	-0.03525662	-68.16797	0.009691621	0.0	8.908568143844604
16	-170.4574	222.18546	-35.067123	-861.77905	24.458334	-33.50165	0.00038434344	-33.492245	-33.501667	10200	-1.5894573e-08	16162.323	-0.015146278	-88.328125	0.0037097041	0.0	9.29580545425415
17	-132.01797	164.30855	-25.216127	-867.9888	25.086956	-34.04764	0.0024476612	-33.98774	-34.047745	10800	2.4636586e-08	7785.196	-0.030077184	-61.936035	0.00670379	0.0	9.667919635772705
18	-68.501076	29.931047	-25.534101	-150.64716	25.304348	-34.527378	4.4920657e-06	-34.52732	-34.52738	11400	-1.0530154e-08	2033.5375	-0.020483715	-18.502441	0.007048607	0.0	10.064826250076294
19	-60.9754	29.858292	-20.107996	-144.34804	25.347826	-34.805786	0.008432675	-34.599403	-34.806133	12000	-1.9073486e-08	1531.2214	-0.015699366	-10.560425	0.007848708	0.0	10.445579290390015
20	-55.63921	23.492702	-24.98629	-108.41415	25.26087	-35.015	0.0	-35.015	-35.015	12600	1.8080076e-08	941.22687	-0.023743117	-6.787903	0.0070043127	0.0	10.958507537841797
21	-57.76704	36.65726	-20.382154	-171.50232	25.47826	-35.186535	3.8146973e-06	-35.18654	-35.18654	13200	-2.4636586e-08	1880.1992	-0.016555628	-8.817505	0.006954488	0.0	11.353811025619507
22	-59.665543	21.92216	-24.490372	-111.21748	25.173914	-35.38265	1.5573437e-07	-35.382645	-35.38265	13800	-5.00679e-08	1028.5521	-0.0159005	-10.010132	0.007917586	1.0	11.753357648849487
23	-72.2186	43.500484	-24.973917	-198.1774	25.782608	-35.59769	3.8146973e-06	-35.597694	-35.597694	14400	1.2318293e-08	3394.536	-0.023979997	-25.935547	0.008589513	0.0	12.157788038253784
24	-65.54873	26.767162	-23.787563	-119.299995	24.958334	-35.94533	1.5573437e-07	-35.945328	-35.94533	15000	1.0480483e-08	1578.4152	-0.011435003	-17.827026	0.0067483257	1.0	12.534683465957642
25	-56.76009	26.500265	-21.424221	-124.666466	25.26087	-36.25114	0.0	-36.25114	-36.25114	15600	1.8676122e-08	1103.8948	-0.024111923	-8.802856	0.00859813	0.0	12.935282945632935
26	-60.12843	25.627228	-24.35369	-100.08385	25.347826	-36.473236	1.5573437e-07	-36.473232	-36.473236	16200	-2.026558e-08	1178.5868	-0.025119282	-11.406738	0.009263199	0.0	13.342189073562622
27	-75.50227	49.59893	-39.245583	-261.70145	25.52174	-36.72362	3.8146973e-06	-36.723618	-36.723618	16800	-7.8678134e-08	4325.3813	-0.018768786	-35.191406	0.008512015	1.0	13.793557405471802
28	-64.19794	29.584242	-21.873627	-124.95567	25.173914	-37.165737	3.811517e-06	-37.165733	-37.16574	17400	1.7086665e-08	1573.8497	-0.01269411	-17.495728	0.008376732	0.0	14.18270230293274
29	-99.013824	161.93451	-26.688766	-859.91956	24.583334	-37.501446	0.0	-37.501446	-37.501446	18000	-6.357829e-09	3064.194	-0.032103837	-22.161621	0.0069231447	0.0	14.56967043876648
30	-73.6919	30.993183	-35.67071	-153.97307	25.391304	-37.874363	3.1146874e-07	-37.874355	-37.874363	18600	4.45048e-08	2233.4304	-0.024116533	-31.860107	0.006650893	0.0	15.072456121444702
31	-58.23927	28.787096	-30.6025	-177.31721	25.26087	-38.3305	1.5573437e-07	-38.330498	-38.3305	19200	-6.6955884e-08	1276.7224	-0.024841756	-11.745972	0.0070534325	0.0	15.46941590309143
32	-98.36845	165.61423	-26.490877	-875.53326	24.541666	-38.627525	3.8146973e-06	-38.62752	-38.62752	19800	-3.1789145e-09	3003.3672	-0.030096635	-19.45166	0.008413696	0.0	15.850389003753662
33	-73.13495	32.002438	-23.65071	-145.35275	25.043478	-38.997437	0.0	-38.997437	-38.997437	20400	1.4503797e-08	2060.6992	-0.032486223	-30.427124	0.009890373	0.0	16.233792781829834
34	-62.83674	26.065105	-22.458433	-115.9966	25.26087	-39.4717	0.0	-39.4717	-39.4717	21000	0.0	1181.5288	-0.02375483	-16.446777	0.00909298	0.0	16.61462664604187
35	-63.894787	29.629387	-19.926237	-141.46532	25.217392	-39.83977	3.8995836e-06	-39.839676	-39.83977	21600	5.066395e-08	1441.8043	-0.014189307	-17.44104	0.0075246207	0.0	16.996910095214844
36	-64.10722	30.405912	-26.599598	-136.58739	25.695652	-40.217213	1.0676611e-06	-40.21719	-40.217213	22200	3.8146972e-08	1542.1179	-0.019224502	-19.690796	0.0068839723	0.0	17.364526987075806
37	-57.14172	24.648123	-19.25268	-129.96376	25.347826	-40.626522	3.890243e-06	-40.626503	-40.62652	22800	6.7551933e-09	876.12085	-0.0136144655	-9.760986	0.009088842	0.0	17.74602508544922
38	-67.936295	24.629816	-38.566807	-138.5747	25.217392	-40.9292	3.1146874e-07	-40.92919	-40.9292	23400	5.2253405e-08	1303.3918	-0.023577943	-24.136475	0.0088509405	0.0	18.131718397140503
39	-62.165226	25.973608	-25.969168	-118.05982	25.043478	-41.392513	3.4823265e-07	-41.392506	-41.392513	24000	-5.7220458e-08	1072.284	-0.022804841	-15.50293	0.007926134	0.0	18.522330284118652
40	-62.67935	31.90626	-26.781105	-166.02524	25.130434	-41.78641	1.5573437e-07	-41.786407	-41.78641	24600	4.4107438e-08	1478.684	-0.021648388	-16.916504	0.0072576143	0.0	19.032068967819214
41	-60.871826	22.500874	-36.170834	-104.65702	24.791666	-42.198143	3.8146973e-06	-42.198147	-42.198147	25200	0.0	851.90936	-0.019709917	-14.321838	0.009858766	0.0	19.39091467857361
42	-53.475704	21.610756	-21.494934	-92.3507	24.958334	-42.588192	0.0	-42.588192	-42.588192	25800	1.4702479e-08	580.66144	-0.02535484	-5.2683105	0.007606231	0.0	19.810516595840454
43	-68.32691	27.534445	-26.749641	-128.23428	25.782608	-42.83754	0.0	-42.83754	-42.83754	26400	4.1921933e-08	1434.0599	-0.023757882	-27.477905	0.0077137486	0.0	20.163975715637207
44	-66.360115	26.852192	-22.939669	-132.18617	25.304348	-43.378414	3.8146973e-06	-43.37841	-43.37841	27000	-3.33786e-08	1227.0103	-0.01652498	-23.383057	0.007763532	0.0	20.59607195854187
45	-57.45354	20.985153	-28.376204	-127.43281	25.130434	-43.908684	3.824222e-06	-43.908676	-43.90868	27600	1.2516975e-08	612.37213	-0.018684195	-8.911255	0.0070559066	0.0	20.954387664794922
46	-66.90869	35.893932	-30.40147	-187.60564	25.26087	-44.252316	3.8400444e-06	-44.252304	-44.25231	28200	1.7881394e-08	1837.6488	-0.029011281	-24.223389	0.008017511	0.0	21.303255081176758
47	-58.113583	29.359041	-24.154743	-125.62926	25.130434	-44.796574	3.8146973e-06	-44.796577	-44.796577	28800	-4.808108e-08	1017.3748	-0.021190757	-9.2769165	0.008065764	0.0	21.671815395355225
48	-65.37592	18.92081	-28.829147	-105.79151	24.958334	-45.162403	3.8146973e-06	-45.1624	-45.1624	29400	1.39077505e-08	772.7872	-0.021844512	-21.291443	0.006357138	0.0	22.036712408065796
49	-52.68202	20.109415	-26.957315	-110.626976	25.304348	-45.69489	7.6293945e-06	-45.694897	-45.694897	30000	-2.880891e-08	451.08603	-0.014965944	-3.300354	0.009967503	2.0	22.393343448638916
50	-51.01222	26.969822	-22.43318	-122.428314	24.875	-45.93466	3.8146973e-06	-45.934658	-45.934658	30600	6.11941e-08	740.44867	-0.019369263	-1.3358765	0.0061452514	0.0	22.890682220458984
51	-55.109432	22.966833	-26.387394	-124.468155	25.130434	-46.080143	3.8146973e-06	-46.080147	-46.080147	31200	-1.1324882e-08	626.1646	-0.0261893	-4.991211	0.0064773187	0.0	23.239413499832153
52	-51.46459	17.212038	-25.94712	-93.77534	25.347826	-46.351986	7.6293945e-06	-46.35198	-46.35198	31800	4.8478444e-08	314.86948	-0.0075278673	-1.7246399	0.007561509	2.0	23.608715534210205
53	-60.10765	29.174255	-20.595203	-128.23735	25.304348	-46.527336	3.824222e-06	-46.52733	-46.527332	32400	2.3643176e-08	1006.24396	-0.02880048	-10.677734	0.008850919	0.0	23.975064992904663
54	-52.391098	19.065464	-20.440857	-95.82167	25.391304	-46.93832	0.0	-46.93832	-46.93832	33000	1.6093255e-08	382.6787	-0.02174056	-2.2243347	0.007870095	0.0	24.34266495704651
55	-46.475513	18.078915	-21.842918	-91.60756	24.958334	-47.151882	3.8146973e-06	-47.15188	-47.15188	33600	-6.357829e-09	330.1054	-0.0146729695	0.0025634766	0.005367103	0.0	24.719884634017944
56	-53.25716	24.051294	-20.65028	-118.80985	25.0	-47.15435	3.843201e-06	-47.154343	-47.154346	34200	-6.1591464e-08	609.6455	-0.033714395	-2.1875	0.008812545	0.0	25.123542547225952
57	-47.725407	21.306097	-20.30412	-99.6193	25.47826	-47.346424	3.8146973e-06	-47.34642	-47.34642	34800	-1.9272168e-08	447.2603	-0.016120676	-0.04385376	0.0069639683	0.0	25.66318678855896
58	-55.204494	16.541975	-24.330128	-81.57558	25.391304	-47.389225	7.6293945e-06	-47.389233	-47.389233	35400	-6.357829e-08	329.09637	-0.01416173	-4.167938	0.00817067	1.0	26.14275312423706
59	-47.25189	18.31034	-22.373976	-84.716225	25.217392	-47.6681	3.8146973e-06	-47.668102	-47.668102	36000	5.3644182e-09	322.7742	-0.016699918	0.015533447	0.006475218	1.0	26.52318572998047
60	-48.087353	15.075452	-25.771343	-78.876076	25.304348	-47.684204	0.0	-47.684204	-47.684204	36600	1.4305114e-08	222.11954	-0.017992498	-0.010467529	0.008176433	0.0	27.06883215904236
61	-40.560448	11.043796	-22.628933	-62.501812	25.304348	-47.697624	3.8146973e-06	-47.69762	-47.69762	37200	1.5099843e-08	168.18578	-0.017934103	-3.8947144	0.007380917	0.0	27.42660617828369
62	-48.959633	15.815489	-23.64032	-76.378	25.173914	-47.41339	0.0	-47.41339	-47.41339	37800	-6.829699e-09	242.35297	-0.018383782	-0.08099365	0.008677771	0.0	27.783019542694092
63	-47.872284	11.830449	-26.873064	-71.30914	25.217392	-47.441128	3.8146973e-06	-47.441124	-47.441124	38400	-3.6557516e-08	137.34567	-0.017126799	-0.023803711	0.009038156	0.0	28.13469123840332
64	-49.404053	14.704779	-25.14107	-93.89515	25.043478	-47.468704	0.0	-47.468704	-47.468704	39000	2.3047129e-08	213.60512	-0.0074466695	-0.35621643	0.007475871	1.0	28.488792896270752
65	-54.40833	20.94522	-22.356833	-101.979454	25.217392	-47.56153	3.8146973e-06	-47.561535	-47.561535	39600	-1.1920929e-08	477.0291	-0.024348184	-4.5184937	0.009504727	0.0	28.84293007850647
66	-51.672	20.108349	-23.112982	-84.18408	25.217392	-47.900173	7.6293945e-06	-47.900166	-47.900166	40200	4.7683715e-09	405.9414	-0.01416573	-1.5629272	0.007933396	0.0	29.174659729003906
67	-48.09787	16.247892	-22.176079	-82.96398	25.130434	-48.12131	0.0	-48.12131	-48.12131	40800	3.417333e-08	255.77005	-0.023542933	-0.0025024414	0.0076022483	0.0	29.52697467803955
68	-43.897194	18.591675	-23.331211	-114.57026	25.26087	-48.146297	0.0	-48.146297	-48.146297	41400	-3.317992e-08	357.54077	-0.019319847	-1.70755	0.007528783	0.0	29.892686367034912
69	-41.85421	13.850743	-21.939156	-69.56712	25.217392	-47.92904	3.824222e-06	-47.92903	-47.929035	42000	5.9604643e-10	222.16396	-0.013405283	-4.0783844	0.008875385	0.0	30.241708755493164
70	-42.99094	17.105661	-19.484001	-97.73703	25.304348	-47.5726	0.0	-47.5726	-47.5726	42600	-2.404054e-08	307.25214	-0.0149437785	-2.4961853	0.008495749	0.0	30.743279695510864
71	-43.785316	11.225583	-27.991446	-76.32015	25.217392	-47.27805	0.0	-47.27805	-47.27805	43200	-3.0199686e-08	134.54079	-0.025515867	-1.5267181	0.009446689	0.0	31.09409523010254
72	-44.249065	14.44777	-25.263817	-84.498726	25.217392	-47.0437	1.5573437e-07	-47.043697	-47.0437	43800	-2.3047129e-08	211.08107	-0.009347174	-0.9213257	0.008203302	0.0	31.45125389099121
73	-81.24474	161.30287	-23.222723	-848.96027	24.333334	-46.857853	3.8146973e-06	-46.857857	-46.857857	44400	5.7220458e-08	1466.418	-0.025535392	-0.5439453	0.0015063508	0.0	31.821133852005005
74	-43.473305	14.05238	-24.662718	-82.7858	25.304348	-46.98398	7.6293945e-06	-46.98397	-46.98397	45000	-4.808108e-08	205.25137	-0.013030274	-1.3446045	0.0045540673	0.0	32.199288845062256
75	-44.744625	18.596067	-22.146511	-100.945625	25.565218	-46.775223	0.0	-46.775223	-46.775223	45600	2.7815501e-08	345.29297	-0.023288157	-0.5613098	0.007889027	0.0	32.57120156288147
76	-47.8094	17.996788	-19.181309	-102.48936	25.391304	-46.617252	3.8146973e-06	-46.617256	-46.617256	46200	-8.34465e-09	314.42978	-0.01880287	-0.14520264	0.0075067426	0.0	32.9434916973114
77	-43.78655	14.487725	-26.006168	-101.369514	25.695652	-46.684204	7.6293945e-06	-46.68421	-46.68421	46800	-6.4969065e-08	217.01054	-0.01968899	-1.1343231	0.008448782	0.0	33.318092823028564
78	-48.061302	15.528812	-24.861105	-82.12914	25.73913	-46.476994	3.8146973e-06	-46.47699	-46.47699	47400	5.5631e-09	242.92151	-0.014861774	-0.3289032	0.007157761	1.0	33.6693434715271
79	-49.73853	16.931667	-22.291801	-101.417435	25.47826	-46.581173	7.637337e-06	-46.58116	-46.581165	48000	-8.742014e-09	291.41263	-0.021816667	-1.7358704	0.007962675	0.0	34.03127455711365
80	-43.640972	18.396154	-23.568417	-97.58419	25.434782	-46.86249	3.8146973e-06	-46.862495	-46.862495	48600	-4.5696895e-09	347.59354	-0.009585572	-1.3134155	0.0077883736	0.0	34.5450713634491
81	-47.12473	22.336206	-21.697906	-124.7336	25.347826	-46.635406	0.0	-46.635406	-46.635406	49200	1.1920929e-08	504.85626	-0.013113536	-0.05166626	0.007560692	0.0	34.912938356399536
82	-42.067352	13.185734	-19.524323	-66.68278	25.304348	-46.671207	0.0	-46.671207	-46.671207	49800	5.5631e-09	188.48355	-0.022305017	-3.510498	0.008444126	0.0	35.2666916847229
83	-49.257526	15.132782	-30.515387	-85.54143	25.130434	-46.262688	3.8146973e-06	-46.262684	-46.262684	50400	1.7484028e-08	232.22403	-0.024610758	-1.2823181	0.0067931344	0.0	35.63253712654114
84	-45.253883	17.229755	-25.102781	-91.15783	25.347826	-46.49338	7.6293945e-06	-46.49339	-46.49339	51000	-2.582868e-08	296.90958	-0.017741036	-0.106170654	0.0070397947	0.0	36.010183811187744
85	-39.052376	10.746338	-24.96576	-62.83154	25.47826	-46.433712	7.648444e-06	-46.433697	-46.433704	51600	3.437201e-08	166.45468	-0.016968986	-10.252258	0.007781466	0.0	36.380107164382935
86	-40.117184	10.22304	-20.256378	-59.423515	25.217392	-45.680138	3.824222e-06	-45.68013	-45.680134	52200	-2.3444494e-08	132.19376	-0.02234847	-6.7329483	0.008479231	0.0	36.74373245239258
87	-44.190678	13.70891	-23.49875	-91.06284	25.347826	-45.01736	1.5573437e-07	-45.017357	-45.01736	52800	7.649263e-09	185.03448	-0.020317528	-0.19451904	0.00734996	0.0	37.0964560508728
88	-42.804203	10.603605	-23.30777	-64.80589	25.043478	-44.871674	0.0	-44.871674	-44.871674	53400	1.3510387e-08	111.64048	-0.026933035	-0.9538803	0.009237609	0.0	37.4595263004303
89	-47.20695	19.340374	-18.947353	-81.45337	25.391304	-44.62539	3.8146973e-06	-44.625385	-44.625385	54000	-4.172325e-08	376.24808	-0.03180982	-1.7042236	0.0089066215	0.0	37.8079891204834
90	-38.164738	12.633363	-20.607475	-73.56811	25.086956	-44.941677	7.6293945e-06	-44.94167	-44.94167	54600	2.78155e-09	197.46693	-0.017501287	-9.311005	0.00843924	0.0	38.32472848892212
91	-39.794926	11.867052	-20.707396	-67.682274	25.130434	-44.17599	3.8400444e-06	-44.17598	-44.175995	55200	-3.4968057e-08	154.15823	-0.027638795	-4.942322	0.009372509	0.0	38.676543951034546
92	-36.908253	11.585919	-19.449753	-62.497414	25.52174	-43.54444	3.8146973e-06	-43.544445	-43.544445	55800	-9.139379e-09	174.48016	-0.018095331	-11.053055	0.0070088245	1.0	39.0337336063385
93	-46.763256	18.929106	-21.453096	-108.05599	25.391304	-42.625336	0.0	-42.625336	-42.625336	56400	1.6291937e-08	366.8037	-0.021040728	-3.3989868	0.008476322	0.0	39.388742208480835
94	-34.526154	7.2522397	-21.616379	-48.613426	25.47826	-43.08057	0.0	-43.08057	-43.08057	57000	9.934108e-10	123.29133	-0.011358111	-17.555275	0.005513773	0.0	39.750690937042236
95	-38.778015	14.258987	-19.762665	-72.202675	25.347826	-41.952663	3.8146973e-06	-41.95266	-41.95266	57600	3.0199686e-08	208.30792	-0.022846926	-3.2231598	0.008705068	0.0	40.11824178695679
96	-41.07836	14.665582	-18.667398	-74.1207	25.347826	-41.37487	3.8146973e-06	-41.374866	-41.374866	58200	3.8345654e-08	209.40898	-0.021622468	-0.06442261	0.006274125	0.0	40.47412824630737
97	-37.618465	14.230773	-19.626797	-73.17533	25.434782	-41.273632	3.8146973e-06	-41.273636	-41.273636	58800	-4.8677125e-09	211.69019	-0.030465426	-3.6582794	0.009230601	0.0	40.82178449630737
98	-33.03257	8.494837	-18.024038	-48.147903	25.304348	-40.710438	0.0	-40.710438	-40.710438	59400	3.973643e-10	127.65481	-0.020301716	-17.504585	0.008365046	0.0	41.18147253990173
99	-38.141933	11.742549	-20.674873	-61.69002	25.217392	-39.43234	3.8146973e-06	-39.432335	-39.432335	60000	-9.934108e-09	134.95815	-0.024484387	-0.67910767	0.008499572	0.0	41.535857915878296
100	-38.37185	10.866271	-22.291193	-62.81047	25.47826	-39.106594	3.8146973e-06	-39.10659	-39.10659	60600	-1.8676122e-08	114.62227	-0.02006507	-0.16651154	0.007942634	0.0	42.06428146362305
101	-40.212444	10.878129	-23.323416	-72.78512	25.391304	-38.97002	3.8495064e-06	-38.97001	-38.970016	61200	4.5696895e-09	113.07004	-0.016326554	-0.36029816	0.009035021	0.0	42.43574857711792
102	-43.24301	13.895242	-21.005552	-80.553474	25.130434	-39.153442	9.277639e-06	-39.153313	-39.15345	61800	0.0	207.3274	-0.013786931	-5.7552032	0.007419017	0.0	42.800286054611206
103	-38.79668	10.924886	-23.647558	-61.45939	25.086956	-39.936733	3.8146973e-06	-39.93673	-39.93673	62400	1.1523564e-08	115.756615	-0.019612014	-0.3454666	0.00969326	0.0	43.170326232910156
104	-34.893936	9.0278635	-19.247818	-57.487335	25.26087	-39.780422	0.0	-39.780422	-39.780422	63000	-2.3841857e-09	102.7696	-0.020769155	-8.597328	0.008024695	0.0	43.55319595336914
105	-37.479923	11.731452	-21.947445	-62.798145	25.47826	-38.786743	0.0	-38.786743	-38.786743	63600	5.2054723e-08	136.59789	-0.018870046	-0.75839233	0.009803369	0.0	43.9165313243866
106	-36.773895	8.831806	-24.48729	-51.8877	25.173914	-38.43448	7.6246247e-06	-38.434483	-38.434486	64200	1.5894573e-08	77.80811	-0.020349752	-1.0288925	0.008224751	0.0	44.27609872817993
107	-35.550995	14.020262	-18.18556	-88.200264	25.26087	-38.069187	0.0	-38.069187	-38.069187	64800	2.0861625e-08	200.16774	-0.016239528	-2.496994	0.007994137	1.0	44.63617420196533
108	-37.79535	13.020274	-21.73172	-83.05309	25.434782	-37.491158	3.811517e-06	-37.491158	-37.49116	65400	2.6027362e-08	167.34396	-0.0230459	-0.0077209473	0.007620527	0.0	45.00357484817505
109	-34.258114	8.785356	-23.501034	-56.209446	25.217392	-37.50558	3.8146973e-06	-37.505577	-37.505577	66000	-7.947286e-09	85.95708	-0.028981011	-3.857338	0.008134449	0.0	45.3602819442749
110	-33.552616	10.386455	-18.24983	-55.166138	25.347826	-36.785618	3.8146973e-06	-36.78562	-36.78562	66600	-4.1127205e-08	115.3649	-0.01267501	-4.5646896	0.007866564	0.0	45.88700318336487
111	-34.31789	8.792934	-20.888317	-54.598537	25.391304	-35.945557	1.5573437e-07	-35.945553	-35.945557	67200	3.89417e-08	77.544586	-0.016405394	-1.286293	0.008810376	0.0	46.240737438201904
112	-34.020973	9.321461	-19.10435	-60.099243	25.173914	-35.47186	0.0	-35.47186	-35.47186	67800	-7.3512396e-09	84.8131	-0.019605003	-0.9463959	0.0075708167	0.0	46.593589782714844
113	-37.989773	13.322444	-20.187824	-79.170044	25.26087	-35.072357	7.695862e-06	-35.072334	-35.07235	68400	2.582868e-08	184.71889	-0.017599592	-3.901825	0.008033916	0.0	46.94980764389038
114	-38.563473	11.597578	-22.283096	-57.310978	25.130434	-35.84094	3.8400444e-06	-35.840927	-35.840935	69000	-6.7949294e-08	136.45677	-0.0141174225	-3.5681305	0.0068035102	0.0	47.328145027160645
115	-39.28382	12.325575	-22.179548	-66.01826	25.26087	-36.646786	0.0	-36.646786	-36.646786	69600	1.0331472e-08	152.56924	-0.019922674	-3.2516327	0.0067111333	0.0	47.70372223854065
116	-35.209534	9.537317	-20.923239	-58.36917	25.347826	-37.426235	3.8146973e-06	-37.42624	-37.42624	70200	-1.8676122e-08	93.43481	-0.017117586	-2.3519058	0.008586154	0.0	48.083240270614624
117	-38.09564	12.317254	-19.116898	-79.86698	25.47826	-36.813515	3.8210496e-06	-36.813507	-36.81352	70800	-2.3841857e-09	148.65933	-0.019314012	-0.6785736	0.009207732	0.0	48.45002865791321
118	-37.634884	13.5172415	-21.087584	-75.87617	25.391304	-37.135708	0.0	-37.135708	-37.135708	71400	-4.4107438e-08	178.95752	-0.017508738	-0.1359253	0.0066132997	0.0	48.81282043457031
119	-37.5149	10.747953	-20.615294	-59.14801	25.347826	-37.316727	0.0	-37.316727	-37.316727	72000	-4.887581e-08	112.00388	-0.01785455	-0.017578125	0.009458329	0.0	49.16366410255432
120	-37.20388	12.333093	-20.966892	-62.186726	25.086956	-37.382423	3.8146973e-06	-37.38242	-37.38242	72600	-8.742014e-09	147.03029	-0.018629383	-0.024993896	0.008073948	0.0	49.68982195854187
121	-33.278408	11.374084	-19.186377	-63.336666	25.26087	-37.312557	3.811517e-06	-37.312557	-37.31256	73200	5.071362e-08	141.131	-0.017624905	-9.500824	0.006769216	0.0	50.0476508140564
122	-38.373703	9.131975	-24.978676	-56.916004	25.217392	-35.88209	0.0	-35.88209	-35.88209	73800	-6.5962475e-08	86.16535	-0.014539027	-2.9125748	0.00663424	0.0	50.39130258560181
123	-30.282381	6.250232	-21.14007	-49.852783	25.217392	-36.625546	0.0	-36.625546	-36.625546	74400	5.165736e-08	76.721306	-0.016032157	-22.119198	0.006837152	1.0	50.750991344451904
124	-33.6661	7.697387	-24.25078	-50.729885	25.434782	-34.435276	3.8146973e-06	-34.43528	-34.43528	75000	4.053116e-08	57.870937	-0.009886585	-0.514061	0.009709549	0.0	51.11019587516785
125	-36.836884	10.042418	-22.050776	-61.62175	25.608696	-33.980854	0.0	-33.980854	-33.980854	75600	-5.165736e-09	107.45787	-0.016445974	-4.893753	0.009246912	0.0	51.468934774398804
126	-38.203312	10.555758	-18.60182	-58.47927	25.26087	-35.05359	0.0	-35.05359	-35.05359	76200	3.2981237e-08	117.483826	-0.014207002	-6.068718	0.006566807	0.0	51.81894302368164
127	-35.82944	10.95926	-19.935474	-66.40917	25.086956	-36.32289	0.0	-36.32289	-36.32289	76800	-4.629294e-08	114.23325	-0.010716772	-0.12033844	0.00877655	0.0	52.16982555389404
128	-41.25999	14.815481	-20.837631	-73.19005	25.391304	-36.188053	3.8146973e-06	-36.188057	-36.188057	77400	3.0199686e-08	244.79031	-0.022614403	-17.317581	0.008300229	0.0	52.547518491744995
129	-36.610325	12.332324	-19.941751	-71.23182	25.217392	-38.302555	0.0	-38.302555	-38.302555	78000	-2.9404958e-08	150.42783	-0.022135174	-1.7017822	0.009531552	0.0	52.90563774108887
130	-33.495014	10.340848	-20.261711	-50.394318	25.173914	-37.706516	0.0	-37.706516	-37.706516	78600	-1.0331472e-08	120.78147	-0.021999938	-11.8066635	0.0067602927	1.0	53.446584701538086
131	-35.13348	11.709489	-18.694052	-60.296005	25.304348	-35.874622	3.8146973e-06	-35.87462	-35.87462	79200	1.1920929e-09	134.68288	-0.017055357	-0.42687988	0.009203884	0.0	53.806230783462524
132	-35.37098	10.541373	-17.992146	-64.9417	25.391304	-35.45386	0.0	-35.45386	-35.45386	79800	2.3047129e-08	110.29623	-0.016946375	-0.012466431	0.009103366	0.0	54.16229963302612
133	-34.79252	10.914395	-21.429228	-66.60754	25.47826	-35.383743	1.5573437e-07	-35.38374	-35.383743	80400	4.5696895e-09	113.52994	-0.016750012	-0.32880402	0.009350367	0.0	54.50490045547485
134	-69.48774	164.33386	-21.11781	-855.83386	24.125	-35.064335	3.8146973e-06	-35.06434	-35.06434	81000	3.1789145e-09	1244.6793	-0.036677446	-1.9257812	0.005303886	0.0	54.86114978790283
135	-35.77384	10.066093	-20.625586	-64.54332	25.304348	-35.83662	3.8146973e-06	-35.836624	-35.836624	81600	-4.1921933e-08	98.628075	-0.017189482	0.0022125244	0.008047486	0.0	55.23004341125488
136	-33.165104	8.683682	-22.99621	-56.98918	25.217392	-35.871128	3.8146973e-06	-35.871124	-35.871124	82200	1.6291937e-08	79.560936	-0.016600093	-5.81234	0.006354419	1.0	55.57504320144653
137	-31.476976	7.9787393	-18.640509	-52.46873	25.217392	-34.460377	3.8146973e-06	-34.460373	-34.460373	82800	-2.6623407e-08	69.59716	-0.0153889	-6.9551735	0.009597653	0.0	55.947240591049194
138	-33.432175	11.788898	-20.30797	-74.13222	25.347826	-32.852726	3.8146973e-06	-32.85273	-32.85273	83400	-2.6623407e-08	134.301	-0.030343836	-0.135849	0.009166476	0.0	56.2997407913208
139	-33.458916	6.7796226	-21.172827	-47.40472	25.47826	-33.03247	0.0	-33.03247	-33.03247	84000	1.947085e-08	45.719044	-0.021168632	-0.15384293	0.007493974	1.0	56.660653829574585
140	-39.684387	15.342071	-19.657652	-75.62527	25.304348	-33.283802	0.0	-33.283802	-33.283802	84600	-1.2169282e-07	265.32822	-0.020499166	-29.18155	0.0074566286	0.0	57.22044396400452
141	-34.52714	9.883476	-18.903723	-56.985966	25.304348	-36.58395	1.5573437e-07	-36.583946	-36.58395	85200	-1.3311704e-08	98.72654	-0.01928728	-3.107399	0.009304239	0.0	57.57256484031677
142	-30.788223	8.149524	-20.10807	-49.240288	25.26087	-35.598904	0.0	-35.598904	-35.598904	85800	3.774961e-09	86.77172	-0.02602988	-17.976448	0.009637386	0.0	57.94644737243652
143	-38.64402	11.236196	-24.074448	-70.83591	25.304348	-32.956882	0.0	-32.956882	-32.956882	86400	-1.0371208e-07	156.04774	-0.014054462	-23.964783	0.009298409	0.0	58.30371046066284
144	-33.68533	8.351449	-20.21684	-54.48848	25.73913	-35.853363	0.0	-35.853363	-35.853363	87000	2.3047129e-08	73.57924	-0.011893517	-3.0898132	0.00863932	1.0	58.65488529205322
145	-30.923794	7.623492	-18.092165	-50.624798	25.434782	-34.87172	1.5573437e-07	-34.871716	-34.87172	87600	-3.1391778e-08	72.14466	-0.014899386	-12.370991	0.008186617	0.0	59.00712990760803
146	-35.300743	15.934837	-19.524569	-80.87976	25.130434	-32.669323	3.8146973e-06	-32.669327	-32.669327	88200	-4.9273172e-08	251.4276	-0.022072738	-4.7306213	0.008693412	0.0	59.37523150444031
147	-35.077564	10.3663025	-21.86581	-61.403564	25.304348	-33.959217	0.0	-33.959217	-33.959217	88800	-1.7881393e-09	104.24612	-0.019589934	-0.9814987	0.008053608	1.0	59.74698352813721
148	-33.305546	8.485413	-20.618221	-59.23582	25.47826	-34.630436	0.0	-34.630436	-34.630436	89400	1.3411045e-08	71.86011	-0.01828497	-1.3838043	0.00898377	0.0	60.103360176086426
149	-35.197254	10.172231	-16.405645	-56.458294	25.608696	-33.88895	0.0	-33.88895	-33.88895	90000	-3.2583873e-08	103.74638	-0.016477598	-1.348381	0.008398203	0.0	60.457151651382446
150	-29.969896	9.023127	-17.583984	-53.73165	25.26087	-34.6272	0.0	-34.6272	-34.6272	90600	-8.543332e-09	99.468445	-0.016469713	-17.317886	0.0094783595	0.0	60.991055488586426
151	-34.905346	9.871499	-20.87701	-57.590317	25.52174	-31.92744	3.8146973e-06	-31.927444	-31.927444	91200	-2.4437904e-08	103.45075	-0.012618466	-6.800377	0.008144821	0.0	61.34129881858826
152	-33.38231	11.692911	-21.023993	-66.324684	25.391304	-33.56686	0.0	-33.56686	-33.56686	91800	-3.794829e-08	131.9594	-0.014308043	-0.03543091	0.0063935285	0.0	61.70815181732178
153	-35.733124	8.903522	-20.761713	-52.38567	25.26087	-33.481598	1.5573437e-06	-33.48156	-33.481598	92400	-1.5894573e-08	81.300896	-0.014822291	-3.8677216	0.007290233	1.0	62.07698345184326
154	-32.73275	10.024065	-19.989899	-58.662544	25.391304	-34.805637	0.0	-34.805637	-34.805637	93000	-1.1920929e-09	102.76711	-0.022895822	-3.41819	0.008585942	0.0	62.44402885437012
155	-33.576424	7.148893	-22.284515	-54.408382	25.391304	-33.570652	0.0	-33.570652	-33.570652	93600	-7.947286e-09	50.28177	-0.014112482	0.0014572144	0.009320933	0.0	62.82638239860535
156	-32.559235	6.059503	-21.772638	-45.897614	25.26087	-33.556305	0.0	-33.556305	-33.556305	94200	1.66893e-08	36.52038	-0.021078486	-0.8655586	0.006517956	1.0	63.18369269371033
157	-33.888172	10.609201	-18.78315	-59.649166	25.434782	-32.897938	0.0	-32.897938	-32.897938	94800	-2.5431316e-08	111.6493	-0.019187797	-0.7738342	0.009835851	0.0	63.5536744594574
158	-31.436779	9.401304	-18.729013	-59.930756	25.304348	-33.519684	0.0	-33.519684	-33.519684	95400	7.112821e-08	89.50783	-0.019555274	-3.8010406	0.009049763	0.0	63.92231512069702
159	-30.66891	6.3618956	-20.484203	-44.423065	25.47826	-32.10604	3.8146973e-06	-32.106037	-32.106037	96000	4.6094257e-08	41.56586	-0.026452238	-1.7436714	0.008996634	0.0	64.2884590625763
160	-35.276024	7.884142	-20.186045	-48.308216	25.217392	-31.096354	0.0	-31.096354	-31.096354	96600	2.9802322e-08	76.79712	-0.014164282	-14.663883	0.009039589	0.0	64.8478410243988
161	-36.326622	11.670321	-18.817484	-61.348846	25.173914	-33.91366	3.8146973e-06	-33.913654	-33.913654	97200	3.4769375e-08	136.47958	-0.01695431	-4.8571167	0.0059812507	0.0	65.20051670074463
162	-34.320137	9.592876	-23.229288	-69.495445	25.217392	-35.60841	0.0	-35.60841	-35.60841	97800	8.742014e-09	88.41647	-0.019613702	-1.7638931	0.008858899	0.0	65.5605537891388
163	-32.4207	9.43754	-20.200228	-59.795235	25.52174	-34.632298	1.5573437e-07	-34.632294	-34.632298	98400	0.0	90.866104	-0.019811278	-4.699486	0.0068804747	0.0	65.93547987937927
164	-32.25581	7.7516317	-22.057888	-50.948242	25.217392	-32.959995	3.8146973e-06	-32.96	-32.96	99000	9.636084e-09	58.044582	-0.016908644	-0.5593338	0.008364614	0.0	66.29267811775208
165	-36.816166	11.308384	-22.593046	-61.84209	25.26087	-32.354214	7.7867185e-07	-32.354195	-32.354214	99600	-1.1523564e-08	144.82373	-0.020505331	-17.684196	0.009160644	0.0	66.64033126831055
166	-34.156734	8.763799	-23.342459	-54.022408	25.304348	-35.570095	3.8146973e-06	-35.57009	-35.57009	100200	5.7220458e-08	76.315636	-0.020690462	-1.6540375	0.009918645	0.0	66.99586868286133
167	-33.209835	9.060604	-19.285555	-50.382187	25.434782	-34.628445	0.0	-34.628445	-34.628445	100800	-8.304914e-08	81.553375	-0.013503891	-1.8952179	0.00861272	0.0	67.34479761123657
168	-31.593376	8.897223	-19.370884	-52.068707	25.391304	-33.53198	0.0	-33.53198	-33.53198	101400	5.4836274e-08	80.68656	-0.02051095	-3.2683868	0.009380917	0.0	67.6963095664978
169	-34.20588	11.304689	-21.832703	-66.93929	25.26087	-32.0852	2.2024165e-07	-32.085197	-32.0852	102000	5.2452087e-08	125.34329	-0.018288616	-3.4162369	0.009091433	0.0	68.09486627578735
170	-32.493587	8.27704	-20.916838	-55.886387	25.47826	-33.544956	3.824222e-06	-33.54495	-33.544952	102600	1.9868216e-09	66.9029	-0.0152221965	-1.0912476	0.009047354	0.0	68.67030453681946
171	-30.680645	9.977019	-19.641975	-56.371494	25.26087	-32.718216	1.4102346e-06	-32.71818	-32.718216	103200	-6.1591465e-09	98.843605	-0.010510878	-4.0181656	0.00964515	0.0	69.07549571990967
172	-32.178932	5.94575	-21.235485	-47.517548	25.47826	-31.065279	1.5573437e-07	-31.065275	-31.065279	103800	8.3843865e-08	35.964867	-0.009417731	-1.169426	0.007556497	1.0	69.50665307044983
173	-32.495323	8.934981	-21.118593	-52.78176	25.304348	-31.943972	0.0	-31.943972	-31.943972	104400	-6.9141386e-08	77.63336	-0.018154839	-0.27840424	0.007318751	0.0	69.86228966712952
174	-32.99484	6.73386	-21.450836	-46.178345	25.391304	-32.398983	3.8146973e-06	-32.39898	-32.39898	105000	-5.4836274e-08	44.324024	-0.0181055	-0.29781342	0.007049267	1.0	70.22753739356995
175	-32.52371	8.530567	-19.309744	-51.621468	25.347826	-32.86938	0.0	-32.86938	-32.86938	105600	2.2848447e-08	69.71719	-0.02566305	-0.16094208	0.008509339	0.0	70.58845281600952
176	-32.048965	7.073448	-19.831694	-48.76005	25.347826	-32.52481	7.6293945e-06	-32.52482	-32.52482	106200	-2.4636586e-08	49.17683	-0.016906723	-0.19256592	0.006836202	1.0	70.94410943984985
177	-30.374348	6.55826	-19.793806	-41.332775	25.217392	-32.135357	0.0	-32.135357	-32.135357	106800	1.7881394e-08	44.433174	-0.014135635	-2.8409767	0.0096525885	0.0	71.30391359329224
178	-36.29025	9.804307	-20.479933	-62.38378	25.52174	-30.634512	0.0	-30.634512	-30.634512	107400	2.9404958e-08	126.82956	-0.008381519	-30.142593	0.0066159028	0.0	71.67720866203308
179	-33.088184	7.866313	-20.689463	-52.422703	25.391304	-35.283794	0.0	-35.283794	-35.283794	108000	-1.6093255e-08	64.28989	-0.013166574	-4.6670227	0.007507004	1.0	72.0457272529602
180	-32.90156	7.0323024	-21.151361	-45.550198	25.347826	-33.505215	3.8146973e-06	-33.50521	-33.50521	108600	-1.013279e-08	48.087063	-0.02156025	-0.3049736	0.009374698	0.0	72.7825813293457
181	-33.23511	8.9811535	-20.566069	-52.492775	25.347826	-33.013092	7.6293945e-06	-33.0131	-33.0131	109200	4.053116e-08	78.16334	-0.024064349	-0.0579834	0.009127029	0.0	73.24093651771545
182	-32.38032	10.705144	-22.438082	-60.876976	25.347826	-33.21918	3.8146973e-06	-33.219185	-33.219185	109800	-2.9404958e-08	111.1856	-0.01815693	-0.7331238	0.009652123	0.0	73.82729959487915
183	-28.84451	4.678011	-18.601557	-34.789146	25.434782	-32.467556	0.0	-32.467556	-32.467556	110400	2.2649765e-08	33.95965	-0.012345491	-12.180355	0.009215874	0.0	74.54823565483093
184	-30.321297	8.769875	-19.393282	-50.089622	25.47826	-29.419395	1.9073486e-06	-29.419394	-29.419394	111000	-3.437201e-08	75.75428	-0.016127318	-0.75473785	0.007816084	0.0	75.11228966712952
185	-32.40928	9.332601	-22.660332	-65.121414	25.173914	-30.161793	1.9073486e-06	-30.161795	-30.161795	111600	1.6291937e-08	89.302864	-0.015181729	-4.7124863	0.008034994	0.0	75.51441955566406
186	-29.503098	6.298913	-20.007814	-40.498188	25.52174	-32.087345	0.0	-32.087345	-32.087345	112200	1.6490619e-08	44.962543	-0.018887943	-5.9700813	0.009541286	0.0	75.89372611045837
187	-30.826117	7.4551477	-21.592308	-46.609547	25.434782	-29.93886	3.8123123e-06	-29.938862	-29.938864	112800	-4.5100848e-08	54.818542	-0.012741843	-0.7486	0.0068027736	1.0	76.26298141479492
188	-32.50887	8.498539	-22.749487	-49.67364	25.434782	-30.697878	1.9073486e-06	-30.697876	-30.697876	113400	-2.2053719e-08	73.046524	-0.0172256	-3.0212936	0.009919928	0.0	76.66799426078796
189	-29.720648	6.3233094	-21.025377	-46.08615	25.304348	-32.268627	3.8146973e-06	-32.26863	-32.26863	114000	3.2583873e-08	44.872635	-0.024585476	-6.0243683	0.008477788	0.0	77.04184150695801
190	-33.43054	8.440476	-21.156458	-58.466454	25.47826	-30.06608	0.0	-30.06608	-30.06608	114600	-3.2881896e-08	81.4587	-0.01551409	-10.9144745	0.009040782	0.0	77.64959287643433
191	-32.642334	8.91334	-21.596869	-53.946022	25.043478	-32.995453	0.0	-32.995453	-32.995453	115200	5.8809917e-08	75.37384	-0.02128632	-0.17211914	0.008535633	0.0	78.20919895172119
192	-32.607132	8.945761	-19.019854	-52.83565	25.565218	-32.639893	0.0	-32.639893	-32.639893	115800	2.483527e-09	78.6164	-0.0145466225	-0.005065918	0.009182802	0.0	78.88990449905396
193	-29.366869	8.513556	-19.156712	-50.328636	25.304348	-32.5719	0.0	-32.5719	-32.5719	116400	1.7881393e-09	80.66278	-0.031532276	-9.346039	0.009644499	0.0	79.43135833740234
194	-32.23806	10.766259	-21.285212	-62.72263	25.26087	-29.800993	0.0	-29.800993	-29.800993	117000	2.1855037e-08	116.4326	-0.017597238	-5.064789	0.009517359	0.0	79.93163228034973
195	-33.318226	9.05494	-23.400312	-54.104942	25.173914	-31.825567	3.8146973e-06	-31.825563	-31.825563	117600	-4.9273172e-08	80.83603	-0.009052328	-1.9221497	0.0079718055	0.0	80.30972194671631
196	-30.490442	8.129815	-20.883076	-54.897152	25.434782	-33.10233	3.8146973e-06	-33.102325	-33.102325	118200	-6.4969065e-08	69.568436	-0.03185749	-7.062622	0.009659976	0.0	80.69221091270447
197	-28.521482	5.4839277	-19.51283	-39.296093	25.26087	-30.686329	0.0	-30.686329	-30.686329	118800	-3.1391778e-08	33.90287	-0.014471702	-4.4396343	0.008544013	0.0	81.05561828613281
198	-28.879122	5.4068923	-18.951283	-43.518257	25.565218	-28.750185	1.9073486e-06	-28.750187	-28.750187	119400	1.4305114e-08	28.479916	-0.0094282245	-0.016139984	0.0053277435	0.0	81.4239399433136
199	-29.136711	5.3675065	-19.045269	-37.03983	25.47826	-28.860167	1.9073486e-06	-28.860165	-28.860165	120000	-6.1790146e-08	28.355442	-0.011062416	-0.083004	0.0077007455	1.0	81.83578538894653
200	-30.289545	7.121883	-20.798906	-54.14961	25.565218	-29.130482	1.9073486e-06	-29.130484	-29.130484	120600	3.0199686e-08	50.59961	-0.017446896	-1.2835617	0.00925173	0.0	82.61586236953735
201	-30.072674	9.602174	-20.023663	-66.73063	25.47826	-30.200918	0.0	-30.200918	-30.200918	121200	-7.4307124e-08	93.41745	-0.012374651	-0.0032348633	0.00716129	1.0	83.14123797416687
202	-29.766424	6.8560658	-17.585236	-48.430187	25.52174	-30.149137	1.9073486e-06	-30.14914	-30.14914	121800	-2.78155e-09	46.150204	-0.021917427	-0.14957428	0.0069027497	0.0	83.69505000114441
203	-27.280247	4.321499	-19.509054	-34.945103	25.52174	-29.77603	0.0	-29.77603	-29.77603	122400	4.8478444e-08	24.323036	-0.015674777	-6.0472813	0.009107804	0.0	84.33204913139343
204	-31.637032	7.2912426	-19.595924	-45.95684	25.434782	-27.409931	1.912111e-06	-27.409927	-27.40993	123000	-9.616216e-08	68.16465	-0.018590445	-16.176186	0.008112135	0.0	85.06253504753113
205	-32.405434	10.010091	-19.87863	-52.519085	25.608696	-31.178942	0.0	-31.178942	-31.178942	123600	6.437302e-08	98.36296	-0.0152531015	-1.2697449	0.009033013	0.0	85.61184334754944
206	-32.17461	10.348037	-18.777637	-65.10048	25.47826	-32.252895	3.8146973e-06	-32.25289	-32.25289	124200	-8.742015e-08	106.15406	-0.022020007	-0.0012893677	0.008765592	0.0	86.09593725204468
207	-31.515366	9.328181	-21.218658	-54.26303	25.434782	-32.220592	3.8146973e-06	-32.220596	-32.220596	124800	8.046627e-09	84.08481	-0.017412081	-0.6579819	0.007612657	0.0	86.57650661468506
208	-33.45945	11.190619	-20.87345	-65.09597	25.52174	-31.439684	1.9073486e-06	-31.439682	-31.439686	125400	-1.2350579e-07	128.09424	-0.026047138	-4.0917664	0.009368005	0.0	87.01934313774109
209	-31.11689	8.532195	-19.114548	-61.125877	25.130434	-33.388157	0.0	-33.388157	-33.388157	126000	2.960364e-08	74.55303	-0.017160151	-5.320656	0.009025064	0.0	87.45091032981873
210	-33.081318	9.304553	-22.877438	-63.090034	25.695652	-31.172428	3.80913e-06	-31.172428	-31.172432	126600	1.7881394e-08	87.791985	-0.019780947	-3.4136047	0.009917612	0.0	88.24207377433777
211	-29.831463	4.926398	-22.636845	-40.012005	25.52174	-32.94904	0.0	-32.94904	-32.94904	127200	-5.2054723e-08	33.063282	-0.014460179	-9.39502	0.006727629	0.0	88.68934893608093
212	-27.100782	6.243511	-18.306955	-44.421497	25.47826	-30.028698	1.9073486e-06	-30.028696	-30.028696	127800	8.960565e-08	46.290833	-0.018847253	-8.192455	0.008769585	0.0	89.15935850143433
213	-32.646988	7.149232	-23.400677	-55.292496	25.695652	-27.312237	1.9057585e-06	-27.312237	-27.312239	128400	2.4239222e-08	80.03345	-0.016429635	-27.946476	0.009153031	0.0	89.631276845932
214	-30.009693	7.244798	-20.27601	-54.015892	25.347826	-32.067703	1.5573437e-07	-32.0677	-32.067703	129000	2.0662943e-08	54.65668	-0.017538168	-3.959465	0.009298309	0.0	90.07562303543091
215	-31.095446	7.1305056	-21.389267	-49.973827	25.565218	-30.308731	0.0	-30.308731	-30.308731	129600	-1.480182e-07	50.785862	-0.01579113	-0.6609268	0.0063181194	1.0	90.51585745811462
216	-30.92105	7.3409586	-18.718428	-44.96899	25.608696	-31.035032	1.9073486e-06	-31.03503	-31.03503	130200	1.0331472e-08	52.79879	-0.017446827	-0.014465332	0.0065604597	1.0	90.96493816375732
217	-27.899225	5.1783795	-20.067308	-36.5905	25.217392	-30.928408	0.0	-30.928408	-30.928408	130800	-5.086263e-08	34.703426	-0.01848941	-8.422274	0.009402316	0.0	91.42151713371277
218	-27.710722	5.644829	-20.416435	-40.33123	25.565218	-28.273483	3.8146973e-06	-28.27348	-28.27348	131400	7.112821e-08	31.351835	-0.0030358937	-0.33223152	0.007234192	2.0	91.88650560379028
219	-29.388165	6.314122	-21.034452	-46.42067	25.47826	-27.729704	1.9073486e-06	-27.729706	-27.729706	132000	-4.629294e-08	42.1829	-0.0074741347	-2.6478653	0.008310456	0.0	92.33556723594666
220	-33.07164	10.75664	-19.428894	-71.88768	25.608696	-29.241732	0.0	-29.241732	-29.241732	132600	-4.440546e-08	131.44215	-0.017260017	-14.890732	0.009689388	0.0	93.19437456130981
221	-29.69725	7.044149	-21.71939	-51.38433	25.347826	-32.770695	3.8146973e-06	-32.7707	-32.7707	133200	1.2516975e-08	57.68822	-0.012473386	-8.767231	0.009445999	0.0	93.73062372207642
222	-32.46668	6.2642126	-20.130856	-47.526035	25.347826	-30.111933	1.5573437e-07	-30.111929	-30.111933	133800	-1.5894573e-08	43.3187	-0.015579395	-5.1160774	0.009786781	0.0	94.28701400756836
223	-28.631584	8.244899	-20.290974	-50.470535	25.347826	-32.139565	3.8146973e-06	-32.13957	-32.13957	134400	7.589658e-08	78.455315	-0.018066349	-11.452103	0.007048995	1.0	94.75117063522339
224	-28.55595	6.4002495	-18.338165	-47.211803	25.565218	-29.13307	1.9073486e-06	-29.133072	-29.133072	135000	-3.6756198e-08	40.313892	-0.013852848	-0.3557167	0.0073811966	1.0	95.21660685539246
225	-29.513403	8.865092	-15.791538	-56.65242	25.434782	-28.577559	1.9073486e-06	-28.577557	-28.577557	135600	3.576279e-08	77.396286	-0.01629386	-0.80197906	0.007327877	0.0	95.71773195266724
226	-29.780783	7.5704207	-20.561852	-50.28891	25.434782	-29.39185	0.0	-29.39185	-29.39185	136200	1.1722247e-08	56.012024	-0.014157913	-0.15801239	0.008917846	0.0	96.28188276290894
227	-33.29997	8.695152	-19.320562	-60.598743	25.173914	-29.762455	1.9073486e-06	-29.762457	-29.762457	136800	-4.053116e-08	84.58605	-0.01599357	-11.185997	0.008452631	0.0	96.73859429359436
228	-31.629314	5.1914177	-21.367159	-41.473663	25.304348	-32.818882	0.0	-32.818882	-32.818882	137400	-9.536743e-09	27.508167	-0.016040657	-1.3608475	0.009734163	0.0	97.34208679199219
229	-33.0279	8.843993	-22.303694	-52.34207	25.304348	-31.759596	1.9073486e-06	-31.759598	-31.759598	138000	-2.6226044e-08	78.283875	-0.010679673	-1.5940704	0.0069580832	1.0	97.7903790473938
230	-31.962076	7.640791	-21.066822	-49.414803	25.130434	-32.925808	0.0	-32.925808	-32.925808	138600	-2.9404958e-08	56.72298	-0.021703195	-0.9193535	0.008940695	0.0	98.55632328987122
231	-29.856647	5.640192	-21.287872	-46.8888	25.608696	-32.031956	0.0	-32.031956	-32.031956	139200	4.053116e-08	36.22167	-0.014407698	-4.5109196	0.00962806	0.0	99.12051963806152
232	-29.850988	8.250692	-19.198225	-53.612328	25.347826	-30.035065	0.0	-30.035065	-30.035065	139800	1.5099843e-08	64.76116	-0.014729429	-0.060897827	0.00979977	0.0	99.67103290557861
233	-31.602877	5.55206	-23.690182	-45.663437	25.391304	-29.795681	1.9294728e-06	-29.795675	-29.79568	140400	5.086263e-08	33.230873	-0.015176128	-3.1541348	0.006871228	1.0	100.12741494178772
234	-29.027546	5.2960186	-18.998331	-41.282364	25.347826	-31.487522	1.9073486e-06	-31.48752	-31.48752	141000	8.543332e-09	33.099483	-0.013985976	-5.78751	0.006428173	1.0	100.58503293991089
235	-31.959566	8.831684	-20.428335	-56.106308	25.73913	-29.20416	3.8146973e-06	-29.204157	-29.204157	141600	8.9953346e-08	85.57324	-0.023848733	-7.6960144	0.009241313	0.0	101.13293647766113
236	-30.814196	7.0672174	-19.260895	-45.303078	25.47826	-31.817898	7.7867185e-08	-31.817896	-31.817898	142200	-3.417333e-08	49.296604	-0.013534443	-1.0179634	0.008751998	1.0	101.69627046585083
237	-29.987629	5.126397	-22.517433	-39.9924	25.826086	-30.865253	0.0	-30.865253	-30.865253	142800	6.7949294e-08	26.633142	-0.018461552	-0.7586765	0.009067222	0.0	102.26002883911133
238	-27.513117	4.6913195	-20.38047	-43.784504	25.52174	-30.027311	1.9073486e-06	-30.02731	-30.02731	143400	-1.1920929e-09	27.61738	-0.014057998	-6.1338654	0.0084561175	1.0	102.867844581604
239	-28.97615	6.885987	-19.67285	-45.34318	25.652174	-27.655016	3.8146973e-06	-27.65502	-27.65502	144000	-2.8610229e-08	48.956753	-0.0057991766	-1.8246422	0.009274664	2.0	103.42600989341736
240	-28.519289	4.2884088	-21.294083	-41.486828	25.26087	-28.950426	1.9200222e-06	-28.95042	-28.950424	144600	1.390775e-09	17.967594	-0.013675983	-0.17573929	0.008851331	0.0	104.27760648727417
241	-28.606222	5.779908	-19.23744	-42.45149	25.47826	-28.545494	1.9073486e-06	-28.545492	-28.545492	145200	1.3589859e-07	32.582188	-0.022554647	-0.010845184	0.007159747	0.0	104.83787250518799
242	-27.995964	6.4374537	-19.930286	-46.71664	25.782608	-28.647	0.0	-28.647	-28.647	145800	2.125899e-08	41.178703	-0.008207519	-0.39362335	0.0066655073	0.0	105.2722053527832
243	-28.718473	7.403634	-19.669573	-52.724678	25.47826	-28.027832	0.0	-28.027832	-28.027832	146400	-1.5894573e-08	53.64435	-0.015545404	-0.50196457	0.0065995594	1.0	105.76355314254761
244	-28.509567	4.8792176	-19.565735	-38.350964	25.565218	-28.731394	0.0	-28.731394	-28.731394	147000	6.7551933e-09	23.43778	-0.013911333	-0.05291748	0.009124641	0.0	106.28089737892151
245	-28.991009	4.7215505	-21.930008	-38.882343	25.608696	-28.50157	1.9073486e-06	-28.501568	-28.501568	147600	-9.695689e-08	21.86585	-0.015465743	-0.20022774	0.00639841	1.0	106.92625188827515
246	-28.719421	5.216158	-21.079752	-42.500923	25.782608	-28.95142	3.8146973e-06	-28.951424	-28.951424	148200	-2.7616819e-08	27.074404	-0.013964292	-0.060094833	0.00835039	0.0	107.56223011016846
247	-29.105824	4.739009	-20.441488	-38.84856	25.434782	-28.703793	1.9073486e-06	-28.70379	-28.70379	148800	6.576379e-08	21.776825	-0.016131949	-0.1513195	0.007123974	0.0	108.20211982727051
248	-26.82586	4.4399576	-18.796785	-40.275677	25.52174	-29.09831	1.9073486e-06	-29.098309	-29.098309	149400	-3.2981237e-08	24.400164	-0.007282623	-5.098112	0.0072358847	0.0	108.60639667510986
249	-31.680012	10.478124	-19.787313	-62.169804	25.52174	-26.813923	0.0	-26.813923	-26.813923	150000	-1.11262e-08	128.27347	-0.015791401	-22.044579	0.009388227	0.0	109.0028748512268
250	-29.396023	7.4687505	-19.176706	-50.45181	25.47826	-31.42047	1.9073486e-06	-31.420467	-31.420467	150600	5.9604646e-09	58.435917	-0.012959046	-3.868267	0.006519676	1.0	109.75946068763733
251	-28.535822	5.047552	-20.10357	-37.964657	25.565218	-29.499374	1.9073486e-06	-29.499376	-29.499376	151200	-4.3014687e-08	25.885489	-0.014256927	-0.947546	0.008737858	0.0	110.1573920249939
252	-28.486551	5.707652	-19.77114	-45.21166	25.652174	-28.53914	0.0	-28.53914	-28.53914	151800	-4.6690307e-08	32.17925	-0.020641467	-0.0007209778	0.009623771	0.0	110.60995817184448
253	-30.903492	6.9477577	-20.94569	-47.690598	25.565218	-28.511967	1.9073486e-06	-28.511969	-28.511969	152400	8.841356e-08	52.547623	-0.010003892	-5.384262	0.008017955	1.0	110.99691843986511
254	-28.563892	5.3678174	-19.743076	-38.714417	25.391304	-30.80864	3.8146973e-06	-30.808643	-30.808643	153000	-4.172325e-08	32.8746	-0.02087862	-4.6474648	0.0086745	0.0	111.38154697418213
255	-27.506083	4.908973	-20.255522	-37.71989	25.391304	-28.679922	0.0	-28.679922	-28.679922	153600	2.0662943e-08	24.72209	-0.007292037	-1.2782326	0.007140317	1.0	111.7727153301239
256	-27.611889	5.1281433	-18.993622	-38.519913	25.52174	-27.556562	3.824222e-06	-27.556555	-27.556559	154200	-5.086263e-08	25.747572	-0.016298143	-0.0028934479	0.009150226	0.0	112.23484778404236
257	-27.720203	7.2139316	-16.864964	-49.0706	25.391304	-27.609905	1.9073486e-06	-27.609903	-27.609903	154800	1.847744e-08	51.07223	-0.020952262	-0.029319763	0.009594325	0.0	112.65921235084534
258	-28.163317	5.681274	-18.181225	-44.961514	25.304348	-27.78209	1.9073486e-06	-27.782091	-27.782091	155400	-6.8942704e-08	31.330355	-0.0069550183	-0.1239357	0.0060246815	0.0	113.01427030563354
259	-30.330057	6.6314845	-20.494755	-41.924435	25.391304	-28.137636	0.0	-28.137636	-28.137636	156000	7.1326895e-08	47.219425	-0.02114879	-4.4837074	0.00814954	0.0	113.38524174690247
260	-28.942503	6.316961	-18.275259	-40.846622	25.52174	-30.272686	1.9073486e-06	-30.272688	-30.272688	156600	0.0	40.89757	-0.019767905	-1.7205124	0.007712039	1.0	114.03111171722412
261	-30.391932	8.914792	-16.783869	-61.84009	25.347826	-28.947432	0.0	-28.947432	-28.947432	157200	-8.980433e-08	82.43371	-0.013213168	-2.2146606	0.0070315297	1.0	114.45836877822876
262	-29.223999	6.081237	-19.226889	-39.43268	25.434782	-30.453053	1.9073486e-06	-30.453054	-30.453054	157800	1.4384588e-07	37.51499	-0.024935318	-1.4838638	0.0064001307	1.0	114.8291871547699
263	-27.033106	6.1396503	-16.636415	-43.38341	25.47826	-29.21811	0.0	-29.21811	-29.21811	158400	5.185604e-08	41.51959	-0.021609403	-4.667122	0.008827422	0.0	115.20259928703308
264	-28.915329	6.888249	-21.729555	-49.978004	25.52174	-27.032032	0.0	-27.032032	-27.032032	159000	-1.5099843e-08	49.208683	-0.01119912	-3.2598572	0.006983208	1.0	115.58108162879944
265	-28.487316	8.880828	-19.246082	-52.940796	25.391304	-28.85877	1.9057585e-06	-28.85877	-28.858772	159600	-8.980433e-08	76.35246	-0.011342203	-0.14965057	0.007830583	0.0	115.97635006904602
266	-29.6678	7.057316	-19.404615	-46.14542	25.695652	-28.466032	3.8146973e-06	-28.466028	-28.466028	160200	-1.09275184e-07	49.972355	-0.012929544	-1.2847023	0.0064924834	1.0	116.38714909553528
267	-27.743069	5.506809	-19.426245	-37.617813	25.73913	-29.618792	1.5573437e-07	-29.618788	-29.618792	160800	5.761782e-09	33.33094	-0.016842332	-3.289053	0.006956269	1.0	116.864492893219
268	-30.285372	5.725767	-20.51901	-42.882877	25.47826	-27.774967	1.9073486e-06	-27.774965	-27.774965	161400	-9.377798e-08	38.24695	-0.012813259	-6.0214844	0.009944945	0.0	117.23489332199097
269	-29.227886	6.243285	-20.855087	-41.965343	25.608696	-30.261791	3.8146973e-06	-30.261795	-30.261795	162000	5.2452087e-08	39.285633	-0.015374325	-0.9965477	0.008190383	0.0	117.58821201324463
270	-30.243286	6.993473	-22.739786	-57.1326	25.52174	-29.247753	0.0	-29.247753	-29.247753	162600	4.0928523e-08	49.32778	-0.018716175	-0.9479828	0.009274274	0.0	118.254145860672
271	-29.281855	10.384492	-16.866932	-64.3174	25.695652	-30.238678	7.6293945e-06	-30.238686	-30.238686	163200	-3.1391778e-08	108.104294	-0.020941015	-0.8898697	0.009184731	0.0	118.62150073051453
272	-30.200514	7.8535113	-19.32952	-52.67094	25.73913	-29.277132	5.722046e-06	-29.277138	-29.277138	163800	9.735425e-09	62.697285	-0.016076408	-0.9580269	0.006509979	1.0	118.97489047050476
273	-26.505732	6.1805034	-18.33065	-42.49554	25.391304	-30.275875	1.9073486e-06	-30.275873	-30.275873	164400	-1.5000502e-08	50.65455	-0.014947706	-13.470413	0.008978693	0.0	119.33095288276672
274	-29.546131	7.5430307	-16.314667	-42.299095	25.52174	-26.568956	1.9073486e-06	-26.568958	-26.568958	165000	-2.0662943e-08	64.53709	-0.013252754	-8.308643	0.0067996155	1.0	119.69865989685059
275	-26.79103	6.3695025	-15.779518	-39.061108	25.565218	-29.458145	0.0	-29.458145	-29.458145	165600	-1.2755395e-07	46.90239	-0.0063744225	-7.117199	0.00648285	1.0	120.08169174194336
276	-28.177124	6.0283895	-18.60442	-40.765022	25.434782	-26.801329	0.0	-26.801329	-26.801329	166200	3.8544336e-08	37.475708	-0.017333835	-1.8035774	0.0075579435	1.0	120.53622603416443
277	-26.365656	6.1321855	-17.305717	-37.56149	25.347826	-28.142025	7.7867185e-08	-28.142023	-28.142025	166800	7.306536e-08	39.57023	-0.013244565	-2.8548584	0.0081313085	0.0	120.88596224784851
278	-27.431042	5.86994	-20.22245	-44.493443	25.434782	-26.452457	1.9073486e-06	-26.45246	-26.45246	167400	9.536743e-09	34.422806	-0.0176361	-0.9075508	0.007577933	1.0	121.27422523498535
279	-25.820028	3.8502898	-19.210346	-34.644196	25.782608	-27.408964	0.0	-27.408964	-27.408964	168000	-9.735425e-09	17.172548	-0.013319873	-2.4327564	0.00664573	1.0	121.65034127235413
280	-26.81707	6.6058283	-17.405882	-43.814167	25.52174	-25.84007	1.9073486e-06	-25.840073	-25.840073	168600	6.4969065e-08	44.088875	-0.01645719	-0.93279266	0.008431322	0.0	122.27449655532837
281	-28.768042	9.424452	-17.930668	-58.792492	25.47826	-26.8149	0.0	-26.8149	-26.8149	169200	-1.11262e-08	92.38119	-0.008374767	-3.8511658	0.008838787	0.0	122.63151860237122
282	-27.497883	7.2214518	-19.421556	-46.0577	25.47826	-28.79446	1.9073486e-06	-28.794462	-28.794462	169800	2.324581e-08	52.282616	-0.01626141	-1.674427	0.009185257	0.0	122.97861576080322
283	-29.587349	8.264351	-19.654453	-57.881268	25.434782	-27.486485	0.0	-27.486485	-27.486485	170400	-7.271767e-08	71.599144	-0.015638176	-4.131172	0.009871759	0.0	123.33526945114136
284	-28.585985	6.432728	-17.682478	-48.25284	25.434782	-29.538607	3.8146973e-06	-29.53861	-29.53861	171000	3.576279e-08	40.953964	-0.016139826	-0.9431038	0.009216533	0.0	123.69820642471313
285	-29.520903	5.888124	-19.980032	-42.00636	25.652174	-28.555267	5.722046e-06	-28.555262	-28.555262	171600	-3.3577283e-08	34.975918	-0.018079435	-0.9266281	0.007533613	0.0	124.06030821800232
286	-28.860937	7.7111816	-19.74954	-47.21668	25.52174	-29.532503	0.0	-29.532503	-29.532503	172200	-2.5629998e-08	58.48246	-0.018899923	-0.4682541	0.006605582	1.0	124.43998122215271
287	-28.489935	7.706738	-19.172358	-47.860977	25.47826	-28.836107	1.9073486e-06	-28.836105	-28.836105	172800	-5.00679e-08	58.172775	-0.014124068	-0.12875366	0.0075987754	0.0	124.81938219070435
288	-27.660267	6.4728255	-19.184687	-41.47264	25.47826	-28.470142	1.9073486e-06	-28.470144	-28.470144	173400	-3.576279e-08	41.55224	-0.015650038	-0.63793564	0.008066252	0.0	125.20291495323181
289	-27.922535	6.98969	-18.834452	-49.309216	25.608696	-27.654726	1.9073486e-06	-27.654728	-27.654728	174000	-2.3841857e-09	48.152824	-0.013531776	-0.065956116	0.0066323252	1.0	125.56457996368408
290	-28.436523	6.994313	-19.703327	-43.556904	25.434782	-27.91701	1.9073486e-06	-27.917007	-27.917007	174600	-8.980433e-08	47.794727	-0.006633563	-0.213871	0.0077859173	0.0	126.4999086856842
291	-27.085783	5.055766	-19.36952	-38.36066	25.52174	-28.389524	1.9073486e-06	-28.389526	-28.389526	175200	6.7949294e-08	26.582037	-0.017603304	-1.7286472	0.008882802	0.0	127.00501441955566
292	-29.67014	8.335778	-18.352991	-44.704227	25.565218	-27.046879	0.0	-27.046879	-27.046879	175800	4.172325e-08	75.067345	-0.024428895	-6.692398	0.007746401	0.0	127.42081618309021
293	-27.493279	5.0698633	-19.550865	-37.659893	25.434782	-29.687572	3.8146973e-06	-29.687576	-29.687576	176400	5.4836274e-08	29.824858	-0.015999105	-4.6102543	0.009157273	0.0	127.92182683944702
294	-27.56204	5.674709	-18.411427	-41.314552	25.347826	-27.49702	1.9073486e-06	-27.497023	-27.497023	177000	7.2518986e-09	31.205492	-0.017415369	-0.0049095154	0.008723435	0.0	128.28615522384644
295	-29.12215	6.268702	-19.035559	-44.90296	25.304348	-27.568243	0.0	-27.568243	-27.568243	177600	1.1006991e-07	40.32212	-0.016592212	-2.1941566	0.0065209894	1.0	128.6619474887848
296	-29.68817	6.6924663	-19.000402	-45.85968	25.52174	-29.08125	0.0	-29.08125	-29.08125	178200	-1.5219052e-07	43.770092	-0.013038557	-0.31411362	0.007643974	1.0	129.02043390274048
297	-32.317352	7.9624925	-21.615198	-49.304077	25.391304	-29.654102	3.8146973e-06	-29.654099	-29.654099	178800	5.165736e-09	68.64655	-0.012791753	-6.4938507	0.00905158	0.0	129.38849902153015
298	-31.826313	8.671285	-19.065231	-50.38797	25.73913	-32.255093	3.8146973e-06	-32.255096	-32.255096	179400	-6.7551933e-09	74.479065	-0.019843265	-0.1283493	0.008105267	1.0	129.7698676586151
299	-31.151226	9.515909	-19.130222	-56.100613	25.565218	-31.88939	1.9073486e-06	-31.889393	-31.889393	180000	8.583069e-08	89.164925	-0.01680875	-0.48300934	0.008979961	0.0	130.12472987174988
300	-29.795818	7.512699	-18.147617	-48.36239	25.565218	-31.179379	3.8146973e-06	-31.179375	-31.179375	180600	4.0928523e-08	57.098164	-0.014538574	-1.8596992	0.009213688	0.0	130.75885248184204
301	-29.9584	6.782682	-17.778572	-44.00181	25.47826	-29.786478	0.0	-29.786478	-29.786478	181200	-3.8146972e-08	44.660244	-0.018758686	-0.023277283	0.007944477	1.0	131.1089472770691
302	-30.236933	9.2649355	-15.783702	-57.860607	25.52174	-29.941875	0.0	-29.941875	-29.941875	181800	-3.9339067e-08	83.68039	-0.013569696	-0.05718994	0.009493616	0.0	131.4772343635559
303	-27.783562	5.7045097	-19.849934	-41.73134	25.391304	-30.185625	1.9073486e-06	-30.185627	-30.185627	182400	-6.874402e-08	37.31737	-0.025644233	-5.406252	0.009885019	0.0	131.83654475212097
304	-29.974686	7.6651716	-18.702374	-52.11363	25.608696	-27.812984	1.9073486e-06	-27.812983	-27.812983	183000	7.3512396e-09	62.958504	-0.0075652506	-4.8196297	0.006856392	1.0	132.2064139842987
305	-29.163946	6.40055	-20.048649	-45.830975	25.434782	-30.05435	0.0	-30.05435	-30.05435	183600	1.66893e-08	40.55244	-0.015158967	-0.75502014	0.009911434	0.0	132.57909417152405
306	-32.053444	10.40801	-19.548677	-57.05171	25.304348	-29.1675	1.9057585e-06	-29.1675	-29.167501	184200	-2.503395e-08	111.26338	-0.023566075	-7.401451	0.008946899	0.0	132.96125650405884
307	-28.239347	8.12842	-18.537556	-54.949097	25.52174	-31.944336	2.2024165e-07	-31.944332	-31.944336	184800	1.2199084e-07	79.46145	-0.010862061	-12.781815	0.00745913	0.0	133.32567834854126
308	-28.5303	7.902037	-19.034912	-55.463043	25.434782	-28.322067	1.9073486e-06	-28.322065	-28.322065	185400	-7.4505806e-08	61.67896	-0.0143428	-0.05173111	0.007355314	1.0	133.69074892997742
309	-29.785646	5.6890607	-19.749714	-39.30396	25.652174	-28.553339	3.8146973e-06	-28.553343	-28.553343	186000	7.311503e-08	33.24955	-0.0063932324	-1.399023	0.0038048546	1.0	134.05328226089478
310	-28.283493	6.140528	-20.347769	-46.597824	25.47826	-29.757383	1.9073486e-06	-29.757385	-29.757385	186600	-5.185604e-08	39.165398	-0.015728004	-1.9955406	0.0070877345	1.0	134.69826459884644
311	-26.888475	5.4834094	-19.030014	-36.836582	25.652174	-28.318432	0.0	-28.318432	-28.318432	187200	3.973643e-10	31.736969	-0.0072761034	-1.9860992	0.0068923663	1.0	135.06404566764832
312	-29.330307	8.835883	-20.009314	-60.339916	25.52174	-26.881926	1.9073486e-06	-26.881924	-26.881924	187800	-5.821387e-08	81.15569	-0.0139165865	-5.5372925	0.009171522	0.0	135.4112868309021
313	-28.65962	5.92239	-20.58881	-45.589695	25.652174	-29.275013	1.9073486e-06	-29.275011	-29.275011	188400	-6.1790146e-08	34.576637	-0.015173436	-0.34308624	0.009059154	0.0	135.76396346092224
314	-29.615955	6.0425715	-21.288498	-43.86693	25.47826	-28.678043	0.0	-28.678043	-28.678043	189000	3.0199686e-08	36.52739	-0.008665476	-0.80054474	0.0077584535	0.0	136.12272214889526
315	-28.577263	8.351094	-18.800407	-55.684673	25.391304	-29.591019	3.8146973e-06	-29.591022	-29.591022	189600	-7.112821e-08	69.30679	-0.011754116	-0.9187546	0.007320412	0.0	136.4753496646881
316	-26.107252	4.7528567	-13.588898	-33.53432	25.565218	-28.6123	1.9073486e-06	-28.612299	-28.612299	190200	-5.7816507e-08	28.49907	-0.011551921	-6.1150265	0.007633224	0.0	136.8322238922119
317	-29.734083	8.54343	-14.896153	-55.50988	25.304348	-26.091991	0.0	-26.091991	-26.091991	190800	6.8793696e-08	82.42519	-0.01189554	-12.172325	0.00978909	0.0	137.17609858512878
318	-28.320726	6.2439303	-18.860247	-43.28202	25.47826	-29.614515	1.9073486e-06	-29.614513	-29.614513	191400	7.669131e-08	40.07261	-0.011029805	-1.5614662	0.009119129	0.0	137.53259778022766
319	-28.149185	6.439328	-16.963629	-39.69333	25.52174	-28.35043	1.9073486e-06	-28.350431	-28.350431	192000	-1.7186006e-08	40.655594	-0.015946696	-0.036289215	0.008657614	0.0	137.9066915512085
320	-28.727764	5.8954387	-18.30937	-40.759373	25.52174	-28.156986	1.9073486e-06	-28.156988	-28.156988	192600	-1.6887983e-08	34.344715	-0.025339058	-0.29059982	0.009902968	0.0	138.65836644172668
321	-28.841532	6.9839883	-18.913788	-41.20509	25.347826	-28.705765	1.9073486e-06	-28.705767	-28.705767	193200	-5.761782e-08	47.851242	-0.011327668	-0.019256592	0.0090898145	0.0	139.07303714752197
322	-29.444025	6.389787	-20.774117	-44.96637	25.565218	-28.847347	0.0	-28.847347	-28.847347	193800	-3.8743018e-08	40.21306	-0.011842965	-0.36615372	0.0070042405	1.0	139.43448758125305
323	-31.073393	8.142279	-19.491613	-44.340496	25.434782	-29.465286	1.5573437e-07	-29.465282	-29.465286	194400	5.3246815e-08	67.17391	-0.017766044	-2.5250244	0.009244938	0.0	139.79291200637817
324	-27.663383	5.105775	-19.09543	-41.33123	25.47826	-31.076986	0.1206557	-29.017567	-31.084917	195000	-2.6226044e-08	36.83883	-0.016214631	-11.193632	0.007921153	0.0	140.1459677219391
325	-27.607681	7.456128	-15.811099	-49.706223	25.652174	-27.702099	1.9073486e-06	-27.702097	-27.702097	195600	5.364418e-08	54.890762	-0.017945575	-0.00365448	0.00981817	0.0	140.52306985855103
326	-24.77715	4.7136035	-16.450293	-33.64274	25.52174	-27.639997	1.9073486e-06	-27.639996	-27.639996	196200	4.9273172e-08	29.769726	-0.015593074	-7.8890533	0.007835811	0.0	140.90900135040283
327	-28.766603	6.1998515	-18.932901	-44.871086	25.217392	-24.787165	1.9073486e-06	-24.787163	-24.787163	196800	2.6623407e-08	52.250202	-0.017076533	-14.67963	0.007919378	1.0	141.27346301078796
328	-29.295364	9.380703	-17.0179	-60.832153	25.565218	-28.618822	0.0	-28.618822	-28.618822	197400	-1.7484028e-08	89.25018	-0.0150838075	-0.6180191	0.008422142	0.0	141.6135778427124
329	-26.811375	5.4943066	-16.034067	-38.843212	25.347826	-29.40875	1.9073486e-06	-29.408749	-29.408749	198000	-3.4570693e-08	36.190098	-0.015972998	-6.4106636	0.008328516	0.0	141.96749091148376
330	-29.17483	6.383259	-19.56067	-44.910435	25.47826	-26.878157	0.0	-26.878157	-26.878157	198600	-6.834666e-08	44.93295	-0.018767845	-5.155712	0.009199349	0.0	142.63353538513184
331	-26.059938	6.2446837	-16.003796	-39.093246	25.565218	-29.140413	0.0	-29.140413	-29.140413	199200	1.06990335e-07	47.6567	-0.015939273	-9.38335	0.009398783	0.0	143.02929949760437
332	-29.74679	4.1390014	-21.866707	-36.581467	25.347826	-26.12013	1.9073486e-06	-26.120129	-26.120129	199800	-1.1364619e-07	29.488945	-0.00851936	-12.540443	0.008715675	0.0	143.52332091331482
333	-26.759153	5.3218517	-19.168247	-40.180237	25.26087	-29.549265	0.0	-29.549265	-29.549265	200400	9.318193e-08	35.076805	-0.016851382	-7.4212837	0.0066385414	1.0	143.96963667869568
334	-27.114882	4.89694	-20.278074	-37.649414	25.391304	-26.93596	0.0	-26.93596	-26.93596	201000	-4.7286353e-08	23.413631	-0.009835753	-0.042593002	0.0065695355	1.0	144.40293788909912
335	-28.645603	5.978856	-20.54364	-40.5643	25.434782	-27.131794	1.9073486e-06	-27.131796	-27.131796	201600	9.377798e-08	37.18457	-0.016633393	-2.1933708	0.009506775	0.0	144.83176183700562
336	-27.897034	6.573666	-16.82403	-45.26672	25.26087	-28.574799	3.824222e-06	-28.574791	-28.574795	202200	5.9604646e-09	42.557007	-0.0121917	-0.41584015	0.008417964	0.0	145.29742646217346
337	-28.21915	8.647814	-19.226824	-53.140926	25.347826	-27.943287	1.9073486e-06	-27.943285	-27.943285	202800	7.8678134e-08	73.09138	-0.019476721	-0.077293396	0.009738819	0.0	145.66564893722534
338	-29.208	8.060434	-15.169753	-44.674114	25.565218	-28.21782	3.8146973e-06	-28.217823	-28.217823	203400	3.6756198e-08	65.10629	-0.015812611	-1.0958405	0.008803466	0.0	146.0418782234192
339	-25.205534	5.4203715	-16.577374	-34.87272	25.391304	-29.258982	0.0	-29.258982	-29.258982	204000	-2.2451083e-08	44.636623	-0.018751806	-15.548492	0.007551012	0.0	146.3907551765442
340	-28.862873	6.552345	-21.300602	-46.875378	25.391304	-25.422787	1.9073486e-06	-25.422785	-25.422785	204600	-5.5829684e-08	53.769203	-0.012226119	-11.491722	0.009719888	0.0	147.05275416374207
341	-28.908136	5.524961	-20.118143	-41.62163	25.347826	-28.65999	1.9073486e-06	-28.659992	-28.659992	205200	-1.9868216e-09	30.007904	-0.017748106	-0.06696701	0.009179414	0.0	147.45264291763306
342	-26.669333	6.650189	-15.41508	-43.361267	25.347826	-28.915546	0.0	-28.915546	-28.915546	205800	-1.5050173e-07	47.97759	-0.010256081	-4.75441	0.006829608	0.0	147.90462613105774
343	-30.97905	8.342008	-18.125525	-57.808746	25.434782	-26.813139	3.8146973e-06	-26.813135	-26.813135	206400	-6.45717e-08	84.58393	-0.014662183	-16.387527	0.0071046115	1.0	148.24999713897705
344	-26.700283	4.0600805	-18.817043	-35.632984	25.47826	-30.616201	0.0	-30.616201	-30.616201	207000	6.11941e-08	30.765625	-0.01497724	-14.330517	0.0060888054	0.0	148.6221308708191
345	-29.851116	8.114434	-19.501125	-51.168877	25.434782	-27.151058	3.8146973e-06	-27.151054	-27.151054	207600	4.7683715e-09	72.18078	-0.011639277	-7.130333	0.009846704	2.0	148.99872469902039
346	-28.42127	6.8823886	-19.924677	-52.441444	25.434782	-29.570873	0.0	-29.570873	-29.570873	208200	-2.5629998e-08	47.78838	-0.014779332	-1.2065773	0.0070474194	1.0	149.36541318893433
347	-27.734638	6.9769363	-17.53709	-45.188705	25.47826	-28.572477	0.0	-28.572477	-28.572477	208800	5.7021776e-08	48.7447	-0.014496565	-0.6369095	0.008050404	0.0	149.7517294883728
348	-28.224943	6.414278	-18.86372	-45.331993	25.434782	-27.826061	0.0	-27.826061	-27.826061	209400	-2.3841858e-08	40.034657	-0.012378727	-0.14516449	0.009870685	0.0	150.27563452720642
349	-28.59465	7.2120905	-18.302475	-43.2341	25.391304	-28.182201	1.9073486e-06	-28.182203	-28.182203	210000	-8.424123e-08	51.23733	-0.011775232	-0.20009995	0.006769649	1.0	150.68121910095215
350	-25.756937	4.420202	-17.117891	-39.076084	25.347826	-28.608597	3.8146973e-06	-28.6086	-28.6086	210600	5.2054723e-08	26.602793	-0.01146939	-7.520401	0.008047872	0.0	151.35165667533875
351	-26.143162	5.181893	-19.397797	-38.5119	25.565218	-26.01425	1.9073486e-06	-26.014248	-26.014248	211200	5.6028366e-08	26.311985	-0.01372432	-0.008811951	0.007913961	0.0	151.72439765930176
352	-27.851282	5.7802825	-17.129633	-40.590466	25.652174	-26.098085	5.722046e-06	-26.098091	-26.098091	211800	9.23872e-09	36.206257	-0.009347107	-3.0767174	0.008943423	2.0	152.2031011581421
353	-28.153347	7.393971	-18.06583	-54.363678	25.565218	-27.781002	1.9073486e-06	-27.781004	-27.781004	212400	-1.7642975e-07	54.18833	-0.021674633	-0.14948273	0.008533336	0.0	152.5708873271942
354	-28.66887	5.7298884	-20.420328	-39.89706	25.52174	-28.158033	3.8146973e-06	-28.15803	-28.15803	213000	8.742014e-09	32.378536	-0.01300553	-0.26469803	0.0063361446	1.0	153.03221654891968
355	-26.6082	4.983892	-20.549341	-43.827286	25.391304	-28.66087	1.9073486e-06	-28.660872	-28.660872	213600	2.3047129e-08	28.187487	-0.017911896	-4.0832844	0.009000353	0.0	153.39781546592712
356	-27.677353	6.2774906	-18.950525	-39.404507	25.347826	-26.686506	1.9073486e-06	-26.686504	-26.686504	214200	3.1987827e-08	39.253685	-0.012319328	-0.88581085	0.006826024	1.0	153.7727530002594
357	-26.730103	6.2493877	-19.19921	-38.327713	25.608696	-27.610235	1.9073486e-06	-27.610233	-27.610233	214800	-5.0266582e-08	39.10153	-0.009823623	-0.7674675	0.008730904	0.0	154.1418116092682
358	-25.492931	4.4642587	-20.342726	-35.8601	25.434782	-26.744001	1.9073486e-06	-26.744	-26.744	215400	6.7551933e-09	20.88384	-0.017775418	-1.5115585	0.0073689246	0.0	154.49536848068237
359	-29.931606	6.915334	-19.50676	-45.098602	25.434782	-25.521517	0.0	-25.521517	-25.521517	216000	-6.735325e-08	65.80341	-0.011936492	-18.459366	0.0068224636	0.0	154.84502840042114
360	-26.009027	5.061252	-20.016886	-37.890816	25.391304	-29.674955	1.9073486e-06	-29.674953	-29.674953	216600	-1.41064325e-08	38.06058	-0.012063619	-12.638613	0.009731491	0.0	155.50091528892517
361	-28.889223	4.6683974	-21.02512	-40.263428	25.434782	-26.313717	1.9073486e-06	-26.313715	-26.313715	217200	2.3047129e-08	27.622276	-0.011142448	-6.26103	0.0066979327	1.0	155.9172728061676
362	-26.984869	6.4903283	-20.670315	-49.513367	25.652174	-28.662611	1.9073486e-06	-28.66261	-28.66261	217800	-8.145968e-08	44.29067	-0.010302688	-2.7208176	0.007560471	0.0	156.2980728149414
363	-27.845142	5.229204	-18.900234	-39.87037	25.52174	-27.109072	0.0	-27.109072	-27.109072	218400	-1.66893e-08	27.34462	-0.0076952926	-0.5119953	0.008597567	0.0	156.77059674263
364	-27.051023	5.4575887	-18.91337	-40.13523	25.391304	-27.788242	1.9073486e-06	-27.78824	-27.78824	219000	5.086263e-08	29.578854	-0.016232084	-0.51917267	0.009634529	0.0	157.21655225753784
365	-28.436775	7.221581	-15.930937	-48.185143	25.173914	-27.095446	3.8146973e-06	-27.09545	-27.09545	219600	-8.90096e-08	52.48607	-0.016757285	-1.6939087	0.006234477	0.0	157.5829038619995
366	-27.687414	6.7405	-18.977251	-51.84556	25.391304	-28.356127	3.8146973e-06	-28.35613	-28.35613	220200	-3.7650267e-08	45.403458	-0.007965183	-0.383667	0.006911107	1.0	157.97945427894592
367	-26.186136	4.1177154	-18.975788	-37.78929	25.391304	-27.752272	3.8146973e-06	-27.752268	-27.752268	220800	8.424123e-08	18.723688	-0.017929064	-2.3632698	0.0072515514	0.0	158.4506914615631
368	-27.85785	5.430036	-20.085999	-43.483807	25.304348	-26.243114	1.9073486e-06	-26.243113	-26.243113	221400	-1.41064325e-08	30.878736	-0.015779816	-2.4158592	0.009623818	0.0	158.9238932132721
369	-27.262667	6.124197	-19.650599	-39.920593	25.652174	-27.77211	1.9073486e-06	-27.772108	-27.772108	222000	7.3512396e-09	36.878258	-0.013075917	-0.29116058	0.006946874	0.0	159.430730342865
370	-29.176434	5.2716885	-20.830421	-45.142807	25.304348	-27.238163	3.8146973e-06	-27.238167	-27.238167	222600	3.5464765e-08	30.652325	-0.007821991	-3.5705547	0.006803796	1.0	160.72683811187744
371	-25.891352	8.118396	-16.510036	-52.787323	25.73913	-29.112324	1.9073486e-06	-29.112322	-29.112322	223200	3.3974647e-08	75.71632	-0.0099043865	-9.996368	0.007754817	1.0	161.23239660263062
372	-27.478693	5.655553	-16.265764	-41.75213	25.391304	-26.013119	1.9073486e-06	-26.013117	-26.013117	223800	2.3444494e-08	32.984272	-0.009633038	-1.987442	0.006860369	1.0	161.79743003845215
373	-29.205996	5.9885683	-21.351166	-40.85488	25.52174	-27.397064	3.8146973e-06	-27.397068	-27.397068	224400	-1.09275184e-07	38.340763	-0.019044947	-3.0677567	0.0088198185	0.0	162.3822045326233
374	-26.511717	6.4594927	-16.680075	-43.549118	25.47826	-29.124271	0.0	-29.124271	-29.124271	225000	-7.947286e-10	47.515945	-0.019799922	-6.79805	0.00964927	0.0	163.13961052894592
375	-28.110815	6.9483085	-18.733593	-46.606625	25.26087	-26.569765	1.9073486e-06	-26.569767	-26.569767	225600	-4.9670536e-08	48.76406	-0.01663973	-2.11697	0.0073897457	0.0	163.95119714736938
376	-28.838764	7.56944	-16.393673	-44.751205	25.47826	-27.998379	0.0	-27.998379	-27.998379	226200	-5.5631002e-08	56.64347	-0.014975654	-0.75320435	0.006660666	1.0	164.59710144996643
377	-26.941431	6.5426188	-19.081	-45.864777	25.565218	-28.858122	3.8146973e-06	-28.858118	-28.858118	226800	6.834666e-08	45.526062	-0.011657913	-3.5155067	0.006732491	1.0	165.06401920318604
378	-27.363966	7.586425	-16.674833	-47.762886	25.608696	-27.00157	1.9073486e-06	-27.001572	-27.001572	227400	6.556511e-08	56.600197	-0.013784809	-0.116642	0.0076029063	0.0	165.49070072174072
379	-30.75502	8.353403	-17.129284	-53.688286	25.565218	-27.341259	1.9073486e-06	-27.34126	-27.34126	228000	-2.9305617e-08	80.80487	-0.012400945	-11.54174	0.0071989964	1.0	165.86844110488892
380	-24.394436	4.1009216	-18.361767	-32.14254	25.608696	-30.681871	1.9073486e-06	-30.68187	-30.68187	228600	1.5695889e-08	55.478313	-0.009477098	-37.87316	0.009117738	0.0	166.58768391609192
381	-29.535583	6.4410563	-20.60481	-42.18013	25.565218	-25.047235	1.9073486e-06	-25.047234	-25.047234	229200	-1.7285346e-08	60.341015	-0.018120222	-19.062065	0.008872214	0.0	167.04912424087524
382	-27.261969	4.506962	-19.640516	-33.89439	25.608696	-28.86528	1.9073486e-06	-28.865278	-28.865278	229800	1.2318293e-08	22.49048	-0.0072015715	-2.405386	0.006025053	0.0	167.4661476612091
383	-27.132627	7.650026	-14.945761	-45.334667	25.565218	-27.523548	1.9073486e-06	-27.523546	-27.523546	230400	2.5232634e-08	58.050808	-0.016032435	-0.17416763	0.007245709	1.0	167.88811254501343
384	-27.547865	6.7525787	-15.747883	-42.06167	25.434782	-27.139982	0.0	-27.139982	-27.139982	231000	1.5099843e-08	44.31437	-0.01188046	-0.16526031	0.0073785638	1.0	168.31087231636047
385	-26.565329	5.0499473	-18.91599	-37.997196	25.695652	-27.506927	7.6293945e-06	-27.50692	-27.50692	231600	-5.7220458e-08	26.012388	-0.0203113	-0.8453922	0.00917669	0.0	168.73437547683716
386	-27.413933	7.2397676	-17.590593	-46.378784	25.73913	-26.665499	0.0	-26.665499	-26.665499	232200	-1.5894573e-08	52.300663	-0.016714377	-0.5580635	0.008478117	0.0	169.47234678268433
387	-26.07957	4.320503	-20.236483	-39.76432	25.47826	-27.354948	1.9073486e-06	-27.354946	-27.354946	232800	3.4570693e-08	19.757467	-0.013524688	-1.613596	0.0069191633	1.0	170.21835279464722
388	-28.234526	7.687034	-17.802032	-54.875553	25.304348	-26.168962	1.9073486e-06	-26.168964	-26.168964	233400	1.2477238e-07	62.313816	-0.012817987	-4.031803	0.0051949625	0.0	170.81957507133484
389	-28.16388	6.0775757	-20.317957	-40.88235	25.434782	-28.049131	1.9073486e-06	-28.04913	-28.04913	234000	4.1921933e-08	35.720516	-0.016498292	-0.0039749146	0.0076815877	1.0	171.3027799129486
390	-25.696669	4.4869175	-17.756376	-33.513	25.434782	-28.114397	1.9073486e-06	-28.114399	-28.114399	234600	-1.4702479e-08	25.349792	-0.01751347	-5.5295773	0.009764334	0.0	172.25740265846252
391	-29.598288	7.6243677	-19.667635	-50.08876	25.52174	-25.885494	3.8146973e-06	-25.88549	-25.88549	235200	-1.3510387e-08	70.32803	-0.019091558	-13.348217	0.006673983	0.0	173.00601768493652
392	-28.270847	8.601991	-16.316889	-50.29482	25.47826	-29.27896	1.9073486e-06	-29.278957	-29.278957	235800	-3.1789146e-08	72.48546	-0.022931539	-1.0374603	0.008599763	0.0	173.71565437316895
393	-25.984198	5.2412925	-15.804185	-40.813984	25.391304	-28.336933	1.9073486e-06	-28.336931	-28.336931	236400	-6.834666e-08	32.152122	-0.013365068	-5.0952187	0.0064121014	1.0	174.25564694404602
394	-23.805323	4.3524013	-14.777494	-34.44798	25.565218	-26.218004	0.0	-26.218004	-26.218004	237000	-6.000201e-08	24.404278	-0.006509608	-5.6112976	0.009789345	0.0	174.78646230697632
395	-28.028284	6.6293406	-20.414839	-46.298836	25.391304	-23.993135	1.9073486e-06	-23.993137	-23.993137	237600	-5.8809917e-08	57.970795	-0.016956063	-14.818081	0.008960272	0.0	175.16994524002075
396	-25.53028	4.4288945	-18.667086	-38.243385	25.304348	-27.516054	1.9073486e-06	-27.516056	-27.516056	238200	-2.0861625e-08	22.888002	-0.0091458	-3.7979183	0.008820289	0.0	175.54770183563232
397	-28.775745	4.832023	-19.14363	-41.881268	25.434782	-25.744478	5.722046e-06	-25.744484	-25.744484	238800	-3.7352244e-08	31.570189	-0.030277215	-8.4976845	0.008244897	0.0	175.90419793128967
398	-26.608223	5.0108457	-19.008892	-40.147903	25.52174	-28.391556	3.8146973e-06	-28.391552	-28.391552	239400	7.073084e-08	27.600645	-0.010188564	-3.1240158	0.008079824	0.0	176.26846075057983
399	-28.694483	7.6737776	-16.69493	-49.009026	25.52174	-26.788239	0.0	-26.788239	-26.788239	240000	-3.6557516e-08	60.71501	-0.017290927	-3.296833	0.009378956	0.0	176.64842462539673
400	-26.932611	4.4799557	-16.846277	-35.534184	25.347826	-28.448639	5.722046e-06	-28.448645	-28.448645	240600	4.3511392e-08	21.954674	-0.018156601	-2.161356	0.00946807	0.0	177.372154712677
401	-26.616854	4.657454	-20.513216	-36.418255	25.52174	-27.095627	0.0	-27.095627	-27.095627	241200	5.086263e-08	21.551517	-0.009282875	-0.23684883	0.006669871	1.0	177.7196764945984
402	-28.865337	8.564138	-19.491705	-52.99812	25.47826	-26.635103	1.9073486e-06	-26.635105	-26.635105	241800	8.742014e-09	77.812515	-0.017769186	-4.9485016	0.0077115097	1.0	178.09543180465698
403	-28.961485	8.632105	-18.459143	-56.96235	25.47826	-28.71834	1.9073486e-06	-28.718342	-28.718342	242400	4.2120615e-08	73.23132	-0.013996009	-0.05467224	0.0074602556	1.0	178.46953535079956
404	-28.67937	6.4334693	-20.135483	-45.65513	25.434782	-28.94571	0.0	-28.94571	-28.94571	243000	6.218751e-08	40.561096	-0.020961268	-0.06927872	0.009517055	0.0	178.8317255973816
405	-27.473186	8.24366	-21.464712	-56.56354	25.52174	-28.694088	3.8146973e-06	-28.694084	-28.694084	243600	-8.6228056e-08	67.28962	-0.018908193	-1.4844131	0.00967446	0.0	179.19824504852295
406	-26.219782	4.553498	-18.525723	-34.445866	25.608696	-27.519047	1.9073486e-06	-27.519045	-27.519045	244200	5.543232e-08	21.81899	-0.0092975395	-1.6160526	0.0069760927	0.0	179.57783937454224
407	-24.343874	4.1764774	-17.621553	-33.873077	25.391304	-26.28404	0.0	-26.28404	-26.28404	244800	5.265077e-08	20.628887	-0.013213969	-3.5848827	0.008121088	0.0	179.9285809993744
408	-27.851799	5.9912686	-16.08007	-44.030296	25.52174	-24.441881	3.8146973e-06	-24.441885	-24.441885	245400	-2.9802322e-08	46.304317	-0.012235768	-10.917728	0.009096896	0.0	180.28899669647217
409	-25.562586	4.1773715	-20.131914	-31.674852	25.47826	-27.608444	1.9073486e-06	-27.608442	-27.608442	246000	5.066395e-08	21.201664	-0.01539374	-4.046234	0.0075966357	0.0	180.7088565826416
410	-29.561804	6.9599276	-19.073843	-45.956432	25.565218	-25.686415	3.8146973e-06	-25.68641	-25.68641	246600	9.57648e-08	62.49043	-0.017010463	-14.339352	0.0065703862	1.0	181.476548910141
411	-28.84408	6.5451846	-20.370123	-46.071568	25.391304	-29.237608	5.722046e-06	-29.237602	-29.237602	247200	-4.371007e-09	42.261826	-0.018769525	-0.11042023	0.0057042805	0.0	181.8722071647644
412	-25.166906	4.030862	-16.840704	-32.5152	25.565218	-28.932981	1.9073486e-06	-28.932983	-28.932983	247800	4.4703484e-08	29.760563	-0.0051986775	-13.461668	0.007264556	1.0	182.2403199672699
413	-26.223997	4.7797184	-18.218357	-35.369602	25.434782	-25.516813	3.8146973e-06	-25.51681	-25.51681	248400	5.2154064e-08	22.760515	-0.009405841	-0.48301888	0.0069385474	1.0	182.62892651557922
414	-28.95052	5.753033	-20.394041	-41.6529	25.391304	-26.15741	0.0	-26.15741	-26.15741	249000	1.6152859e-07	40.05045	-0.013193847	-7.4220505	0.007156091	1.0	183.02899551391602
415	-26.034573	4.355164	-17.4348	-35.77954	25.608696	-28.704884	3.8146973e-06	-28.70488	-28.70488	249600	-7.90755e-08	25.656456	-0.012433014	-6.8875637	0.009295705	0.0	183.4334728717804
416	-28.03959	4.8704753	-20.207958	-37.75454	25.434782	-26.273623	1.9073486e-06	-26.273624	-26.273624	250200	-9.536743e-09	26.123447	-0.030022854	-2.8984833	0.009138501	0.0	183.83247804641724
417	-27.517286	4.688428	-21.071953	-39.66153	25.391304	-27.853529	3.8146973e-06	-27.853525	-27.853525	250800	1.2596448e-07	21.63669	-0.015342161	-0.096530914	0.0075914273	0.0	184.23860907554626
418	-27.966599	7.004254	-19.966753	-43.980648	25.391304	-27.5656	3.8146973e-06	-27.565603	-27.565603	251400	-1.1920929e-09	48.176193	-0.009309047	-0.17356873	0.008940177	1.0	184.657958984375
419	-29.794542	6.367599	-23.195175	-49.719322	25.47826	-27.961979	1.9073486e-06	-27.96198	-27.96198	252000	-3.973643e-09	43.35888	-0.01853229	-3.2877922	0.007747604	1.0	185.06603407859802
420	-27.541754	8.227399	-18.442188	-50.080067	25.47826	-29.69856	1.9073486e-06	-29.698559	-29.698559	252600	-1.9073486e-08	70.58023	-0.03021164	-4.4320908	0.008568837	0.0	185.772447347641
421	-28.301329	6.0419908	-19.593952	-45.520428	25.52174	-27.685883	0.0	-27.685883	-27.685883	253200	1.7484028e-08	36.443188	-0.020813879	-0.36371994	0.0064854748	1.0	186.1357479095459
422	-25.648817	5.7838626	-18.379335	-46.105625	25.47826	-28.264713	1.9073486e-06	-28.264715	-28.264715	253800	-1.1920929e-08	39.61307	-0.014185452	-6.500946	0.0070544607	0.0	186.5368173122406
423	-25.626192	5.84891	-17.885183	-44.278362	25.608696	-25.812191	3.8146973e-06	-25.812187	-25.812187	254400	4.8478444e-08	33.882397	-0.014653457	-0.034381866	0.00843051	0.0	186.97791266441345
424	-26.188967	5.0432043	-19.468689	-36.565025	25.434782	-25.628479	0.0	-25.628479	-25.628479	255000	-4.8478444e-08	24.943628	-0.01789895	-0.26647186	0.008224982	0.0	187.36408019065857
425	-26.724066	5.3710527	-18.503363	-40.971107	25.565218	-26.133717	1.9073486e-06	-26.133718	-26.133718	255600	-5.3445497e-08	28.716314	-0.018765021	-0.3652916	0.008820514	1.0	187.77258729934692
426	-25.949558	4.673354	-18.785807	-35.38609	25.47826	-26.730274	1.9073486e-06	-26.730276	-26.730276	256200	-1.5099843e-08	22.152025	-0.012523969	-0.5534859	0.009879445	0.0	188.16890406608582
427	-26.402607	6.547685	-16.348507	-49.35685	25.565218	-25.991976	3.8146973e-06	-25.99198	-25.99198	256800	4.9471854e-08	42.597157	-0.0116726095	-0.1849289	0.008968795	0.0	188.53608226776123
428	-26.62726	5.165594	-19.039898	-37.569263	25.391304	-26.421413	1.9073486e-06	-26.421412	-26.421412	257400	-7.7486035e-08	25.82669	-0.014745037	-0.021808624	0.008664273	0.0	188.92673587799072
429	-27.5593	5.376794	-17.016266	-40.807575	25.47826	-26.569885	0.0	-26.569885	-26.569885	258000	1.0728836e-07	29.000639	-0.023323014	-0.9164524	0.008776399	0.0	189.29056930541992
430	-27.545256	5.557916	-18.979029	-41.723507	25.434782	-27.53557	0.0	-27.53557	-27.53557	258600	4.520019e-08	30.15438	-0.012826535	-5.1498413e-05	0.008806995	0.0	190.0340976715088
431	-28.410084	5.9325986	-21.342747	-50.1849	25.565218	-27.528255	1.9073486e-06	-27.528257	-27.528257	259200	-7.5300534e-08	35.658524	-0.021240093	-0.76023483	0.008608994	0.0	190.44033074378967
432	-28.565796	7.656088	-19.025702	-55.050762	25.347826	-28.413906	1.9073486e-06	-28.413904	-28.413904	259800	-2.0325184e-07	57.56957	-0.016858295	-0.028366089	0.0069545945	1.0	190.83038234710693
433	-26.50552	5.1263003	-19.071495	-38.645023	25.608696	-28.58545	0.0	-28.58545	-28.58545	260400	-1.7325084e-07	30.023731	-0.017685978	-4.123125	0.009128979	0.0	191.20162105560303
434	-26.46917	5.2160835	-19.190607	-39.1177	25.391304	-26.519756	1.9073486e-06	-26.519754	-26.519754	261000	6.576379e-08	26.148932	-0.010756186	-0.010679245	0.0064992285	1.0	191.58166098594666
435	-27.242046	5.8243046	-17.897871	-44.91612	25.347826	-26.41432	3.8146973e-06	-26.414316	-26.414316	261600	-6.616116e-08	33.951668	-0.011745657	-0.66960526	0.0056028487	0.0	191.96499872207642
436	-27.399517	4.0399823	-20.987051	-34.834778	25.565218	-27.24962	0.0	-27.24962	-27.24962	262200	8.463859e-08	16.142216	-0.02727962	-0.019975662	0.009616748	0.0	192.35780787467957
437	-27.018467	4.736048	-18.164583	-37.840637	25.52174	-27.394135	5.722046e-06	-27.394129	-27.394129	262800	2.2749106e-07	21.973991	-0.021938497	-0.14436531	0.00836416	0.0	192.76548743247986
438	-25.315144	5.9605412	-17.144787	-39.79728	25.608696	-27.005999	1.9073486e-06	-27.005997	-27.005997	263400	-4.887581e-08	37.595913	-0.02268076	-2.9946098	0.009175075	0.0	193.1515552997589
439	-27.580652	6.012592	-19.467838	-41.11579	25.47826	-25.238409	1.9073486e-06	-25.23841	-25.23841	264000	1.6729037e-07	40.394585	-0.014984769	-5.141594	0.006738287	1.0	193.63532757759094
440	-25.0459	4.289692	-18.500954	-34.66908	25.52174	-27.55336	3.8146973e-06	-27.553356	-27.553356	264600	-9.338061e-08	24.141325	-0.01912555	-6.09778	0.008745675	1.0	194.56113481521606
441	-28.416191	5.596083	-19.720787	-40.368473	25.652174	-25.035723	0.0	-25.035723	-25.035723	265200	-6.556511e-08	42.35432	-0.012615296	-11.223064	0.009810833	1.0	194.92623209953308
442	-27.175367	4.8898525	-20.334929	-39.37602	25.52174	-28.42526	1.9073486e-06	-28.425262	-28.425262	265800	-1.0649363e-07	24.801523	-0.013560016	-1.5337887	0.007210844	1.0	195.33038234710693
443	-24.21754	4.383496	-18.536411	-37.94423	25.52174	-27.169847	0.0	-27.169847	-27.169847	266400	1.3887882e-07	27.3547	-0.018807415	-8.192678	0.009466275	0.0	195.70553350448608
444	-27.63921	6.1998506	-16.281933	-48.65956	25.47826	-24.28726	1.9073486e-06	-24.287258	-24.287258	267000	-1.7484028e-08	48.888332	-0.013406671	-10.767269	0.009557733	0.0	196.0563633441925
445	-28.048225	6.1984224	-19.663805	-47.291946	25.434782	-27.552187	5.722046e-06	-27.552193	-27.552193	267600	-8.543332e-08	38.10541	-0.014563459	-0.2734604	0.009993151	0.0	196.41540670394897
446	-26.926561	3.8349745	-16.433908	-34.80667	25.47826	-28.076159	3.8146973e-06	-28.076162	-28.076162	268200	2.125899e-08	15.610807	-0.011922752	-1.1907682	0.007413319	0.0	196.76838517189026
447	-25.256794	4.505335	-16.887793	-34.16336	25.47826	-26.98042	1.9073486e-06	-26.980421	-26.980421	268800	-9.0301036e-08	22.824137	-0.014493737	-2.8201904	0.008429273	0.0	197.13232898712158
448	-25.815544	3.784157	-20.103624	-34.14125	25.52174	-25.29209	1.9073486e-06	-25.292091	-25.292091	269400	-3.7352244e-08	14.28207	-0.013988714	-0.24975204	0.00976329	0.0	197.48526000976562
449	-26.069065	5.070289	-18.839558	-38.6156	25.434782	-25.796635	1.9073486e-06	-25.796633	-25.796633	270000	4.7286353e-08	25.128864	-0.01433086	-0.0734272	0.007922176	0.0	197.86207151412964
450	-26.303818	3.8697355	-20.110968	-32.539352	25.565218	-26.071352	1.9073486e-06	-26.071354	-26.071354	270600	4.708767e-08	14.725999	-0.019336836	-0.046097755	0.00970886	0.0	198.58704781532288
451	-26.146347	5.648226	-17.976398	-44.49348	25.217392	-26.28973	1.9073486e-06	-26.289728	-26.289728	271200	-9.139379e-09	30.96514	-0.014319024	-0.02781868	0.008844622	0.0	198.94833278656006
452	-29.488588	7.424234	-19.099152	-51.55964	25.391304	-26.119768	0.0	-26.119768	-26.119768	271800	-9.2188515e-08	64.78202	-0.01539767	-10.834515	0.00979789	0.0	199.30763792991638
453	-26.531881	4.7754273	-19.8642	-39.902832	25.52174	-29.448427	3.8146973e-06	-29.448431	-29.448431	272400	-1.5497207e-08	30.390505	-0.012439154	-7.908558	0.006754257	0.0	199.69393014907837
454	-27.67774	5.6844335	-19.71582	-40.16335	25.608696	-26.623486	0.0	-26.623486	-26.623486	273000	-1.07288365e-08	32.78661	-0.017262883	-1.0947666	0.007435152	1.0	200.07586669921875
455	-28.685816	8.075683	-17.690327	-44.632095	25.434782	-27.677675	3.8146973e-06	-27.67768	-27.67768	273600	-2.0861625e-08	64.64974	-0.014591834	-0.91241074	0.0076655215	1.0	200.47435522079468
456	-26.90358	8.58805	-17.045547	-58.374783	25.608696	-28.643509	3.8146973e-06	-28.643513	-28.643513	274200	3.3775965e-08	75.83186	-0.016629113	-2.901825	0.008471387	0.0	200.90728497505188
457	-24.914434	5.570156	-17.99946	-44.452873	25.47826	-26.920424	0.0	-26.920424	-26.920424	274800	-4.4703484e-08	34.458183	-0.016095832	-3.753189	0.0046235663	0.0	201.31100463867188
458	-26.406054	3.414711	-20.80723	-33.289898	25.52174	-24.962112	1.9073486e-06	-24.962114	-24.962114	275400	6.516775e-08	13.46121	-0.01813309	-1.9588556	0.0077875424	1.0	201.72236847877502
459	-25.581453	5.1275506	-18.434353	-42.506107	25.391304	-26.379032	1.9073486e-06	-26.379034	-26.379034	276000	7.510185e-08	26.156134	-0.016795574	-0.65419006	0.0072786123	3.0	202.10488057136536
460	-24.982985	5.8695254	-16.728378	-39.048595	25.47826	-25.557848	1.9073486e-06	-25.55785	-25.55785	276600	-4.4902166e-08	34.26308	-0.014242834	-0.3115425	0.007219292	0.0	202.962726354599
461	-28.239931	5.1182275	-19.684917	-36.215115	25.52174	-24.989697	1.9073486e-06	-24.989695	-24.989695	277200	8.0664954e-08	35.933167	-0.017316027	-10.099609	0.008587662	1.0	203.37536001205444
462	-25.056059	4.9857497	-17.702246	-37.39427	25.304348	-28.199034	0.0	-28.199034	-28.199034	277800	-5.5631002e-08	33.819534	-0.01788156	-9.500826	0.0072357147	0.0	203.77091717720032
463	-26.817598	5.830127	-19.616299	-43.31703	25.347826	-25.115572	0.0	-25.115572	-25.115572	278400	-2.1100044e-07	36.042027	-0.018105634	-2.7354622	0.00837696	1.0	204.12460470199585
464	-25.271965	4.435357	-15.254655	-35.545177	25.26087	-26.771013	1.9073486e-06	-26.771015	-26.771015	279000	-5.2452087e-08	21.42502	-0.030126316	-2.1414204	0.008517902	0.0	204.490980386734
465	-26.43438	4.211318	-20.605433	-37.127052	25.304348	-25.302889	0.0	-25.302889	-25.302889	279600	5.4041546e-08	18.56026	-0.016385062	-1.2212658	0.0080764	2.0	204.87162041664124
466	-25.968674	5.447076	-18.735409	-41.632664	25.304348	-26.415401	3.8146973e-06	-26.415398	-26.415398	280200	2.6623407e-08	29.057636	-0.015916428	-0.18993378	0.008166843	0.0	205.25774836540222
467	-26.998772	6.2376513	-18.824024	-41.769886	25.434782	-25.974728	0.0	-25.974728	-25.974728	280800	-4.1325887e-08	39.529583	-0.013665107	-1.0489883	0.00446878	0.0	205.63124060630798
468	-27.619844	6.099876	-19.013594	-41.90196	25.608696	-27.013166	1.9073486e-06	-27.013168	-27.013168	281400	3.794829e-08	37.142673	-0.011234965	-0.4033165	0.0064245583	1.0	205.9961006641388
469	-27.38101	4.8232293	-21.374979	-40.45755	25.47826	-27.658886	1.9073486e-06	-27.658884	-27.658884	282000	-3.1789145e-09	22.757795	-0.014673135	-0.080877304	0.008051691	1.0	206.34974455833435
470	-27.21594	5.730868	-20.361818	-42.5887	25.347826	-27.369036	3.8146973e-06	-27.36904	-27.36904	282600	-4.529953e-08	32.127697	-0.015949406	-0.026317596	0.008004317	0.0	207.1163046360016
471	-26.161026	5.7887135	-14.853086	-43.828175	25.434782	-27.203402	5.722046e-06	-27.203407	-27.203407	283200	1.1920929e-08	33.657448	-0.009777054	-1.0531197	0.0070410855	1.0	207.4829387664795
472	-26.634058	5.3430576	-18.974977	-40.33527	25.304348	-26.155306	0.0	-26.155306	-26.155306	283800	-1.0768572e-07	28.20834	-0.0101402635	-0.24752617	0.0064113233	0.0	207.83900451660156
473	-26.745804	4.606506	-19.424223	-36.26258	25.47826	-26.663456	1.9073486e-06	-26.663458	-26.663458	284400	-2.2749106e-08	20.937551	-0.016871268	-0.0051879883	0.009029557	0.0	208.19952416419983
474	-25.535328	4.3806868	-16.429556	-32.53529	25.47826	-26.737123	1.9073486e-06	-26.737125	-26.737125	285000	3.1789145e-09	20.151358	-0.012579414	-1.3639202	0.009564443	0.0	208.62599277496338
475	-25.93646	4.0997767	-19.806032	-36.374393	25.217392	-25.54503	3.8146973e-06	-25.545034	-25.545034	285600	4.629294e-08	16.577858	-0.006038443	-0.1649952	0.007822559	0.0	209.0155644416809
476	-25.265991	7.274242	-15.58981	-47.86967	25.347826	-25.95882	1.9073486e-06	-25.958822	-25.958822	286200	-7.947286e-09	52.310513	-0.012502738	-0.45471954	0.008224105	1.0	209.3928723335266
477	-29.847343	10.390424	-18.551382	-65.91452	25.391304	-25.272432	1.9073486e-06	-25.27243	-25.27243	286800	8.34465e-08	124.3371	-0.01368009	-19.87722	0.008062722	0.0	209.77094888687134
478	-25.444275	4.0754476	-19.541693	-33.889393	25.47826	-29.79823	1.9073486e-06	-29.798227	-29.798227	287400	-8.583069e-08	34.591064	-0.015064192	-17.977755	0.0080206655	0.0	210.19539046287537
479	-27.79575	6.551335	-20.032188	-42.7207	25.52174	-25.583021	1.9073486e-06	-25.58302	-25.58302	288000	4.0928523e-08	47.468197	-0.0101472065	-4.883461	0.0073449723	1.0	210.67667627334595
480	-26.683788	5.4345207	-18.921938	-38.730217	25.608696	-27.770391	3.8146973e-06	-27.770388	-27.770388	288600	-4.251798e-08	30.380444	-0.011997962	-1.1251316	0.009312088	0.0	211.52569127082825
481	-25.974806	3.2102408	-21.10354	-35.178234	25.391304	-26.715824	1.9073486e-06	-26.715822	-26.715822	289200	-6.367763e-08	10.659173	-0.014920054	-0.49924755	0.00998524	0.0	212.05633974075317
482	-25.975681	4.388693	-19.117765	-34.711777	25.26087	-26.008486	3.8146973e-06	-26.00849	-26.00849	289800	1.056989e-07	18.633282	-0.017210476	-0.0039024353	0.008603402	0.0	212.47530484199524
483	-24.496311	4.565399	-18.259266	-32.693485	25.52174	-25.945498	0.0	-25.945498	-25.945498	290400	1.3947486e-07	22.522676	-0.0072790715	-2.1080513	0.007827155	1.0	212.85613822937012
484	-25.379057	5.457068	-17.314297	-40.20594	25.52174	-24.48164	1.9073486e-06	-24.481638	-24.481638	291000	1.2358029e-07	29.659115	-0.011430816	-0.6971741	0.0074553285	0.0	213.23073959350586
485	-26.301943	4.8231826	-19.001163	-39.193485	25.347826	-25.326374	1.9073486e-06	-25.326376	-25.326376	291600	-8.443991e-08	23.391745	-0.016282273	-0.86265373	0.008970278	0.0	213.6083586215973
486	-27.590515	6.19237	-18.164644	-46.3506	25.26087	-26.26868	1.9073486e-06	-26.268679	-26.268679	292200	-5.761782e-08	38.6525	-0.013059942	-1.6303177	0.009121558	0.0	214.0650417804718
487	-26.476454	6.183835	-18.448391	-42.094692	25.391304	-27.566023	1.9073486e-06	-27.566021	-27.566021	292800	-5.165736e-08	38.882957	-0.018127216	-1.0539131	0.008882286	0.0	214.42954969406128
488	-26.551075	7.0665503	-15.893088	-50.523537	25.26087	-26.52107	1.9073486e-06	-26.521069	-26.521069	293400	-5.9405963e-08	49.110863	-0.016419219	-3.8146973e-06	0.009309195	0.0	214.79776978492737
489	-27.697979	5.2485547	-21.430222	-41.837757	25.434782	-26.517927	0.0	-26.517927	-26.517927	294000	6.318092e-08	27.963108	-0.007859898	-1.2126942	0.008322714	1.0	215.16732907295227
490	-27.230179	7.1150227	-16.668413	-49.26518	25.47826	-27.641993	1.9073486e-06	-27.64199	-27.64199	294600	2.3444494e-08	50.215378	-0.012014072	-0.15529251	0.009283886	1.0	215.95377159118652
491	-26.374594	8.033213	-17.626207	-53.27028	25.391304	-27.239548	0.0	-27.239548	-27.239548	295200	-5.2253405e-08	63.024845	-0.016551964	-0.7667923	0.008092451	1.0	216.37005877494812
492	-25.195684	3.942553	-20.888304	-35.19198	25.565218	-26.344894	0.0	-26.344894	-26.344894	295800	-6.934007e-08	16.534618	-0.01641038	-1.2245855	0.0095786	0.0	216.74163389205933
493	-26.173977	5.740701	-18.181189	-41.37994	25.52174	-25.21441	1.9073486e-06	-25.214409	-25.214409	296400	-3.1789145e-09	32.876286	-0.02999425	-0.87752914	0.009631249	0.0	217.11532378196716
494	-26.721752	5.64206	-15.728571	-36.970997	25.52174	-26.170536	0.0	-26.170536	-26.170536	297000	4.529953e-08	31.161737	-0.015758337	-0.2687683	0.0076482533	0.0	217.48766922950745
495	-27.2873	6.3114495	-19.683796	-44.76135	25.695652	-26.699581	0.0	-26.699581	-26.699581	297600	-1.16626424e-07	39.86438	-0.0027881537	-0.29982758	0.008024856	0.0	217.86863923072815
496	-27.031788	5.7133055	-17.60051	-39.579693	25.47826	-27.257383	1.9073486e-06	-27.257381	-27.257381	298200	-7.152558e-08	31.890123	-0.01804848	-0.06991577	0.008306051	0.0	218.26407122612
497	-26.566761	7.2105656	-14.873	-49.116447	25.347826	-26.988878	0.0	-26.988878	-26.988878	298800	1.3987223e-07	51.2764	-0.01433183	-0.15439606	0.0065752864	1.0	218.70734000205994
498	-28.223007	6.003334	-19.090408	-40.543545	25.304348	-26.590471	1.9073486e-06	-26.590473	-26.590473	299400	-4.4107438e-08	37.41024	-0.015979555	-2.4674797	0.007654968	1.0	219.14825057983398
499	-27.850145	6.0907903	-18.551308	-46.868053	25.608696	-28.183369	0.0	-28.183369	-28.183369	300000	4.8677126e-08	36.79871	-0.003211453	-0.1294899	0.0058503565	1.0	220.11254811286926
