Epoch	AverageEpRet	StdEpRet	MaxEpRet	MinEpRet	EpLen	AverageVVals	StdVVals	MaxVVals	MinVVals	TotalEnvInteracts	LossPi	LossV	DeltaLossPi	DeltaLossV	KL	BacktrackIters	Time
0	-826.25244	96.05451	-369.7491	-912.947	11.875	2.2218082	0.8558993	3.3879626	0.0	600	2.113978e-07	544187.4	-0.03732934	-7881.4375	0.009052183	0.0	1.1458146572113037
1	-811.7509	84.155365	-610.91656	-886.4	11.979167	-3.6036947	1.1080264	-0.6562647	-5.158418	1200	-7.78834e-08	501755.84	-0.040672846	-5914.25	0.00968666	0.0	1.6969187259674072
2	-793.7017	126.71907	-359.25677	-886.4	13.431818	-7.9220786	1.8983412	-1.591536	-8.886988	1800	7.2320304e-08	449949.75	-0.035508607	-3780.2188	0.008423005	0.0	2.249830961227417
3	-738.857	222.01935	-120.537506	-886.4	13.651163	-10.8454895	2.244973	-2.9952009	-11.575639	2400	-1.056989e-07	309210.9	-0.035882074	-2295.0	0.008805979	0.0	2.8218181133270264
4	-709.7093	197.86067	-292.95798	-886.4	18.290323	-13.326027	2.0743184	-4.6167827	-13.848531	3000	-7.5499216e-08	289442.2	-0.033039883	-2321.375	0.0081900405	0.0	3.399641275405884
5	-641.80396	279.85938	-114.58332	-886.4	16.162163	-15.536191	2.4021583	-6.308603	-16.179522	3600	-8.543332e-08	188204.6	-0.03608741	-1477.7344	0.0064922334	0.0	3.9709315299987793
6	-696.7411	258.6274	-66.45796	-886.4	13.690476	-17.364529	2.5631952	-8.145778	-18.089197	4200	1.2715658e-08	201773.44	-0.03470171	-1620.25	0.0072047375	0.0	4.543607234954834
7	-629.6786	270.3171	-93.98806	-886.4	17.9375	-19.535883	2.2008607	-10.41774	-20.077631	4800	-1.0251999e-07	179434.14	-0.031190706	-1535.7969	0.0036692193	0.0	5.1147754192352295
8	-700.0183	255.44273	-51.525963	-886.4	13.926829	-21.396568	2.4625523	-12.502707	-22.0973	5400	2.7020773e-08	208152.88	-0.034294356	-1819.0625	0.007963443	0.0	5.6304943561553955
9	-689.74896	289.57736	-76.19404	-886.4	11.0	-23.45364	2.6252143	-15.11406	-24.28916	6000	-1.947085e-08	140174.31	-0.041257013	-1201.8281	0.0056760907	0.0	6.180976390838623
10	-501.6156	329.5276	-64.84937	-886.4	19.166666	-25.625017	1.8345116	-17.765835	-26.056479	6600	-5.4041546e-08	93251.37	-0.031302746	-741.4375	0.00747125	0.0	7.103617906570435
11	-531.6838	354.74155	-26.462915	-886.4	15.864865	-27.042143	1.9687574	-19.471027	-27.556509	7200	-8.742014e-09	66597.875	-0.028689248	-508.3828	0.0074239634	0.0	7.664707899093628
12	-452.83017	351.09317	-20.83217	-886.4	18.709677	-28.3888	1.7303267	-21.09893	-28.801477	7800	1.2715658e-08	44852.14	-0.024991274	-374.57422	0.009832468	0.0	8.22871470451355
13	-454.99988	386.62997	-33.96064	-886.4	16.13889	-29.446827	1.7894403	-22.466818	-29.908327	8400	-9.934108e-09	31982.143	-0.03413488	-180.00195	0.007067186	0.0	8.799025297164917
14	-386.55295	374.47156	-35.696762	-886.4	18.451612	-30.290056	1.5799928	-23.634233	-30.667974	9000	-9.536743e-08	24500.193	-0.032506168	-142.35156	0.009451959	0.0	9.369759321212769
15	-354.3127	383.4342	-27.600893	-886.4	18.6875	-30.992285	1.5391939	-24.61236	-31.365938	9600	-1.2715658e-08	21887.117	-0.029680874	-82.72461	0.0063286084	0.0	9.944909811019897
16	-351.73624	389.0659	-20.754015	-886.4	18.375	-31.539303	1.4894664	-25.42798	-31.905853	10200	1.5894573e-08	17853.854	-0.02946894	-62.097656	0.006877943	0.0	10.511530637741089
17	-268.71713	355.4059	-21.052631	-886.4	20.857143	-32.06217	1.3284779	-26.167429	-32.363285	10800	1.2715658e-08	11212.391	-0.031872243	-35.50586	0.005454607	0.0	11.078572988510132
18	-287.12848	362.7744	-22.298962	-886.4	19.933332	-32.421112	1.3310835	-26.721914	-32.735405	11400	4.7683715e-09	12587.959	-0.03870783	-45.604492	0.0045791157	0.0	11.644042730331421
19	-236.42184	341.33826	-19.918308	-886.4	21.25	-32.875885	1.2482028	-27.337307	-33.158497	12000	1.5894573e-08	9827.557	-0.03621623	-27.167969	0.0042824056	0.0	12.148959636688232
20	-279.61194	366.73206	-18.55814	-886.4	20.0	-33.21913	1.2354686	-27.833912	-33.503765	12600	-3.9438408e-08	11295.204	-0.045023084	-31.077148	0.0031684407	0.0	12.880655765533447
21	-158.14671	269.41653	-34.177345	-886.4	23.56	-33.6239	1.114509	-28.38735	-33.862446	13200	1.8278758e-08	4578.211	-0.036031514	-18.629395	0.0028009352	0.0	13.414559841156006
22	-157.8942	269.8513	-29.809795	-886.4	23.52	-33.939148	1.0984842	-28.777882	-34.17414	13800	3.4968057e-08	4756.158	-0.036309946	-18.175781	0.0032465896	0.0	13.977275848388672
23	-60.609848	26.109423	-22.612371	-119.04161	26.681818	-34.281334	1.0232737	-29.156174	-34.48682	14400	6.9936114e-08	1351.8271	-0.024441399	-15.807617	0.009196517	0.0	14.516775608062744
24	-65.04193	34.800877	-22.645071	-156.25273	27.227272	-34.590084	1.0255556	-29.45348	-34.79597	15000	3.33786e-08	2199.488	-0.025845226	-23.129639	0.008424987	0.0	15.089397430419922
25	-91.282715	170.57912	-26.780554	-886.4	25.565218	-34.958176	1.0521402	-29.80385	-35.17416	15600	3.4968057e-08	2005.0398	-0.027301157	-12.34314	0.0047560493	0.0	15.649467945098877
26	-103.432594	169.09274	-19.27077	-886.4	25.434782	-35.248413	1.0499655	-30.104744	-35.463898	16200	2.7020773e-08	2974.7068	-0.011002017	-27.979736	0.009372074	0.0	16.21491312980652
27	-92.4525	171.75047	-21.055504	-886.4	25.608696	-35.676952	1.0486572	-30.539675	-35.892136	16800	-1.5894572e-09	2539.4595	-0.023750389	-14.231934	0.0073008505	0.0	16.779886484146118
28	-142.98164	226.01175	-33.52212	-886.4	24.416666	-35.9945	1.0659772	-30.88239	-36.218105	17400	2.5431316e-08	4884.269	-0.027577443	-48.032715	0.0076559796	0.0	17.344398260116577
29	-50.145973	20.909128	-25.135868	-97.74504	26.636364	-36.59347	1.0177215	-31.496084	-36.797726	18000	1.2040138e-07	609.8734	-0.022333082	-6.5845947	0.008524952	0.0	17.915996551513672
30	-49.404385	18.134695	-21.460072	-83.769516	26.90909	-36.84524	1.0184898	-31.744026	-37.049744	18600	-3.1193096e-08	482.46292	-0.024388472	-4.9828186	0.007897328	0.0	18.629695892333984
31	-52.193863	20.010447	-25.042778	-112.353264	26.727272	-37.04777	1.0202435	-31.937746	-37.252445	19200	1.2715658e-08	606.4235	-0.013896434	-7.125	0.0062793214	2.0	19.15509343147278
32	-57.098633	21.08487	-24.452581	-101.883026	27.09091	-37.292046	1.022394	-32.17126	-37.49725	19800	-7.212162e-08	839.25385	-0.031511668	-13.372314	0.008100123	0.0	19.701353311538696
33	-53.044777	17.70174	-31.906155	-114.374504	26.59091	-37.632267	1.0258849	-32.493977	-37.838036	20400	-5.4836274e-08	556.8699	-0.017458148	-8.674561	0.006739084	0.0	20.271382093429565
34	-84.61261	171.70464	-26.074947	-886.4	25.782608	-37.91176	1.0496293	-32.769722	-38.127125	21000	-2.22524e-08	1595.19	-0.02915422	-5.348755	0.003774328	0.0	20.893185138702393
35	-52.754684	23.188847	-22.905558	-97.03575	26.954546	-38.14873	1.0213803	-33.03305	-38.353863	21600	-4.331271e-08	748.647	-0.024324529	-8.177856	0.00831624	0.0	21.517332553863525
36	-50.877346	9.348791	-25.782934	-64.624825	26.863636	-38.43305	1.0225902	-33.311287	-38.638283	22200	1.2358029e-07	240.2119	-0.017534299	-6.319031	0.0072655994	1.0	22.129966020584106
37	-60.147133	30.084095	-19.482515	-142.70638	26.90909	-38.693855	1.0244429	-33.56279	-38.899376	22800	-1.07288365e-08	1388.3829	-0.016476102	-18.939575	0.0069927135	0.0	22.749590158462524
38	-52.047207	21.718931	-23.874626	-99.66713	26.727272	-39.139305	1.0285649	-33.987595	-39.34561	23400	6.8048635e-08	622.0055	-0.023728414	-7.536438	0.009258463	0.0	23.35988187789917
39	-52.504433	25.697989	-19.826027	-119.36918	27.045454	-39.44433	1.0305796	-34.282536	-39.65112	24000	-5.821387e-08	846.99347	-0.015705124	-8.153809	0.008344743	0.0	23.980011224746704
40	-51.8504	23.3887	-26.985096	-103.262596	26.818182	-39.75536	1.0326928	-34.582977	-39.962498	24600	-4.6690307e-08	692.86743	-0.02331325	-7.055847	0.008428799	0.0	24.791734218597412
41	-82.53056	172.00238	-28.788269	-886.4	25.608696	-40.044224	1.0557241	-34.872322	-40.260796	25200	3.973643e-08	1456.4056	-0.026409497	-2.908081	0.00681741	0.0	25.237900972366333
42	-46.86455	18.949995	-26.19103	-99.15058	27.0	-40.246918	1.0229045	-35.123566	-40.452145	25800	-3.1789145e-09	411.17337	-0.021922503	-2.4005432	0.00951382	0.0	25.68178081512451
43	-47.48267	20.019403	-19.414314	-106.12315	27.045454	-40.4272	1.0215755	-35.31051	-40.63219	26400	-1.1920929e-08	455.4854	-0.019192278	-2.752533	0.00839409	0.0	26.19106435775757
44	-50.31873	21.840933	-21.097546	-95.30517	27.0	-40.62337	1.0218344	-35.505386	-40.828426	27000	3.0199686e-08	573.2924	-0.016599258	-5.267151	0.007917669	0.0	26.735347032546997
45	-46.419342	20.734324	-21.004066	-98.36318	26.863636	-40.89723	1.022879	-35.774	-41.102417	27600	-1.3411045e-08	462.5326	-0.02135433	-1.9213562	0.0086322725	0.0	27.284955978393555
46	-51.194412	23.017927	-25.327095	-126.29177	26.90909	-41.07548	1.0226369	-35.953484	-41.28072	28200	9.536743e-09	656.7767	-0.030385008	-6.3710938	0.009935061	0.0	27.843199491500854
47	-42.386227	13.329703	-23.80368	-67.66526	26.772728	-41.385483	1.0238768	-36.257282	-41.59101	28800	-7.947286e-10	176.42769	-0.025332414	-0.113586426	0.0076375185	0.0	28.398757696151733
48	-51.10322	26.288092	-20.665123	-113.20737	26.818182	-41.448185	1.0221422	-36.328648	-41.653206	29400	1.390775e-09	780.81934	-0.017560013	-5.588257	0.008245676	0.0	28.931583881378174
49	-38.64395	16.133842	-23.4145	-80.828026	26.681818	-41.74299	1.0228082	-36.620117	-41.94819	30000	-9.536743e-09	265.1542	-0.016371025	-0.396698	0.007329861	1.0	29.48606276512146
50	-39.104904	13.9733305	-19.955175	-79.22852	27.0	-41.68011	1.0194966	-36.573826	-41.884613	30600	-1.5894573e-08	202.65079	-0.0142349545	-0.4875183	0.008621633	0.0	30.296769380569458
51	-52.285316	20.317415	-22.946653	-105.03716	26.772728	-41.583817	1.0157559	-36.496265	-41.787575	31200	3.973643e-09	526.1285	-0.020396523	-7.3170776	0.009771358	0.0	30.83246088027954
52	-41.141724	16.853361	-25.365065	-84.11517	26.90909	-41.935284	1.0167001	-36.843	-42.139206	31800	9.139379e-09	276.52264	-0.03042138	0.0146484375	0.0071373032	0.0	31.35021662712097
53	-48.698647	19.096779	-28.432451	-98.51671	27.181818	-41.94619	1.0138245	-36.86831	-42.149517	32400	1.847744e-08	420.27524	-0.013896155	-3.4825745	0.007141881	3.0	31.92370867729187
54	-84.7035	171.75244	-23.475248	-886.4	25.73913	-42.1913	1.0345029	-37.123333	-42.403366	33000	-3.1789145e-09	1533.9033	-0.025044272	-4.883911	0.009203374	0.0	32.4850959777832
55	-42.927303	22.909138	-19.6288	-116.88881	27.0	-42.51486	0.99450463	-37.533745	-42.714348	33600	1.2119611e-08	538.19086	-0.018801235	-0.08770752	0.009602814	0.0	33.050267457962036
56	-47.52368	16.45792	-22.850067	-86.83079	26.818182	-42.57604	0.98972726	-37.618866	-42.77463	34200	1.1523564e-08	287.6648	-0.021651568	-1.8762207	0.0076534827	0.0	33.5611629486084
57	-42.456017	16.40027	-20.537231	-86.27371	26.90909	-42.77726	0.9885298	-37.82607	-42.975544	34800	3.973643e-10	270.09448	-0.020675367	0.00039672852	0.00841181	0.0	34.10821580886841
58	-40.827595	13.1680155	-22.40265	-80.32578	26.90909	-42.79126	0.98541665	-37.855667	-42.988922	35400	-2.1457673e-08	174.07422	-0.022887873	-0.36380005	0.008730688	0.0	34.6645393371582
59	-42.687134	17.643057	-21.659533	-92.92777	26.954546	-42.69967	0.9810641	-37.785896	-42.896553	36000	-4.2915346e-08	316.94864	-0.017638357	-0.0050354004	0.0074747056	0.0	35.230382442474365
60	-43.96363	15.007852	-25.373493	-69.94757	27.181818	-42.694233	0.9776078	-37.79775	-42.890316	36600	1.2318293e-08	228.9126	-0.018095218	-0.19458008	0.00830389	0.0	36.0353319644928
61	-40.80365	16.126604	-22.367498	-83.352036	27.045454	-42.76324	0.97480804	-37.88078	-42.95876	37200	4.688899e-08	263.69067	-0.015195672	-0.35247803	0.005754636	0.0	36.58609366416931
62	-41.25094	16.660261	-20.469439	-87.21884	26.772728	-42.672485	0.9701898	-37.81316	-42.867096	37800	-1.9172827e-08	278.34988	-0.019784508	-0.25186157	0.008389182	0.0	37.14467692375183
63	-40.66023	18.191145	-22.312965	-103.79412	26.954546	-42.584652	0.96547633	-37.748936	-42.778324	38400	-1.5497207e-08	343.84302	-0.020397563	-0.36889648	0.0085628275	0.0	37.71253323554993
64	-40.763676	11.566067	-22.51124	-68.61531	27.045454	-42.478756	0.9605861	-37.667534	-42.67146	39000	5.801519e-08	138.0399	-0.019752372	-0.33203125	0.009521985	0.0	38.291531801223755
65	-78.40952	173.02705	-19.788624	-886.4	26.043478	-42.36658	0.9752956	-37.588684	-42.56659	39600	0.0	1478.3254	-0.025290262	-0.538208	0.00865116	0.0	38.90795373916626
66	-38.39656	14.797239	-19.106844	-74.66051	27.0	-42.409363	0.9255641	-37.77356	-42.59509	40200	9.139379e-09	235.24037	-0.011798501	-1.8746185	0.007235986	0.0	39.52115082740784
67	-37.83479	11.159259	-23.313562	-59.37021	26.954546	-42.16851	0.91591233	-37.581043	-42.35224	40800	-2.3841858e-08	143.02216	-0.019135172	-2.5091553	0.007485006	0.0	40.14425849914551
68	-39.58973	13.217374	-19.030304	-67.6517	27.272728	-41.872623	0.88962775	-37.31271	-42.046986	41400	4.5696893e-08	180.87352	-0.026853487	-0.7575836	0.008058456	0.0	40.7671480178833
69	-73.320946	173.90125	-21.42977	-886.4	25.782608	-41.67804	0.9217635	-37.1624	-41.86714	42000	-1.9073486e-08	1430.6102	-0.026437828	-2.6779785	0.0074183736	0.0	41.38356614112854
70	-74.1306	165.07436	-24.136036	-846.21655	25.913044	-41.389725	0.8864419	-37.04712	-41.571617	42600	-2.4636586e-08	3414.5305	-0.018020134	-0.7644043	0.0054779937	0.0	42.207409143447876
71	-44.778934	20.402248	-23.358181	-90.15786	27.333334	-41.488934	0.8208491	-37.28156	-41.649853	43200	-1.07288365e-08	423.0933	-0.027027959	-1.8835144	0.008898571	0.0	42.67690706253052
72	-33.405132	8.846705	-23.414093	-58.16364	26.90909	-41.759415	0.8354228	-37.575085	-41.927002	43800	1.7484028e-08	147.29451	-0.025192369	-9.887085	0.008941797	0.0	43.1469407081604
73	-41.101303	15.938924	-24.578337	-82.95802	27.181818	-41.14206	0.82522815	-37.008812	-41.307728	44400	7.549922e-09	250.28448	-0.018625762	-0.01737976	0.0060025514	0.0	43.64942216873169
74	-39.972214	16.121496	-18.905416	-80.86589	27.227272	-41.058086	0.82063514	-36.94783	-41.222733	45000	-2.39412e-08	264.41187	-0.028013904	-0.1368103	0.009320185	0.0	44.21373438835144
75	-44.47982	17.94456	-19.933388	-98.496254	27.0	-40.98209	0.8161967	-36.894066	-41.145885	45600	1.7086665e-08	342.63132	-0.023644827	-2.1333008	0.007802067	0.0	44.78363275527954
76	-42.105392	16.252453	-22.064114	-90.99149	27.045454	-41.28945	0.8158044	-37.20339	-41.45313	46200	5.3644182e-09	265.25717	-0.014927965	-0.17544556	0.009191593	0.0	45.34728932380676
77	-42.577976	15.010026	-22.572142	-67.55508	27.181818	-41.400032	0.81299907	-37.32803	-41.56322	46800	-2.960364e-08	226.02536	-0.018809985	-0.2751007	0.0073880865	0.0	45.91755652427673
78	-36.871445	14.467509	-20.013897	-72.887215	26.863636	-41.519833	0.8101902	-37.461884	-41.68234	47400	-7.947286e-10	229.50159	-0.018262872	-3.8412476	0.006559269	1.0	46.47739863395691
79	-36.108192	10.627838	-21.56415	-63.439777	26.954546	-41.081802	0.80131996	-37.068295	-41.24259	48000	-5.185604e-08	136.51442	-0.018270446	-5.149292	0.008436188	0.0	47.03651785850525
80	-36.026745	12.207244	-18.744896	-68.48589	27.0	-40.52944	0.79110026	-36.56712	-40.688217	48600	3.1391778e-08	167.9795	-0.018828206	-4.3823395	0.008427829	0.0	47.82149529457092
81	-31.946966	9.911789	-18.617922	-58.553978	27.045454	-40.00571	0.7811041	-36.093445	-40.162437	49200	5.00679e-08	162.80956	-0.01545773	-13.839157	0.008293489	0.0	48.341861724853516
82	-36.54557	12.339378	-20.190825	-59.393887	26.90909	-39.084183	0.7664683	-35.24523	-39.23802	49800	8.940697e-09	157.69888	-0.023784904	-1.7876129	0.009809074	0.0	48.88545250892639
83	-37.551453	15.136984	-18.70927	-72.13811	27.045454	-38.702866	0.75787896	-34.906933	-38.85496	50400	3.973643e-09	230.68071	-0.020262016	-0.3193512	0.008797099	0.0	49.43238306045532
84	-42.225384	16.52166	-20.87224	-79.339226	27.09091	-38.546154	0.75190073	-34.780163	-38.69703	51000	1.4702479e-08	288.69702	-0.02234455	-3.1721191	0.0064145047	0.0	49.97423696517944
85	-70.86516	165.81335	-20.956667	-845.45215	25.869566	-38.986027	0.7683824	-35.221794	-39.143745	51600	-6.357829e-09	3506.545	-0.027744675	-0.71362305	0.007859428	0.0	50.51333451271057
86	-37.170666	13.615659	-22.649729	-64.83609	26.772728	-39.136135	0.7179756	-35.54007	-39.280243	52200	-9.934108e-10	185.11583	-0.023583723	-1.0151825	0.009058305	0.0	51.08822822570801
87	-38.68625	16.547949	-19.968052	-75.09587	27.09091	-38.875343	0.7069858	-35.33432	-39.017223	52800	-1.39077505e-08	271.23245	-0.016450906	-0.019958496	0.0068203527	1.0	51.67446804046631
88	-35.87535	10.208607	-18.030802	-63.96278	26.90909	-38.823895	0.70238817	-35.305893	-38.96484	53400	-5.5631e-09	111.22096	-0.021213003	-2.369194	0.0076656374	0.0	52.26634621620178
89	-41.65155	15.224529	-18.349709	-68.34983	27.045454	-38.39829	0.693435	-34.92513	-38.537434	54000	2.78155e-09	241.68994	-0.014649158	-2.665924	0.007825611	0.0	52.860461950302124
90	-34.9512	9.224778	-19.314608	-51.057056	26.90909	-38.83431	0.69423634	-35.35714	-38.97362	54600	1.7881394e-08	99.603226	-0.012551621	-3.8809433	0.00772245	0.0	53.6923770904541
91	-36.765984	14.216434	-19.644815	-73.81501	26.818182	-38.296043	0.68391603	-34.870567	-38.433266	55200	1.947085e-08	199.82481	-0.018469274	-0.9276581	0.0051048105	0.0	54.20560336112976
92	-41.50192	19.925112	-19.979794	-99.88349	27.136364	-37.979435	0.6759558	-34.59382	-38.115074	55800	3.3577283e-08	417.38113	-0.025359351	-4.0839844	0.009716643	0.0	54.74822378158569
93	-35.260292	11.154249	-19.39497	-65.352715	27.0	-38.568977	0.67852396	-35.1705	-38.70513	56400	2.3444494e-08	135.7761	-0.009311332	-2.8395233	0.0070370333	0.0	55.29502534866333
94	-35.156918	12.383123	-18.921299	-67.03232	27.045454	-38.08989	0.6687962	-34.74014	-38.224117	57000	1.9669534e-08	163.19049	-0.019234516	-2.801178	0.009647878	0.0	55.83634686470032
95	-72.44813	173.7924	-22.02173	-886.4	25.782608	-37.534077	0.6717881	-34.24304	-37.671852	57600	4.7683715e-09	1307.0117	-0.03044801	-0.94433594	0.004542241	0.0	56.402780532836914
96	-37.323288	15.3445635	-19.983662	-68.05795	26.90909	-37.353172	0.61139244	-34.290936	-37.475857	58200	2.6325385e-08	231.63992	-0.023023697	-0.013626099	0.008047719	0.0	56.97092318534851
97	-36.281506	11.529469	-21.194075	-55.2297	27.0	-37.327183	0.6025318	-34.309322	-37.448086	58800	6.576379e-08	132.82799	-0.02681871	-0.39517212	0.009371993	0.0	57.53364109992981
98	-34.228165	12.81797	-21.628508	-75.52851	27.0	-37.120564	0.59653044	-34.132763	-37.240288	59400	-3.516674e-08	171.35117	-0.017624177	-3.0779114	0.008367041	1.0	58.09929609298706
99	-33.668453	10.844646	-19.326918	-52.836395	26.863636	-36.520164	0.58617353	-33.58424	-36.6378	60000	-3.794829e-08	124.28427	-0.0116065405	-3.3691177	0.008947048	0.0	58.66956806182861
100	-32.441677	11.938179	-19.005476	-61.25401	27.09091	-35.860386	0.5750476	-32.980183	-35.975792	60600	7.549922e-09	154.34756	-0.017850464	-4.591339	0.00627834	0.0	59.53394865989685
101	-68.191025	174.7486	-20.41257	-886.4	25.869566	-35.07601	0.5742318	-32.262897	-35.19384	61200	1.5894573e-08	1344.9941	-0.028668677	-3.7230225	0.0055117696	0.0	60.05333614349365
102	-35.552128	12.310402	-16.152105	-58.045975	26.90909	-34.4162	0.5148208	-31.837658	-34.519543	61800	-2.8212865e-08	150.87695	-0.023193667	-0.40193176	0.008597221	0.0	60.58720850944519
103	-34.124805	9.668874	-19.975435	-54.742523	27.136364	-34.61612	0.50982326	-32.062607	-34.71846	62400	-2.4239222e-08	94.12707	-0.01761775	-0.06272888	0.0072473087	0.0	61.11928153038025
104	-32.56536	10.010988	-18.815207	-59.563297	27.09091	-34.538197	0.5061723	-32.00297	-34.639816	63000	-1.9868215e-10	103.38081	-0.013185321	-1.6873627	0.009532949	0.0	61.65127897262573
105	-37.81197	13.856177	-18.554745	-67.83983	27.045454	-34.04234	0.49786714	-31.548708	-34.142265	63600	1.0331472e-08	205.50844	-0.021213705	-6.13916	0.008990516	0.0	62.21813225746155
106	-33.27222	11.064278	-21.912119	-66.362	27.09091	-34.971146	0.50507444	-32.44142	-35.072544	64200	1.5695889e-08	126.562164	-0.02291063	-0.95529175	0.009834779	0.0	62.78421497344971
107	-71.2777	174.02715	-22.188375	-886.4	25.913044	-34.630226	0.50874275	-32.137943	-34.73463	64800	1.4305114e-08	1303.9916	-0.031096587	-0.9812012	0.005615096	0.0	63.36014533042908
108	-32.746994	10.37924	-18.922354	-56.782303	27.0	-34.85697	0.46071452	-32.549435	-34.94948	65400	4.251798e-08	111.28482	-0.014768185	-2.077774	0.0068196286	0.0	63.95308446884155
109	-34.846863	13.78196	-23.008474	-84.30487	27.136364	-34.28351	0.44802552	-32.039524	-34.373463	66000	-1.1722247e-08	193.69833	-0.017886538	-0.19174194	0.009371307	0.0	64.55059146881104
110	-30.062054	9.315715	-16.529938	-56.57016	27.09091	-34.43797	0.4472573	-32.19783	-34.52776	66600	2.4437904e-08	105.199554	-0.020469166	-9.488472	0.007750327	0.0	65.39243006706238
111	-32.037186	7.420216	-22.624153	-50.155556	27.136364	-33.146595	0.43173325	-30.984215	-33.23328	67200	3.973643e-08	56.026707	-0.010457044	-0.7798042	0.008555788	0.0	65.9004008769989
112	-32.928635	8.456133	-17.739477	-52.34646	26.954546	-32.700684	0.4248131	-30.572962	-32.78599	67800	-1.7484028e-08	70.30693	-0.01927326	-0.014297485	0.009188429	0.0	66.43766665458679
113	-28.67815	7.2357483	-18.940071	-49.140564	27.0	-32.73756	0.42280212	-30.619911	-32.822456	68400	5.4041546e-08	68.771164	-0.014312522	-8.845253	0.009221659	0.0	66.95884776115417
114	-30.358528	10.59608	-19.507215	-68.23542	27.045454	-31.413418	0.4068081	-29.375874	-31.495113	69000	-9.139379e-09	114.67729	-0.0073300656	-0.6723709	0.008323876	0.0	67.51381158828735
115	-29.618042	11.611035	-18.053057	-67.459526	27.045454	-30.976881	0.40009505	-28.972963	-31.057224	69600	-2.1060307e-08	137.67242	-0.019846393	-1.0017853	0.009264339	0.0	68.08583092689514
116	-32.81326	8.431967	-18.513968	-47.090878	27.0	-30.500507	0.39296854	-28.532284	-30.579432	70200	-2.582868e-08	76.23209	-0.015484142	-3.0757751	0.0071942154	0.0	68.64684796333313
117	-30.522398	9.863492	-18.351433	-61.504906	27.136364	-31.309155	0.39917725	-29.309832	-31.389317	70800	2.3841857e-09	98.83401	-0.01940109	-0.25445557	0.007884174	0.0	69.21774768829346
118	-34.748898	8.49907	-21.612938	-54.460827	27.0	-31.101217	0.39474002	-29.12412	-31.180489	71400	-1.5099843e-08	84.70572	-0.013156291	-7.972946	0.00654946	0.0	69.78173398971558
119	-29.104591	9.698482	-16.796955	-62.14756	26.954546	-32.46887	0.4060959	-30.43489	-32.550415	72000	-4.808108e-08	103.048996	-0.023109276	-6.8603897	0.0077406326	0.0	70.34764170646667
120	-34.201984	9.427057	-21.727642	-58.879646	27.0	-31.227774	0.39097747	-29.26952	-31.306293	72600	1.4901161e-08	97.504974	-0.02232758	-5.323662	0.008760365	0.0	71.17301845550537
121	-32.715096	9.280038	-19.650646	-61.382496	27.136364	-32.331955	0.39939284	-30.331549	-32.412155	73200	-1.8676122e-08	84.61773	-0.014183833	-0.124931335	0.007777881	0.0	71.69198226928711
122	-33.043343	10.855583	-17.308828	-60.52036	27.09091	-32.568653	0.3988919	-30.570759	-32.64875	73800	-2.2649765e-08	116.38909	-0.01827341	-0.15687561	0.008718897	0.0	72.22552871704102
123	-31.410028	10.964558	-21.535833	-59.479027	27.09091	-32.778053	0.39800167	-30.784618	-32.85797	74400	-3.973643e-10	123.54063	-0.016807308	-1.0567093	0.008269361	0.0	72.76741218566895
124	-32.29786	9.373054	-23.180311	-63.644318	26.90909	-32.238605	0.38997525	-30.285372	-32.316914	75000	-4.7683717e-08	86.820435	-0.023126394	-0.0008392334	0.009195314	1.0	73.30084252357483
125	-28.015984	9.752121	-16.648558	-50.138508	27.09091	-32.21871	0.3868215	-30.281273	-32.296375	75600	-3.4968057e-08	112.10234	-0.016445905	-12.170906	0.007741556	0.0	73.86635756492615
126	-28.356087	6.1324763	-19.681446	-43.7063	27.045454	-30.302942	0.3654062	-28.472767	-30.37632	76200	9.536743e-09	41.423035	-0.013915769	-2.8357239	0.008998366	0.0	74.40388774871826
127	-27.87868	11.269474	-18.67876	-67.54613	27.045454	-29.293144	0.35289225	-27.525642	-29.364	76800	-5.3246815e-08	130.27328	-0.013233463	-1.3822479	0.0063466476	0.0	75.0046157836914
128	-30.312664	10.408173	-20.253584	-65.19912	26.954546	-28.596666	0.3435953	-26.875729	-28.665672	77400	-3.218651e-08	107.415306	-0.018873272	-1.9107208	0.008125621	0.0	75.63058280944824
129	-31.51883	11.420763	-17.211842	-60.35767	27.181818	-29.374641	0.34880188	-27.62763	-29.444685	78000	3.0994414e-08	137.11469	-0.023367971	-3.9553375	0.009142761	0.0	76.2556791305542
130	-27.844568	7.6899776	-16.013039	-45.018345	27.136364	-30.571575	0.3578799	-28.77909	-30.643435	78600	-3.039837e-08	66.49184	-0.013374154	-5.335678	0.009912656	0.0	77.12184357643127
131	-31.697876	8.599122	-19.05376	-50.377853	27.09091	-29.231731	0.3423128	-27.517221	-29.300482	79200	2.3543835e-08	80.38252	-0.018276548	-4.719536	0.009323041	0.0	77.62798404693604
132	-30.871271	10.181373	-15.861839	-52.321884	26.954546	-30.496927	0.35171703	-28.735317	-30.567564	79800	-1.11262e-08	102.55047	-0.025454404	-0.1122818	0.008030271	0.0	78.15684270858765
133	-26.503386	5.7909746	-16.554127	-40.05412	26.954546	-30.749342	0.35105443	-28.991049	-30.819838	80400	2.22524e-08	51.04938	-0.0033945283	-14.241589	0.0047974116	0.0	78.6845052242279
134	-26.58481	4.897628	-18.205215	-36.21384	27.0	-28.420563	0.32631704	-26.78617	-28.4861	81000	6.7551933e-09	27.198126	-0.014987583	-2.8281898	0.008073945	0.0	79.20663857460022
135	-29.494576	6.835358	-18.638634	-44.92063	27.0	-27.297503	0.31306294	-25.729494	-27.360382	81600	2.1060307e-08	50.8524	-0.013788114	-3.7651863	0.009237886	0.0	79.74388837814331
136	-27.986877	9.169556	-17.85899	-58.081573	27.045454	-28.5031	0.32203987	-26.890123	-28.567772	82200	-2.324581e-08	85.06185	-0.021420987	-0.15838623	0.008306865	0.0	80.2689118385315
137	-27.022032	7.0112715	-17.15507	-42.781387	27.0	-28.281166	0.31736884	-26.691595	-28.344915	82800	2.1855037e-08	50.20556	-0.011132041	-1.3413429	0.00916937	0.0	80.7914617061615
138	-27.332726	7.8039155	-17.246	-45.115814	27.045454	-27.510138	0.30754155	-25.969788	-27.57192	83400	1.7881394e-08	60.931824	-0.01608037	-0.022678375	0.006905313	1.0	81.31792163848877
139	-29.412745	10.030427	-17.721592	-55.304108	26.954546	-27.391396	0.30393806	-25.869093	-27.452454	84000	3.33786e-08	102.43989	-0.014306962	-3.3001328	0.007472677	0.0	81.86071681976318
140	-30.895876	11.336018	-17.500381	-57.345108	26.954546	-28.627083	0.31260017	-27.061396	-28.689869	84600	2.5431316e-08	132.10764	-0.022521827	-4.364952	0.008909703	0.0	82.73923015594482
141	-25.378063	6.228125	-16.216583	-39.119545	27.0	-30.098372	0.3226428	-28.48238	-30.163164	85200	-3.1789146e-08	60.585083	-0.024523862	-18.869488	0.006043737	0.0	83.33061933517456
142	-23.995892	5.011607	-16.323889	-37.51569	27.0	-27.15281	0.2935873	-25.68235	-27.211782	85800	-4.8478444e-08	34.830254	-0.018832687	-8.729284	0.0069742394	1.0	83.89797782897949
143	-29.832214	9.352234	-15.98706	-52.441116	27.181818	-25.051744	0.2720032	-23.68939	-25.106388	86400	-6.556511e-09	111.4651	-0.024352947	-20.055992	0.008911059	0.0	84.46991467475891
144	-26.974804	7.745417	-16.921473	-47.76154	27.0	-28.053633	0.29654887	-26.568338	-28.113195	87000	4.2120615e-08	60.147564	-0.025615256	-0.938324	0.009761053	0.0	85.03428864479065
145	-26.793623	7.6445093	-16.029049	-50.934612	27.0	-27.461243	0.2886375	-26.015574	-27.519228	87600	-3.973643e-09	59.14995	-0.009420103	-0.37322998	0.0060547097	0.0	85.59921669960022
146	-27.47782	7.2256155	-15.766607	-44.906082	27.045454	-27.014544	0.2820925	-25.601652	-27.071207	88200	-6.67572e-08	52.268158	-0.010166465	-0.20258331	0.0066525387	0.0	86.12659645080566
147	-23.621452	6.1781325	-16.397324	-44.333626	27.0	-27.325459	0.28206933	-25.912687	-27.382116	88800	-8.543332e-09	51.463985	-0.020813221	-12.012306	0.008997487	0.0	86.64510798454285
148	-27.916302	7.6099863	-17.657091	-45.457603	27.0	-24.860825	0.25828773	-23.56717	-24.912725	89400	4.2915346e-08	66.63164	-0.015345585	-8.040272	0.0071154134	0.0	87.1901204586029
149	-23.105904	4.967603	-15.594979	-33.39137	27.0	-26.834644	0.2727303	-25.468647	-26.889431	90000	-2.1855037e-08	38.28303	-0.0067795035	-12.038439	0.0059156	0.0	87.74179363250732
150	-24.835815	7.3905106	-15.031428	-48.48839	27.045454	-24.407654	0.24977742	-23.156624	-24.457846	90600	4.7683715e-09	55.266335	-0.01597351	-0.16691208	0.0068766247	1.0	88.67053723335266
151	-22.686579	3.7716773	-17.283457	-33.18305	27.0	-24.652002	0.249677	-23.401472	-24.70217	91200	-2.880891e-08	17.976725	-0.023055162	-3.4314222	0.007618843	0.0	89.21369671821594
152	-25.590893	6.4824443	-15.737613	-38.695408	27.045454	-23.306446	0.23602523	-22.124292	-23.353872	91800	1.6887983e-09	47.209187	-0.023302592	-4.7269974	0.008952494	0.0	89.78967714309692
153	-24.69327	5.0012994	-15.618764	-35.82809	26.954546	-24.886038	0.24725199	-23.64765	-24.93571	92400	-1.8278758e-08	24.66379	-0.01203938	-0.035749435	0.006446465	0.0	90.35912203788757
154	-23.919739	4.88822	-16.963526	-37.666687	27.136364	-24.77448	0.24392016	-23.552786	-24.82349	93000	-1.3510387e-08	24.636581	-0.016204057	-0.6246643	0.008960139	0.0	90.92798066139221
155	-25.8086	6.3281503	-15.913688	-40.531975	27.045454	-24.166794	0.23661166	-22.981699	-24.214334	93600	-1.11262e-08	42.53296	-0.010088908	-2.5147247	0.008417805	0.0	91.50298118591309
156	-22.312437	5.392013	-15.99535	-33.644783	26.954546	-25.385061	0.24413696	-24.162281	-25.434118	94200	2.1457673e-08	38.087196	-0.01806094	-8.733768	0.0090823285	0.0	92.07206130027771
157	-22.865252	4.689556	-16.193348	-38.530342	27.0	-23.111324	0.22338367	-21.992489	-23.15621	94800	4.6094257e-08	21.882786	-0.010617041	-0.060777664	0.006867644	0.0	92.55215549468994
158	-23.80725	4.653409	-16.324934	-30.323769	27.0	-22.879505	0.21939895	-21.780624	-22.923597	95400	1.8676122e-08	22.335333	-0.012046239	-0.80111694	0.008139	0.0	93.08544206619263
159	-22.630793	6.3537583	-15.445954	-36.677567	26.954546	-23.59421	0.22305736	-22.477005	-23.639025	96000	-1.6291937e-08	40.802044	-0.015541064	-0.8979988	0.00736808	0.0	93.63505005836487
160	-25.182142	6.4013453	-17.056065	-45.97096	26.954546	-22.834633	0.21476102	-21.75898	-22.877789	96600	3.7550926e-08	45.173786	-0.021939604	-5.003044	0.0071073086	1.0	94.54323697090149
161	-26.375093	7.7987347	-15.77258	-44.666943	26.954546	-24.654167	0.22672968	-23.518572	-24.699728	97200	3.695488e-08	62.87581	-0.02435334	-2.7379494	0.008262789	0.0	95.09087038040161
162	-23.285576	6.2732234	-15.978799	-41.01195	27.045454	-26.043476	0.2344574	-24.869171	-26.09057	97800	3.4819045e-08	46.70352	-0.01626469	-7.1041718	0.006614548	0.0	95.64204549789429
163	-23.27812	4.9902983	-16.5615	-34.034508	26.954546	-23.850037	0.21544142	-22.770977	-23.893326	98400	-2.8312206e-08	24.854576	-0.015170785	-0.33717918	0.008736502	0.0	96.19173789024353
164	-22.881386	5.397347	-15.268349	-35.53745	27.0	-23.338531	0.20919654	-22.290754	-23.380573	99000	9.536743e-09	29.092133	-0.017604724	-0.20221138	0.007947434	1.0	96.74724984169006
165	-23.594355	4.947404	-17.435837	-36.77736	27.0	-22.95273	0.2040337	-21.930807	-22.993729	99600	-9.536743e-09	24.67966	-0.01600357	-0.3939991	0.00775088	0.0	97.29486799240112
166	-60.91725	176.18956	-15.448869	-886.4	25.869566	-23.490156	0.21007237	-22.461035	-23.533304	100200	7.947286e-09	1315.5005	-0.032717664	-2.4523926	0.003603035	0.0	97.8710789680481
167	-24.067616	6.183583	-14.853307	-40.958775	27.0	-24.622137	0.15911832	-23.825178	-24.654112	100800	2.0414591e-08	38.185314	-0.019481778	-0.2983551	0.009417889	0.0	98.4069573879242
168	-24.984015	4.5868583	-16.367695	-35.7671	27.0	-24.14641	0.15070929	-23.391567	-24.176697	101400	-1.9868216e-08	21.544521	-0.011139214	-0.67863655	0.006698271	1.0	98.94641590118408
169	-22.949867	4.2501626	-17.208319	-34.266792	27.045454	-24.883623	0.15397285	-24.112434	-24.914564	102000	3.4471352e-08	21.758823	-0.019675685	-3.5702	0.009565662	0.0	99.4954080581665
170	-24.509926	7.889824	-16.398764	-41.148438	27.045454	-23.178715	0.14359772	-22.459492	-23.207575	102600	-6.953875e-10	63.883404	-0.019661311	-1.7938805	0.008034277	0.0	100.38744354248047
171	-20.244143	3.7055929	-14.83691	-28.459162	27.0	-24.391693	0.14955573	-23.642628	-24.421747	103200	-3.8544336e-08	30.655012	-0.01919088	-16.641207	0.009288367	0.0	100.96372556686401
172	-58.79236	176.47543	-16.137192	-886.4	25.869566	-20.757208	0.13121103	-20.114422	-20.784168	103800	0.0	1261.4895	-0.034188353	-3.6350098	0.0027814868	0.0	101.53289747238159
173	-23.658283	4.7256966	-16.830639	-36.61219	27.0	-22.34784	0.1106024	-21.793879	-22.370073	104400	-5.7021776e-08	23.819286	-0.017289229	-1.6682911	0.008556415	0.0	102.09381985664368
174	-21.83048	3.5643632	-16.77497	-29.626402	27.0	-23.52329	0.11278668	-22.958391	-23.545963	105000	-5.741914e-08	15.429915	-0.014847695	-2.7821226	0.009679243	0.0	102.65810775756836
175	-22.884245	4.5292683	-16.662512	-31.489544	27.0	-22.013212	0.10567448	-21.483934	-22.034456	105600	-3.0299027e-08	21.07021	-0.015524359	-0.7366905	0.006641233	1.0	103.21903824806213
176	-25.01474	4.3462734	-17.882832	-32.291584	27.0	-22.794247	0.10879332	-22.249344	-22.816113	106200	9.06984e-08	23.591143	-0.018190617	-4.80056	0.007691858	0.0	103.7858464717865
177	-22.098099	4.0403175	-15.456393	-31.147512	27.0	-24.815973	0.117221326	-24.228859	-24.839533	106800	2.3841858e-08	23.491945	-0.009938971	-7.183819	0.008783753	0.0	104.3522002696991
178	-22.69883	5.0390134	-15.662005	-35.80912	27.0	-22.365562	0.10610734	-21.834116	-22.386894	107400	1.3510387e-08	25.25852	-0.015963277	-0.10749054	0.008540864	0.0	104.80341291427612
179	-20.807125	3.6107626	-16.135279	-30.914747	27.0	-22.659153	0.10698429	-22.123314	-22.68066	108000	-1.9868216e-08	16.317099	-0.018510893	-3.3457203	0.008572011	0.0	105.31845760345459
180	-22.98175	5.9881196	-15.081604	-43.171642	27.0	-20.956524	0.099126376	-20.460041	-20.976452	108600	3.973643e-08	39.566708	-0.02407346	-3.9988708	0.009082117	0.0	106.21677446365356
181	-21.572256	4.0538135	-15.584211	-28.690775	27.0	-22.81855	0.106860705	-22.28333	-22.840033	109200	3.5762786e-09	17.820044	-0.010750132	-1.5164909	0.0068965983	0.0	106.78258657455444
182	-20.476051	2.6752386	-16.5765	-25.841059	27.0	-21.665792	0.10145119	-21.15767	-21.686192	109800	2.3841857e-09	8.498615	-0.021943288	-1.3846111	0.008999719	0.0	107.35660886764526
183	-21.58271	5.602258	-15.468028	-38.86179	27.0	-20.546055	0.09618924	-20.064283	-20.565392	110400	3.7352244e-08	32.14327	-0.011256058	-1.0506344	0.00816914	0.0	107.93598532676697
184	-23.206905	5.974062	-15.052196	-36.682808	27.0	-21.524347	0.10005033	-21.023237	-21.544462	111000	-5.086263e-08	38.142994	-0.018448919	-2.7700195	0.009576192	0.0	108.51089453697205
185	-21.394396	3.098261	-16.919525	-31.007214	27.0	-23.125923	0.10642155	-22.592903	-23.147314	111600	-2.4239222e-08	12.485306	-0.016905587	-2.9353714	0.007342023	0.0	109.077308177948
186	-22.798174	7.1079473	-16.153694	-46.746456	27.0	-21.476324	0.098958984	-20.98068	-21.496218	112200	2.1457673e-08	52.40542	-0.026322674	-1.7519798	0.009198305	0.0	109.650630235672
187	-21.224651	4.5496345	-15.147476	-33.536144	27.0	-22.757256	0.10389901	-22.23687	-22.778143	112800	2.0662943e-08	22.830553	-0.017750945	-2.3012733	0.008073686	0.0	110.21393942832947
188	-20.450956	3.4533775	-15.164292	-28.734987	27.0	-21.281689	0.09721793	-20.794764	-21.301233	113400	-3.0795733e-09	12.500339	-0.011660875	-0.6766443	0.009017072	0.0	110.77061533927917
189	-20.633043	3.9445486	-15.658916	-32.355984	26.954546	-20.47336	0.09336044	-20.00576	-20.492134	114000	1.013279e-08	15.402386	-0.022335472	-0.022644043	0.008022203	0.0	111.26569533348083
190	-20.47214	3.9996412	-15.733215	-30.1632	27.0	-20.621338	0.09355031	-20.152782	-20.640146	114600	-2.4239222e-08	15.868159	-0.010765809	-0.021953583	0.00862732	0.0	112.17158555984497
191	-20.536919	3.2266047	-14.702183	-27.89521	27.0	-20.474121	0.09249147	-20.01087	-20.492718	115200	-2.9802323e-09	10.319276	-0.00667446	-0.00392437	0.00690507	0.0	112.71814465522766
192	-21.247986	3.8070757	-15.581844	-28.772593	27.0	-20.536192	0.09230518	-20.073875	-20.554752	115800	-3.973643e-09	14.858138	-0.01675141	-0.496377	0.008100085	0.0	113.30673170089722
193	-21.146746	5.4944906	-15.532978	-41.25498	27.0	-21.245533	0.09477696	-20.770838	-21.264591	116400	2.582868e-08	29.906342	-0.018229784	-0.009706497	0.0075215194	0.0	113.93462491035461
194	-19.468462	3.366022	-15.286854	-29.61326	27.0	-21.146433	0.09385723	-20.676342	-21.165304	117000	-3.069639e-08	14.015183	-0.012422086	-2.7600107	0.009106216	0.0	114.56575798988342
195	-21.786858	5.435726	-15.936706	-38.640152	27.0	-19.464994	0.08643645	-19.032068	-19.482372	117600	1.4702479e-08	34.593628	-0.015978757	-5.282791	0.009003071	0.0	115.18848896026611
196	-21.68911	3.7619648	-16.74113	-28.1704	27.0	-21.784893	0.09542482	-21.30695	-21.804077	118200	3.059705e-08	14.029196	-0.011533763	-0.009137154	0.006165896	0.0	115.80803060531616
197	-20.846342	4.896892	-15.839587	-37.65859	27.0	-21.688631	0.09445821	-21.215528	-21.70762	118800	4.172325e-09	24.45213	-0.009655201	-0.69558716	0.008784571	0.0	116.43427658081055
198	-20.73861	4.1441417	-15.720534	-34.826275	27.0	-20.841211	0.09049417	-20.387964	-20.859406	119400	-4.371007e-09	17.020948	-0.019325674	-0.010454178	0.008863532	0.0	116.89951372146606
199	-21.017414	4.9557743	-16.547445	-34.22152	27.0	-20.737553	0.089527905	-20.289145	-20.755552	120000	-7.947286e-09	24.399313	-0.023663497	-0.07673073	0.008724135	0.0	117.35239601135254
200	-19.966156	3.565716	-15.23468	-29.517057	27.0	-21.020077	0.09009049	-20.568853	-21.038193	120600	-4.371007e-09	13.696236	-0.009862833	-1.0886679	0.009918074	0.0	118.24574613571167
201	-20.62202	3.8881078	-14.855129	-33.873356	27.0	-19.954697	0.08531204	-19.527407	-19.971853	121200	-2.7020773e-08	15.413607	-0.026820473	-0.43614578	0.00832761	0.0	118.79453134536743
202	-19.588789	2.1484785	-15.500635	-24.126707	27.0	-20.629183	0.08743389	-20.191265	-20.646765	121800	-2.3841858e-08	5.650292	-0.013958871	-1.0608921	0.0069809263	0.0	119.36842107772827
203	-22.12748	4.6831603	-16.161028	-30.49405	27.0	-19.577179	0.082753345	-19.162704	-19.593819	122400	6.198883e-08	28.15568	-0.013350759	-6.3714848	0.00833609	0.0	119.93779182434082
204	-19.649664	3.6040533	-15.151659	-30.166845	27.0	-22.153355	0.09209243	-21.6921	-22.171867	123000	7.371108e-08	19.076698	-0.0207157	-6.1427298	0.00833205	0.0	120.51110816001892
205	-19.286497	2.778392	-15.079799	-26.612585	27.0	-19.628103	0.08190708	-19.217865	-19.644573	123600	-1.66893e-08	7.7648973	-0.013870456	-0.11451149	0.008097779	0.0	121.07902574539185
206	-20.123014	3.5705295	-15.472453	-30.023035	27.0	-19.282654	0.08004035	-18.881767	-19.298752	124200	4.1127205e-08	13.325862	-0.009771528	-0.6917248	0.004499632	0.0	121.64990472793579
207	-19.373333	2.7822208	-14.896893	-26.865377	27.0	-20.132076	0.082714304	-19.717796	-20.14871	124800	1.9868216e-08	8.240984	-0.016358739	-0.56431246	0.009394318	0.0	122.1324234008789
208	-20.100008	3.1149092	-14.913981	-25.52089	27.0	-19.364817	0.07925138	-18.96788	-19.380754	125400	-1.5894573e-08	10.146247	-0.0132552525	-0.5294256	0.0098384395	0.0	122.65048575401306
209	-20.611353	4.5306673	-15.089275	-33.651035	27.0	-20.107763	0.081454895	-19.699791	-20.124144	126000	-1.1920929e-08	20.578848	-0.013519543	-0.24842453	0.00733505	0.0	123.18495559692383
210	-19.883904	2.6786077	-15.942017	-27.913939	27.0	-20.616537	0.08269859	-20.202335	-20.633165	126600	2.78155e-09	7.6422496	-0.009070359	-0.5262146	0.0075116125	1.0	124.23077893257141
211	-19.88225	2.7125704	-15.486881	-26.869457	27.0	-19.877304	0.07934286	-19.47991	-19.89326	127200	1.8676122e-08	7.2907925	-0.012608016	-0.000120162964	0.008815283	0.0	124.79027533531189
212	-18.729712	2.668504	-15.091984	-25.297762	27.0	-19.881905	0.078731954	-19.487572	-19.89774	127800	-3.4968057e-08	8.371413	-0.014286199	-1.3012204	0.0077234237	0.0	125.35540437698364
213	-18.508282	2.659049	-15.044701	-25.26934	27.0	-18.722517	0.07390582	-18.352356	-18.737383	128400	-4.4902166e-08	7.0509686	-0.004511864	-0.045109272	0.007873353	0.0	125.92083477973938
214	-19.85249	3.952144	-15.489093	-28.362997	27.0	-18.506933	0.072568715	-18.143469	-18.521528	129000	3.33786e-08	17.259626	-0.013421502	-1.7740126	0.0068590087	0.0	126.45356130599976
215	-19.704924	3.795001	-16.304665	-33.817635	27.0	-19.856735	0.07685196	-19.471817	-19.87219	129600	7.152557e-09	14.286914	-0.011284616	-0.022726059	0.006239413	0.0	126.97326564788818
216	-19.858097	3.4397569	-15.8017025	-30.428577	27.0	-19.705223	0.07566512	-19.326248	-19.720438	130200	2.78155e-09	11.742329	-0.009950576	-0.022968292	0.0069234157	1.0	127.51421642303467
217	-18.875784	2.8682754	-15.497873	-25.95997	27.0	-19.857527	0.07553535	-19.479204	-19.872719	130800	-2.0662943e-08	9.10563	-0.0049366	-0.9449587	0.0069182334	0.0	128.05602169036865
218	-19.49735	2.8983352	-16.058348	-25.670502	27.0	-18.879974	0.07146387	-18.522041	-18.894346	131400	-2.503395e-08	8.698216	-0.0057757418	-0.37353706	0.008748207	1.0	128.59236407279968
219	-18.420418	3.1906605	-14.842755	-29.198025	27.0	-19.492668	0.07297064	-19.12719	-19.507341	132000	3.973643e-08	11.223133	-0.013772807	-1.1271992	0.0075304667	0.0	129.12429475784302
220	-18.896837	2.363316	-15.89138	-25.024609	27.0	-18.429138	0.06866586	-18.085218	-18.442947	132600	-2.7815501e-08	5.7502685	-0.019848574	-0.21439075	0.0075112404	2.0	130.05489540100098
221	-19.354727	3.1802886	-15.293248	-27.903341	27.0	-18.891356	0.069655955	-18.54248	-18.905367	133200	3.9339067e-08	10.230089	-0.0076967725	-0.2104435	0.007348268	0.0	130.60004210472107
222	-20.042974	3.7031214	-15.483156	-31.392958	27.0	-19.348265	0.07056825	-18.99482	-19.362457	133800	-7.947286e-08	14.05811	-0.019152239	-0.4729805	0.0077768	0.0	131.16944074630737
223	-17.94058	2.314062	-14.831284	-24.97828	27.0	-20.031773	0.07215646	-19.670372	-20.046282	134400	4.1325887e-08	9.637944	-0.015691498	-4.2867045	0.0068288334	1.0	131.73194909095764
224	-19.654213	4.0215206	-14.855514	-30.7959	27.0	-17.96126	0.06463545	-17.637531	-17.974264	135000	-6.198883e-08	18.851032	-0.012476069	-2.8089218	0.006954921	0.0	132.2949516773224
225	-18.650166	2.0711067	-14.752512	-22.60508	27.0	-19.641615	0.06951576	-19.293444	-19.655598	135600	4.172325e-08	5.225511	-0.004084163	-0.9637151	0.008591789	1.0	132.81681060791016
226	-18.760698	2.384719	-15.746755	-24.727932	27.0	-18.658777	0.06567265	-18.329853	-18.671988	136200	4.430612e-08	5.644538	-0.013904359	-0.010251045	0.009128721	0.0	133.3326416015625
227	-18.67374	2.8846228	-15.822392	-25.520435	27.0	-18.759224	0.065339856	-18.431963	-18.772362	136800	-3.0199686e-08	8.249414	-0.017374134	-0.0072603226	0.007571408	0.0	133.8797173500061
228	-19.125105	3.0079875	-15.358221	-28.892	27.0	-18.674967	0.06441525	-18.352339	-18.687923	137400	-2.1060307e-08	9.16188	-0.018608851	-0.19860649	0.009576908	0.0	134.4473433494568
229	-20.336086	3.402639	-15.733566	-26.893887	27.0	-19.11704	0.06513587	-18.790806	-19.130144	138000	-1.0728836e-07	12.936566	-0.018359855	-1.4563742	0.009278788	0.0	134.97629117965698
230	-18.27976	2.2062142	-14.653546	-24.409185	27.0	-20.31469	0.06808366	-19.973686	-20.328379	138600	5.811453e-08	8.924756	-0.011298527	-4.059043	0.009285897	0.0	135.91964840888977
231	-18.336685	3.0685153	-14.595801	-28.714148	27.0	-18.303638	0.06126609	-17.996784	-18.315964	139200	-8.34465e-09	9.326447	-0.010999775	-0.0011453629	0.008297441	0.0	136.47243285179138
232	-18.612314	2.6907907	-15.388219	-27.448603	27.0	-18.335827	0.060708668	-18.031765	-18.34804	139800	3.417333e-08	7.2471004	-0.02109247	-0.07496834	0.009799126	0.0	137.04753422737122
233	-18.338125	2.0937493	-14.898391	-22.012617	27.0	-18.607355	0.060870573	-18.302483	-18.6196	140400	-2.9802323e-09	4.4156446	-0.0071191695	-0.07115078	0.0073133293	1.0	137.61773347854614
234	-18.543661	1.9426185	-16.004633	-23.427618	27.0	-18.343584	0.059418812	-18.045982	-18.355537	141000	1.8080076e-08	3.7790422	-0.0139930155	-0.039284706	0.008199179	0.0	138.17174077033997
235	-17.908852	1.9833862	-15.8855915	-23.559326	27.0	-18.53905	0.059331972	-18.241882	-18.550985	141600	-3.7352244e-08	4.2916913	-0.017231738	-0.38932443	0.006751933	0.0	138.67807626724243
236	-18.730865	2.2106848	-15.368905	-24.558578	26.954546	-17.924013	0.056870267	-17.639174	-17.935452	142200	-3.0994414e-08	5.412267	-0.01568881	-0.6204133	0.007640303	1.0	139.22102308273315
237	-18.11963	2.5651693	-15.287694	-24.13309	27.0	-18.699854	0.0584504	-18.407103	-18.711613	142800	5.801519e-08	6.8514667	-0.014448001	-0.33002377	0.0086338185	0.0	139.7624819278717
238	-19.301716	3.2976763	-15.308691	-27.801098	27.0	-18.134594	0.056151442	-17.85336	-18.145893	143400	-4.371007e-09	12.11674	-0.012970861	-1.3347263	0.006336826	0.0	140.3214521408081
239	-18.969398	3.016576	-14.835409	-27.097122	27.0	-19.271877	0.058670647	-18.978024	-19.28368	144000	1.07089676e-07	9.103008	-0.012393057	-0.08976936	0.006765485	1.0	140.87519311904907
240	-18.29206	3.3877313	-16.032843	-32.247265	27.045454	-18.977402	0.057114184	-18.69134	-18.988888	144600	8.543332e-09	12.123717	-0.011747158	-0.43084335	0.009075642	0.0	141.8326141834259
241	-18.309044	2.3457394	-15.141426	-24.496359	27.0	-18.332125	0.054670114	-18.058308	-18.343122	145200	-1.2715658e-08	5.4510107	-0.014851256	-0.0005970001	0.006648035	0.0	142.3742380142212
242	-18.228994	1.6598529	-15.418208	-21.921196	27.0	-18.30959	0.05393508	-18.039454	-18.32044	145800	-7.152558e-08	2.736967	-0.013659054	-0.0064427853	0.0066473396	0.0	142.93713974952698
243	-18.302427	2.0353377	-15.716295	-23.810955	27.0	-18.231073	0.053050157	-17.965368	-18.241745	146400	3.8544336e-08	4.108987	-0.01935387	-0.005053997	0.009493571	0.0	143.50821447372437
244	-19.082518	3.2651937	-15.289945	-32.056107	27.0	-18.300608	0.052565306	-18.037329	-18.31118	147000	5.284945e-08	11.162367	-0.02049858	-0.59913254	0.007946146	1.0	144.01018595695496
245	-17.841614	1.8583612	-15.120871	-22.198898	27.0	-19.063538	0.053885672	-18.793648	-19.074377	147600	-2.880891e-08	4.9009404	-0.013075804	-1.4632325	0.0073390007	0.0	144.54923057556152
246	-18.137987	2.8502975	-15.097751	-25.78658	27.0	-17.872618	0.050092407	-17.621727	-17.882696	148200	6.3975655e-08	8.115008	-0.012983457	-0.069052696	0.0077230493	0.0	145.09228205680847
247	-17.77024	2.2907126	-15.188852	-24.432161	27.0	-18.131353	0.050108507	-17.880383	-18.141434	148800	-7.947286e-09	5.326748	-0.006255696	-0.12787867	0.006229822	1.0	145.63491797447205
248	-17.9272	2.0140698	-15.547512	-23.193901	27.0	-17.778303	0.04855876	-17.535093	-17.788073	149400	-6.2584874e-08	4.040129	-0.01674688	-0.02178049	0.008138989	0.0	146.19196033477783
249	-18.245445	2.096506	-15.723307	-23.59005	27.0	-17.924154	0.04829556	-17.682264	-17.933872	150000	2.5232634e-08	4.455711	-0.0101336455	-0.10121584	0.0060220934	0.0	146.762553691864
250	-17.851469	2.4206555	-14.895199	-24.00847	27.0	-18.239985	0.048438907	-17.997375	-18.24973	150600	-2.3841858e-08	5.95302	-0.01366495	-0.14802408	0.008525711	1.0	147.69044518470764
251	-18.786915	3.17241	-16.15551	-31.094353	27.045454	-17.857153	0.046835452	-17.622572	-17.866573	151200	4.3710074e-08	11.112595	-0.020318849	-0.88835144	0.008569255	0.0	148.2431139945984
252	-18.891632	6.7850804	-15.322468	-49.12815	27.045454	-18.794441	0.048514392	-18.551456	-18.804203	151800	-1.1960665e-07	47.121155	-0.022126175	-0.021575928	0.008020165	0.0	148.81639003753662
253	-17.9721	2.2225795	-14.886407	-24.878462	27.0	-18.94111	0.048282392	-18.699286	-18.950825	152400	-2.6226044e-08	5.8230214	-0.0023097503	-0.920413	0.0029813922	3.0	149.45322585105896
254	-18.099333	1.9223568	-15.180236	-21.465563	27.0	-17.985224	0.045335785	-17.758158	-17.994347	153000	4.053116e-08	3.6733813	-0.0077819284	-0.012817383	0.00609672	0.0	150.09537959098816
255	-18.773909	2.2773287	-15.18277	-23.604382	27.0	-18.097906	0.044942625	-17.872812	-18.106953	153600	-2.4636586e-08	5.588388	-0.009789193	-0.44792986	0.0069655357	0.0	150.7423176765442
256	-17.70938	1.687739	-15.455781	-22.535849	27.0	-18.767666	0.04581995	-18.538174	-18.776884	154200	5.165736e-08	3.9315035	-0.0150693385	-1.0977983	0.0073382114	0.0	151.3784155845642
257	-17.78516	1.9612902	-15.517887	-24.728739	27.0	-17.722057	0.042783022	-17.507778	-17.730669	154800	-4.7683715e-09	3.8139348	-0.009824826	-0.003953457	0.009457419	1.0	151.94057655334473
258	-19.349747	3.5321102	-15.140091	-28.276226	27.0	-17.784372	0.04229872	-17.572517	-17.792885	155400	-1.0331472e-08	14.777839	-0.01719749	-2.4015875	0.0072627068	2.0	152.55265855789185
259	-17.94272	1.8922502	-15.576951	-22.847425	27.0	-19.32287	0.04500791	-19.097446	-19.331926	156000	-3.8743018e-08	5.4334335	-0.026284438	-1.8667538	0.009200487	1.0	153.1174294948578
260	-17.79409	1.3577279	-15.541706	-21.210932	27.0	-17.973087	0.04148257	-17.76532	-17.981436	156600	0.0	1.8585355	-0.01108331	-0.031454444	0.0073122056	1.0	154.0633511543274
261	-18.797392	1.8989348	-15.767025	-23.812254	27.0	-17.797262	0.040477954	-17.594528	-17.80541	157200	-6.357829e-09	4.561241	-0.01685994	-0.98030233	0.005267093	0.0	154.6074035167694
262	-18.601748	2.7718427	-15.161732	-26.655523	27.0	-18.77703	0.04187249	-18.567308	-18.785454	157800	1.5894573e-08	7.638549	-0.002725305	-0.03016758	0.006448298	1.0	155.1603240966797
263	-18.12714	1.8855186	-14.719548	-21.920557	27.0	-18.605127	0.04085795	-18.400488	-18.613348	158400	-4.0928523e-08	3.7477462	-0.017233953	-0.22397661	0.0073558735	0.0	155.72615265846252
264	-17.945076	1.6831455	-15.32179	-22.035585	27.0	-18.13451	0.039264053	-17.937857	-18.142414	159000	1.7484028e-08	2.8418212	-0.0084428	-0.035220385	0.009751198	1.0	156.3275923728943
265	-19.117687	6.612012	-14.920716	-47.918793	27.045454	-17.947289	0.038273804	-17.755594	-17.954992	159600	-1.0530154e-08	46.134903	-0.009497909	-1.460846	0.007436332	1.0	156.9119884967804
266	-18.369917	1.7961066	-15.215197	-23.852604	27.0	-19.148542	0.040123206	-18.947586	-19.156618	160200	-2.7815501e-08	3.7959757	-0.004994327	-0.5942359	0.0073848357	0.0	157.4530041217804
267	-19.204603	2.14676	-15.27733	-23.126492	27.0	-18.382624	0.038032655	-18.192137	-18.39028	160800	-7.033348e-08	5.232416	-0.023760762	-0.66224766	0.009397851	0.0	157.99509072303772
268	-18.59721	1.474568	-16.047752	-21.70703	27.0	-19.191397	0.03887982	-18.996662	-19.199217	161400	8.543332e-09	2.5039597	-0.012704626	-0.34607363	0.00797649	0.0	158.55892705917358
269	-18.345535	2.0781355	-15.988914	-22.904606	27.0	-18.605951	0.037152756	-18.419868	-18.613426	162000	4.331271e-08	4.3441057	-0.0047917687	-0.066511154	0.006643397	0.0	159.12562465667725
270	-18.578005	1.6038212	-15.221351	-22.322716	27.0	-18.348333	0.03605474	-18.16775	-18.355587	162600	2.5431316e-08	2.5999393	-0.021947823	-0.051747322	0.0078019127	1.0	160.08132100105286
271	-18.205402	1.924076	-14.917399	-22.266857	27.0	-18.576122	0.03585178	-18.396555	-18.583336	163200	-7.947286e-09	3.8025725	-0.018115278	-0.13473487	0.007909264	0.0	160.64813685417175
272	-17.600916	2.3010898	-14.726635	-23.601393	27.0	-18.207436	0.034597985	-18.03415	-18.214397	163800	-3.9239726e-08	5.60773	-0.019492866	-0.3605652	0.0074910806	1.0	161.23234581947327
273	-17.501234	1.644222	-15.33049	-23.15206	27.0	-17.60335	0.032971714	-17.43821	-17.609987	164400	1.39077505e-08	2.6878903	-0.010792312	-0.010252237	0.00768915	0.0	161.80952382087708
274	-18.295837	1.6737759	-15.56807	-21.437168	27.0	-17.501286	0.032263663	-17.339693	-17.507782	165000	-4.45048e-08	3.399202	-0.014811125	-0.61875486	0.007829176	0.0	162.4023129940033
275	-17.948576	1.757561	-14.68943	-23.445599	27.0	-18.294659	0.033100456	-18.128874	-18.301321	165600	2.1855037e-08	3.177957	-0.006871374	-0.117408276	0.006594529	1.0	162.98097968101501
276	-18.052496	2.0444546	-15.251303	-21.789433	27.0	-17.948425	0.031969428	-17.788303	-17.954859	166200	-1.9868216e-09	4.1496997	-0.012286058	-0.010648727	0.009038698	0.0	163.57296514511108
277	-17.75206	1.8258637	-15.098479	-22.253738	27.0	-18.052803	0.0316033	-17.894518	-18.059166	166800	1.0768572e-07	3.3911138	-0.019320235	-0.08865976	0.007751302	0.0	164.15807485580444
278	-18.986055	4.2827787	-14.59124	-36.244846	27.0	-17.750755	0.03057861	-17.597599	-17.756908	167400	-4.6094257e-08	19.669905	-0.014252815	-1.4955349	0.008667558	0.0	164.72915816307068
279	-17.62397	2.3001602	-14.938451	-25.742445	27.0	-18.985928	0.032023456	-18.825537	-18.992373	168000	1.8278758e-08	7.075824	-0.010784679	-1.8180375	0.008685099	0.0	165.31210374832153
280	-17.623625	1.2294346	-15.419202	-19.933931	27.0	-17.634281	0.029417893	-17.48694	-17.640203	168600	3.3775965e-08	1.4973792	-0.013027079	-0.00014066696	0.007600201	0.0	166.2772798538208
281	-18.40318	2.385817	-15.381077	-26.510141	27.0	-17.623474	0.028899118	-17.478733	-17.629293	169200	-7.112821e-08	6.237596	-0.020538704	-0.5958805	0.009187419	0.0	166.77755546569824
282	-17.590843	1.5673916	-15.127831	-22.322311	27.0	-18.39964	0.0295751	-18.251509	-18.40559	169800	-6.357829e-08	3.080948	-0.008845699	-0.6411269	0.008406887	0.0	167.3294129371643
283	-18.135603	2.249917	-14.905223	-25.244831	27.0	-17.595081	0.027895913	-17.455364	-17.600698	170400	-2.0662943e-08	5.301322	-0.010668791	-0.28638172	0.009680328	0.0	167.8995463848114
284	-17.67652	1.393723	-14.817216	-20.38527	27.0	-18.133577	0.02819632	-17.992357	-18.139256	171000	-8.145968e-09	2.1308265	-0.012888717	-0.20475066	0.008677807	0.0	168.6161835193634
285	-17.99482	2.333234	-14.812825	-24.676876	27.0	-17.677351	0.027064405	-17.541798	-17.6828	171600	6.2783556e-08	5.4899397	-0.007979096	-0.098804474	0.007049321	2.0	169.23807001113892
286	-17.06979	1.0935379	-15.579733	-19.882965	27.0	-17.995012	0.027044782	-17.859558	-18.000458	172200	-5.2948792e-08	2.0324152	-0.009968737	-0.8389466	0.009107984	0.0	169.89965438842773
287	-17.684969	1.7910963	-14.745094	-22.316074	27.0	-17.070814	0.02530775	-16.94406	-17.07591	172800	1.5099843e-08	3.5497901	-0.0064894287	-0.36968875	0.006729404	1.0	170.5031385421753
288	-17.722338	1.8563733	-15.184431	-22.02949	27.0	-17.684713	0.025729015	-17.55585	-17.689894	173400	4.371007e-09	3.4137135	-0.015763083	-0.0014119148	0.009264872	0.0	171.1049427986145
289	-17.61101	1.9994937	-14.998649	-22.825047	27.0	-17.722467	0.025344584	-17.595528	-17.72757	174000	-3.437201e-08	3.970975	-0.011891313	-0.012191534	0.008740638	0.0	171.71165418624878
290	-18.687275	2.2737749	-15.443302	-23.534864	27.0	-17.610567	0.02475698	-17.48657	-17.615551	174600	1.2516975e-08	6.266306	-0.018078465	-1.1361451	0.008654154	0.0	172.69095015525818
291	-17.432375	2.2250497	-14.51767	-22.758507	27.0	-18.688665	0.025721392	-18.559837	-18.69384	175200	9.338061e-09	6.464926	-0.00039526343	-1.5468197	0.0069272043	1.0	173.2762656211853
292	-16.990484	1.5669816	-14.707362	-20.440523	27.0	-17.438017	0.023718217	-17.319221	-17.442791	175800	1.1920929e-08	2.629866	-0.013633873	-0.19629502	0.0071471785	0.0	173.8146390914917
293	-17.41442	1.5490894	-15.317752	-21.435532	27.0	-16.99151	0.022742752	-16.877604	-16.996092	176400	7.033348e-08	2.5531313	-0.015145751	-0.17530823	0.006703506	0.0	174.37675166130066
294	-17.725155	3.2253687	-15.405931	-30.812456	27.0	-17.414167	0.022886347	-17.299538	-17.418774	177000	4.331271e-08	10.395148	-0.016542455	-0.09480667	0.0073105986	1.0	174.93238019943237
295	-17.290873	1.4824628	-15.168861	-20.725134	27.0	-17.725697	0.02287659	-17.61112	-17.730305	177600	2.3047129e-08	2.363558	-0.0076834476	-0.18528414	0.008020321	0.0	175.50010585784912
296	-16.936651	1.0799168	-15.07648	-18.980316	27.0	-17.2896	0.021954583	-17.179642	-17.294024	178200	1.2318293e-08	1.2784725	-0.01050794	-0.12207496	0.009698809	0.0	176.05977058410645
297	-17.85104	2.3375478	-14.790823	-25.33649	27.0	-16.935148	0.021149844	-16.82922	-16.93941	178800	-1.0232131e-07	6.2401457	-0.008387702	-0.82208014	0.0087638525	2.0	176.63454270362854
298	-18.4075	1.7687756	-15.366326	-22.034569	27.0	-17.853722	0.021871977	-17.744175	-17.858126	179400	-2.78155e-09	3.4011972	-0.020668685	-0.30054617	0.009504045	0.0	177.20684123039246
299	-17.502033	2.3910437	-14.781387	-25.453093	27.0	-18.409517	0.022113882	-18.298758	-18.413967	180000	-1.390775e-07	6.4759707	-0.0021891436	-0.807014	0.0038290778	2.0	177.7794167995453
300	-17.727463	1.7692977	-14.930374	-21.162231	27.0	-17.500114	0.02070758	-17.3964	-17.504286	180600	-7.828077e-08	3.1506457	-0.015496932	-0.050670862	0.0073264837	1.0	178.73631954193115
301	-17.775955	1.6566207	-15.6538315	-22.017374	27.0	-17.728361	0.020583149	-17.62527	-17.732508	181200	-5.284945e-08	2.7196028	-0.010841323	-0.0022354126	0.006674779	1.0	179.27910041809082
302	-17.340385	1.421537	-15.522452	-22.206934	27.0	-17.776224	0.0202661	-17.674723	-17.780308	181800	-5.165736e-08	2.1891444	-0.0054979715	-0.1861291	0.006222273	2.0	179.8500463962555
303	-18.067717	1.9812135	-15.36264	-22.641312	27.0	-17.337978	0.01942871	-17.240671	-17.341894	182400	-5.4041546e-08	4.413335	-0.024267094	-0.52183914	0.0071094944	1.0	180.46973848342896
304	-17.477005	1.5357839	-15.572803	-22.417036	27.0	-18.071661	0.019862443	-17.97218	-18.07566	183000	6.000201e-08	2.6856878	-0.0042235833	-0.3464985	0.004557613	1.0	181.14968967437744
305	-17.96599	1.430806	-16.205057	-21.118225	27.0	-17.473759	0.0188858	-17.379168	-17.477562	183600	-5.3197144e-08	2.2668355	-0.0149681065	-0.23744154	0.0056711854	0.0	181.8234384059906
306	-18.205198	1.8352137	-15.537308	-22.331207	27.0	-17.968782	0.019050956	-17.873365	-17.97262	184200	5.5631002e-08	3.389966	-0.010907927	-0.054788828	0.006562523	1.0	182.36105060577393
307	-17.698652	1.4866147	-15.228519	-20.937504	27.0	-18.206528	0.01894126	-18.111662	-18.210344	184800	6.357829e-09	2.4437723	-0.010872859	-0.25274563	0.006591183	0.0	182.961097240448
308	-17.592567	2.004494	-15.008487	-22.240194	27.0	-17.696096	0.01808045	-17.605543	-17.699743	185400	1.7881393e-09	3.9887793	-0.008043971	-0.010510206	0.008041802	0.0	183.57350516319275
309	-17.37469	1.8620259	-14.987621	-22.474243	27.0	-17.592146	0.017642185	-17.503784	-17.595701	186000	-2.1060307e-08	3.479647	-0.015618406	-0.046343803	0.0066572367	1.0	184.19263696670532
310	-17.687422	1.4855869	-14.854562	-21.08385	27.0	-17.374285	0.017107619	-17.288603	-17.377735	186600	-2.22524e-08	2.282194	-0.024429338	-0.09611511	0.006822506	1.0	185.23125910758972
311	-17.216421	1.4896537	-15.30713	-21.131157	27.0	-17.687359	0.017106231	-17.60168	-17.690805	187200	1.39077505e-08	2.4168406	-0.012566752	-0.21734524	0.0088808695	0.0	185.88213205337524
312	-17.491688	1.6565722	-15.053162	-20.876558	27.0	-17.217087	0.016346835	-17.135216	-17.220385	187800	3.4570693e-08	2.7916489	-0.0027872731	-0.07392216	0.0076583354	0.0	186.44243383407593
313	-17.725948	2.138414	-14.720284	-22.495249	27.0	-17.490562	0.01631398	-17.408855	-17.493853	188400	7.390976e-08	4.5821533	-0.016096437	-0.05431986	0.0066903573	1.0	187.02548170089722
314	-17.681696	1.6389935	-15.528281	-21.886953	27.0	-17.724415	0.016244056	-17.643057	-17.72769	189000	-4.78824e-08	2.6615174	-0.010991443	-0.0017974377	0.009413201	1.0	187.62262320518494
315	-17.020271	1.5970829	-14.674189	-20.640884	27.0	-17.682234	0.015905451	-17.60257	-17.685438	189600	2.2649765e-08	2.959375	-0.017898329	-0.42946768	0.006727585	1.0	188.2171540260315
316	-17.920584	2.2642655	-15.485575	-26.463425	27.0	-17.026094	0.015010132	-16.950916	-17.029121	190200	8.9406965e-10	5.8677874	-0.009415747	-0.78419256	0.007865368	0.0	188.81842184066772
317	-17.203865	1.6525959	-15.339865	-21.527052	27.0	-17.918137	0.015549372	-17.840258	-17.92127	190800	2.3841857e-09	3.2092342	-0.00014784774	-0.49997592	0.0041513667	0.0	189.44819378852844
318	-17.217056	1.1712178	-15.224306	-19.431467	27.0	-17.204382	0.0146501325	-17.131004	-17.207333	191400	-9.516875e-08	1.3584057	-0.017141178	-0.00016570091	0.00930565	1.0	190.09943199157715
319	-17.779879	2.6805394	-14.458648	-24.639425	27.0	-17.216873	0.01439244	-17.144789	-17.219774	192000	-4.6690307e-08	7.427343	-0.027546378	-0.31068373	0.006758548	1.0	190.6586458683014
320	-17.054506	1.355491	-15.195717	-19.575783	27.0	-17.777916	0.014621446	-17.704685	-17.780863	192600	7.470449e-08	2.3374288	-0.013594502	-0.5128609	0.0049948376	0.0	191.71382641792297
321	-17.02515	1.4769365	-14.936511	-20.034624	27.0	-17.055626	0.013751868	-16.98675	-17.0584	193200	8.304914e-08	2.1606424	-0.00882303	-0.00091671944	0.006757472	1.0	192.36956310272217
322	-17.1245	0.9062054	-14.841756	-19.186493	27.0	-17.025143	0.013474699	-16.957653	-17.027859	193800	2.3841857e-09	0.822933	-0.008490071	-0.0096844435	0.006005046	1.0	192.93112087249756
323	-17.674898	1.8911434	-15.442914	-22.559267	27.0	-17.123686	0.013319162	-17.056974	-17.12637	194400	-8.742014e-09	3.8415382	-0.014412584	-0.2978158	0.0077449232	2.0	193.48869943618774
324	-16.9913	1.3375095	-14.765362	-19.25386	27.0	-17.670427	0.013537509	-17.602625	-17.673157	195000	-7.8678134e-08	2.2279544	-0.016797548	-0.4520222	0.007782835	0.0	194.06613683700562
325	-17.630875	1.8446496	-15.602166	-21.813862	27.0	-16.995476	0.012750019	-16.931618	-16.998047	195600	-3.7749608e-08	3.7684505	-0.011747384	-0.39571285	0.007140949	1.0	194.64588904380798
326	-17.29204	1.9719671	-14.603691	-22.65102	27.0	-17.627851	0.013027219	-17.562603	-17.630474	196200	5.4836274e-08	3.9616373	-0.017055659	-0.110519886	0.00872544	2.0	195.21903729438782
327	-17.531483	2.294656	-14.69998	-23.297365	27.0	-17.294456	0.012531468	-17.231691	-17.29698	196800	-1.2715658e-08	5.268528	-0.02140544	-0.055075645	0.009313192	0.0	195.79163217544556
328	-17.82987	2.1989782	-15.541842	-25.102688	27.0	-17.52908	0.012484254	-17.46655	-17.531593	197400	1.6291937e-08	4.8768263	-0.0021641485	-0.08868885	0.005199838	2.0	196.3492386341095
329	-18.2047	2.7969277	-15.411308	-25.91641	27.045454	-17.82614	0.012486893	-17.763597	-17.828653	198000	8.742014e-09	7.995565	-0.014383169	-0.15075874	0.005870621	0.0	196.87607789039612
330	-17.495674	1.7438842	-15.287038	-22.511835	27.0	-18.212797	0.01259275	-18.149727	-18.215334	198600	-1.502037e-07	3.5201273	-0.020059247	-0.504024	0.007986182	0.0	197.95459270477295
331	-17.248314	1.4473982	-15.232716	-21.397861	27.0	-17.503437	0.011832119	-17.444176	-17.505821	199200	3.238519e-08	2.138631	-0.021001713	-0.06379199	0.0095912395	1.0	198.53446555137634
332	-17.03466	1.6710098	-14.813108	-21.52661	27.0	-17.251593	0.011415537	-17.19442	-17.253895	199800	-2.1855036e-09	2.8111026	-0.006917947	-0.046120644	0.006410856	1.0	199.10816311836243
333	-17.050959	1.3071814	-14.806464	-19.780865	27.0	-17.038214	0.011043789	-16.9829	-17.04044	200400	2.026558e-08	1.6919172	-0.0112437755	-0.0001642704	0.008387482	0.0	199.65801310539246
334	-17.937868	2.2224627	-15.935145	-26.368742	27.0	-17.050697	0.010851967	-16.996346	-17.052885	201000	-1.0808309e-07	5.6691356	-0.015507223	-0.77143574	0.0066037467	1.0	200.24091815948486
335	-17.022444	1.2034487	-15.3767185	-20.680414	27.0	-17.926893	0.011301713	-17.870289	-17.92917	201600	-5.7021776e-08	2.2439194	-0.0053035957	-0.80171657	0.0067085465	1.0	200.93442821502686
336	-17.011368	1.3908688	-14.7683525	-20.124823	27.0	-17.027054	0.010471964	-16.974606	-17.029165	202200	1.4305114e-08	1.9155263	-0.011799178	-0.00024533272	0.009239167	0.0	201.54915571212769
337	-17.483267	1.4736636	-15.787607	-20.939806	27.0	-17.0113	0.010261591	-16.959904	-17.013367	202800	6.337961e-08	2.370534	-0.010086205	-0.21833777	0.006681692	0.0	202.16231322288513
338	-17.288822	1.6464533	-14.884954	-21.78308	27.0	-17.478983	0.010410263	-17.426844	-17.481081	203400	2.036492e-08	2.7196343	-0.011896216	-0.035439253	0.0064645703	2.0	202.71119117736816
339	-17.835632	1.6024715	-14.878612	-21.35834	27.0	-17.291315	0.010093156	-17.240763	-17.293348	204000	6.079674e-08	2.8355868	-0.0094437655	-0.29040813	0.0081689	0.0	203.31212043762207
340	-17.307919	1.5377246	-15.123695	-20.890488	27.0	-17.82898	0.010280445	-17.777489	-17.831049	204600	2.8610229e-08	2.609917	-0.0070401332	-0.26609135	0.006874434	1.0	204.39926099777222
341	-17.419832	1.7445097	-15.250413	-22.26542	27.0	-17.31433	0.009743437	-17.26553	-17.316294	205200	2.0662943e-08	3.0239823	-0.01789296	-0.010915041	0.007154648	0.0	204.95489478111267
342	-17.18089	1.7111522	-15.138655	-21.457018	27.0	-17.418102	0.009629968	-17.369871	-17.420044	205800	4.2915346e-08	2.9545922	-0.009423079	-0.055145502	0.00850718	0.0	205.51369762420654
343	-16.721882	1.2441982	-15.104075	-18.821157	27.0	-17.185316	0.009294972	-17.138762	-17.18719	206400	4.8478444e-08	1.7453166	-0.012601242	-0.21047425	0.0061457027	0.0	206.04902911186218
344	-17.721643	1.6626137	-15.344395	-23.369703	27.0	-16.73064	0.008808727	-16.686522	-16.732416	207000	-9.675821e-08	3.708868	-0.0037060075	-0.96257496	0.006661991	2.0	206.6316978931427
345	-18.188744	2.1069937	-15.413938	-24.037756	27.0	-17.713037	0.009317501	-17.66637	-17.714914	207600	1.1920929e-09	4.6190834	-0.016704269	-0.22180557	0.006218524	2.0	207.25163340568542
346	-17.660496	1.9566369	-15.038662	-24.255014	27.0	-18.184868	0.009468546	-18.137445	-18.186775	208200	3.0199686e-08	4.0625153	-0.011200955	-0.26948476	0.0066634864	0.0	207.82141399383545
347	-17.3383	1.9570472	-14.517017	-22.427227	27.0	-17.665209	0.00896087	-17.620327	-17.667013	208800	-4.440546e-08	3.8976526	-0.0020057012	-0.104738474	0.0019160946	4.0	208.36935806274414
348	-17.364378	1.6228242	-14.803142	-21.078447	27.0	-17.341814	0.008578747	-17.298847	-17.343542	209400	-2.3841858e-08	2.607798	-0.01057517	-0.00050354004	0.0057492424	0.0	208.91946578025818
349	-17.129284	1.9471191	-15.024258	-24.162407	27.0	-17.36399	0.0084345415	-17.321745	-17.365688	210000	9.675821e-08	3.807995	-0.011466538	-0.05398631	0.0067880806	1.0	209.47354817390442
350	-16.850922	0.9851866	-15.156758	-18.758005	27.0	-17.13351	0.008130218	-17.092793	-17.13515	210600	-3.1391778e-08	1.0400417	-0.009169344	-0.078256786	0.006354288	2.0	210.54398703575134
351	-17.259123	1.6232072	-14.989073	-20.90262	27.0	-16.856615	0.0077948133	-16.817575	-16.858187	211200	4.1325887e-08	2.7688646	-0.013612899	-0.15877962	0.00851205	1.0	211.10576748847961
352	-17.890978	1.3380518	-15.595669	-20.633144	27.0	-17.250631	0.007915337	-17.210987	-17.252226	211800	-1.335144e-07	2.1784127	-0.009627185	-0.4018681	0.0068478608	0.0	211.66548347473145
353	-18.427666	2.139339	-16.146875	-23.87549	27.0	-17.879057	0.008198862	-17.837994	-17.880709	212400	-1.8676122e-08	4.8289704	-0.009285494	-0.29497957	0.0065495786	0.0	212.21327090263367
354	-18.15932	2.4576292	-15.330786	-23.633911	27.0	-18.418097	0.008398781	-18.37603	-18.419786	213000	1.9868216e-08	6.0459332	-0.021349678	-0.065619946	0.007476135	1.0	212.7465250492096
355	-17.078367	1.2028512	-15.436032	-19.236008	27.0	-18.164534	0.008077308	-18.124077	-18.16616	213600	3.526608e-08	2.6005278	-0.0034977042	-1.1562606	0.00562505	0.0	213.29694819450378
356	-17.429796	1.7053396	-15.059699	-22.861345	27.0	-17.086012	0.0072584352	-17.049658	-17.087477	214200	3.1789146e-08	2.9961278	-0.0012987009	-0.11584616	0.009570233	0.0	213.84551668167114
357	-17.146547	1.7740064	-15.42324	-23.131184	27.0	-17.426636	0.0073385015	-17.389881	-17.428116	214800	-1.2715658e-08	3.1933756	-0.016772822	-0.07688832	0.008597015	0.0	214.38543391227722
358	-17.421516	2.0027978	-15.22104	-23.502699	27.0	-17.149826	0.007033439	-17.114597	-17.151241	215400	-2.0464261e-08	4.0441895	-0.01260809	-0.0723536	0.006637988	1.0	214.9374177455902
359	-17.228039	1.4046305	-15.599204	-20.183573	27.0	-17.417587	0.007084459	-17.382105	-17.419014	216000	-1.5497207e-08	1.9888947	-0.013150744	-0.03521037	0.007984242	0.0	215.4919731616974
360	-17.28171	1.1448407	-15.616982	-20.330088	27.0	-17.231413	0.006837667	-17.197166	-17.23279	216600	-3.973643e-10	1.3000994	-0.0076148626	-0.0024803877	0.00877827	1.0	216.57213068008423
361	-17.1245	1.4098654	-15.218028	-20.607912	27.0	-17.280655	0.0067468463	-17.246864	-17.282015	217200	1.9669534e-08	1.9920435	-0.017042758	-0.023893714	0.0067269555	0.0	217.1187129020691
362	-17.323444	2.135144	-14.809414	-24.313114	27.0	-17.128126	0.006521283	-17.095465	-17.12944	217800	2.9007595e-08	4.5510464	-0.0058596437	-0.03738928	0.00854127	0.0	217.66690707206726
363	-17.357054	1.5475054	-15.155761	-21.32506	27.0	-17.31866	0.0065344865	-17.285933	-17.319977	218400	-6.1591464e-08	2.3723235	-0.019902758	-0.0014462471	0.008602206	0.0	218.20920586585999
364	-17.910007	1.8240721	-15.043385	-22.133797	27.0	-17.356096	0.0064444523	-17.323818	-17.357393	219000	-8.5632e-08	3.597715	-0.009943828	-0.30066085	0.008482107	0.0	218.7519953250885
365	-17.692265	1.7274054	-14.970195	-22.562052	27.0	-17.896235	0.006706321	-17.862648	-17.897589	219600	-5.5631e-09	2.9953406	-0.012644949	-0.040764093	0.0064151706	0.0	219.30746912956238
366	-17.12315	1.2082498	-15.41882	-19.615637	27.0	-17.697414	0.0064514317	-17.6651	-17.698711	220200	7.410844e-08	1.771838	-0.0117767155	-0.3231349	0.007891994	0.0	219.85052251815796
367	-17.753572	2.2285345	-15.215385	-22.863165	27.0	-17.137447	0.0059351395	-17.107723	-17.138645	220800	-9.497007e-08	5.292501	-0.012060149	-0.37199545	0.0076928283	0.0	220.3971095085144
368	-16.641212	1.205258	-14.713617	-19.74538	27.0	-17.738903	0.0062604076	-17.707548	-17.740164	221400	3.596147e-08	2.6311328	-0.009224034	-1.1809479	0.0073164064	0.0	220.94145369529724
369	-17.530941	1.5160048	-14.861783	-21.403307	27.0	-16.653587	0.0053027933	-16.627028	-16.654655	222000	1.3311704e-07	3.0373082	-0.008863195	-0.7544298	0.009132536	1.0	221.48554277420044
370	-17.695463	2.0838635	-14.819749	-22.654778	27.0	-17.52697	0.005902076	-17.49741	-17.528158	222600	5.165736e-09	4.32719	-0.01704286	-0.027828693	0.007973301	0.0	222.5482850074768
371	-17.060959	1.3670632	-15.247298	-19.550146	27.0	-17.694477	0.0059595513	-17.664627	-17.695675	223200	-9.139379e-09	2.2475922	-0.012256128	-0.39335072	0.008436387	3.0	223.09470057487488
372	-16.634789	1.2865024	-15.082119	-20.231915	27.0	-17.064735	0.005288642	-17.038248	-17.065802	223800	2.503395e-08	1.8216048	-0.003230784	-0.18117595	0.005615015	0.0	223.65651869773865
373	-17.166292	1.426423	-15.401831	-20.877237	27.0	-16.637682	0.004761318	-16.613836	-16.638643	224400	-8.6228056e-08	2.290957	-0.0049072737	-0.2738731	0.007867226	0.0	224.2023994922638
374	-17.1983	1.2442982	-15.443118	-21.111671	27.0	-17.162365	0.0051584025	-17.136528	-17.163403	225000	-4.371007e-09	1.5340981	-0.012913906	-0.0012670755	0.006393084	1.0	224.7354393005371
375	-17.704603	1.6796858	-15.457979	-22.203285	27.0	-17.198023	0.0051086093	-17.172436	-17.19905	225600	1.39077505e-08	3.047178	-0.015092899	-0.25152254	0.007847684	2.0	225.28114342689514
376	-17.744843	1.4215455	-15.631173	-20.632914	27.0	-17.698835	0.0055569084	-17.671003	-17.699953	226200	-2.5232634e-08	2.0027068	-0.013503893	-0.0020766258	0.008258978	0.0	225.82080698013306
377	-17.362396	1.6173886	-14.77378	-21.937618	27.0	-17.744238	0.005515133	-17.716618	-17.74535	226800	-6.834666e-08	2.7341914	-0.0038243928	-0.14289618	0.0080916975	0.0	226.36049222946167
378	-17.721348	1.4695525	-15.57705	-20.84638	27.0	-17.368847	0.005008959	-17.34376	-17.369856	227400	1.7086665e-08	2.2610066	-0.016173447	-0.1217823	0.007131139	1.0	226.90973734855652
379	-16.70257	1.0714004	-15.084205	-18.792698	27.0	-17.714766	0.00530713	-17.688185	-17.715834	228000	8.34465e-09	2.150812	-0.004599972	-1.0041537	0.006175871	0.0	227.4547300338745
380	-17.449558	2.2571378	-15.105998	-25.226097	27.0	-16.710543	0.003944166	-16.69079	-16.71134	228600	-2.880891e-08	5.5843797	-0.0074558714	-0.5352683	0.008457553	1.0	228.58144450187683
381	-17.456648	1.7920969	-15.0454855	-21.063194	27.0	-17.446276	0.004801926	-17.422224	-17.44724	229200	-3.7153562e-08	3.1796238	-0.012864388	-0.00010704994	0.007097602	0.0	229.13381171226501
382	-16.58257	0.9507361	-15.016112	-18.456642	27.0	-17.456749	0.004745744	-17.43298	-17.457705	229800	7.8678134e-08	1.651485	-0.0108045265	-0.74894744	0.007868811	0.0	229.75719904899597
383	-17.433058	1.6648269	-15.39607	-23.419758	27.0	-16.58457	0.0032802375	-16.568142	-16.585234	230400	7.152558e-08	3.456637	-0.007456905	-0.705529	0.0076745073	0.0	230.3847758769989
384	-17.71564	1.3356563	-14.974596	-20.828945	27.0	-17.434093	0.004520307	-17.411455	-17.435005	231000	1.4245511e-07	1.844616	-0.017852984	-0.07768488	0.0072760717	0.0	230.8473470211029
385	-16.959953	1.67964	-14.979778	-23.109781	27.0	-17.71572	0.004950626	-17.690924	-17.716715	231600	-2.503395e-08	3.3585212	-0.006413092	-0.559752	0.0068328776	1.0	231.36074829101562
386	-17.099861	1.6265385	-14.99232	-21.78862	27.0	-16.958912	0.0034587418	-16.941587	-16.959608	232200	-1.1722247e-08	2.638844	-0.0026682182	-0.01947093	0.0073505673	0.0	231.90431880950928
387	-17.234398	1.3768663	-15.355592	-21.057602	27.0	-17.099579	0.003632619	-17.081385	-17.100311	232800	1.2715658e-08	1.8948047	-0.009103023	-0.017815828	0.0066451943	0.0	232.44495749473572
388	-17.277967	1.2716787	-15.269328	-19.889212	27.0	-17.233858	0.003820455	-17.214724	-17.234629	233400	1.11262e-08	1.6029335	-0.019559743	-0.0019077063	0.007684638	1.0	232.99338746070862
389	-17.603386	1.9258896	-15.444356	-24.655163	27.0	-17.277637	0.0038332446	-17.25844	-17.278412	234000	-1.0331472e-08	3.7770069	-0.023609808	-0.104001045	0.008957861	0.0	233.5664780139923
390	-17.239393	1.6729785	-15.242497	-22.897308	27.0	-17.599895	0.0044178087	-17.577772	-17.600788	234600	-1.001358e-07	2.8995752	-0.017479304	-0.12738109	0.0077283843	1.0	234.63479733467102
391	-17.079647	1.0617386	-15.758705	-20.515135	27.0	-17.24409	0.0035825397	-17.226145	-17.24481	235200	-6.238619e-08	1.1428081	-0.019713063	-0.026503801	0.0067560878	1.0	235.1867277622223
392	-16.773275	0.95708096	-15.141055	-18.201668	27.0	-17.082266	0.0031420519	-17.066528	-17.0829	235800	1.02917355e-07	1.0013888	-0.012721718	-0.09357387	0.0061655226	1.0	235.729478597641
393	-17.555904	1.9882486	-14.893548	-21.799582	27.0	-16.77897	0.002366753	-16.76712	-16.779453	236400	5.5631e-09	4.511161	-0.019940592	-0.5916097	0.009450895	0.0	236.27118587493896
394	-17.196363	1.539453	-15.402631	-20.80721	27.0	-17.545424	0.004018011	-17.5253	-17.546232	237000	-6.8942704e-08	2.466878	-0.020846281	-0.11942196	0.0073059155	1.0	236.76557040214539
395	-17.064348	1.1998692	-15.40356	-19.310436	27.0	-17.201765	0.0030695947	-17.186392	-17.202385	237600	-5.642573e-08	1.4439996	-0.0069765956	-0.018508315	0.006838594	0.0	237.30080914497375
396	-17.394096	1.2187605	-15.409239	-21.298862	27.0	-17.06684	0.0026349449	-17.053644	-17.067373	238200	1.07288365e-08	1.5765454	-0.011150943	-0.10495746	0.008541619	0.0	237.8587667942047
397	-17.423435	1.5226446	-15.40037	-20.519125	27.0	-17.38744	0.0033910838	-17.370459	-17.388126	238800	4.967054e-09	2.2965543	-0.016330598	-0.0012698174	0.007750327	0.0	238.4271059036255
398	-17.369204	1.6632935	-15.016215	-20.978077	27.0	-17.42262	0.0034149534	-17.405516	-17.423307	239400	-2.5431316e-08	2.741717	-0.012915476	-0.002796173	0.0052509923	0.0	239.0194320678711
399	-17.650778	1.5564897	-14.861111	-20.332367	27.0	-17.370516	0.0031939314	-17.35452	-17.371162	240000	1.257658e-07	2.476195	-0.018004814	-0.07696867	0.0069097187	1.0	239.68730807304382
400	-17.128298	1.2430466	-14.939697	-19.767687	27.0	-17.64375	0.0038765084	-17.62433	-17.644527	240600	5.00679e-08	1.7927842	-0.0101018865	-0.26035333	0.008923627	1.0	240.81036019325256
401	-17.592882	2.092064	-14.77342	-23.56897	27.0	-17.141088	0.002303055	-17.129555	-17.141556	241200	5.8809917e-08	4.535033	-0.0115663195	-0.20001745	0.008215842	0.0	241.3440296649933
402	-17.447046	2.1352696	-15.441184	-24.813267	27.0	-17.581682	0.0035355375	-17.563976	-17.582397	241800	3.33786e-08	4.5317497	-0.009917562	-0.017765522	0.007405623	0.0	241.8901813030243
403	-17.36268	1.9484793	-14.865448	-22.87786	27.0	-17.450436	0.0030456353	-17.43518	-17.45105	242400	-1.947085e-08	3.7662435	-0.013788584	-0.007547617	0.008197624	0.0	242.43206429481506
404	-16.825773	1.407031	-15.076357	-19.737686	27.0	-17.364815	0.002687573	-17.351355	-17.365358	243000	-1.9073486e-08	2.2476301	-0.004485388	-0.2847383	0.0068350015	1.0	242.96862053871155
405	-17.539738	1.7809806	-15.259133	-22.28709	27.0	-16.83917	0.0008159905	-16.835085	-16.839338	243600	-2.22524e-08	3.6260538	-0.023386812	-0.48094296	0.0076262583	1.0	243.51099371910095
406	-17.229565	1.3824577	-14.902612	-20.72197	27.0	-17.522682	0.0030191627	-17.507563	-17.523293	244200	-1.1364619e-07	1.9771574	-0.011398078	-0.08419633	0.008123749	0.0	244.06224513053894
407	-17.115616	1.657144	-15.089197	-21.597486	27.0	-17.236874	0.001889012	-17.227413	-17.237257	244800	-2.0662943e-08	2.7332265	-0.01588678	-0.014408112	0.007204318	1.0	244.60462474822998
408	-17.016531	1.5921237	-14.688532	-21.768644	27.0	-17.11866	0.0013742392	-17.111778	-17.11894	245400	-1.2715658e-08	2.5198388	-0.014467343	-0.010221243	0.00676946	0.0	245.16601419448853
409	-16.915062	1.2082573	-15.062668	-19.329733	27.0	-17.018988	0.0009418747	-17.014275	-17.019184	246000	4.7385694e-08	1.4559815	-0.008427137	-0.01058495	0.00803985	0.0	245.7435336112976
410	-17.784555	1.8170409	-14.849718	-21.39841	27.0	-16.917341	0.0005152174	-16.914768	-16.917452	246600	-1.2318293e-08	4.013158	-0.023037206	-0.73696613	0.008504042	1.0	246.84518384933472
411	-16.768566	1.6096674	-14.877574	-21.219265	27.0	-17.763317	0.003728302	-17.744646	-17.764072	247200	-2.1855037e-08	3.5448186	-0.011202799	-0.96986675	0.0077612307	0.0	247.43826007843018
412	-16.809998	1.1152506	-15.169657	-19.479069	27.0	-16.784037	0.0007379438	-16.78373	-16.78773	247800	-4.371007e-09	1.232014	-0.011484362	-0.0006606579	0.008469611	1.0	248.01874923706055
413	-17.00512	1.0240757	-15.375674	-19.620611	27.0	-16.809399	0.0006296946	-16.809118	-16.81255	248400	6.9141386e-08	1.0761689	-0.008687964	-0.03754115	0.0072927466	0.0	248.55781483650208
414	-17.533916	1.5913817	-15.39653	-21.248981	27.0	-17.000933	0.00022567798	-16.999813	-17.000984	249000	-3.5762786e-09	2.7883978	-0.0023866128	-0.27839422	0.004594977	2.0	249.11472749710083
415	-16.873962	1.4852511	-14.695528	-20.419115	27.0	-17.5229	0.0025624658	-17.510065	-17.523417	249600	-8.523464e-08	2.6008477	-0.015782656	-0.41273713	0.0064828843	1.0	249.65183353424072
416	-16.838963	1.3344659	-15.001857	-19.59752	27.0	-16.885738	0.00061288464	-16.885462	-16.888805	250200	9.318193e-08	1.7651572	-0.015723543	-0.0021443367	0.0071780714	1.0	250.1971549987793
417	-17.521807	1.7071873	-15.266402	-21.917892	27.0	-16.8399	0.00081769127	-16.839579	-16.843992	250800	-3.685554e-08	3.3456986	-0.012747313	-0.45573568	0.006441633	0.0	250.75143551826477
418	-16.563633	1.2034224	-14.944515	-20.43981	27.0	-17.509537	0.0023877164	-17.497578	-17.51002	251400	6.1591464e-08	2.3195686	-0.012888442	-0.8769834	0.009318993	0.0	251.30033206939697
419	-16.739515	1.5174468	-14.723846	-21.23878	27.0	-16.572016	0.0026050739	-16.571344	-16.58506	252000	1.5894572e-09	2.3074064	-0.018018711	-0.027500868	0.007935142	1.0	251.85095191001892
420	-16.758074	1.3212521	-14.893353	-20.345715	27.0	-16.737362	0.0016858451	-16.736893	-16.745806	252600	-3.8146972e-08	1.7286776	-0.011601403	-0.00041997433	0.0062233857	1.0	252.97728443145752
421	-17.394838	2.4449606	-14.989885	-26.932238	27.0	-16.757782	0.0014786638	-16.757347	-16.765186	253200	-7.311503e-08	6.319853	-0.007790958	-0.39778614	0.006346513	1.0	253.53414583206177
422	-16.708714	1.4130361	-14.892447	-21.454266	27.0	-17.38622	0.0017701566	-17.377354	-17.386578	253800	-3.218651e-08	2.431147	-0.0108846985	-0.4499067	0.007771093	1.0	254.07392859458923
423	-16.601107	1.2244962	-14.795608	-19.539537	27.0	-16.71603	0.0019454547	-16.71551	-16.725773	254400	1.9073486e-08	1.4974724	-0.0015801875	-0.01294291	0.004286043	2.0	254.62724041938782
424	-17.523169	1.371826	-15.36083	-20.13655	27.0	-16.602608	0.0024412363	-16.601986	-16.614832	255000	-3.4570693e-08	2.7020857	-0.008436515	-0.83061314	0.0065150056	0.0	255.17420649528503
425	-16.926212	1.4902586	-14.688664	-21.7468	27.0	-17.517374	0.0025066033	-17.50482	-17.51788	255600	-1.8080076e-08	2.5446618	-0.008273792	-0.34253335	0.008890791	0.0	255.72080445289612
426	-16.503044	0.97030056	-14.662756	-18.716827	27.0	-16.929476	0.0009537316	-16.929161	-16.934248	256200	3.8146972e-08	1.1120872	-0.008877538	-0.17822546	0.008035105	0.0	256.2573606967926
427	-16.596296	1.0141277	-14.880249	-19.076256	27.0	-16.505651	0.0032985185	-16.504856	-16.522171	256800	5.00679e-08	1.0263191	-0.016613206	-0.008056402	0.008936662	0.0	256.80374002456665
428	-16.823597	1.3590378	-14.953704	-20.20502	27.0	-16.595278	0.0026276498	-16.59462	-16.60844	257400	-6.516775e-08	1.8801359	-0.014205853	-0.051098585	0.009143286	0.0	257.36131596565247
429	-16.71281	1.5177624	-14.894643	-21.13524	27.0	-16.820538	0.0012591708	-16.8201	-16.82684	258000	2.8212865e-08	2.292056	-0.0072623934	-0.0113732815	0.009589895	0.0	257.9313268661499
430	-16.615702	1.1726749	-15.080402	-19.098595	27.0	-16.714699	0.0017549031	-16.713993	-16.723488	258600	2.503395e-08	1.3711176	-0.0029905606	-0.009603262	0.008160079	0.0	259.047101020813
431	-16.770498	1.0510451	-14.95413	-18.464527	27.0	-16.617725	0.0021674891	-16.617115	-16.62858	259200	0.0	1.1167637	-0.007419051	-0.022874832	0.008383071	0.0	259.5881280899048
432	-16.610506	1.1164261	-14.85465	-18.588795	27.0	-16.767006	0.0012403212	-16.766584	-16.773214	259800	-3.1789145e-09	1.2581896	-0.003581768	-0.023999453	0.007515889	0.0	260.1263029575348
433	-16.456377	1.0755239	-14.94031	-18.722681	27.0	-16.61434	0.001967166	-16.6138	-16.624191	260400	-7.6293944e-08	1.1698866	-0.011543474	-0.024450779	0.0056901965	0.0	260.67180919647217
434	-16.905272	1.0327278	-15.1582575	-18.804832	27.0	-16.460356	0.0026264144	-16.459602	-16.47351	261000	-5.2452087e-08	1.2518555	-0.010578122	-0.19398355	0.008910028	1.0	261.22153401374817
435	-16.299942	1.2561378	-14.621067	-19.015947	27.0	-16.894121	0.00023496093	-16.893919	-16.895288	261600	-7.4307124e-08	1.9116193	-0.01773218	-0.345963	0.008154241	0.0	261.75987553596497
436	-17.101112	1.1097528	-15.219188	-19.850443	27.0	-16.314476	0.003348192	-16.313583	-16.331245	262200	-8.145968e-08	1.8318888	-0.018004337	-0.60645866	0.0062018237	1.0	262.30207324028015
437	-16.968775	1.6812093	-15.0266075	-22.52786	27.0	-17.085077	0.0008588489	-17.08078	-17.085257	262800	1.5854836e-07	2.811593	-0.016467474	-0.013255358	0.008847277	0.0	262.8430771827698
438	-16.65256	2.204697	-14.991864	-23.330956	27.0	-16.971437	0.00020049422	-16.970442	-16.971483	263400	-1.4344852e-07	4.912751	-0.026582489	-0.099648	0.0074451715	1.0	263.39293217658997
439	-16.878847	1.2130486	-15.037156	-19.755535	27.0	-16.660137	0.0015707009	-16.659706	-16.668003	264000	8.891027e-09	1.5041354	-0.017693412	-0.04687679	0.0070841247	1.0	263.9422972202301
440	-17.638092	1.8879594	-15.010067	-20.727638	27.0	-16.873426	0.0003136823	-16.87325	-16.874994	264600	-6.000201e-08	4.1076174	-0.015146364	-0.57302785	0.009587132	0.0	265.09324502944946
441	-17.663908	1.8268621	-15.653094	-22.191322	27.0	-17.621624	0.003970406	-17.601738	-17.622421	265200	3.059705e-08	3.3058345	-0.019171726	-0.0017516613	0.007870773	1.0	265.629093170166
442	-16.899717	1.420076	-15.251172	-21.36193	27.0	-17.662914	0.004052094	-17.642614	-17.663723	265800	8.662542e-08	2.573149	-0.0141690625	-0.570873	0.0074924096	1.0	266.1820578575134
443	-16.947859	1.6999578	-14.838339	-23.11996	27.0	-16.914604	0.00064259116	-16.914385	-16.917822	266400	-8.225441e-08	2.8620553	-0.011182002	-0.0010852814	0.0097305635	0.0	266.72973680496216
444	-16.95306	1.5623035	-15.010545	-20.021486	27.0	-16.947086	0.0004459343	-16.946909	-16.949318	267000	-2.5431316e-08	2.4164205	-1.22253105e-05	-3.552437e-05	0.007979681	1.0	267.2749996185303
445	-17.084522	1.459357	-15.448869	-19.62416	27.0	-16.952919	0.00038266627	-16.952734	-16.954832	267600	-9.2188515e-08	2.1255736	-0.021173311	-0.016972065	0.0079023475	1.0	267.8349552154541
446	-16.726759	1.2174592	-15.181462	-19.280298	27.0	-17.081217	0.00040289536	-17.079203	-17.081303	268200	3.5762786e-09	1.591771	-0.013690437	-0.12311888	0.008753923	0.0	268.3906321525574
447	-16.91168	1.0634269	-14.750525	-18.72537	27.0	-16.735672	0.0016976331	-16.73522	-16.744175	268800	-9.715557e-08	1.1502445	-0.02378862	-0.030360937	0.0078506	1.0	268.944139957428
448	-17.415424	1.591912	-14.913515	-22.466267	27.0	-16.907322	0.0005912537	-16.90703	-16.91028	269400	9.536743e-09	2.7644303	-0.012252037	-0.25298452	0.0071181473	0.0	269.5119891166687
449	-17.198872	1.7597829	-14.83613	-21.271759	27.0	-17.402758	0.0024212953	-17.390633	-17.403248	270000	4.1325887e-08	3.1070344	-0.024812479	-0.040741205	0.007139488	1.0	270.0803654193878
450	-16.246874	1.1957719	-14.543364	-19.320778	27.0	-17.20385	0.0010725345	-17.198479	-17.20407	270600	1.66893e-08	2.3222218	-0.013237702	-0.8974911	0.006778245	1.0	271.1795496940613
451	-16.26683	1.3253886	-14.689441	-19.58493	27.0	-16.267717	0.0048896982	-16.266644	-16.292208	271200	-7.510185e-08	1.7391125	-0.01295181	-4.172325e-06	0.0071618184	0.0	271.76144099235535
452	-16.967964	1.7761409	-14.733099	-21.303957	27.0	-16.266851	0.0045150453	-16.265854	-16.289465	271800	9.3579295e-08	3.609836	-0.02558643	-0.48176742	0.008078261	1.0	272.35832023620605
453	-16.867373	0.99063176	-15.232517	-18.655449	27.0	-16.95341	0.0001870108	-16.953293	-16.954344	272400	-9.914239e-08	0.9788666	-0.010240908	-0.007254541	0.0077921073	0.0	272.94847989082336
454	-16.900475	1.4584341	-15.104343	-20.689932	27.0	-16.869379	0.00066733867	-16.869165	-16.87272	273000	2.22524e-08	2.1067176	-0.02440236	-0.000947237	0.007991285	1.0	273.5402948856354
455	-17.08919	1.6327314	-15.064619	-21.019585	27.0	-16.899706	0.0004414328	-16.89954	-16.901915	273600	3.7749608e-08	2.6747005	-0.020893399	-0.035183907	0.008762618	0.0	274.1378529071808
456	-16.709816	1.3348985	-14.783871	-19.867815	27.0	-17.084417	0.00073343713	-17.080746	-17.084568	274200	-5.3644182e-09	1.9030612	-0.012569422	-0.13750982	0.007079389	1.0	274.68719720840454
457	-16.79852	1.1320354	-15.25301	-19.699663	27.0	-16.71922	0.0016053491	-16.718826	-16.727259	274800	3.4968057e-08	1.2749188	-0.00782572	-0.006163597	0.0096599	0.0	275.1183066368103
458	-16.918869	1.7612782	-15.440588	-23.404888	27.0	-16.796581	0.0010311666	-16.796307	-16.801746	275400	-1.1920929e-08	3.085887	-0.01472483	-0.0146558285	0.008788698	0.0	275.62254571914673
459	-16.421064	0.8281166	-15.187019	-18.360416	27.0	-16.91614	0.00021342713	-16.916027	-16.917206	276000	1.2516975e-07	0.9215677	-0.0054597785	-0.2401895	0.0077546444	1.0	276.1684556007385
460	-16.536465	0.802958	-15.236802	-18.29729	27.0	-16.432613	0.0032155765	-16.4319	-16.448719	276600	4.45048e-08	0.6489863	-0.0061552376	-0.010573626	0.00773838	1.0	277.2844274044037
461	-16.990358	1.5762675	-14.957715	-21.350266	27.0	-16.534212	0.002348756	-16.533669	-16.545975	277200	-1.4523665e-07	2.6657853	-5.5888693e-05	-0.20392251	0.008742052	0.0	277.8570079803467
462	-16.717833	1.8857894	-15.04352	-24.645855	27.0	-16.98043	0.0005368362	-16.977741	-16.98054	277800	2.0861626e-07	3.5889082	-0.015794989	-0.067579985	0.006675245	0.0	278.4344835281372
463	-17.026442	1.6313646	-15.199265	-21.301418	27.0	-16.723244	0.0010938805	-16.722948	-16.728724	278400	2.8610229e-08	2.7257493	-0.019697025	-0.09009576	0.0066835657	1.0	279.00052070617676
464	-16.67109	1.2176899	-14.936958	-18.9547	27.0	-17.020658	0.0008139635	-17.01658	-17.020823	279000	-1.16825106e-07	1.5889218	-0.013096271	-0.11976564	0.007801849	0.0	279.57299518585205
465	-17.448372	2.014801	-14.852513	-23.072693	27.0	-16.677511	0.0014106038	-16.677155	-16.684578	279600	8.781751e-08	4.607128	-0.020932075	-0.58231115	0.009448522	0.0	280.1432571411133
466	-16.650196	1.3464844	-14.714903	-20.47887	27.0	-17.429495	0.0034143974	-17.412395	-17.430182	280200	-1.8318494e-07	2.3961685	-0.007880406	-0.5951575	0.008815958	0.0	280.7133524417877
467	-17.14524	1.2773907	-15.375651	-20.407288	27.0	-16.668676	0.001874456	-16.668238	-16.678066	280800	-8.2850455e-08	1.8402663	-0.013654896	-0.2225703	0.0082104765	0.0	281.2288165092468
468	-16.295992	1.4129093	-14.524688	-20.096085	27.0	-17.134048	0.0012778561	-17.127647	-17.134306	281400	9.417534e-08	2.671673	-0.011563906	-0.68835473	0.0061193076	0.0	281.70549178123474
469	-16.08	0.8444776	-14.943996	-18.38319	27.0	-16.31082	0.0044325613	-16.30985	-16.33302	282000	5.6624412e-08	0.7587605	-0.017966006	-0.05220735	0.008465736	0.0	282.25457644462585
470	-16.440115	0.88993996	-14.906077	-18.246696	27.0	-16.08452	0.005538437	-16.083338	-16.112259	282600	1.7881394e-08	0.90931195	-0.0027128907	-0.12394148	0.0056946874	1.0	283.40076184272766
471	-16.725523	0.9670923	-15.446653	-19.047298	27.0	-16.432579	0.0028904385	-16.431921	-16.447054	283200	1.4702479e-08	1.0108936	-0.011667687	-0.084108114	0.0076679834	1.0	283.9584927558899
472	-17.08985	1.8978231	-15.054798	-24.262972	27.0	-16.718878	0.0008027651	-16.718643	-16.7229	283800	1.5298525e-08	3.7019606	-0.007380585	-0.13486266	0.009515229	0.0	284.5338091850281
473	-16.955824	1.558759	-14.900831	-20.383816	27.0	-17.081135	0.0016598703	-17.072823	-17.08147	284400	-1.9828478e-07	2.4209838	-0.01271486	-0.015389919	0.0064861127	0.0	285.11380338668823
474	-17.084145	2.0902116	-14.539083	-21.969498	27.0	-16.958927	0.0007417306	-16.955215	-16.959082	285000	3.5762786e-09	4.340818	-0.0155879585	-0.015366077	0.008575152	0.0	285.69005012512207
475	-17.103823	1.3342416	-14.916573	-19.806263	27.0	-17.080986	0.0015036435	-17.073456	-17.081291	285600	1.07089676e-07	1.762917	-0.010612903	-0.0005110502	0.00877831	0.0	286.2587637901306
476	-17.073616	2.405826	-14.82914	-26.083052	27.0	-17.103266	0.0015521651	-17.095493	-17.10358	286200	-1.0331472e-07	5.7309933	-0.016090656	-0.00086307526	0.006576852	1.0	286.83034491539
477	-17.079712	1.8190987	-15.046783	-22.746609	27.0	-17.074274	0.001240956	-17.06806	-17.074526	286800	1.2606382e-07	3.2760594	-0.014730743	-2.861023e-05	0.007891266	0.0	287.352769613266
478	-16.353514	1.0378433	-14.810964	-18.524065	27.0	-17.079596	0.0011801972	-17.073689	-17.079838	287400	1.04109446e-07	1.5882926	-0.012104382	-0.5166397	0.0065186024	0.0	287.886901140213
479	-16.73456	1.1322438	-14.632939	-18.948347	27.0	-16.371033	0.0038061463	-16.370174	-16.390097	288000	7.708867e-08	1.4000199	-0.008218471	-0.12951589	0.0077815414	1.0	288.55274629592896
480	-16.127739	0.97993314	-14.716313	-18.715961	27.0	-16.725718	0.0011712959	-16.725391	-16.731583	288600	-5.7220458e-08	1.3046641	-0.005498395	-0.3503943	0.0062281475	0.0	289.94104385375977
481	-17.296988	1.6334014	-14.906929	-21.18025	27.0	-16.142698	0.0050236243	-16.141613	-16.16786	289200	-2.0424525e-07	3.960481	-0.0195814	-1.3059642	0.009777513	0.0	290.58897042274475
482	-16.644243	1.1785576	-14.795346	-19.898756	27.0	-17.280987	0.002975405	-17.266083	-17.281582	289800	-7.7486035e-08	1.7765287	-0.014983359	-0.39741063	0.009604362	0.0	291.206116437912
483	-17.316809	2.2902896	-14.512322	-24.03635	27.0	-16.651447	0.0017095216	-16.650887	-16.66001	290400	1.347065e-07	5.6312733	-0.006155196	-0.4339285	0.009512316	0.0	291.83877086639404
484	-16.431993	0.993788	-14.756358	-18.150223	27.0	-17.310993	0.0031100647	-17.295418	-17.311619	291000	-5.5233638e-08	1.7427032	-0.01604142	-0.75729376	0.0081321765	0.0	292.47369050979614
485	-16.850008	1.5784765	-15.400379	-21.605684	27.0	-16.434486	0.0035559912	-16.433722	-16.452297	291600	-9.338061e-08	2.6376364	-0.012469372	-0.16924095	0.0065306057	1.0	293.12192153930664
486	-16.705906	1.0925285	-14.94231	-18.95416	27.0	-16.848246	0.00036607345	-16.848118	-16.850077	292200	-1.4305114e-08	1.2017393	-0.01548747	-0.01985693	0.007542211	1.0	293.7560803890228
487	-16.491941	1.1246125	-14.531285	-19.479761	27.0	-16.707043	0.0013675852	-16.706713	-16.713894	292800	-9.040038e-08	1.2979081	-0.014189407	-0.04534602	0.0074485913	1.0	294.3875365257263
488	-16.657291	1.664024	-14.542889	-20.849314	27.0	-16.494215	0.0028383215	-16.493578	-16.50843	293400	3.794829e-08	2.767629	-0.00066478155	-0.026071787	0.008437356	2.0	295.02319979667664
489	-16.746677	1.046431	-14.746623	-19.09242	27.0	-16.65493	0.0014782588	-16.654568	-16.662334	294000	2.2530556e-07	1.0924056	-0.022935674	-0.008251667	0.00777132	0.0	295.61972093582153
490	-16.994322	1.3293309	-14.826883	-19.584795	27.0	-16.745058	0.0007047975	-16.744858	-16.748589	294600	3.5762786e-09	1.8109641	-0.003226809	-0.060894966	0.008850997	1.0	296.9727556705475
491	-16.652964	1.5771506	-14.447157	-21.162596	27.0	-16.989235	0.0011374108	-16.983538	-16.989464	295200	-3.4769375e-08	2.574483	-0.0119220195	-0.11082077	0.004210672	0.0	297.59796142578125
492	-17.0351	1.3220742	-14.667348	-19.43758	27.0	-16.660332	0.0013682698	-16.660004	-16.667185	295800	1.1523564e-08	1.8694564	-0.004742911	-0.13764572	0.007551047	0.0	298.2156231403351
493	-17.048332	2.2319713	-14.78308	-22.788116	27.0	-17.026562	0.0014021462	-17.01954	-17.026846	296400	-9.377798e-08	4.93235	-0.013680863	-0.00046491623	0.008933	0.0	298.83519291877747
494	-16.399206	1.0596033	-14.911906	-18.832985	27.0	-17.047796	0.0014768426	-17.040398	-17.048092	297000	1.3013681e-08	1.5280011	-0.019964736	-0.41225028	0.009974129	1.0	299.4910976886749
495	-16.54258	0.6452977	-15.324769	-17.63969	27.0	-16.413958	0.003401841	-16.413221	-16.430998	297600	-2.026558e-08	0.42864025	-0.009436154	-0.01621759	0.0070531988	0.0	300.1437692642212
496	-17.22769	1.2822202	-14.874541	-19.741098	27.0	-16.53946	0.002225607	-16.538956	-16.550606	298200	8.463859e-08	2.096602	-0.006802197	-0.4642098	0.007509512	0.0	300.75911140441895
497	-17.721468	1.984578	-15.532457	-22.027876	27.0	-17.212606	0.0029439454	-17.19786	-17.213196	298800	-2.4835268e-08	4.155503	-0.010006016	-0.25455642	0.007339275	1.0	301.3868706226349
498	-16.7884	1.4995352	-15.274429	-20.192871	27.0	-17.705774	0.024255149	-17.530022	-17.711964	299400	-9.198983e-08	3.0590293	-0.017466813	-0.80271745	0.0075971796	1.0	302.00504302978516
499	-16.573696	1.3109591	-15.046791	-20.980106	27.0	-16.808247	0.15474506	-16.750868	-17.415524	300000	-2.3841858e-08	1.7791829	-0.024314635	-0.06456828	0.0077992026	1.0	303.29783844947815
