Epoch	AverageEpRet	StdEpRet	MaxEpRet	MinEpRet	EpLen	AverageVVals	StdVVals	MaxVVals	MinVVals	TotalEnvInteracts	LossPi	LossV	DeltaLossPi	DeltaLossV	KL	BacktrackIters	Time
0	-785.52075	74.924736	-654.7845	-876.85614	12.083333	0.5456141	0.5311027	2.2942805	-0.4753631	600	-2.2610028e-07	528518.06	-0.038085826	-6865.375	0.006860309	0.0	0.7460627555847168
1	-809.28265	70.788574	-625.6778	-883.3213	9.916667	-4.241534	1.4099356	-0.6390817	-5.470723	1200	-2.1696091e-07	552746.75	-0.042356633	-5584.1875	0.00765172	0.0	1.1359775066375732
2	-795.2223	62.0358	-672.5957	-883.4916	11.5	-8.180609	2.0513785	-1.6719817	-8.958379	1800	-1.7722448e-07	517643.3	-0.026586916	-3695.9062	0.006588384	2.0	1.5286767482757568
3	-795.70734	79.52444	-502.87512	-879.48065	14.609756	-10.971375	2.1829593	-3.0523472	-11.611212	2400	1.7484028e-08	556667.8	-0.031348996	-4126.8125	0.006391992	0.0	1.9126293659210205
4	-777.97784	94.87765	-450.26575	-880.3889	16.108109	-13.832711	2.3549452	-4.784215	-14.461929	3000	4.1325887e-08	478912.97	-0.036417093	-3599.0	0.0069246492	0.0	2.297072410583496
5	-799.71075	70.30719	-634.3251	-886.36096	16.083334	-16.488087	2.4834616	-6.8015194	-17.131405	3600	5.165736e-09	500610.03	-0.036218878	-3688.125	0.0071719657	0.0	2.679532766342163
6	-771.7397	85.440186	-596.2094	-870.98566	16.666666	-19.173027	2.5180275	-9.207051	-19.814749	4200	-1.9073486e-08	460807.62	-0.03465359	-3561.4375	0.00901796	0.0	3.064636468887329
7	-724.14874	156.00793	-162.4567	-865.94763	17.787878	-21.839935	2.4469347	-11.863869	-22.452374	4800	1.11262e-08	369290.2	-0.03400687	-2774.4062	0.0077014035	0.0	3.45410418510437
8	-692.05035	166.01859	-312.34976	-869.509	21.185184	-24.31839	2.191778	-14.413341	-24.808458	5400	-1.4026959e-07	331380.56	-0.02936894	-2460.0	0.0070428858	0.0	3.825803518295288
9	-735.8125	147.96349	-278.4563	-872.781	15.307693	-26.365316	2.5573957	-16.796663	-27.052385	6000	1.10467276e-07	344475.38	-0.037237912	-2745.2188	0.005724034	0.0	4.201388597488403
10	-633.8425	165.37648	-242.08704	-866.60693	29.8	-29.064486	1.7697242	-19.772083	-29.403355	6600	-1.1523564e-08	345736.25	-0.02783148	-2743.5312	0.0071213157	1.0	4.714557409286499
11	-605.04083	215.87494	-243.44612	-873.79706	22.923077	-31.384697	1.9976379	-22.182186	-31.820253	7200	-3.1789145e-09	230757.39	-0.030354891	-1856.5938	0.007502531	0.0	5.109032869338989
12	-594.6485	206.92021	-213.11353	-867.96106	24.5	-33.453316	1.8748363	-24.46209	-33.846264	7800	-1.6530355e-07	242623.05	-0.025111362	-1917.875	0.006278923	0.0	5.495320558547974
13	-624.3716	222.7342	-22.16285	-874.08844	22.222221	-35.472443	1.9033451	-26.77117	-35.906578	8400	-1.223882e-07	252086.4	-0.03312542	-2070.0938	0.0074511506	0.0	5.876426935195923
14	-627.84326	244.33978	-171.29643	-882.6848	17.454546	-37.56795	2.0237195	-29.31107	-38.06525	9000	1.335144e-07	188630.88	-0.028140012	-1507.5469	0.0077165477	0.0	6.229068040847778
15	-534.2704	261.08197	-148.08603	-881.63324	21.814816	-39.55187	1.7145363	-31.80564	-39.93485	9600	2.8610229e-08	155926.5	-0.033325877	-1221.6406	0.0087397415	0.0	6.593328237533569
16	-527.7109	259.47183	-61.62952	-876.45715	21.0	-41.256718	1.6743504	-33.894897	-41.65138	10200	2.22524e-08	124416.48	-0.023481635	-1062.1562	0.0056189382	1.0	6.925058126449585
17	-384.43784	227.28905	-64.47609	-857.1999	25.391304	-42.97791	1.447794	-35.885334	-43.27507	10800	1.4305114e-08	77154.664	-0.03070422	-682.4375	0.0077365907	0.0	7.280454158782959
18	-518.9744	306.90414	-89.56076	-866.9394	17.029411	-44.202023	1.6892762	-37.41486	-44.62345	11400	7.6293944e-08	75903.14	-0.038218096	-594.90625	0.006921366	0.0	7.650602579116821
19	-332.20377	243.51622	-83.48535	-850.30023	24.083334	-45.5853	1.3411734	-39.153305	-45.865818	12000	1.9073486e-08	48494.4	-0.026372833	-413.6836	0.007963532	0.0	8.031497478485107
20	-385.1157	296.00607	-48.759792	-876.15845	21.666666	-46.64796	1.3764323	-40.426807	-46.953384	12600	-5.642573e-08	51360.26	-0.03502044	-400.0664	0.00681506	0.0	8.526167631149292
21	-268.5221	291.18143	-25.351446	-867.7735	22.115385	-47.739372	1.309732	-41.73593	-48.030018	13200	-2.3841858e-08	18574.256	-0.03031399	-113.51172	0.005361575	0.0	8.884547233581543
22	-242.4711	266.39093	-27.820263	-869.5056	22.923077	-48.32312	1.3064576	-42.526775	-48.64183	13800	4.45048e-08	14253.548	-0.0353447	-105.09277	0.0039759628	0.0	9.235379934310913
23	-161.54814	210.88556	-27.477385	-840.80817	24.416666	-48.962494	1.1926628	-43.24282	-49.21225	14400	-3.576279e-08	8731.808	-0.022347094	-46.998047	0.0047371467	0.0	9.582332134246826
24	-209.31454	277.15344	-29.900732	-859.5541	22.576923	-49.162064	1.5614096	-42.689457	-49.612045	15000	-3.6557516e-08	8698.418	-0.03356815	-36.3125	0.0035111038	0.0	9.94918155670166
25	-220.93431	280.02936	-32.46805	-883.0738	22.807692	-49.46245	1.6463012	-42.912773	-49.96168	15600	0.0	12790.1	-0.03767505	-62.33008	0.006723091	0.0	10.31379508972168
26	-265.35318	331.5221	-25.354836	-868.51105	20.0	-50.047226	1.3076378	-44.800064	-50.41652	16200	3.417333e-08	12316.465	-0.044314925	-32.02832	0.003676856	0.0	10.658822774887085
27	-156.16246	252.45769	-30.120573	-871.8699	22.76923	-50.327404	1.298352	-45.351116	-50.7483	16800	3.7352244e-08	4171.331	-0.036788337	-9.240234	0.002435062	0.0	11.016961097717285
28	-200.09302	303.85345	-21.740616	-867.2213	21.428572	-50.666805	1.1223018	-45.639767	-50.922634	17400	-4.7683717e-08	7638.0693	-0.044838756	-13.164551	0.003393439	0.0	11.366926670074463
29	-122.7591	213.46985	-24.418768	-842.123	23.48	-50.470528	1.5469905	-44.70993	-51.067333	18000	2.5431316e-08	3195.3074	-0.036573824	-4.8186035	0.00322146	0.0	11.730586051940918
30	-59.03824	19.53871	-31.335592	-117.3465	25.347826	-50.751568	1.3634135	-44.827198	-51.183395	18600	-2.880891e-08	451.83792	-0.019641388	-4.577545	0.0067315386	0.0	12.223200559616089
31	-125.69995	222.66876	-24.837603	-882.55536	23.36	-51.043606	1.0262051	-46.221886	-51.262543	19200	-3.1789146e-08	3086.2456	-0.038102433	-3.1398926	0.0030614026	0.0	12.585684776306152
32	-68.08636	30.354372	-28.604658	-142.55019	24.958334	-51.14668	1.0384635	-45.097958	-51.373646	19800	-1.7881394e-08	1177.3704	-0.02715082	-8.265747	0.005717755	0.0	12.954788208007812
33	-71.60389	29.743025	-33.257664	-147.06793	25.391304	-51.33452	0.9717949	-46.573727	-51.533325	20400	3.973643e-10	1325.7777	-0.0065698745	-8.504883	0.0059763733	2.0	13.333046197891235
34	-123.06578	214.56847	-25.864374	-854.1701	23.04	-51.527714	1.0084155	-46.78958	-51.742825	21000	6.357829e-09	2679.7256	-0.040966008	-3.2070312	0.004710142	0.0	13.702929019927979
35	-52.40588	16.224709	-29.465405	-86.412636	25.217392	-51.675053	0.9567243	-46.988094	-51.870735	21600	-1.07288365e-08	257.06735	-0.025571736	-0.02545166	0.008246577	0.0	14.063152313232422
36	-58.56352	20.231312	-26.344362	-107.94859	24.916666	-51.682957	0.97493887	-47.020554	-51.889256	22200	1.1324882e-08	466.06094	-0.022263518	-1.1307373	0.0054336255	0.0	14.417729139328003
37	-62.640953	16.634525	-30.551506	-91.84199	25.173914	-51.767963	0.95273024	-47.10056	-51.962814	22800	-7.5499216e-08	380.22968	-0.022345444	-2.6409607	0.0063829473	1.0	14.761365413665771
38	-58.48482	25.950312	-25.233868	-132.91273	24.916666	-51.885983	0.97017413	-47.233196	-52.088673	23400	-8.940697e-09	694.9026	-0.017109375	-1.0775146	0.00683026	0.0	15.116551399230957
39	-123.917366	219.22484	-30.857307	-862.7723	23.04	-51.96463	0.9869885	-47.327255	-52.175335	24000	1.2715658e-08	3766.1272	-0.040594798	-3.789795	0.004520027	0.0	15.464365005493164
40	-57.197174	16.56804	-27.434576	-92.48274	24.916666	-52.119102	0.9520745	-47.553127	-52.31801	24600	6.357829e-09	297.6551	-0.026235497	-0.78759766	0.007311299	0.0	15.957160711288452
41	-63.96825	17.621264	-21.792515	-96.17993	24.666666	-52.19877	0.9487201	-47.64887	-52.396965	25200	-4.9670536e-08	439.41275	-0.022918085	-3.6056519	0.0072497153	0.0	16.30475687980652
42	-55.491756	40.740326	-19.069366	-217.27231	25.26087	-52.36487	0.92876965	-47.814857	-52.554817	25800	5.086263e-08	1826.9979	-0.008536536	-0.64208984	0.004293635	0.0	16.667595148086548
43	-54.307064	21.020037	-17.683172	-95.730774	24.833334	-52.43364	0.94596106	-47.89698	-52.631264	26400	3.9339067e-08	439.08762	-0.033103593	-0.094177246	0.009416432	0.0	17.01610231399536
44	-51.5694	27.341032	-20.314505	-144.32805	25.304348	-52.471024	0.9261689	-47.933754	-52.660442	27000	-4.7683715e-09	773.7793	-0.020829953	-0.0037841797	0.00638092	0.0	17.370893955230713
45	-55.92468	21.247288	-25.749527	-90.98294	24.791666	-52.460636	0.9431281	-47.93756	-52.65769	27600	1.1523564e-08	461.12952	-0.024216497	-0.3336792	0.008763142	0.0	17.75167202949524
46	-62.604534	24.197834	-18.685097	-105.496315	25.0	-52.518913	0.9232808	-47.99579	-52.707737	28200	1.66893e-08	684.27625	-0.020657942	-3.2210693	0.00753011	0.0	18.11707901954651
47	-50.11179	22.69893	-21.836771	-111.49811	25.217392	-52.683712	0.92146975	-48.16946	-52.87219	28800	-2.4239222e-08	522.0389	-0.01755135	-0.077941895	0.008238012	0.0	18.463736057281494
48	-48.96564	18.566647	-28.529823	-124.29605	25.347826	-52.666668	0.91998446	-48.15969	-52.854836	29400	-7.152557e-09	355.2603	-0.02875551	-0.44769287	0.009237154	0.0	18.8144633769989
49	-59.2774	25.303078	-19.722528	-114.14864	24.791666	-52.593853	0.9365969	-48.1021	-52.789524	30000	-3.1789146e-08	670.43866	-0.035329673	-1.3632812	0.008777777	0.0	19.158151865005493
50	-51.55415	21.863934	-26.107008	-110.08139	24.875	-52.70173	0.9345764	-48.21966	-52.896965	30600	-7.947286e-10	474.17337	-0.034478836	-0.026275635	0.009475144	0.0	19.663358688354492
51	-47.89634	17.86714	-19.441113	-81.43828	25.217392	-52.700386	0.91463614	-48.219612	-52.887447	31200	-1.7086665e-08	333.30365	-0.017969325	-0.9360962	0.007064682	1.0	20.033071041107178
52	-56.310463	27.1374	-21.364294	-151.5374	25.086956	-52.60255	0.91284627	-48.130543	-52.78924	31800	2.22524e-08	748.4194	-0.024121767	-0.52819824	0.007907859	0.0	20.40887141227722
53	-84.85628	159.27246	-27.18681	-843.4273	24.291666	-52.66278	0.92899746	-48.207474	-52.856842	32400	0.0	1410.1411	-0.03342789	-0.2368164	0.0026617118	0.0	20.7659010887146
54	-55.894043	21.040106	-28.507261	-113.27618	25.217392	-52.694702	0.89700043	-48.300327	-52.87815	33000	-1.4702479e-08	444.79593	-0.01663752	-0.44369507	0.005791874	2.0	21.124966382980347
55	-52.468525	16.29203	-27.203022	-84.12119	24.708334	-52.758087	0.91112494	-48.388496	-52.948437	33600	1.1920929e-09	263.6959	-0.018979087	-0.0024414062	0.009556594	0.0	21.48137664794922
56	-49.39395	19.525219	-23.581465	-99.57948	25.347826	-52.768307	0.89145297	-48.4011	-52.950615	34200	-3.973643e-09	385.1284	-0.021848757	-0.44281006	0.007952497	0.0	21.83107280731201
57	-55.526405	16.619802	-24.21735	-98.07678	25.217392	-52.69472	0.88952494	-48.33696	-52.87664	34800	3.973643e-09	275.45712	-0.020990506	-0.31604004	0.007827715	0.0	22.186910390853882
58	-49.100803	20.41367	-24.120832	-103.58392	24.916666	-52.745663	0.9048765	-48.406033	-52.934696	35400	2.3841858e-08	431.0381	-0.020980438	-0.62249756	0.006906858	1.0	22.553284406661987
59	-43.65987	17.137388	-22.131033	-85.52758	24.791666	-52.659496	0.90261346	-48.33072	-52.848057	36000	-3.0994414e-08	374.3273	-0.02452207	-4.449646	0.00924237	0.0	22.912504196166992
60	-54.915924	22.766375	-25.705366	-105.383736	24.916666	-52.40616	0.9003872	-48.088055	-52.594257	36600	3.2583873e-08	529.7331	-0.01703023	-0.20007324	0.006840849	2.0	23.426930904388428
61	-51.67691	19.430206	-22.174492	-93.3481	24.958334	-52.445946	0.89786965	-48.139927	-52.633545	37200	-7.947286e-10	379.0239	-0.012594721	-0.039794922	0.008681278	0.0	23.794284343719482
62	-54.41988	23.34773	-24.397552	-127.08449	25.217392	-52.434715	0.87790227	-48.13389	-52.614246	37800	1.6490619e-08	550.0874	-0.023959894	-0.29211426	0.00902185	0.0	24.153352975845337
63	-48.129303	15.884892	-23.940956	-81.51009	24.958334	-52.492435	0.8928107	-48.210667	-52.67894	38400	-1.6887983e-08	272.6198	-0.026631001	-1.1620789	0.009793374	0.0	24.52181577682495
64	-50.04288	17.962925	-21.318476	-85.176834	25.0	-52.367386	0.87288463	-48.091152	-52.545906	39000	4.549821e-08	333.39508	-0.016512059	-0.44857788	0.0076776105	0.0	24.86431384086609
65	-45.177895	18.718956	-21.583925	-90.316734	25.130434	-52.27161	0.87020785	-48.008488	-52.44958	39600	2.7815501e-08	388.61777	-0.01952227	-3.4264526	0.008345617	0.0	25.231876373291016
66	-45.39838	17.75912	-19.298847	-77.18297	25.173914	-52.021854	0.86739	-47.772537	-52.19925	40200	8.861224e-08	349.62854	-0.022890037	-3.434784	0.006914357	1.0	25.587757349014282
67	-46.205555	17.24958	-21.154604	-84.69062	25.391304	-51.75629	0.8644053	-47.52159	-51.933075	40800	4.7683715e-09	326.04645	-0.015773127	-2.531433	0.008250583	0.0	25.957180500030518
68	-50.21426	21.548828	-17.597681	-108.69125	25.304348	-51.522064	0.86131626	-47.30251	-51.698277	41400	9.536743e-09	459.2524	-0.02579966	-0.18643188	0.007798114	0.0	26.319512128829956
69	-46.819164	12.897151	-22.112915	-69.77985	24.875	-51.4408	0.87521803	-47.243412	-51.623653	42000	-8.742014e-09	187.87895	-0.017197173	-1.8332672	0.008126634	0.0	26.685750246047974
70	-42.348213	16.82699	-22.24101	-82.10788	25.173914	-51.251263	0.8549364	-47.06295	-51.426117	42600	-5.9604643e-10	350.97858	-0.014986723	-6.3089905	0.0062709167	0.0	27.212254524230957
71	-36.47177	9.814822	-19.665825	-58.098927	25.130434	-50.871895	0.85157645	-46.700043	-51.046066	43200	1.3311704e-07	296.84207	-0.0130211115	-17.830933	0.0058358065	0.0	27.545616149902344
72	-35.624374	12.871327	-19.620367	-61.794373	25.043478	-50.21985	0.84773755	-46.066807	-50.393238	43800	-1.2318293e-08	366.2342	-0.027112054	-19.717499	0.008003809	1.0	27.898609399795532
73	-37.39786	12.721672	-16.743559	-65.661415	25.391304	-49.506493	0.84356475	-45.373898	-49.679073	44400	-3.973643e-09	301.3051	-0.015509255	-14.199036	0.008155182	0.0	28.240401029586792
74	-45.961082	17.223772	-17.99764	-94.28867	25.086956	-48.882397	0.83932185	-44.770588	-49.05408	45000	-1.37090685e-08	299.57068	-0.024104055	-1.2053528	0.009136317	0.0	28.603508949279785
75	-41.207943	11.728725	-21.010838	-60.04987	25.043478	-48.6725	0.8353815	-44.579987	-48.843372	45600	7.549922e-09	188.49686	-0.019790413	-5.4401093	0.008384552	0.0	28.966455936431885
76	-43.02666	17.056452	-20.973154	-85.93519	25.086956	-48.288254	0.8310698	-44.21687	-48.458256	46200	2.324581e-08	314.01413	-0.018769247	-2.8244019	0.0069695846	0.0	29.306849718093872
77	-31.804523	10.797465	-18.658056	-52.327057	25.217392	-47.988853	0.8269922	-43.937447	-48.158024	46800	-2.7020773e-08	368.19714	-0.0125254635	-26.921997	0.008238649	0.0	29.666009426116943
78	-38.77149	10.712086	-18.398064	-63.53331	25.086956	-47.10497	0.8213435	-43.081234	-47.27299	47400	0.0	179.94821	-0.016078064	-8.827118	0.009546473	0.0	30.013534784317017
79	-39.91949	11.723971	-21.053373	-64.41324	25.043478	-46.54351	0.8160668	-42.545628	-46.71046	48000	1.37090685e-08	175.32776	-0.016604383	-5.238907	0.007428808	0.0	30.353849172592163
80	-33.399303	9.820812	-19.259996	-50.363247	25.26087	-46.116978	0.8110379	-42.143726	-46.282898	48600	1.2497107e-07	252.15776	-0.014118056	-19.07933	0.0065267733	0.0	30.88460874557495
81	-71.58929	162.0896	-20.01455	-847.16766	24.125	-45.31364	0.82051	-41.378616	-45.4851	49200	-3.8146972e-08	1259.1276	-0.03508342	-5.690674	0.001282931	0.0	31.24677348136902
82	-37.862003	10.625272	-21.79173	-61.88165	24.916666	-44.85344	0.78565085	-41.085598	-45.01764	49800	-1.09275184e-08	162.34805	-0.017850969	-6.8519287	0.008824377	0.0	31.593394994735718
83	-40.76991	13.107168	-22.10037	-72.13604	25.0	-44.355705	0.76114005	-40.626907	-44.51144	50400	-2.125899e-08	187.56494	-0.020995548	-2.1606598	0.009374966	0.0	31.957366466522217
84	-33.622437	10.682018	-21.67422	-58.9091	25.217392	-44.050755	0.7560902	-40.346695	-44.20546	51000	1.5854836e-07	217.49185	-0.023262482	-14.607666	0.0069662794	0.0	32.30865025520325
85	-37.02167	6.3927784	-23.730038	-50.867447	25.304348	-43.3045	0.7490097	-39.635128	-43.457764	51600	8.742015e-08	78.98438	-0.019344341	-6.215576	0.009007473	0.0	32.64986562728882
86	-35.856033	13.832686	-18.194023	-70.04105	25.47826	-42.77328	0.7426858	-39.134884	-42.92525	52200	-4.2468308e-08	236.16037	-0.021343574	-7.3661957	0.0068494747	1.0	32.99665021896362
87	-35.40662	11.51842	-22.455107	-76.26933	25.173914	-42.206627	0.73595077	-38.601227	-42.357227	52800	3.8743018e-08	172.03804	-0.015957909	-7.487076	0.0069358405	1.0	33.35735583305359
88	-35.69617	14.018385	-18.99863	-90.66969	25.130434	-41.620667	0.7288937	-38.049843	-41.769833	53400	-1.2119611e-08	225.34412	-0.021820666	-5.983078	0.009849357	0.0	33.771299600601196
89	-35.521	10.064483	-20.013256	-55.707882	25.391304	-41.08324	0.72189933	-37.546684	-41.230984	54000	2.5729339e-08	130.073	-0.018021056	-5.4217987	0.007428953	1.0	34.13441824913025
90	-36.394672	9.977103	-18.899746	-52.879456	25.130434	-40.563942	0.714826	-37.06204	-40.710243	54600	1.9868215e-10	114.05427	-0.022798132	-3.1375504	0.009579267	0.0	34.68908429145813
91	-32.091732	6.7290673	-18.418219	-48.152588	25.47826	-40.155266	0.7083231	-36.685223	-40.30028	55200	5.165736e-09	107.2512	-0.020398263	-11.282761	0.0068498906	0.0	35.130884647369385
92	-35.790054	8.768699	-21.148151	-53.172615	25.217392	-39.399086	0.6995321	-35.972103	-39.542267	55800	-1.4305114e-08	86.834435	-0.018419169	-2.7495651	0.0070376736	1.0	35.4929723739624
93	-37.82595	12.710349	-19.728071	-58.195763	25.217392	-38.984676	0.6927012	-35.591164	-39.126472	56400	1.9868216e-08	157.5225	-0.015379331	-0.38883972	0.0065867817	1.0	35.84176158905029
94	-37.91351	12.267849	-21.663794	-59.235916	25.391304	-38.82321	0.6872821	-35.456253	-38.96394	57000	1.947085e-08	148.8398	-0.017360646	-0.20193481	0.008302274	0.0	36.188902378082275
95	-39.029003	13.297895	-18.688126	-73.46677	25.086956	-38.7131	0.6822053	-35.371	-38.85274	57600	-1.5099843e-08	171.18518	-0.014024834	-0.014526367	0.008979112	0.0	36.56105303764343
96	-33.547794	9.509936	-18.01229	-51.424664	25.304348	-38.73011	0.67791384	-35.40904	-38.868877	58200	2.7219455e-08	114.223946	-0.017490333	-5.31102	0.008959748	0.0	36.9136483669281
97	-34.98502	10.47736	-21.244125	-63.015427	25.347826	-38.17523	0.6696466	-34.894653	-38.312305	58800	1.5497207e-08	116.20259	-0.008171382	-2.4164581	0.00613933	1.0	37.26136612892151
98	-39.246506	15.527646	-17.88282	-95.98399	25.434782	-37.75854	0.6622401	-34.514256	-37.894154	59400	3.973643e-10	250.93198	-0.011446582	-0.49827576	0.008151796	0.0	37.7533073425293
99	-33.423775	10.985018	-15.332328	-60.900753	25.26087	-37.91599	0.65913373	-34.68692	-38.050922	60000	2.503395e-08	137.53186	-0.017187359	-4.426193	0.008340172	0.0	38.409512758255005
100	-35.36464	9.812783	-19.150183	-55.434776	25.173914	-37.38862	0.65064704	-34.201126	-37.52182	60600	-2.78155e-09	97.235435	-0.017882718	-1.1709671	0.009530661	0.0	39.16005873680115
101	-31.626802	9.237236	-18.461374	-52.450077	25.391304	-37.072754	0.6436428	-33.919575	-37.204525	61200	6.755193e-08	112.12526	-0.014717838	-7.2537003	0.008416283	0.0	39.55332112312317
102	-38.15979	13.973554	-17.67123	-72.05561	25.52174	-36.341034	0.6333734	-33.238167	-36.47072	61800	0.0	198.31412	-0.019427164	-0.6386261	0.006874235	1.0	39.94482398033142
103	-37.41382	13.286831	-21.136162	-74.008255	25.217392	-36.520763	0.6302765	-33.43306	-36.6498	62400	-1.947085e-08	172.13297	-0.0180207	-0.26208496	0.0089048175	0.0	40.407180070877075
104	-35.019314	10.181724	-18.919558	-60.829826	25.652174	-36.677086	0.626808	-33.606377	-36.805412	63000	1.9073486e-08	103.777275	-0.016995544	-0.7067642	0.008431834	1.0	40.7733211517334
105	-28.760315	10.841192	-15.683598	-58.348373	25.304348	-36.447258	0.6201694	-33.409077	-36.574234	63600	-1.5894573e-08	171.98308	-0.016052732	-16.003632	0.007463175	0.0	41.147602796554565
106	-30.448704	10.209398	-16.71902	-60.82978	25.347826	-35.28224	0.60604703	-32.313244	-35.40634	64200	1.7484028e-08	123.97539	-0.0150546525	-7.2192383	0.007893953	1.0	41.52872276306152
107	-34.46066	11.918078	-15.33032	-75.08173	25.391304	-34.42986	0.5942421	-31.518696	-34.55155	64800	1.4901161e-09	137.35979	-0.019069448	0.00047302246	0.009293754	0.0	42.02597093582153
108	-35.26776	8.165769	-21.008787	-50.34116	25.695652	-34.357647	0.5889549	-31.472382	-34.47826	65400	2.7020773e-08	67.12408	-0.0098584555	-0.26328278	0.005343129	0.0	42.50790739059448
109	-31.699375	10.09565	-19.150398	-59.82637	25.347826	-34.51321	0.5856075	-31.644342	-34.63313	66000	5.364418e-08	107.08338	-0.019109715	-2.44561	0.008134306	0.0	42.95730257034302
110	-34.421482	8.063027	-18.051952	-46.352215	25.434782	-34.036217	0.5766075	-31.211441	-34.1543	66600	7.947286e-10	64.58117	-0.013548631	-0.014656067	0.009547475	0.0	43.743916511535645
111	-32.345512	11.758776	-18.521366	-61.427467	25.391304	-34.04959	0.57187694	-31.247993	-34.166737	67200	3.973643e-10	138.82956	-0.017847836	-0.9970093	0.009249624	0.0	44.27019667625427
112	-35.739006	11.432638	-20.025145	-62.903572	25.26087	-33.731575	0.56413645	-30.967896	-33.84711	67800	-6.357829e-09	129.66864	-0.01672947	-1.2006989	0.00888752	0.0	44.65991950035095
113	-35.959457	11.439292	-20.874401	-59.320267	25.347826	-34.075077	0.56219083	-31.320927	-34.19021	68400	3.516674e-08	131.61237	-0.0021271093	-1.3582306	0.0007209766	9.0	45.08482217788696
114	-34.890392	9.511928	-21.30227	-54.796368	25.52174	-34.48756	0.56070775	-31.740679	-34.602386	69000	1.7881394e-08	87.78011	-0.03244961	-0.054092407	0.009120836	0.0	45.518356800079346
115	-34.036114	9.470768	-19.641953	-52.215443	25.434782	-34.584686	0.5561876	-31.85995	-34.69859	69600	7.549922e-09	88.55029	-0.008192426	-0.11534119	0.009282193	0.0	45.879826068878174
116	-34.91106	10.941082	-16.325182	-61.85475	25.47826	-34.471497	0.54995054	-31.777311	-34.584118	70200	6.5962475e-08	117.5852	-0.021581905	-0.09375	0.009795229	0.0	46.33472442626953
117	-31.557001	7.1986904	-18.121822	-42.81724	25.391304	-34.571632	0.54559803	-31.898773	-34.683365	70800	-2.8411547e-08	59.854816	-0.018118467	-3.6600914	0.0065262388	1.0	46.78131818771362
118	-32.88791	8.714388	-18.637882	-56.656483	25.391304	-33.88047	0.5343096	-31.262909	-33.989895	71400	1.0331472e-08	75.88646	-0.013295476	-0.5263977	0.0065597845	0.0	47.19828009605408
119	-36.27148	13.022804	-20.671597	-65.03455	25.52174	-33.57373	0.52633834	-30.995224	-33.68153	72000	-1.66893e-08	172.29237	-0.014302968	-2.8370361	0.0093920315	0.0	47.63034129142761
120	-31.464464	8.978102	-17.005325	-54.180008	25.391304	-34.200478	0.52632964	-31.622015	-34.30827	72600	-1.8080076e-08	86.29273	-0.013406538	-3.127922	0.00937283	0.0	48.49186849594116
121	-31.80649	8.219923	-18.233643	-52.557755	25.304348	-33.549896	0.51525325	-31.025688	-33.65542	73200	-1.9868216e-09	68.97746	-0.022398423	-1.5550766	0.009639136	0.0	48.92266082763672
122	-33.94058	9.062004	-19.814177	-51.17534	25.565218	-33.022404	0.50530195	-30.546953	-33.1259	73800	2.9007595e-08	81.028595	-0.026246767	-0.33251953	0.009544126	0.0	49.32498478889465
123	-31.832737	10.946617	-20.656296	-66.10469	25.347826	-33.23155	0.5018634	-30.772943	-33.33434	74400	8.34465e-09	118.94909	-0.009784395	-0.88088226	0.003535942	0.0	49.77714228630066
124	-34.31902	12.075978	-19.509869	-78.123146	25.565218	-32.86053	0.49330798	-30.443834	-32.96157	75000	-5.9554974e-08	153.60443	-0.023588676	-1.2097473	0.009686769	0.0	50.15431070327759
125	-34.3787	9.928244	-17.200819	-57.687325	25.565218	-33.30057	0.49213964	-30.889606	-33.401375	75600	-4.4107438e-08	98.32143	-0.010932833	-0.6203232	0.008465888	0.0	50.52608609199524
126	-32.793457	10.463858	-18.087242	-52.20054	25.52174	-33.658684	0.4897126	-31.259605	-33.758984	76200	1.7484028e-08	107.95121	-0.014830305	-0.35768127	0.008569773	0.0	50.88972282409668
127	-38.05736	10.88129	-18.51891	-57.590595	25.086956	-33.4142	0.48207197	-31.052547	-33.51293	76800	-4.8677126e-08	133.72292	-0.0086445045	-10.455704	0.0065105273	1.0	51.32969641685486
128	-29.788574	11.443433	-17.954512	-57.270798	25.26087	-34.829876	0.4876894	-32.440712	-34.929752	77400	-7.649263e-09	150.36096	-0.013039476	-12.849289	0.008504326	0.0	51.8677442073822
129	-33.1115	10.321471	-18.76218	-52.291092	25.434782	-33.292557	0.46940508	-30.992962	-33.3887	78000	-2.1855037e-08	103.80229	-0.01811086	-0.062301636	0.009729104	0.0	52.25634431838989
130	-33.247135	12.663227	-17.83536	-64.90651	25.52174	-33.08437	0.46201667	-30.82097	-33.179	78600	-6.8545343e-09	157.03531	-0.015373033	-0.012451172	0.008558121	0.0	52.8644323348999
131	-35.21258	9.42325	-19.136713	-52.718357	25.434782	-33.12291	0.45669568	-30.885578	-33.21645	79200	3.576279e-08	91.41272	-0.011460044	-2.452591	0.00828197	0.0	53.35805797576904
132	-35.63363	11.324819	-17.256363	-52.879776	25.47826	-33.864037	0.4570186	-31.62512	-33.957634	79800	-1.37090685e-08	127.170784	-0.0060871746	-1.902504	0.0066570695	0.0	53.806336402893066
133	-31.091131	9.525957	-17.71927	-51.99099	25.304348	-34.559635	0.45655075	-32.32301	-34.65313	80400	-3.059705e-08	100.352516	-0.011013588	-6.7972565	0.0072228624	0.0	54.23210120201111
134	-34.422375	10.343431	-22.069576	-65.56681	25.26087	-33.309967	0.44102335	-31.149416	-33.4003	81000	-5.7220458e-08	102.65428	-0.022907171	-0.49106598	0.009023132	0.0	54.63392734527588
135	-31.26011	7.9458976	-20.239058	-49.690716	25.347826	-33.6069	0.43744522	-31.463873	-33.69649	81600	3.1789145e-09	67.189545	-0.0115669435	-3.433075	0.006897157	0.0	55.00544047355652
136	-30.099806	7.948248	-16.994041	-51.29594	25.347826	-32.685844	0.42442176	-30.60662	-32.772778	82200	2.5431316e-08	67.85746	-0.0128556825	-4.418461	0.009940361	0.0	55.40824866294861
137	-33.81279	10.11665	-17.113377	-56.795223	25.217392	-31.563404	0.40993896	-29.555136	-31.647385	82800	-4.3114028e-08	103.55489	-0.01836331	-2.746498	0.009405707	0.0	55.83630061149597
138	-32.630894	9.16083	-16.929234	-53.992165	25.434782	-32.3929	0.4111911	-30.37849	-32.477123	83400	2.2848447e-08	81.49526	-0.013722261	-0.04045868	0.006598731	1.0	56.25093340873718
139	-33.112118	7.598204	-17.603437	-47.332	25.347826	-32.53632	0.40682155	-30.543322	-32.61965	84000	1.8278758e-08	56.90978	-0.014725891	-0.2312355	0.0077113598	0.0	56.66126465797424
140	-34.25823	11.33995	-19.532946	-57.397594	25.217392	-32.79774	0.40341288	-30.821444	-32.880375	84600	-1.6887983e-08	126.18286	-0.0074740956	-1.3511963	0.008594839	0.0	57.295294761657715
141	-31.431261	7.7199345	-19.801672	-46.316525	25.47826	-33.45244	0.40266728	-31.479792	-33.534912	85200	4.2120615e-08	62.46874	-0.025429482	-2.9540787	0.009537321	0.0	57.701969623565674
142	-33.05374	10.060493	-18.24015	-55.611317	25.26087	-32.502876	0.3897354	-30.593584	-32.58271	85800	4.7683715e-09	98.0627	-0.010844868	-0.19433594	0.007686599	0.0	58.086604595184326
143	-30.862625	8.485694	-18.062342	-44.86168	25.391304	-32.721607	0.38600492	-30.83059	-32.800674	86400	7.152557e-09	73.87964	-0.008666529	-2.571579	0.0068269046	1.0	58.46223258972168
144	-31.78368	9.288165	-16.856104	-53.076027	25.47826	-31.792263	0.37350774	-29.96247	-31.86878	87000	2.9851993e-08	84.53824	-0.012091237	-0.005836487	0.005343734	0.0	58.8659873008728
145	-32.5561	7.756371	-18.315716	-48.18258	25.26087	-31.720146	0.3677259	-29.918676	-31.795477	87600	8.940697e-09	58.9602	-0.005557349	-0.47702408	0.008394463	0.0	59.27827191352844
146	-35.238037	8.710308	-20.15665	-53.72731	25.391304	-32.140438	0.36565718	-30.3491	-32.21534	88200	-1.7086665e-08	82.942215	-0.020707317	-7.1571884	0.007941192	1.0	59.68299698829651
147	-32.476337	8.362322	-19.825788	-52.83851	25.434782	-33.806087	0.37220716	-31.982662	-33.88232	88800	1.768271e-08	70.15196	-0.0074687763	-1.3267822	0.0070072897	0.0	60.087790727615356
148	-32.729042	9.476409	-16.553673	-49.543457	25.47826	-33.131104	0.361767	-31.358822	-33.2052	89400	6.9042045e-08	88.4709	-0.010957983	-0.15647125	0.0067294193	1.0	60.46523952484131
149	-32.674072	8.222144	-16.62763	-46.07589	25.52174	-32.856102	0.35432073	-31.1203	-32.928677	90000	1.8278758e-08	66.70472	-0.017089097	-0.4123764	0.008621465	3.0	60.87175369262695
150	-32.87757	10.073866	-19.768583	-52.216198	25.347826	-32.632736	0.49143	-30.858576	-32.785557	90600	4.371007e-09	98.099144	-0.009738515	-0.039024353	0.006737067	0.0	61.51649808883667
151	-34.95329	11.493839	-19.67228	-70.99474	25.26087	-32.75107	0.49222806	-30.971899	-32.902622	91200	-2.026558e-08	131.70175	-0.016485047	-3.717743	0.0071433526	1.0	61.949132204055786
152	-34.389896	9.6063175	-18.761843	-56.884586	25.26087	-34.0161	0.55248624	-32.1986	-34.205715	91800	-3.417333e-08	89.26839	-0.012737186	-0.15007782	0.009188164	0.0	62.366480112075806
153	-35.163944	8.56283	-16.87383	-50.775764	25.304348	-34.237785	0.5047654	-32.37362	-34.39488	92400	2.582868e-09	71.71558	-0.014474588	-0.58010864	0.009747331	1.0	62.7899067401886
154	-33.894657	8.870332	-13.728274	-51.582684	25.26087	-34.78255	0.4361194	-32.84381	-34.89935	93000	-1.4702479e-08	77.55835	-0.012001123	-0.9502106	0.0064313104	0.0	63.219828844070435
155	-36.868095	9.389887	-17.73756	-55.519855	25.173914	-34.20225	0.36208212	-32.27266	-34.28448	93600	-4.7683715e-09	91.46803	-0.024910346	-5.5418854	0.007532628	0.0	63.62719178199768
156	-33.405025	11.095254	-16.074028	-59.04005	25.0	-35.879257	0.38157192	-33.85534	-35.96707	94200	-4.7683715e-09	129.16354	-0.0082370015	-6.7937775	0.006834139	3.0	64.01765537261963
157	-35.235027	8.217739	-22.596045	-54.729588	25.173914	-32.99495	0.08302647	-32.96917	-33.376648	94800	1.6490619e-08	69.71573	-0.016986364	-4.036003	0.0077680903	0.0	64.40966176986694
158	-35.194828	12.637791	-20.97588	-58.928345	25.086956	-34.573704	0.45472386	-34.362198	-35.944374	95400	1.5894572e-09	152.31421	-0.008227089	-0.21769714	0.008578743	0.0	64.82201290130615
159	-33.548126	7.576362	-18.487822	-49.88815	25.173914	-34.78702	0.15824509	-34.719715	-35.423973	96000	-5.642573e-08	57.02213	-0.0054391734	-1.4318314	0.008236602	0.0	65.23405694961548
160	-30.34813	8.605638	-17.447536	-44.19451	25.173914	-33.873066	0.061937496	-33.858536	-34.17505	96600	4.9670536e-08	84.10917	-0.025321499	-10.879875	0.009726205	0.0	65.86908769607544
161	-33.355892	7.60399	-17.457008	-46.818455	24.958334	-31.34543	0.10365589	-31.32288	-31.842346	97200	-3.6160152e-08	62.134193	-0.0105542	-3.4896355	0.006015565	0.0	66.27593898773193
162	-32.3352	12.101606	-16.60394	-60.30462	25.391304	-32.73832	0.07628371	-32.72132	-33.111378	97800	4.0928523e-08	143.62503	-0.022716654	-0.20025635	0.006677273	1.0	66.68346929550171
163	-31.230677	8.590114	-14.259558	-45.07884	25.391304	-32.41414	0.07988885	-32.396355	-32.8048	98400	7.202228e-08	73.29775	-0.009713092	-1.2439651	0.0075457087	0.0	67.0679886341095
164	-32.48215	7.9359016	-17.042292	-46.621037	25.086956	-31.524603	0.09280558	-31.504381	-31.975698	99000	1.11262e-08	61.783627	-0.015498015	-0.6794205	0.007935759	0.0	67.45544528961182
165	-33.104588	9.099393	-17.428705	-53.27485	25.304348	-32.174526	0.07940003	-32.156296	-32.562294	99600	7.947286e-10	80.185715	-0.0083470475	-0.6389923	0.008412561	0.0	67.87828803062439
166	-33.288292	7.3237453	-23.010351	-45.774914	25.043478	-32.83751	0.06733486	-32.819653	-33.161324	100200	-3.973643e-09	51.517258	-0.013986485	-0.14991379	0.008120839	0.0	68.2946388721466
167	-33.37911	9.714651	-21.752577	-59.750305	25.26087	-33.167168	0.061824154	-33.14832	-33.453617	100800	2.3841857e-09	90.0715	-0.018295323	-0.042671204	0.009341459	0.0	68.70430660247803
168	-36.32287	6.6817527	-22.968092	-47.1761	25.173914	-33.339966	0.055639155	-33.324368	-33.60422	101400	7.152557e-09	51.426395	-0.014793003	-7.319519	0.006647153	1.0	69.09230017662048
169	-35.184624	10.005208	-16.842056	-63.282326	25.043478	-35.93763	0.81552607	-35.404907	-37.30314	102000	2.4735927e-08	97.670845	-0.013931117	-1.2024155	0.007533159	0.0	69.47957444190979
170	-32.87304	8.949613	-17.24578	-48.72133	25.173914	-35.184345	0.020634716	-35.17821	-35.279537	102600	-7.3512396e-09	82.030716	-0.008572617	-5.1396027	0.0075067584	0.0	70.18713235855103
171	-38.46593	12.850308	-20.717676	-65.850845	25.0	-33.228165	0.050270375	-33.216686	-33.47306	103200	-3.4073988e-08	181.41591	-0.016998453	-23.405228	0.008686763	0.0	70.5875141620636
172	-38.64448	10.288628	-22.3331	-58.92156	25.173914	-37.253086	0.019628452	-37.191257	-37.31646	103800	3.536542e-08	102.94707	-0.009725519	-1.8320312	0.008059001	0.0	70.99892330169678
173	-33.518097	10.769715	-17.046473	-52.893986	25.043478	-38.442364	0.08138699	-38.2817	-38.77538	104400	2.4437904e-08	135.1737	-0.017008455	-21.978287	0.00892439	0.0	71.41606283187866
174	-35.460922	9.956316	-17.327833	-53.946205	25.217392	-34.60979	0.02786124	-34.603676	-34.746086	105000	-1.8576781e-08	95.98701	-0.013739637	-0.6049576	0.008974084	0.0	71.83238887786865
175	-35.088673	10.085724	-20.532806	-56.555153	25.086956	-35.206997	0.018141426	-35.20278	-35.294952	105600	-4.708767e-08	97.74119	-0.01157605	-0.046775818	0.006234834	0.0	72.25839900970459
176	-32.794186	9.9751	-21.00754	-60.244057	25.173914	-35.035664	0.020679807	-35.030952	-35.136578	106200	3.4968057e-08	100.85081	-0.00738983	-4.798607	0.00723584	1.0	72.63293528556824
177	-31.224005	11.196304	-17.514381	-55.30029	25.130434	-33.187447	0.047443908	-33.177364	-33.41977	106800	2.1457673e-08	124.240105	-0.0069623874	-3.8103104	0.0073267324	0.0	73.02723813056946
178	-32.695595	10.117974	-16.83954	-58.821457	25.173914	-31.512539	0.07109715	-31.497713	-31.860802	107400	2.6623407e-08	98.97327	-0.005552022	-1.1118164	0.0038577446	8.0	73.67770743370056
179	-29.148487	7.8801084	-17.164148	-46.711468	25.086956	-32.404472	0.054767024	-32.392933	-32.672707	108000	1.9272168e-08	70.339455	-0.014473354	-9.620411	0.0068975394	1.0	74.21877646446228
180	-34.730682	9.621005	-18.236422	-54.020676	25.086956	-29.75879	0.09196661	-29.7398	-30.209314	108600	-2.6226044e-08	112.62974	-0.0051926295	-21.716835	0.0042085927	0.0	75.07394933700562
181	-32.97333	10.259973	-15.438822	-52.891716	25.304348	-33.601913	0.032121025	-33.59489	-33.759064	109200	8.742014e-09	102.02443	-0.020955991	-0.39211273	0.009862456	0.0	75.44812536239624
182	-33.138504	9.076793	-19.929459	-51.09553	25.26087	-33.119873	0.03751793	-33.111656	-33.302372	109800	-5.6028366e-08	79.33294	-0.012505275	-0.0041275024	0.006445029	0.0	75.85713577270508
183	-34.5857	9.922234	-18.781666	-58.68869	25.043478	-33.060116	0.03665308	-33.052364	-33.23962	110400	3.5564106e-08	95.18086	-0.0063279904	-1.7043686	0.007330017	2.0	76.33051204681396
184	-32.57594	8.938597	-18.336653	-51.96547	25.347826	-34.181877	0.02101689	-34.177277	-34.284702	111000	-1.8676122e-08	80.9165	-0.007677577	-2.5370789	0.00813639	0.0	76.87891459465027
185	-32.901302	7.578543	-17.645498	-50.5577	25.086956	-32.809338	0.03900406	-32.80112	-33.00037	111600	-1.7881394e-08	55.529713	-0.0074105044	-0.00182724	0.0041706143	0.0	77.36190533638
186	-32.256157	10.4286995	-19.596714	-57.49113	25.565218	-32.836628	0.036595695	-32.82888	-33.01585	112200	-3.2583873e-08	105.94406	-0.008063203	-0.36789703	0.008986408	0.0	77.77706027030945
187	-34.712536	9.073096	-21.598373	-55.131996	25.347826	-32.29642	0.04203964	-32.28759	-32.502327	112800	-2.7815501e-08	84.94392	-0.00872661	-5.316986	0.007527474	0.0	78.18796825408936
188	-33.17581	9.746365	-20.583494	-52.42895	25.130434	-34.356503	0.012052175	-34.353672	-34.415176	113400	3.9339067e-08	92.93323	-0.009300209	-1.5679245	0.007166713	0.0	78.5966649055481
189	-34.54605	9.046242	-21.416458	-53.066795	25.347826	-33.238026	0.027185747	-33.232166	-33.371105	114000	-3.1789146e-08	80.99009	-0.007806066	-1.4323044	0.0058919042	0.0	78.99733376502991
190	-32.623363	11.839854	-17.120024	-59.335766	25.26087	-34.322742	0.01224678	-34.319855	-34.382347	114600	-1.6887983e-08	138.14348	-0.013835591	-2.669983	0.0053922758	0.0	79.71754837036133
191	-29.933413	9.279397	-19.918255	-52.34895	25.304348	-32.828133	0.030266441	-32.821648	-32.97617	115200	6.357829e-09	91.433876	-0.01968846	-7.7723007	0.008716024	0.0	80.12126469612122
192	-32.836605	10.866426	-18.05989	-61.642494	25.130434	-30.27153	0.060825653	-30.258978	-30.569464	115800	-3.6358834e-08	117.76089	-0.0124455085	-5.658531	0.006337911	0.0	80.52765965461731
193	-32.061424	11.795716	-15.022517	-55.984604	25.26087	-32.432487	0.029426903	-32.426285	-32.576614	116400	5.3246815e-08	134.39946	-0.016339572	-0.21347046	0.0048271134	4.0	80.92394137382507
194	-30.595057	8.626384	-19.047085	-48.340477	25.391304	-32.01591	0.03372837	-32.00881	-32.181095	117000	-1.0331472e-08	74.76296	-0.011575751	-1.9245377	0.007902284	0.0	81.31776857376099
195	-28.166157	8.199826	-17.115343	-55.573746	25.0	-30.722597	0.047022764	-30.71284	-30.952946	117600	2.7418137e-08	70.87738	-0.016281536	-5.9942627	0.0058966335	0.0	81.70674705505371
196	-32.59629	7.5739026	-21.270647	-49.302406	25.130434	-28.440691	0.07084082	-28.425259	-28.787733	118200	2.026558e-08	72.634636	-0.007897694	-16.326824	0.0056673554	2.0	82.11534595489502
197	-35.669403	10.639097	-17.22879	-57.85345	25.26087	-32.101685	0.020391209	-32.097324	-32.201527	118800	4.9273172e-08	120.88195	-0.021041127	-11.242577	0.0077713616	1.0	82.52450823783875
198	-35.003086	12.493113	-16.61262	-60.938816	24.916666	-35.126907	0.010732755	-35.076466	-35.13843	119400	-6.198883e-08	155.21992	-0.018632807	-0.0708313	0.008614313	0.0	82.91834902763367
199	-32.99889	11.921918	-16.00678	-55.22319	25.130434	-34.901657	0.0042716013	-34.882454	-34.910095	120000	2.22524e-08	140.75229	-0.0046938923	-3.834198	0.006147906	0.0	83.3234851360321
200	-33.276413	7.7440014	-21.15062	-48.857536	25.173914	-33.116432	0.016733475	-33.11269	-33.198227	120600	2.4239222e-08	57.76013	-0.009454808	-0.02079773	0.008874998	0.0	84.04440402984619
201	-29.475382	9.281537	-17.057375	-52.596043	25.217392	-33.24152	0.0141379	-33.238274	-33.310497	121200	-1.947085e-08	97.40812	-0.02273331	-13.580009	0.009663047	0.0	84.43790483474731
202	-33.049625	9.939264	-20.004349	-59.45054	24.833334	-29.898718	0.046302732	-29.888851	-30.120773	121800	-1.5298525e-08	106.41189	-0.016360942	-9.10434	0.007968982	0.0	84.83306193351746
203	-34.970768	10.068399	-21.306755	-59.562393	25.304348	-32.59041	0.017925791	-32.586533	-32.67815	122400	-9.934108e-09	102.17914	-0.009476364	-5.1221695	0.004962171	4.0	85.22828006744385
204	-34.23698	11.649357	-15.660304	-56.26165	25.086956	-34.64323	0.05180464	-34.640114	-35.910587	123000	5.9604646e-09	130.81549	-0.016408868	-0.28442383	0.009442634	0.0	85.62686324119568
205	-27.94646	7.9730825	-17.798635	-44.266983	25.608696	-34.205574	0.0033344605	-34.20214	-34.221676	123600	3.4968057e-08	101.22497	-0.0067278617	-37.52517	0.009763067	0.0	86.02438974380493
206	-29.232407	6.772089	-17.399603	-44.803097	25.391304	-28.960463	0.04163764	-28.946522	-29.164373	124200	-5.3395826e-09	45.234184	-0.017358942	-0.04436493	0.00865678	0.0	86.42461895942688
207	-31.441544	9.01567	-18.5651	-45.13102	25.347826	-29.101112	0.03649352	-29.088388	-29.279816	124800	4.967054e-09	84.292816	-0.009388665	-4.9526978	0.006586027	1.0	86.82248044013977
208	-33.939754	11.607277	-16.391676	-53.287823	25.217392	-31.022926	0.020787826	-31.014793	-31.124693	125400	1.5497207e-08	138.20364	-0.020463288	-7.465851	0.009640479	0.0	87.22501707077026
209	-30.041836	11.142385	-17.292515	-56.240032	25.434782	-33.393406	0.0068210107	-33.389256	-33.42671	126000	-1.6291937e-08	132.77458	-0.014402457	-10.199608	0.0085407	0.0	87.62812232971191
210	-32.68142	7.51385	-18.939642	-47.575356	25.347826	-30.681797	0.019391406	-30.673773	-30.776707	126600	-3.1789146e-08	58.278088	-0.0073658195	-3.4302673	0.0069662253	2.0	88.36064171791077
211	-34.298244	6.666219	-22.600344	-51.852818	25.26087	-32.247208	0.011045922	-32.241817	-32.301228	127200	-1.5894572e-09	47.052002	-0.007728116	-3.8992271	0.0074314624	0.0	88.75818824768066
212	-31.552137	8.322413	-19.18671	-50.6194	25.304348	-33.96931	0.0016798868	-33.96653	-33.977165	127800	-2.6226044e-08	72.64611	-0.00898437	-5.329239	0.008994961	1.0	89.16175389289856
213	-28.23786	8.091946	-16.008808	-49.6877	25.304348	-31.980234	0.009798223	-31.974958	-32.028122	128400	1.1523564e-08	77.813896	-0.017028354	-12.788925	0.00883707	0.0	89.54312753677368
214	-35.16901	7.787278	-17.686829	-46.7218	25.52174	-28.894245	0.018977808	-28.884575	-28.987034	129000	-2.3444494e-08	98.030426	-0.013090131	-35.659878	0.007767253	0.0	89.94060397148132
215	-29.577143	8.885181	-16.140207	-45.808723	25.47826	-33.70953	0.0034934857	-33.706783	-33.72652	129600	-5.6028366e-08	94.20438	-0.00942773	-15.772133	0.0034848698	0.0	90.33415389060974
216	-32.068348	7.677059	-19.297428	-46.00555	25.434782	-30.639408	0.012459267	-30.633331	-30.70034	130200	-4.2120615e-08	59.54707	-0.020322317	-1.8048172	0.009634054	0.0	90.74631595611572
217	-28.433607	7.761809	-18.16801	-46.28437	25.26087	-31.658548	0.009178607	-31.65385	-31.703426	130800	-1.291434e-08	68.908165	-0.016472917	-9.333145	0.00863735	0.0	91.14604711532593
218	-30.412895	8.012375	-17.877466	-52.16774	25.565218	-29.251358	0.011406271	-29.244144	-29.307022	131400	-3.2981237e-08	64.17637	-0.009192059	-1.1979637	0.0076642646	1.0	91.5544798374176
219	-31.651535	9.707108	-16.296669	-50.126884	25.26087	-30.096209	0.01219578	-30.090136	-30.296474	132000	-3.2583873e-08	93.771706	-0.016527526	-2.183075	0.008851238	0.0	91.99541568756104
220	-32.220577	9.522185	-17.720243	-52.857704	25.304348	-31.295576	0.010152023	-31.292257	-31.339838	132600	-8.742014e-09	88.63819	-0.014485373	-0.7879715	0.009406625	0.0	92.74278783798218
221	-33.319454	9.269225	-18.64195	-53.429832	25.26087	-32.07114	0.1551122	-32.0106	-32.641476	133200	4.162391e-08	84.753395	-0.015408132	-1.2519226	0.0062572234	0.0	93.1395001411438
222	-32.00271	9.112142	-17.293346	-50.088688	25.130434	-32.86438	0.13348454	-32.810852	-33.40279	133800	-1.1920929e-08	81.31794	-0.018025508	-0.7766342	0.0064729736	1.0	93.53314328193665
223	-35.517	6.8926954	-19.743364	-48.97581	25.086956	-32.127857	0.0116375275	-32.125202	-32.184685	134400	4.967054e-09	56.73574	-0.017744573	-10.070824	0.008493625	0.0	93.92785549163818
224	-32.608242	7.599359	-17.269665	-45.536434	25.26087	-34.805885	0.006455653	-34.803566	-34.82962	135000	-3.1789146e-08	60.99776	-0.015041707	-4.567787	0.009870138	0.0	94.32366514205933
225	-31.67301	9.545754	-16.272781	-49.75564	25.217392	-33.018574	0.010509686	-33.016026	-33.06959	135600	3.238519e-08	90.185974	-0.013350122	-1.9944229	0.007576903	1.0	94.72051620483398
226	-35.278233	9.93095	-19.271942	-53.63847	25.130434	-31.790077	0.0152975675	-31.786652	-31.864859	136200	-2.1855037e-08	106.96709	-0.01584278	-10.710403	0.0067389775	0.0	95.11978197097778
227	-32.29047	10.214437	-16.359589	-51.90259	25.347826	-34.57044	0.014374253	-34.56483	-34.61255	136800	-4.6094257e-08	106.373825	-0.010752481	-5.145195	0.0027435692	0.0	95.52175402641296
228	-34.52052	9.261567	-17.300705	-49.708855	25.173914	-32.660915	0.015040956	-32.65748	-32.734344	137400	3.33786e-08	85.80172	-0.01181849	-2.8493881	0.006446068	0.0	95.9273476600647
229	-28.600517	7.696122	-16.558088	-46.16099	25.26087	-34.092873	0.0133895995	-34.088753	-34.15366	138000	4.7683715e-09	86.59847	-0.0266934	-27.426853	0.008914462	1.0	96.33141613006592
230	-32.375988	7.9908466	-20.427015	-49.619785	25.26087	-29.775188	0.01750362	-29.769724	-29.86091	138600	2.22524e-08	67.141785	-0.015720164	-5.7115555	0.008895292	0.0	97.065509557724
231	-30.953123	9.746891	-15.342837	-48.89422	25.26087	-31.690521	0.01623175	-31.687078	-31.770012	139200	-1.9073486e-08	92.203476	-0.008792229	-0.54641724	0.004021187	0.0	97.47433924674988
232	-31.82489	9.911739	-19.903912	-56.57852	25.0	-31.099981	0.015543087	-31.09674	-31.176117	139800	2.3047129e-08	96.70642	-0.0071381154	-0.34835052	0.005099165	0.0	97.87152075767517
233	-32.963238	10.035893	-17.808075	-52.23439	25.391304	-31.590853	0.016779168	-31.587307	-31.673029	140400	-1.947085e-08	99.91143	-0.016638566	-1.785965	0.007796885	1.0	98.2692174911499
234	-31.403341	8.509713	-20.018045	-48.64058	25.086956	-32.739204	0.0124795195	-32.736465	-32.800255	141000	2.9305617e-08	71.73931	-0.013988106	-1.784668	0.0071296007	0.0	98.66200256347656
235	-33.166443	10.488733	-17.429794	-56.976357	25.173914	-31.592903	0.013159715	-31.590118	-31.657352	141600	-3.2583873e-08	107.5532	-0.008783044	-1.9174423	0.006569284	1.0	99.06107521057129
236	-33.163006	8.702814	-18.732466	-52.451603	25.304348	-32.79402	0.013990102	-32.790993	-32.8625	142200	1.7484028e-08	74.821045	-0.01198742	-0.16352844	0.0065617356	1.0	99.47420859336853
237	-33.687653	7.4939637	-20.848673	-46.84552	25.304348	-33.161465	0.009854766	-33.159256	-33.20963	142800	-3.417333e-08	54.784355	-0.021253366	-0.2598114	0.0068322667	1.0	99.87223625183105
238	-34.381702	9.082533	-17.491224	-52.501755	25.217392	-33.621315	0.0071471143	-33.619633	-33.656116	143400	3.6160152e-08	80.34798	-0.018470932	-0.4697342	0.009128666	0.0	100.26555395126343
239	-30.71266	8.879301	-17.198666	-50.566166	25.391304	-34.247593	0.006564114	-34.245914	-34.279186	144000	-3.973643e-09	89.4365	-0.015135666	-11.671783	0.009812965	0.0	100.66264486312866
240	-33.097084	7.2851305	-20.096699	-48.566166	25.130434	-31.17431	0.008708317	-31.17247	-31.216957	144600	-3.8544336e-08	54.63052	-0.011427871	-3.504959	0.008223895	0.0	101.4097580909729
241	-32.80525	7.3282022	-17.539368	-46.948498	25.304348	-32.84694	0.006139707	-32.84552	-32.876884	145200	-2.960364e-08	52.013443	-0.015301537	-0.00504303	0.0075770034	1.0	101.8085126876831
242	-30.687317	7.817492	-19.942968	-45.45652	25.391304	-32.790848	0.0059805918	-32.78943	-32.81992	145800	-2.6424726e-08	63.49558	-0.011355279	-4.111763	0.005837608	0.0	102.33535099029541
243	-34.90852	8.880216	-16.664944	-49.13089	25.086956	-30.929115	0.004975729	-30.928041	-30.95347	146400	-1.2516975e-08	92.12014	-0.015256399	-14.156296	0.00359443	0.0	103.03516364097595
244	-35.345436	8.895443	-19.098522	-52.521618	25.173914	-34.311707	0.0060635502	-34.310024	-34.340263	147000	6.000201e-08	77.74095	-0.0084914975	-0.89328766	0.008442549	0.0	103.45211458206177
245	-32.34032	9.117509	-17.855799	-53.847694	25.47826	-35.193558	0.03667007	-35.179665	-35.354427	147600	-1.5894573e-08	89.00853	-0.010423141	-7.7951355	0.0059827217	0.0	103.82404398918152
246	-28.2623	7.6892424	-16.883745	-43.210564	25.391304	-32.666916	0.009453262	-32.6649	-32.713226	148200	-5.6823094e-08	76.8934	-0.0030938128	-18.599289	0.0017471771	0.0	104.18971824645996
247	-31.797901	9.596611	-17.582838	-51.86031	25.434782	-28.843912	0.009367969	-28.83833	-28.88966	148800	-2.1855037e-08	98.096596	-0.012816462	-7.798523	0.006368224	0.0	104.57992720603943
248	-36.915337	9.770955	-20.69152	-56.634354	25.217392	-31.264046	0.012096942	-31.261204	-31.323307	149400	-3.417333e-08	122.32828	-0.015829321	-28.513046	0.009068611	0.0	104.96947908401489
249	-33.238304	9.447147	-18.946157	-53.970295	25.565218	-35.77468	0.008493533	-35.772846	-35.816246	150000	5.9604646e-09	93.738434	-0.008990903	-6.022682	0.00578936	2.0	105.35617876052856
250	-34.254585	9.227833	-19.44058	-55.996033	25.173914	-33.77003	0.011889954	-33.767548	-33.82827	150600	-5.165736e-08	81.50849	-0.013339711	-0.17755127	0.008362776	0.0	106.16943073272705
251	-31.156893	9.699104	-16.809233	-46.919056	25.347826	-34.10366	0.010958361	-34.101353	-34.157326	151200	-2.22524e-08	100.51338	-0.020647986	-8.626228	0.007916767	4.0	106.83724117279053
252	-32.50606	11.254409	-17.572792	-53.60459	25.304348	-31.626934	0.0142981615	-31.623991	-31.696981	151800	6.437302e-08	122.01148	-0.012809581	-0.56127167	0.0069740415	1.0	107.42996501922607
253	-30.398714	7.1028814	-19.225529	-44.727375	25.391304	-32.24393	0.0152893495	-32.240784	-32.318832	152400	1.09275184e-08	52.38365	-0.015621025	-3.273613	0.0076308744	0.0	107.81099438667297
254	-30.629148	7.053941	-19.253544	-42.714924	25.434782	-30.691277	0.0137914065	-30.688034	-30.758837	153000	-6.635984e-08	48.709427	-0.011022411	-0.006866455	0.0073061055	0.0	108.17438769340515
255	-28.185616	6.5824623	-16.465496	-39.25343	25.217392	-30.605059	0.0120124435	-30.602135	-30.663904	153600	2.1060307e-08	48.01679	-0.01692666	-5.71611	0.00917343	0.0	108.52913784980774
256	-32.58647	9.26148	-17.550594	-51.253803	25.391304	-28.507662	0.00873753	-28.503382	-28.550396	154200	5.086263e-08	99.32155	-0.01117948	-15.348755	0.006630503	2.0	108.90171957015991
257	-30.454199	10.679118	-18.181913	-53.08605	25.347826	-31.86668	0.011836134	-31.864233	-31.924665	154800	7.1326895e-08	112.0938	-0.010001639	-2.1562805	0.007067975	1.0	109.25871515274048
258	-31.706095	7.54127	-17.548004	-47.508118	25.608696	-30.624317	0.013028204	-30.621647	-30.68814	155400	-3.1789145e-09	57.237423	-0.009540109	-1.0537529	0.0076075564	0.0	109.65023589134216
259	-32.756393	9.11638	-16.009901	-51.67082	25.130434	-31.51183	0.011974646	-31.50936	-31.570494	156000	1.0331472e-08	81.588005	-0.014761055	-1.3834839	0.0068515697	0.0	110.03970861434937
260	-32.45795	8.932759	-15.865652	-45.950523	25.347826	-32.56089	0.010571511	-32.558685	-32.612675	156600	2.8014183e-08	77.724335	-0.02406814	-0.033935547	0.0070074336	1.0	110.72971224784851
261	-28.31979	7.695891	-15.356731	-48.87706	25.565218	-32.401413	0.011637229	-32.398994	-32.45842	157200	7.947286e-10	74.53182	-0.008239142	-16.267212	0.0064374395	0.0	111.14740943908691
262	-33.262455	8.182743	-17.877382	-46.16058	25.434782	-28.843939	0.011072191	-28.840775	-28.89817	157800	-7.390976e-08	84.60738	-0.018401405	-17.891228	0.008641855	0.0	111.5361077785492
263	-34.346413	10.634506	-17.090174	-58.151318	25.347826	-32.445065	0.01328809	-32.442295	-32.510155	158400	6.7551933e-09	112.76543	-0.017493261	-2.9961014	0.003583978	0.0	111.89752769470215
264	-32.992054	8.311725	-17.38379	-49.407135	25.47826	-33.967117	0.012868546	-33.964386	-34.03013	159000	3.0994414e-08	68.033516	-0.018570509	-0.9883194	0.008017843	0.0	112.2714409828186
265	-33.39681	7.926678	-21.238298	-47.762463	25.26087	-33.111385	0.013708615	-33.10851	-33.178528	159600	1.5894573e-08	60.48712	-0.014572474	-0.054725647	0.0067937095	0.0	112.61520385742188
266	-32.369762	10.169299	-18.878044	-55.63977	25.47826	-33.311413	0.012646818	-33.308743	-33.373344	160200	2.3841857e-09	101.46078	-0.016050048	-0.94137573	0.008552408	0.0	112.96163964271545
267	-31.308002	8.926387	-17.10887	-46.951164	25.47826	-32.444706	0.013101216	-32.441967	-32.508877	160800	4.251798e-08	79.48018	-0.01398685	-1.3232117	0.009013726	0.0	113.32055568695068
268	-31.43996	6.205133	-21.545555	-47.104656	25.52174	-31.398756	0.012779459	-31.396105	-31.461357	161400	-1.5894573e-08	37.61155	-0.006894233	-0.0004043579	0.006719306	0.0	113.65893912315369
269	-32.248253	8.288114	-20.349228	-46.060287	25.47826	-31.41267	0.011030897	-31.410378	-31.466707	162000	9.437402e-09	67.5102	-0.011018597	-0.53939056	0.009507382	0.0	114.00798296928406
270	-31.151295	10.909552	-16.509659	-52.743355	25.217392	-32.094296	0.011801963	-32.09183	-32.152107	162600	-1.5497207e-08	114.96703	-0.015379953	-1.0477753	0.008664381	0.0	114.64377450942993
271	-32.97741	9.714034	-19.972181	-52.36024	25.130434	-31.137644	0.0139431115	-31.134754	-31.205946	163200	2.5431316e-08	93.88011	-0.019797547	-3.1303635	0.0094089955	0.0	114.99843001365662
272	-30.706758	7.139888	-20.895874	-43.53965	25.47826	-32.80024	0.011912322	-32.79772	-32.858574	163800	-3.218651e-08	53.847683	-0.008365197	-4.2692986	0.0070181577	1.0	115.36412501335144
273	-33.13066	10.989002	-18.362173	-59.583504	25.347826	-30.85695	0.010646182	-30.85474	-30.9091	164400	4.967054e-09	123.64492	-0.005875911	-5.2469635	0.008215639	0.0	115.73006296157837
274	-30.49553	7.2530937	-20.79816	-44.95279	25.347826	-33.00886	0.0057321154	-33.007614	-33.036858	165000	-4.331271e-08	57.357986	-0.013489479	-6.3475227	0.0069920835	1.0	116.15651392936707
275	-32.424305	9.626814	-16.648344	-52.78949	25.130434	-30.650543	0.0060555157	-30.649296	-30.68021	165600	-3.5067398e-08	92.54512	-0.010151421	-2.9198532	0.008525634	1.0	116.51474857330322
276	-32.11053	8.895981	-16.699995	-51.068905	25.391304	-32.25294	0.0072389417	-32.251423	-32.288395	166200	1.8676122e-08	76.16267	-0.014642345	-0.019302368	0.007685035	0.0	116.87816905975342
277	-33.502575	10.4228525	-17.121967	-58.504826	25.217392	-32.12509	0.005386501	-32.123955	-32.15147	166800	-3.973643e-09	106.222015	-0.014967609	-1.6185303	0.0059158327	0.0	117.22831869125366
278	-31.080774	10.028074	-17.44573	-54.97453	25.391304	-33.34453	0.007163081	-33.343006	-33.3796	167400	-2.6226044e-08	102.63544	-0.009117613	-4.8767624	0.005619146	0.0	117.59192967414856
279	-33.25847	7.7123075	-21.98348	-58.00188	25.391304	-31.229795	0.0058127525	-31.228588	-31.25827	168000	-9.139379e-09	61.30259	-0.015129897	-3.7507744	0.0075000804	2.0	117.94593453407288
280	-32.07799	10.438312	-16.303034	-60.22022	25.347826	-33.084824	0.0069828285	-33.08335	-33.119022	168600	2.22524e-08	107.18064	-0.016416509	-0.98236084	0.0075760316	0.0	118.68757724761963
281	-33.44614	7.594221	-17.867617	-50.86549	25.434782	-32.12983	0.005860782	-32.128605	-32.15854	169200	-2.2649765e-08	58.339096	-0.013227376	-1.6197739	0.005892814	0.0	119.03347086906433
282	-30.657972	10.396645	-16.905767	-55.279526	25.347826	-33.366257	0.0049343808	-33.365192	-33.390404	169800	1.3063351e-08	111.76389	-0.014169595	-7.274582	0.009355911	0.0	119.40980672836304
283	-28.776945	7.575744	-16.762999	-41.892216	25.608696	-30.759628	0.005823689	-30.758427	-30.788158	170400	1.0331472e-08	60.215508	-0.020054096	-3.8712692	0.007869617	1.0	119.7648561000824
284	-31.150736	9.196189	-16.971666	-55.51499	25.565218	-28.851475	0.0036878746	-28.850222	-28.86947	171000	-5.5631e-09	87.69598	-0.0075637493	-4.9224625	0.008841744	2.0	120.12354969978333
285	-29.409328	6.5283313	-17.533464	-42.65077	25.652174	-30.993568	0.0077974778	-30.991749	-31.031538	171600	-3.218651e-08	44.526955	-0.010450756	-2.3311195	0.007953912	0.0	120.48958563804626
286	-30.929602	9.301602	-16.534904	-50.529842	25.565218	-29.515045	0.0030593423	-29.514345	-29.529968	172200	3.0994414e-08	87.5761	-0.013893709	-2.0561523	0.00754405	1.0	120.90953397750854
287	-31.51111	9.353769	-16.62773	-50.689278	25.47826	-30.910995	0.0014636168	-30.910547	-30.91736	172800	-8.026759e-08	85.73728	-0.018956827	-0.3371582	0.007104948	1.0	121.40735101699829
288	-31.044168	8.551019	-16.899271	-51.94243	25.391304	-31.48291	0.0016775565	-31.482334	-31.48874	173400	-1.8278758e-08	70.47385	-0.010420981	-0.21286774	0.0078037786	0.0	121.8467161655426
289	-33.316673	8.577683	-17.450888	-46.343018	25.304348	-31.02662	0.0024418426	-31.025972	-31.042229	174000	3.8544336e-08	76.81998	-0.013954783	-4.7061844	0.0074164094	0.0	122.37108731269836
290	-30.482708	6.1491323	-18.708382	-41.87005	25.565218	-33.152885	0.046379056	-33.135746	-33.326096	174600	2.880891e-08	44.32739	-0.0070454027	-7.0941124	0.0082056075	1.0	123.1254289150238
291	-29.03903	9.196178	-18.178526	-47.046867	25.47826	-30.536316	0.008978044	-30.534422	-30.580261	175200	4.45048e-08	84.79672	-0.009115976	-2.2511597	0.008714377	0.0	123.57013320922852
292	-32.118275	9.363698	-18.54327	-52.95294	25.434782	-29.055378	0.008036105	-29.053713	-29.094744	175800	-2.9802322e-08	94.15997	-0.011731444	-8.504677	0.0097046355	0.0	124.00416016578674
293	-32.261765	8.987448	-19.329391	-51.733818	25.47826	-31.904675	0.01109394	-31.902355	-31.959011	176400	-2.7914842e-08	78.99072	-0.01356486	-0.08103943	0.0064409627	0.0	124.44347858428955
294	-31.7615	9.10573	-21.051903	-63.886295	25.304348	-32.18739	0.011116043	-32.185062	-32.241833	177000	-1.0331472e-08	80.00187	-0.01319758	-0.18162537	0.009441736	0.0	124.89109802246094
295	-30.62771	5.7878437	-21.395472	-39.09992	25.347826	-31.76487	0.009161817	-31.762945	-31.809738	177600	-2.9404958e-08	33.6045	-0.013371603	-1.2204552	0.004973984	0.0	125.24761438369751
296	-31.588238	11.509666	-18.635464	-60.723965	25.695652	-30.663877	0.0065335236	-30.66249	-30.695845	178200	1.5894572e-09	130.56078	-0.016324986	-0.69929504	0.009195179	0.0	125.61294412612915
297	-31.769648	9.857257	-18.79761	-57.02006	25.26087	-31.50112	0.008205691	-31.499407	-31.541311	178800	1.1523564e-08	93.64184	-0.0046894173	-0.048095703	0.008670546	2.0	125.96852684020996
298	-31.766554	9.291486	-16.316868	-49.345047	25.347826	-31.722044	0.008263158	-31.720316	-31.762514	179400	1.38084095e-08	84.16916	-0.01024305	-4.5776367e-05	0.007759237	0.0	126.33305096626282
299	-30.488573	8.819994	-15.943532	-51.57671	25.47826	-31.71654	0.008691732	-31.71473	-31.759115	180000	1.11262e-08	76.98216	-0.010040609	-1.4744949	0.006525923	0.0	126.6894702911377
300	-34.17937	8.864042	-20.908087	-59.52802	25.565218	-30.485554	0.0075475383	-30.483982	-30.522524	180600	5.3048133e-08	89.48498	-0.01421358	-13.116623	0.008024922	0.0	127.5537781715393
301	-31.301027	7.791276	-18.42466	-48.035107	25.347826	-34.1059	0.0035259197	-34.10512	-34.123127	181200	3.2981237e-08	66.79491	-0.01193479	-7.573044	0.008736331	0.0	127.93037700653076
302	-31.56309	7.7961555	-17.125954	-46.03768	25.565218	-31.37692	0.0045639956	-31.375952	-31.399265	181800	-5.265077e-09	59.79349	-0.011284942	-0.040554047	0.0066558523	0.0	128.29671502113342
303	-31.172108	11.002943	-17.563585	-66.707306	25.73913	-31.577084	0.006966208	-31.576252	-31.73555	182400	-1.7285346e-08	122.00735	-0.010061143	-1.1305923	0.00967116	1.0	128.6638195514679
304	-35.17874	8.201273	-19.876888	-51.162727	25.608696	-31.198393	0.17986132	-31.131145	-31.878998	183000	-5.6028366e-08	81.23848	-0.015479576	-15.088715	0.008816258	0.0	129.1294367313385
305	-33.309155	8.715486	-17.972435	-48.430775	25.47826	-35.167946	0.3228796	-33.586166	-35.23389	183600	9.934108e-10	78.32668	-0.01578897	-3.4391708	0.009501769	1.0	129.5170135498047
306	-33.772614	8.164128	-19.943943	-48.90078	25.347826	-33.328537	0.2761443	-31.97571	-33.384937	184200	-1.952052e-08	64.5929	-0.010772153	-0.17889404	0.0046031834	0.0	129.879949092865
307	-31.450033	7.4534574	-21.066206	-48.195526	25.434782	-33.72948	0.24095532	-32.549046	-33.778698	184800	1.9073486e-08	59.461483	-0.012776208	-5.0103226	0.0036049748	0.0	130.25370359420776
308	-29.155863	6.228118	-16.643997	-45.29692	25.391304	-31.494661	0.21719977	-30.430605	-31.53903	185400	-5.2054723e-08	43.059593	-0.019720575	-5.248146	0.0076210783	3.0	130.66004037857056
309	-32.800648	9.641534	-18.694637	-47.707264	25.52174	-29.212175	0.19738966	-28.245169	-29.252504	186000	1.0232131e-08	103.28765	-0.0038365177	-11.807457	0.008189603	5.0	131.07364320755005
310	-33.61951	9.356535	-18.937654	-53.844997	25.26087	-32.585236	0.18456432	-31.68106	-32.62294	186600	-3.1789145e-09	84.98353	-0.015133385	-0.8709488	0.006415284	0.0	131.7535207271576
311	-29.514599	7.8743954	-18.20674	-45.851673	25.434782	-33.50631	0.17265494	-32.660477	-33.54158	187200	-5.5631e-09	75.80503	-0.012515477	-15.187744	0.0071664094	0.0	132.0984263420105
312	-32.51727	7.4442773	-19.630985	-45.660965	25.52174	-29.742083	0.16068862	-28.954874	-29.774912	187800	-5.165736e-09	61.708866	-0.012944651	-7.3847656	0.006801216	1.0	132.44516611099243
313	-32.86689	8.129392	-20.165985	-47.222794	25.434782	-32.33871	0.15432481	-31.582674	-32.370235	188400	5.5233638e-08	64.91634	-0.014284251	-0.23871613	0.0077316887	1.0	133.0265429019928
314	-31.262877	8.885816	-15.5901985	-50.763382	25.304348	-32.812992	0.14711167	-32.09229	-32.84304	189000	7.3512396e-09	79.469925	-0.016359655	-2.436432	0.009517121	0.0	133.3988060951233
315	-30.743387	8.2797165	-15.860863	-47.266857	25.347826	-31.299463	0.13904645	-30.618277	-31.32787	189600	-7.152557e-09	67.07079	-0.010971863	-0.3022232	0.0053615314	0.0	133.75339722633362
316	-29.053595	7.00628	-16.521227	-42.43902	25.434782	-30.761328	0.13262677	-30.111593	-30.788425	190200	3.4570693e-08	50.876053	-0.016267482	-2.8653374	0.005642493	5.0	134.13660883903503
317	-30.20399	7.2853374	-16.788418	-46.09943	25.347826	-29.10028	0.12529285	-28.486477	-29.125883	190800	2.0662943e-08	52.733253	-0.011794309	-1.1251755	0.007475176	0.0	134.55641436576843
318	-31.940557	6.840404	-24.692434	-50.905113	25.391304	-30.145237	0.12186372	-29.54823	-30.170135	191400	-3.973643e-09	48.27698	-0.014033759	-3.0417976	0.0074697607	0.0	134.97105407714844
319	-31.110807	8.742846	-17.380507	-48.92723	25.391304	-31.870085	0.11936404	-31.28532	-31.89447	192000	-3.973643e-10	74.58748	-0.007962441	-0.5128174	0.008491426	0.0	135.38483881950378
320	-29.916265	9.088113	-19.226177	-52.7938	25.391304	-31.15918	0.114562064	-30.597942	-31.182587	192600	-1.1324882e-08	80.825096	-0.009530568	-1.5214767	0.0092550805	0.0	136.1295042037964
321	-31.168896	8.880373	-17.463982	-47.54733	25.173914	-29.927464	0.10910645	-29.392956	-29.949759	193200	-4.5696895e-09	77.69986	-0.011744341	-1.3525696	0.007896426	1.0	136.49406909942627
322	-33.316246	8.797171	-18.29214	-52.407322	25.434782	-31.092691	0.10674389	-30.569761	-31.114508	193800	6.8545343e-09	80.47481	-0.024686826	-4.6196747	0.009582963	0.0	136.85116624832153
323	-31.485476	9.2061405	-15.831379	-54.55428	25.347826	-33.2439	0.105449885	-32.727306	-33.26545	194400	-3.973643e-08	85.75665	-0.013513864	-2.9805298	0.009641946	0.0	137.20420598983765
324	-30.929504	11.051301	-17.679323	-54.59112	25.173914	-31.515326	0.10042483	-31.023346	-31.535845	195000	2.8610229e-08	118.44231	-0.011895128	-0.30558777	0.008038494	1.0	137.56733894348145
325	-31.234558	9.859839	-16.930824	-53.097782	25.217392	-30.959179	0.09689062	-30.484514	-30.978977	195600	7.947286e-10	93.18362	-0.0059775854	-0.050460815	0.0031423774	0.0	137.92738246917725
326	-33.9653	10.734504	-20.88703	-61.456486	25.347826	-31.18485	0.09411923	-30.723763	-31.204082	196200	1.2119611e-08	121.08172	-0.012831779	-7.6944656	0.006779457	0.0	138.30359840393066
327	-33.536617	9.888701	-19.638857	-53.207798	25.173914	-33.972668	0.09432178	-33.510582	-33.991936	196800	1.5497207e-08	93.21996	-0.0096392725	-0.19149017	0.0083962465	1.0	138.65707111358643
328	-31.813198	10.542289	-17.568342	-53.999313	25.304348	-33.53172	0.09123828	-33.084747	-33.550365	197400	-1.5894573e-08	110.7184	-0.012741804	-2.933792	0.0075644557	0.0	139.02216911315918
329	-29.924494	8.93307	-15.707005	-49.636616	25.47826	-31.801933	0.08696522	-31.375895	-31.819706	198000	-1.07288365e-08	81.44075	-0.01767241	-3.3978043	0.009297879	0.0	139.37717509269714
330	-30.274487	8.262464	-16.93912	-46.57951	25.304348	-29.940619	0.082714155	-29.535404	-29.957521	198600	0.0	66.08741	-0.010742575	-0.083366394	0.007475004	0.0	140.0769271850586
331	-32.78732	8.008015	-20.20153	-48.009975	25.52174	-30.232708	0.08075195	-29.837105	-30.249208	199200	9.139379e-09	68.648384	-0.021692015	-6.2609444	0.0069631734	0.0	140.4411425590515
332	-32.930958	11.1401415	-17.303947	-59.276604	25.217392	-32.75952	0.08104608	-32.362476	-32.77608	199800	1.0753672e-08	120.05776	-0.0173099	-0.027862549	0.009216754	0.0	140.80970883369446
333	-34.4078	9.390331	-17.38073	-56.25545	25.391304	-32.927746	0.07912049	-32.540142	-32.94392	200400	-6.9141386e-08	86.47994	-0.018856322	-1.7965622	0.0081054	0.0	141.17403745651245
334	-31.24224	9.238033	-17.167545	-51.0874	25.652174	-34.288456	0.07765237	-33.90804	-34.304325	201000	2.78155e-09	92.84563	-0.011061907	-8.944298	0.008007565	0.0	141.5421323776245
335	-29.857971	9.247311	-17.64839	-55.244576	25.47826	-31.274004	0.07353632	-30.913755	-31.289036	201600	7.152557e-09	84.830444	-0.002805144	-2.1146774	0.008472326	0.0	141.91359734535217
336	-30.310616	8.257983	-17.607332	-48.994	25.391304	-29.806002	0.07029849	-29.46161	-29.820368	202200	-1.9669534e-08	66.0899	-0.013070872	-0.22184753	0.007944222	0.0	142.28818273544312
337	-35.80794	9.127514	-22.202505	-51.38678	25.173914	-30.283066	0.06900722	-29.945002	-30.297169	202800	-5.00679e-08	109.73012	-0.013448644	-28.292183	0.007774407	2.0	142.64703965187073
338	-31.24814	9.08818	-19.700956	-52.293648	25.26087	-35.45343	0.06922811	-35.11428	-35.467575	203400	1.9073486e-08	97.331696	-0.011742486	-16.434433	0.0068694097	1.0	143.02433252334595
339	-32.678753	11.568913	-18.046907	-55.24018	25.391304	-31.637032	0.06749764	-31.30636	-31.650824	204000	1.5695889e-08	129.6903	-0.015740776	-0.71029663	0.0070913364	0.0	143.40075159072876
340	-32.590954	8.558568	-19.015554	-47.157307	25.434782	-32.426388	0.06556237	-32.105194	-32.43978	204600	2.2649765e-08	71.637825	-0.015145992	-0.017295837	0.006485986	0.0	144.10233545303345
341	-30.557034	9.031708	-18.6755	-52.960632	25.391304	-32.553738	0.06404349	-32.239986	-32.566822	205200	4.8478444e-08	83.17776	-0.021211797	-3.9392395	0.006851183	1.0	144.48714661598206
342	-34.76371	8.230237	-17.81589	-49.885014	25.391304	-30.646748	0.06209481	-30.342548	-30.65944	205800	-4.1127205e-08	81.94892	-0.0049688164	-15.61322	0.004866006	0.0	144.82615423202515
343	-31.855091	9.1884365	-17.490568	-48.04943	25.347826	-34.352955	0.06103999	-34.053925	-34.365433	206400	2.7020773e-08	88.14657	-0.011351088	-5.814247	0.0055066613	0.0	145.2010953426361
344	-29.532923	6.954361	-18.91251	-47.950607	25.26087	-32.1119	0.05990943	-31.818403	-32.12414	207000	-1.3113022e-08	53.05299	-0.008692962	-6.328682	0.0070586856	0.0	145.55728006362915
345	-31.1194	7.354735	-18.182451	-47.214073	25.391304	-29.759127	0.058499966	-29.472534	-29.77108	207600	-3.8544336e-08	54.08044	-0.016601844	-1.7123871	0.006686025	0.0	145.9161252975464
346	-28.423082	7.7021165	-18.088215	-46.973316	25.391304	-30.979658	0.057485268	-30.698038	-30.991405	208200	-1.5695889e-08	64.20458	-0.017514577	-6.3452606	0.007381835	0.0	146.2860267162323
347	-34.009266	10.994579	-18.915031	-61.334	25.304348	-28.625729	0.05595808	-28.351593	-28.637167	208800	3.973643e-09	145.25266	-0.019604357	-26.848824	0.009934915	0.0	146.653724193573
348	-31.6578	7.4277897	-21.053001	-53.457233	25.304348	-33.248665	0.05450841	-32.981632	-33.259808	209400	1.7881394e-08	55.993366	-0.020028519	-2.4119911	0.0053821895	0.0	147.0098478794098
349	-31.831406	9.2018175	-17.977194	-47.244305	25.26087	-31.8886	0.053792633	-31.625072	-31.899595	210000	1.07288365e-08	81.848206	-0.015150005	-0.011367798	0.0067604636	0.0	147.36052894592285
350	-34.16774	10.16156	-17.628878	-59.83277	25.26087	-31.783197	0.052705437	-31.524992	-31.793966	210600	1.4305114e-08	106.27358	-0.01564467	-5.561737	0.0068810224	1.0	148.0417091846466
351	-32.478195	7.3660336	-19.77428	-50.41968	25.47826	-33.921978	0.051574454	-33.669315	-33.932518	211200	2.7020773e-08	54.828827	-0.009731662	-1.9525414	0.0056740507	0.0	148.40642666816711
352	-31.92091	6.7731476	-17.433453	-43.619312	25.52174	-32.655766	0.05095778	-32.406124	-32.66618	211800	7.152557e-09	45.93236	-0.014960373	-0.5854454	0.005835594	0.0	148.7896044254303
353	-31.640692	7.984444	-17.902597	-43.021492	25.217392	-31.942917	0.049999144	-31.697971	-31.953135	212400	5.801519e-08	61.52785	-0.01642157	-0.091026306	0.0068323086	1.0	149.16957783699036
354	-32.91872	9.897578	-16.833574	-53.997345	25.26087	-31.658567	0.049106613	-31.417997	-31.668606	213000	-2.4636586e-08	96.777054	-0.014815526	-1.5621567	0.006843427	0.0	149.55917072296143
355	-31.32464	7.702158	-17.929623	-46.512394	25.47826	-32.836693	0.04825859	-32.600273	-32.846554	213600	-1.7881393e-09	60.330307	-0.016825274	-2.2590294	0.0064780824	0.0	149.95422673225403
356	-31.360847	8.832162	-17.458822	-49.79526	25.347826	-31.4135	0.047412783	-31.181227	-31.423191	214200	-2.22524e-08	75.04432	-0.019544752	-0.004333496	0.0074496237	1.0	150.4261074066162
357	-32.579376	9.507428	-15.506763	-47.673725	25.391304	-31.347725	0.046527017	-31.119787	-31.357231	214800	-5.5631e-09	89.87329	-0.008663097	-1.3326035	0.0075014113	0.0	150.85326504707336
358	-30.794962	6.4295835	-20.806568	-43.832363	25.565218	-32.462753	0.045587808	-32.23942	-32.472073	215400	-1.37090685e-08	43.486076	-0.0119865555	-2.6844368	0.0052821063	0.0	151.214257478714
359	-33.70279	10.359785	-15.026057	-53.099594	25.434782	-30.875593	0.04471693	-30.656527	-30.884733	216000	2.9802323e-09	111.99633	-0.019945567	-7.1009903	0.008182123	0.0	151.59469866752625
360	-32.28346	9.062544	-16.99755	-56.01319	25.434782	-33.443104	0.043631632	-33.22935	-33.45202	216600	3.1391778e-08	81.459755	-0.013791431	-1.3564148	0.0066477596	0.0	152.56862258911133
361	-33.55497	7.5168347	-20.864925	-48.92197	25.217392	-32.317665	0.042832553	-32.10783	-32.32642	217200	-5.086263e-08	55.772488	-0.009584742	-1.3700447	0.006813262	0.0	153.34549593925476
362	-30.931036	6.904272	-16.791025	-48.078617	25.52174	-33.45819	0.041972935	-33.252563	-33.466766	217800	-5.5631e-09	52.433567	-0.010400344	-5.871601	0.007454887	0.0	154.30485796928406
363	-31.400282	8.575246	-17.58941	-55.250107	25.434782	-31.102356	0.041447084	-30.899311	-31.11083	218400	-1.09275184e-08	71.349556	-0.0052028745	-0.06010437	0.005906702	0.0	155.0725016593933
364	-30.874098	8.795656	-15.83173	-49.04323	25.434782	-31.340157	0.0406349	-31.141088	-31.348463	219000	2.2451083e-08	75.98618	-0.011286215	-0.23104095	0.007483991	0.0	155.724102973938
365	-35.443012	7.096248	-21.558418	-47.822273	25.26087	-30.865572	0.039844792	-30.67037	-30.873713	219600	-7.947286e-10	68.6584	-0.014669242	-19.19104	0.007013215	0.0	156.38766884803772
366	-33.757214	10.598527	-15.080134	-52.677822	25.304348	-35.06832	0.038539056	-34.879517	-35.076195	220200	-2.3841858e-08	110.56491	-0.015837966	-1.5076523	0.008917515	0.0	157.06131839752197
367	-33.137577	10.711699	-17.304874	-58.48273	25.304348	-33.89408	0.038276635	-33.706562	-33.9019	220800	5.165736e-09	110.52487	-0.014030433	-0.6217499	0.009607633	0.0	157.7476031780243
368	-32.700516	7.734974	-21.50732	-46.709766	25.347826	-33.127	0.037649468	-32.942554	-33.134693	221400	-1.4702479e-08	58.026623	-0.008467671	-0.18418884	0.0044919373	0.0	158.51699924468994
369	-32.578766	9.191928	-16.928667	-57.11221	25.47826	-32.70623	0.037039485	-32.524773	-32.7138	222000	1.5894573e-08	83.10589	-0.0035596744	-0.014335632	0.003746682	0.0	159.09225058555603
370	-28.728544	6.7238617	-17.607313	-40.027733	25.391304	-32.587944	0.036467656	-32.409286	-32.595394	222600	1.2715658e-08	58.795486	-0.017793147	-14.251598	0.008042762	0.0	160.07027292251587
371	-31.926765	9.338789	-15.930582	-45.906853	25.47826	-28.93346	0.03613124	-28.756454	-28.940845	223200	-1.8278758e-08	93.63478	-0.009193902	-8.544426	0.006674941	0.0	160.71649050712585
372	-30.820904	6.643815	-19.047207	-44.291416	25.52174	-31.726912	0.035263427	-31.554153	-31.734116	223800	-1.8676122e-08	43.535683	-0.016049204	-0.7493553	0.0082379095	2.0	161.23578763008118
373	-30.593225	9.480664	-17.613638	-62.607803	25.434782	-30.897488	0.03491064	-30.726461	-30.904623	224400	-2.0215909e-08	86.850655	-0.013807238	-0.0954895	0.009831076	0.0	161.73473381996155
374	-29.010334	8.510138	-17.326134	-47.94617	25.391304	-30.595509	0.034373935	-30.427109	-30.602531	225000	-1.66893e-08	72.4573	-0.012145962	-2.401863	0.00816124	0.0	162.1431565284729
375	-34.848255	8.427985	-19.425417	-52.735783	25.695652	-29.080618	0.03392878	-28.9144	-29.087551	225600	8.583069e-08	101.94876	-0.012924636	-31.48899	0.0050330567	0.0	162.65194177627563
376	-29.397434	6.023319	-18.256332	-39.656006	25.217392	-34.265553	0.032156207	-34.10802	-34.272125	226200	3.3775965e-08	57.873405	-0.00922937	-21.751873	0.0072540347	0.0	163.03991675376892
377	-30.385504	7.3117056	-20.701878	-45.02245	25.434782	-30.15907	0.033415996	-29.995367	-30.165901	226800	-2.8212865e-08	51.93715	-0.013088564	-0.045829773	0.008357723	0.0	163.61890196800232
378	-29.22408	7.790665	-17.299536	-46.62779	25.608696	-30.3245	0.032890175	-30.16337	-30.33122	227400	-9.258588e-08	61.068607	-0.026214855	-1.1827431	0.008558502	1.0	164.039532661438
379	-27.069376	7.212506	-17.614431	-42.296474	25.347826	-29.346508	0.032721546	-29.186207	-29.353197	228000	4.1325887e-08	55.559315	-0.016733792	-4.7456512	0.008532315	0.0	164.58270907402039
380	-34.95557	8.447049	-19.264498	-47.16032	25.434782	-27.36957	0.032929987	-27.208248	-27.376303	228600	1.8278758e-08	125.90973	-0.009319981	-52.907417	0.004932595	0.0	165.50728964805603
381	-31.01657	9.750085	-15.408183	-52.159832	25.347826	-33.36527	0.029817326	-33.219193	-33.37136	229200	2.7815501e-08	98.01087	-0.009790603	-4.8594513	0.0039499984	0.0	165.87962794303894
382	-32.77881	7.9078474	-17.903439	-49.656345	25.347826	-31.639343	0.030405946	-31.490385	-31.645557	229800	-2.582868e-09	62.372143	-0.014946296	-1.2021828	0.007977539	0.0	166.24450707435608
383	-31.239042	10.036998	-16.27069	-52.98149	25.391304	-32.51618	0.02967452	-32.3708	-32.52224	230400	3.7550926e-08	100.2394	-0.012443721	-1.419548	0.0058942577	0.0	166.69729566574097
384	-35.326466	7.220747	-22.191633	-50.593113	25.52174	-31.534512	0.029876707	-31.388144	-31.540615	231000	-7.688999e-08	65.00492	-0.015195512	-12.942635	0.0062899315	1.0	167.0928990840912
385	-32.872623	10.099245	-15.959057	-48.767143	25.565218	-34.49729	0.028089922	-34.35968	-34.503033	231600	-1.7484028e-08	102.41327	-0.01687674	-2.4874344	0.0066728117	0.0	167.46378707885742
386	-29.088453	7.2813196	-15.756231	-46.898617	25.608696	-33.218693	0.028347783	-33.07982	-33.224487	232200	-6.9141386e-08	68.30219	-0.02474003	-15.780544	0.009103413	0.0	167.81850051879883
387	-33.36887	10.902464	-20.367882	-60.79267	25.347826	-29.938965	0.029567191	-29.794115	-29.945007	232800	6.109476e-08	125.894066	-0.0234317	-10.48172	0.0099289715	0.0	168.1790852546692
388	-32.956287	9.333544	-15.198821	-52.952908	25.434782	-32.536037	0.027885068	-32.39943	-32.541737	233400	1.013279e-08	85.07988	-0.008608281	-0.14576721	0.0067424267	0.0	168.67930269241333
389	-32.564396	9.319715	-20.551065	-55.059906	25.608696	-32.88573	0.027399205	-32.751503	-32.89133	234000	7.947286e-09	85.706474	-0.0148183275	-0.053482056	0.007988453	0.0	169.28154039382935
390	-32.317085	8.379319	-19.059803	-48.836998	25.391304	-32.693756	0.02734314	-32.559807	-32.69935	234600	-6.556511e-09	68.19151	-0.013832378	-0.171669	0.009609551	0.0	170.34563970565796
391	-31.537354	8.964815	-16.901333	-46.595848	25.652174	-32.339455	0.027132312	-32.20653	-32.344997	235200	-4.172325e-09	79.751564	-0.013414492	-0.54953766	0.007841401	0.0	170.74472737312317
392	-30.64116	7.5382566	-17.125599	-44.826927	25.434782	-31.69674	0.02715773	-31.56369	-31.702286	235800	4.967054e-10	56.886307	-0.0101018185	-1.0856934	0.004884071	0.0	171.13447880744934
393	-30.330112	7.9930644	-17.175272	-47.64589	25.565218	-30.780823	0.027182736	-30.647655	-30.786379	236400	4.3908756e-08	62.928867	-0.006454863	-0.22568512	0.0067488863	0.0	171.5094337463379
394	-30.923409	9.053385	-18.167835	-51.78004	25.565218	-30.353418	0.026941663	-30.221432	-30.358925	237000	-1.2715658e-08	80.07538	-0.016384887	-0.25351715	0.0077073383	0.0	171.9886016845703
395	-28.906507	6.0551863	-20.294897	-41.533154	25.217392	-30.803802	0.02635155	-30.674704	-30.809185	237600	-1.66893e-08	38.630287	-0.017464995	-3.26651	0.009449517	0.0	172.37177681922913
396	-31.355497	7.7579393	-20.081886	-49.2772	25.391304	-29.170345	0.026645236	-29.039812	-29.175793	238200	3.1789146e-08	63.098446	-0.01412608	-4.4757004	0.0047781086	0.0	172.78325128555298
397	-32.84577	8.033696	-19.52677	-49.38651	25.391304	-31.082445	0.025671	-30.956682	-31.08769	238800	5.5631e-09	65.68579	-0.01202291	-2.9255447	0.0072313165	0.0	173.14899516105652
398	-30.393663	7.791665	-16.803173	-45.30983	25.565218	-32.65463	0.024845814	-32.532913	-32.65971	239400	1.390775e-09	64.74663	-0.015097654	-4.702812	0.007348523	0.0	173.5648856163025
399	-32.575527	8.835039	-16.178663	-48.316162	25.26087	-30.675768	0.025284491	-30.551899	-30.680935	240000	1.8278758e-08	79.02493	-0.008234315	-3.3457794	0.006658524	0.0	174.2104160785675
400	-29.538088	8.331135	-18.395195	-47.068466	25.391304	-32.348576	0.024395026	-32.229065	-32.35356	240600	1.7384687e-08	75.47224	-0.012590336	-7.4753647	0.008530618	0.0	175.16047406196594
401	-31.894608	8.350156	-16.922762	-44.031128	25.391304	-29.853054	0.024942528	-29.730862	-29.858152	241200	1.8874804e-08	72.00171	-0.009545127	-3.9878845	0.0066526365	1.0	175.52992510795593
402	-32.77735	9.0245495	-18.264473	-50.332977	25.391304	-31.673437	0.024051912	-31.555609	-31.678354	241800	-1.2516975e-08	80.688255	-0.014181301	-1.1262207	0.0055240113	0.0	175.88008189201355
403	-30.17275	8.160137	-19.690428	-49.010765	25.52174	-32.664165	0.023441963	-32.549328	-32.66896	242400	-7.152558e-08	71.11756	-0.016167473	-6.020523	0.008240908	0.0	176.2280662059784
404	-31.157707	6.0682735	-15.916188	-45.121407	25.391304	-30.396767	0.023850456	-30.279924	-30.401642	243000	1.0033449e-08	36.373814	-0.015980976	-0.5016937	0.0068300273	0.0	176.5940387248993
405	-30.123642	8.141621	-17.644468	-47.780243	25.347826	-31.050325	0.023285715	-30.93625	-31.055086	243600	1.66893e-08	65.823074	-0.021242047	-0.7824478	0.00904355	0.0	176.95283460617065
406	-29.9896	8.759198	-20.228334	-49.56304	25.434782	-30.217953	0.023287196	-30.10387	-30.222713	244200	2.22524e-08	74.98187	-0.0084870495	-0.049453735	0.005471028	0.0	177.31813311576843
407	-28.58771	7.068846	-17.999184	-46.28694	25.434782	-30.003717	0.023065958	-29.890718	-30.008432	244800	3.2484532e-08	50.225086	-0.012801986	-1.9264259	0.007031144	0.0	177.7058403491974
408	-31.85743	9.358454	-18.791927	-56.477375	25.347826	-28.670527	0.023105502	-28.557335	-28.675251	245400	2.8610229e-08	94.262764	-0.015208726	-9.304825	0.007837809	0.0	178.06328678131104
409	-30.206097	7.3042397	-20.093859	-42.547634	25.565218	-31.569654	0.021907387	-31.462334	-31.574135	246000	-4.4107438e-08	53.980434	-0.0007998931	-1.9245605	0.005177353	3.0	178.4946756362915
410	-32.77128	10.02468	-16.167805	-53.08943	25.565218	-30.250483	0.02188943	-30.14325	-30.25496	246600	-1.1920929e-08	105.731926	-0.010200262	-6.272667	0.008998899	0.0	179.2388608455658
411	-32.88422	10.692813	-18.93478	-57.953667	25.391304	-32.633133	0.021056764	-32.529976	-32.637436	247200	3.317992e-08	110.29982	-0.013454983	-0.030799866	0.007455465	0.0	179.60210967063904
412	-33.588055	7.8386183	-20.713453	-48.671577	25.52174	-32.806625	0.020668114	-32.705368	-32.810844	247800	6.765127e-08	61.13573	-0.021595102	-0.6773453	0.009057986	0.0	180.02459621429443
413	-30.44075	9.469422	-16.020666	-47.14058	25.565218	-33.604713	0.020340728	-33.505066	-33.60887	248400	1.7086665e-08	97.642426	-0.012756054	-9.331589	0.0075196545	0.0	180.39096808433533
414	-35.655937	8.925748	-20.078701	-52.14566	25.173914	-30.672083	0.020994673	-30.569231	-30.676374	249000	-8.34465e-09	100.66662	-0.014914264	-23.028511	0.0070841326	0.0	180.72733759880066
415	-30.91291	7.0607743	-21.035885	-45.126057	25.391304	-35.093407	0.019238967	-34.999157	-35.09734	249600	3.417333e-08	65.889404	-0.01350924	-16.499619	0.0070427298	0.0	181.10798954963684
416	-31.786175	8.488539	-16.256586	-46.20247	25.434782	-31.474453	0.020330934	-31.374851	-31.478607	250200	1.9868216e-09	70.66906	-0.01617903	-0.04776764	0.009303086	0.0	181.45671463012695
417	-31.860617	6.900417	-19.119968	-40.837997	25.391304	-31.651764	0.019911215	-31.554222	-31.655836	250800	1.9868216e-09	46.36022	-0.011641061	-0.03358841	0.006396864	0.0	181.78247451782227
418	-33.139805	7.382701	-17.789852	-44.55865	25.608696	-31.82151	0.019605896	-31.725462	-31.825518	251400	-6.7551933e-09	55.477943	-0.01481025	-1.6128731	0.0065557463	0.0	182.29472422599792
419	-33.029808	8.196157	-20.347548	-55.736736	25.52174	-32.99581	0.019006427	-32.9027	-32.999695	252000	-3.1789146e-08	66.21777	-0.020164222	-0.0015792847	0.0058147786	0.0	182.764981508255
420	-33.255806	8.302417	-17.158304	-47.840687	25.434782	-33.037292	0.018824063	-32.94507	-33.041134	252600	2.4835268e-08	67.65966	-0.026643759	-0.03388977	0.007947082	0.0	183.86372828483582
421	-30.720894	5.885363	-19.275871	-40.74925	25.391304	-33.211426	0.01854078	-33.120598	-33.215218	253200	-2.3841857e-09	39.545696	-0.021677615	-5.5170975	0.007738056	1.0	184.37678456306458
422	-30.946203	8.138052	-18.768642	-48.495045	25.434782	-30.989805	0.019147273	-30.896002	-30.993717	253800	1.8676122e-08	64.55663	-0.012484814	-0.0044174194	0.0068559092	1.0	184.835764169693
423	-29.9016	6.6245346	-17.759277	-44.570004	25.47826	-30.920593	0.018924544	-30.827879	-30.924458	254400	-7.549922e-09	43.999146	-0.01895378	-0.95768356	0.008927177	0.0	185.31721568107605
424	-36.28319	9.612563	-16.98548	-51.91138	25.652174	-29.977856	0.019008186	-29.884735	-29.98174	255000	-5.642573e-08	129.84464	-0.006370156	-38.236366	0.002838032	0.0	185.69388484954834
425	-33.69691	7.1427636	-21.561428	-46.34357	25.47826	-35.53642	0.017015234	-35.453064	-35.539898	255600	-1.0331472e-08	53.15417	-0.010734391	-3.372837	0.00873892	0.0	186.15603852272034
426	-28.738174	7.5808997	-18.01583	-41.368725	25.304348	-33.92648	0.017373983	-33.841366	-33.93003	256200	-2.3841858e-08	82.13843	-0.018143868	-24.832249	0.009142473	0.0	186.51955389976501
427	-30.443705	9.131771	-15.075496	-48.23745	25.52174	-29.615358	0.018910982	-29.522709	-29.619219	256800	-2.6623407e-08	81.87673	-0.0037154409	-0.62633514	0.0036755928	0.0	186.92614936828613
428	-35.515717	9.193049	-22.858059	-50.24242	25.434782	-30.268047	0.018450178	-30.17766	-30.271818	257400	-1.9272168e-08	110.07029	-0.012842224	-25.700706	0.008022223	1.0	187.38365483283997
429	-33.32988	8.712101	-19.085213	-55.995613	25.304348	-34.52587	0.016640723	-34.44435	-34.529274	258000	1.2318293e-08	75.39801	-0.009619542	-1.2584305	0.0055436953	0.0	187.77862310409546
430	-34.09194	9.79846	-19.778542	-56.758434	25.304348	-33.623722	0.016894873	-33.540955	-33.627174	258600	-3.7352244e-08	92.600624	-0.008444749	-0.19211578	0.005171519	0.0	188.73949456214905
431	-30.224018	12.076444	-15.579204	-57.398567	25.173914	-33.986538	0.016628016	-33.90508	-33.989937	259200	-5.0465268e-08	152.82922	-0.021631954	-13.270248	0.009877673	0.0	189.16322946548462
432	-30.450493	8.114411	-17.08504	-50.4272	25.26087	-30.911615	0.017641477	-30.825191	-30.915222	259800	1.4305114e-08	64.50322	-0.013247816	-0.182518	0.009454189	0.0	189.5789909362793
433	-31.598335	7.348295	-18.04353	-42.08769	25.391304	-30.516588	0.017672468	-30.430008	-30.520197	260400	8.145968e-09	53.52535	-0.013440667	-1.1623268	0.009352703	0.0	190.04063200950623
434	-32.718243	6.4714437	-18.508974	-44.709778	25.347826	-31.44817	0.017209828	-31.363861	-31.451689	261000	-2.2649765e-08	42.008743	-0.012963493	-1.48909	0.0051396023	0.0	190.41133308410645
435	-30.387218	9.116592	-16.99763	-49.03676	25.47826	-32.52455	0.016663088	-32.442917	-32.527954	261600	-6.0598055e-09	85.425705	-0.012879526	-4.2501907	0.008156389	2.0	190.76593899726868
436	-33.533573	7.929845	-17.653723	-49.88757	25.391304	-30.71558	0.017201185	-30.631315	-30.719099	262200	5.5829684e-08	68.37531	-0.007647712	-7.034374	0.0067037963	0.0	191.13153910636902
437	-35.30741	7.9867654	-22.532766	-50.429047	25.434782	-33.03548	0.016104748	-32.956585	-33.038773	262800	-8.742014e-09	67.215	-0.008023818	-4.941513	0.0060196337	5.0	191.47941088676453
438	-33.34719	9.173952	-18.041702	-47.84978	25.347826	-35.01341	0.015352113	-34.9382	-35.01655	263400	2.1457673e-08	84.32273	-0.012347139	-2.5767746	0.0072839814	2.0	191.82613730430603
439	-28.02476	7.9386477	-17.703518	-45.747955	25.26087	-33.598778	0.015713109	-33.521797	-33.601986	264000	-6.357829e-09	91.305885	-0.011340112	-28.465008	0.005898283	0.0	192.1763026714325
440	-31.777874	10.854996	-16.732744	-54.523956	25.434782	-29.037064	0.017332897	-28.95215	-29.040607	264600	3.7352244e-08	122.23581	-0.012955599	-7.135704	0.0029882512	0.0	192.90003061294556
441	-30.615795	6.2723675	-20.973127	-41.666107	25.565218	-31.252129	0.016349098	-31.172037	-31.255472	265200	1.1920929e-08	38.843372	-0.015789034	-0.44319153	0.006684226	1.0	193.25553822517395
442	-30.424227	7.0035205	-17.497265	-42.55551	25.304348	-30.706478	0.016365886	-30.626303	-30.709824	265800	-2.8610229e-08	47.56058	-0.007987385	-0.10014725	0.007165502	0.0	193.60531520843506
443	-34.89543	9.62631	-18.737186	-55.766872	25.304348	-30.425781	0.016267946	-30.346087	-30.429108	266400	9.735425e-09	108.24963	-0.01882316	-17.600563	0.009350383	1.0	193.9647777080536
444	-33.269787	8.378908	-19.491508	-48.26802	25.434782	-33.994896	0.014764589	-33.922565	-33.997913	267000	3.4769376e-09	69.11064	-0.0064431555	-0.5056839	0.0065567186	1.0	194.3308629989624
445	-29.133816	8.060197	-15.994589	-44.407223	25.347826	-33.416092	0.014823644	-33.343468	-33.419117	267600	-1.0172526e-07	80.94117	-0.006842642	-17.277016	0.006723148	0.0	194.67803192138672
446	-33.249004	7.428204	-19.002554	-48.917732	25.347826	-29.903404	0.015847448	-29.825768	-29.906643	268200	5.0266582e-08	64.63117	-0.019182736	-10.298695	0.0089078555	0.0	195.0390408039093
447	-35.43026	7.2874436	-22.4369	-48.23498	25.347826	-32.54513	0.014802479	-32.47261	-32.548153	268800	3.536542e-08	59.320988	-0.028335655	-7.351532	0.009226238	1.0	195.51291847229004
448	-31.364637	9.14085	-18.650976	-55.148026	25.52174	-34.835487	0.013922435	-34.767284	-34.838333	269400	6.1591464e-08	93.711555	-0.015984382	-11.043678	0.007938555	0.0	195.93997144699097
449	-31.22418	8.302574	-18.798677	-47.45618	25.347826	-32.10839	0.014690082	-32.036427	-32.111393	270000	-1.5894572e-09	67.52546	-0.011013691	-0.749115	0.006734272	0.0	196.39411687850952
450	-33.3119	9.598643	-18.127768	-55.27834	25.391304	-31.352943	0.014828778	-31.2803	-31.355974	270600	2.6226044e-08	94.041794	-0.008672042	-3.8065567	0.0070586735	0.0	197.21288633346558
451	-27.346521	7.550293	-18.653471	-43.57289	25.347826	-32.99335	0.01426851	-32.923447	-32.99626	271200	3.576279e-08	86.6062	-0.035658617	-29.053082	0.0068089026	1.0	197.57595205307007
452	-29.207142	8.723813	-17.1205	-49.9761	25.434782	-28.637653	0.015727194	-28.560608	-28.640867	271800	1.8080076e-08	74.161644	-0.010372636	-0.25117493	0.008850271	0.0	197.91745591163635
453	-30.776758	8.305749	-16.922388	-46.80743	25.608696	-28.995195	0.015433448	-28.919586	-28.998346	272400	1.9868215e-10	70.880104	-0.012226812	-2.8854294	0.0063755065	0.0	198.26866674423218
454	-31.864704	7.9277678	-17.033	-51.384388	25.347826	-30.40274	0.01480109	-30.33023	-30.405764	273000	-6.238619e-08	62.746548	-0.009176146	-1.8858452	0.0066175754	1.0	198.70446586608887
455	-31.156723	6.4387712	-17.354406	-41.97085	25.391304	-31.563385	0.014277479	-31.493444	-31.566305	273600	2.5232634e-08	40.513138	-0.0068683615	-0.18033218	0.0068750684	0.0	199.08229994773865
456	-33.991543	9.288631	-19.174091	-55.264713	25.304348	-31.21448	0.014255801	-31.144638	-31.217388	274200	-3.695488e-08	91.067635	-0.016759254	-6.9234314	0.008171563	0.0	199.44301199913025
457	-28.152243	6.581347	-18.79933	-42.545086	25.434782	-33.444557	0.013429816	-33.378765	-33.4473	274800	4.321337e-08	70.07413	-0.018526884	-25.895775	0.006382892	1.0	199.79823279380798
458	-32.247974	9.940095	-16.894352	-52.738033	25.304348	-29.298054	0.014641866	-29.226324	-29.301044	275400	-1.7484028e-08	104.940186	-0.00971835	-7.7708435	0.005660174	0.0	200.1486313343048
459	-30.776684	9.023488	-16.854269	-48.404697	25.26087	-31.5097	0.013764677	-31.442268	-31.512512	276000	-4.4703484e-08	79.559425	-0.011555864	-0.47776031	0.009400649	0.0	200.51824569702148
460	-31.42848	7.3408012	-21.839779	-50.794395	25.47826	-30.971764	0.013860735	-30.903864	-30.974598	276600	1.11262e-08	52.653595	-0.011298698	-0.17543793	0.009478094	0.0	201.38892006874084
461	-32.881786	9.084671	-17.36664	-47.40169	25.52174	-31.313145	0.013649185	-31.246279	-31.315933	277200	-1.2318293e-08	82.77432	-0.009274284	-2.1276016	0.0073960884	1.0	201.85475540161133
462	-31.589952	7.6212792	-17.170855	-46.89593	25.47826	-32.549297	0.013145757	-32.484898	-32.551983	277800	9.79503e-08	57.51825	-0.018418828	-0.7961006	0.00828391	0.0	202.31247758865356
463	-30.369848	6.6548448	-19.36824	-40.88491	25.608696	-31.796692	0.013310959	-31.731482	-31.79941	278400	-5.642573e-08	45.46344	-0.011109038	-2.003292	0.006618521	1.0	202.73716044425964
464	-31.56524	8.6528015	-16.53127	-51.95509	25.652174	-30.563776	0.013546789	-30.49741	-30.566542	279000	4.4902166e-08	74.89134	-0.016140673	-1.0517349	0.009766596	0.0	203.09560537338257
465	-29.676237	7.5385914	-18.429722	-48.36146	25.347826	-31.453802	0.013259741	-31.38884	-31.456507	279600	-1.5894572e-09	58.451626	-0.012925127	-3.1535454	0.009726304	0.0	203.45363521575928
466	-31.215828	7.984737	-14.858057	-46.75339	25.434782	-29.89145	0.0135639645	-29.824999	-29.894218	280200	-3.9935113e-08	63.669285	-0.009008455	-1.5311203	0.00904205	0.0	203.80422377586365
467	-32.872246	8.193633	-18.371424	-49.504856	25.347826	-30.985361	0.013094168	-30.921215	-30.988037	280800	-1.7881394e-08	69.05027	-0.013079926	-3.2088318	0.006353871	1.0	204.15954542160034
468	-32.737797	9.66807	-17.834509	-54.01761	25.347826	-32.602806	0.012534313	-32.5414	-32.605366	281400	3.5762786e-09	89.90789	-0.01844601	-0.019943237	0.009496191	0.0	204.52298283576965
469	-31.957119	8.437957	-17.241377	-45.04995	25.434782	-32.739758	0.012429659	-32.678864	-32.742294	282000	2.9404958e-08	69.90098	-0.010935998	-0.60562897	0.005409353	0.0	204.88901543617249
470	-32.165176	8.489412	-19.098986	-46.989304	25.52174	-32.022858	0.012506286	-31.961588	-32.02541	282600	3.7352244e-08	70.181015	-0.015068392	-0.013648987	0.008734294	0.0	205.63683080673218
471	-32.185738	7.527519	-19.405382	-44.4861	25.47826	-32.129192	0.012365372	-32.06862	-32.13172	283200	3.2981237e-08	55.95271	-0.012578345	-0.00077438354	0.0067035137	1.0	205.98751950263977
472	-30.906765	8.975846	-16.439228	-50.569523	25.391304	-32.103344	0.012182229	-32.04366	-32.105827	283800	6.0598055e-09	79.81949	-0.011479572	-1.3585434	0.008245958	0.0	206.32546019554138
473	-29.495348	8.185438	-17.997526	-45.37676	25.434782	-30.993547	0.012326843	-30.933159	-30.996065	284400	-2.6623407e-08	67.51347	-0.02319497	-2.2125626	0.0074798935	0.0	206.6711459159851
474	-28.168756	6.9520864	-15.945731	-44.601185	25.304348	-29.566553	0.012506624	-29.505281	-29.569105	285000	1.66893e-08	48.742153	-0.009522927	-1.8668785	0.009154432	0.0	207.09203386306763
475	-30.808151	7.5907106	-17.374142	-45.63559	25.347826	-28.247364	0.012676282	-28.185259	-28.249949	285600	-6.1591465e-09	62.279896	-0.013456071	-6.1659775	0.006569585	1.0	207.44890022277832
476	-33.40976	6.33805	-19.817142	-44.99154	25.347826	-30.630754	0.012036071	-30.57179	-30.633213	286200	1.9868216e-09	46.38998	-0.014738377	-6.9155807	0.009660723	0.0	207.8284888267517
477	-36.892	9.341	-19.485308	-52.520275	25.47826	-33.149815	0.011331575	-33.0943	-33.152126	286800	6.198883e-08	98.82546	-0.015583816	-13.283234	0.008389144	0.0	208.20414924621582
478	-31.085443	8.295698	-16.281752	-47.56045	25.304348	-36.58009	0.010543717	-36.52843	-36.582237	287400	-2.6226044e-08	95.65212	-0.014656486	-27.621422	0.0089809755	0.0	208.57103419303894
479	-34.190144	10.16601	-17.540485	-53.498043	25.52174	-31.89414	0.011678417	-31.836931	-31.896528	288000	-4.808108e-08	105.07484	-0.014434363	-4.444992	0.006781264	1.0	208.94922280311584
480	-28.917053	7.8127	-17.144426	-43.07808	25.52174	-33.740185	0.011006404	-33.68627	-33.74244	288600	1.1265278e-07	81.98225	-0.012447559	-21.548553	0.007085527	0.0	209.73761773109436
481	-35.277893	8.468406	-21.57696	-53.22277	25.347826	-29.127253	0.930047	-27.764372	-29.81416	289200	1.4702479e-08	107.188896	-0.013023833	-35.19805	0.009934478	0.0	210.09916639328003
482	-32.089954	7.9518657	-17.122007	-44.260216	25.434782	-34.044777	0.010856963	-33.99159	-34.046993	289800	3.0994414e-08	65.90818	-0.01381298	-3.6650887	0.009779969	0.0	210.4542772769928
483	-29.989975	7.8380246	-19.594196	-46.40408	25.304348	-32.516373	0.011143948	-32.461784	-32.518654	290400	1.947085e-08	65.80435	-0.017869998	-5.8874893	0.0072875745	1.0	210.8039848804474
484	-30.723795	9.908136	-17.392385	-51.560677	25.391304	-30.488585	0.011608862	-30.431711	-30.490953	291000	-3.695488e-08	95.25868	-0.008095642	-0.04899597	0.0044037784	0.0	211.15171647071838
485	-33.1917	8.7900715	-18.075365	-47.675426	25.52174	-30.654863	0.011497137	-30.598541	-30.657213	291600	-1.5099843e-08	81.50488	-0.009574128	-6.015793	0.006696554	1.0	211.4980435371399
486	-29.299183	7.2701497	-17.83692	-43.195034	25.391304	-32.725918	0.010920468	-32.672417	-32.728146	292200	-1.5099843e-08	63.21324	-0.0035353175	-10.998611	0.005152647	1.0	211.85757994651794
487	-34.059013	8.806217	-19.385542	-56.039803	25.391304	-29.971441	0.011544589	-29.914885	-29.973799	292800	-2.0662943e-08	92.83938	-0.015592458	-15.478767	0.009782886	0.0	212.20392322540283
488	-32.536808	9.484181	-15.847109	-49.975113	25.217392	-33.173794	0.010668583	-33.121532	-33.175976	293400	-3.973643e-10	87.329544	-0.013608487	-0.3627472	0.009083993	0.0	212.54876446723938
489	-31.497002	8.6402855	-19.032787	-50.581623	25.347826	-32.711243	0.010738819	-32.658634	-32.713436	294000	2.0662943e-08	73.91246	-0.012794693	-1.3631592	0.0076020337	1.0	212.9004783630371
490	-31.927654	10.046639	-18.220179	-59.553127	25.347826	-31.72233	0.0109294085	-31.668785	-31.72456	294600	-2.8014183e-08	97.05216	-0.022256363	-0.029151917	0.007033237	0.0	213.6575322151184
491	-29.66737	7.816793	-17.0932	-42.166153	25.391304	-31.859205	0.0108161885	-31.80622	-31.861416	295200	-1.3113022e-08	64.37032	-0.016303938	-4.624634	0.009164608	0.0	214.01506066322327
492	-33.437008	8.685279	-17.613674	-49.562244	25.47826	-30.01282	0.011174207	-29.958078	-30.015102	295800	-8.742014e-09	85.03291	-0.031073026	-10.527779	0.008481081	0.0	214.52493333816528
493	-29.644773	7.9497647	-16.392984	-44.679367	25.52174	-32.765057	0.010402434	-32.714092	-32.767178	296400	4.7683717e-08	71.060455	-0.012431119	-8.929386	0.006379998	1.0	215.02927994728088
494	-32.705788	7.6363063	-18.66505	-51.563114	25.52174	-30.258453	0.010936509	-30.204878	-30.260689	297000	1.2318293e-08	63.46043	-0.019129826	-5.733368	0.0097056385	0.0	215.50998306274414
495	-30.852457	8.22878	-18.529888	-45.51848	25.434782	-32.263367	0.010436819	-32.21224	-32.2655	297600	4.529953e-08	68.499245	-0.015398204	-1.9576263	0.007581352	0.0	215.89666891098022
496	-29.285595	10.247473	-15.772492	-56.756763	25.304348	-31.0861	0.0106293075	-31.034029	-31.088272	298200	-1.2715658e-08	104.24053	-0.022903003	-3.6121445	0.009042088	0.0	216.25678062438965
497	-32.605167	6.534515	-18.751303	-42.966328	25.47826	-29.435081	0.010807545	-29.382133	-29.437286	298800	-3.576279e-08	51.040386	-0.02211811	-9.345932	0.009139841	0.0	216.6055247783661
498	-29.652052	7.466693	-19.437094	-46.963337	25.608696	-32.04718	0.010140051	-31.997501	-32.049248	299400	-2.692143e-08	60.49616	-0.014341119	-5.4741516	0.009637985	0.0	216.97596740722656
499	-31.140366	6.9709096	-20.358234	-52.407845	25.391304	-30.060345	0.010499207	-30.008905	-30.062485	300000	-2.8610229e-08	47.67675	-0.020072127	-1.0127525	0.0070214462	1.0	217.85118341445923
