Epoch	AverageEpRet	StdEpRet	MaxEpRet	MinEpRet	EpLen	AverageVVals	StdVVals	MaxVVals	MinVVals	TotalEnvInteracts	LossPi	LossV	DeltaLossPi	DeltaLossV	Entropy	KL	Time
0	-826.25244	96.05451	-369.7491	-912.947	11.875	0.9042603	0.60785973	1.8465309	-0.80966794	600	-0.031698693	542384.6	-0.0026588999	-5962.75	2.763512	0.0002171427	1.0101191997528076
1	-828.9428	72.94035	-638.1614	-886.4	10.472727	-3.292641	0.9298826	-0.5799607	-4.2197084	1200	-0.020966848	545798.0	-0.002080951	-4927.8125	2.7505696	-6.587009e-05	1.5174555778503418
2	-828.80804	77.50796	-537.1076	-895.38684	11.333333	-6.7571583	1.6312335	-1.5672772	-7.7397943	1800	0.026244799	555636.2	-0.0018321183	-4478.875	2.7756145	0.0005719312	2.0501275062561035
3	-812.3697	127.66761	-276.95706	-886.4	11.111111	-9.878482	2.1588228	-3.040525	-10.63151	2400	-0.029751657	477370.12	-0.0014306959	-3500.0312	2.754601	-0.00028443654	2.581918239593506
4	-828.8969	83.254326	-427.0578	-920.8213	11.092592	-12.4520445	2.3913074	-4.9561367	-13.269895	3000	-0.021656686	575171.7	-0.0015137568	-4318.875	2.8340898	0.0006358826	3.1723999977111816
5	-801.551	116.24558	-322.274	-886.4	12.391304	-15.46001	2.3540905	-7.387758	-16.15788	3600	0.026833292	456510.94	-0.0017468184	-3317.5938	2.8099597	-0.0004045129	3.773906946182251
6	-825.0312	93.205734	-350.3002	-905.5788	11.423077	-17.939276	2.53338	-9.801162	-18.734264	4200	0.03573841	560212.5	-0.001521796	-4175.875	2.7398713	0.00048834045	4.386731386184692
7	-833.771	105.39538	-277.05338	-886.4	7.3875	-20.374062	3.0169878	-12.737342	-21.571133	4800	0.019671017	485371.1	-0.0018937066	-3682.4688	2.7631204	0.00023858726	4.987203598022461
8	-835.6465	71.71833	-641.2702	-886.4	7.234568	-23.07846	2.7497885	-16.167267	-24.175638	5400	-0.008034401	501576.47	-0.0015815198	-3887.625	2.729233	0.0003127704	5.497185468673706
9	-836.1412	75.957245	-603.8348	-886.4	9.810345	-26.139744	2.1791286	-19.541126	-26.860878	6000	0.02112779	501676.62	-0.0012993757	-3739.4375	2.7355018	0.00045571048	5.972745656967163
10	-824.8536	117.9402	-255.90956	-907.0242	12.122449	-28.973112	1.9374397	-22.547373	-29.558308	6600	-0.05635816	513925.22	-0.0019811392	-3841.8125	2.7600536	-3.4134388e-05	6.748348236083984
11	-817.2216	99.03883	-479.16544	-904.4425	11.591837	-31.732819	1.8871953	-25.473738	-32.30325	7200	0.027146397	457355.62	-0.000860326	-3384.8438	2.7071295	-0.00013499359	7.284791469573975
12	-810.3113	91.8398	-502.8282	-896.99426	13.636364	-34.40552	1.7150288	-28.309055	-34.889446	7800	-0.020734884	488026.5	-0.0016062837	-3790.5938	2.7310038	0.00046796323	7.846259832382202
13	-814.128	126.003044	-140.50056	-895.27	11.745098	-37.06111	1.7974347	-31.226128	-37.615894	8400	-0.012959321	469178.78	-0.001107499	-3573.7812	2.745518	7.019301e-05	8.388896942138672
14	-817.73285	93.26711	-534.31006	-886.4	12.166667	-39.769253	1.6626859	-34.193714	-40.265915	9000	-0.0015068864	451216.22	-0.001587108	-3458.25	2.7384367	0.00034092984	8.926526069641113
15	-822.59674	99.74319	-408.94196	-886.4	9.912281	-42.31604	1.7049768	-37.10407	-42.874763	9600	-0.0029671716	423284.03	-0.0011919246	-3154.8438	2.7776651	-0.0001677823	9.46261739730835
16	-809.58905	131.80557	-364.25293	-925.4803	13.204545	-44.962486	1.4133344	-39.99903	-45.365448	10200	-0.07200572	426127.03	-0.0014309436	-3155.7188	2.7940915	-0.00010063946	9.98714828491211
17	-819.669	88.66019	-523.368	-886.4	12.061225	-47.446785	1.4152257	-42.753025	-47.87423	10800	-0.025447836	452377.06	-0.001062762	-3539.7812	2.7395597	8.783261e-05	10.527540683746338
18	-818.33875	105.39721	-320.5219	-886.4	10.267858	-50.064198	1.4237133	-45.669952	-50.52617	11400	-0.003122309	419591.5	-0.0013942982	-3196.25	2.7386026	0.0004496479	11.066073656082153
19	-802.3777	125.56173	-399.46548	-892.8071	13.714286	-52.732895	1.1682761	-48.52816	-53.057907	12000	-0.02236163	410275.72	-0.0014846809	-3082.0	2.6999671	-7.194499e-05	11.533510684967041
20	-823.19867	101.86227	-412.31097	-916.76385	12.844444	-55.225105	1.1537671	-51.221107	-55.55792	12600	0.005965696	466806.62	-0.0012138835	-3537.0938	2.7657788	0.0002763301	12.284211874008179
21	-815.5153	101.85995	-559.8292	-886.4	10.178572	-57.832905	1.2140619	-54.08574	-58.226715	13200	-0.039521165	369001.72	-0.0010249838	-2887.375	2.7528744	6.781419e-06	12.806748151779175
22	-774.2215	100.7655	-601.9675	-886.4	20.392857	-60.470943	0.82823074	-56.79584	-60.657787	13800	-0.012783748	387163.03	-0.0005607605	-3007.75	2.7266788	-2.5821726e-05	13.34206509590149
23	-792.00586	134.0047	-387.02704	-886.4	13.0	-62.84923	1.017931	-59.357582	-63.146328	14400	-0.02537392	347822.47	-0.001419412	-2793.4688	2.738333	-0.0003591587	13.878671884536743
24	-818.2387	91.66403	-459.78326	-886.4	11.551021	-65.25335	0.9980095	-61.943333	-65.554634	15000	-0.048062865	422614.44	-0.0011894703	-3241.625	2.7573235	0.0005343749	14.383613586425781
25	-830.8873	97.726746	-397.3948	-886.4	8.323944	-67.72711	1.1083251	-64.72575	-68.136665	15600	-0.071293555	395331.6	-0.0011449084	-3199.3438	2.7181892	0.0004611059	14.886097431182861
26	-788.90643	155.90283	-224.20868	-919.5674	12.934783	-70.45976	0.8345442	-67.59715	-70.70334	16200	-0.0014151129	368154.56	-0.0012792674	-2837.875	2.7228243	-0.00010613183	15.423009395599365
27	-769.2425	149.39157	-309.4699	-886.4	15.263158	-72.95738	0.7280079	-70.196266	-73.14949	16800	-0.095319435	315987.25	-0.0011956692	-2491.1562	2.6892142	-5.5750013e-05	15.960438013076782
28	-788.9589	179.91055	-136.85611	-886.4	10.122807	-75.180756	0.8437977	-72.60133	-75.45711	17400	-0.067415744	309603.25	-0.0017114803	-2228.625	2.6606965	-0.00022940595	16.58265447616577
29	-811.2526	144.3273	-98.58856	-892.3179	9.28125	-77.35306	0.8330037	-74.96323	-77.64366	18000	-0.100141674	362956.84	-0.00155963	-2811.3125	2.7336376	8.543134e-06	17.1595516204834
30	-788.9145	141.16678	-371.22098	-886.4	14.2	-79.91666	0.6282491	-77.596886	-80.08692	18600	-0.053929247	330615.72	-0.0012438707	-2600.9062	2.6974866	-0.00013627569	17.916316032409668
31	-795.7585	151.34352	-340.73517	-892.271	11.470589	-82.269775	0.6745612	-80.07994	-82.4777	19200	-0.08979619	322295.38	-0.0011161789	-2542.9062	2.7065642	-2.5654634e-05	18.430421829223633
32	-817.1844	111.82956	-396.94858	-886.4	10.611111	-84.634705	0.6583789	-82.562225	-84.844025	19800	-0.04372856	344428.47	-0.00073640794	-2819.4375	2.7580934	-9.416938e-06	18.957965850830078
33	-755.1273	182.98503	-262.7699	-886.4	14.121951	-87.183174	0.5507437	-85.17574	-87.334366	20400	-0.035380617	254205.81	-0.0009924248	-2038.5625	2.6918447	-0.0005934868	19.49286723136902
34	-787.3572	153.75452	-363.2307	-886.4	13.83721	-89.342476	0.5423858	-87.41441	-89.495155	21000	-0.066996954	320586.66	-0.0007472038	-2644.9062	2.6925843	-0.0001650989	20.040961265563965
35	-767.35455	176.7041	-129.76028	-886.4	14.487804	-91.78472	0.51181704	-89.919174	-91.925255	21600	-0.047645014	306915.25	-0.0016242117	-2505.5312	2.7409477	6.931802e-05	20.558032512664795
36	-804.1376	140.73256	-231.8575	-886.4	10.9811325	-94.147705	0.5548833	-92.38329	-94.32235	22200	-0.090256445	333288.5	-0.0010834187	-2736.5625	2.7239478	0.00019291877	21.051812887191772
37	-778.2664	166.20859	-176.76266	-886.4	12.391304	-96.675674	0.49487093	-94.9782	-96.82009	22800	-0.08147214	290278.75	-0.0014717728	-2306.6875	2.7055647	-8.11404e-05	21.57343029975891
38	-776.55865	174.56294	-220.80255	-886.4	11.4	-98.991615	0.49178815	-97.37808	-99.14163	23400	-0.06515405	261114.56	-0.0012877658	-2048.7969	2.6540246	0.00011057655	22.106101512908936
39	-784.88007	171.127	-178.39308	-886.4	10.909091	-101.18277	0.48511404	-99.65569	-101.33697	24000	-0.07338533	260123.84	-0.0011097938	-2198.7969	2.7517383	-0.00019972384	22.64347267150879
40	-686.41174	209.0501	-128.976	-886.4	20.62069	-103.5319	0.34726086	-102.01822	-103.61161	24600	-0.00943622	240714.6	-0.0012338571	-2032.0625	2.7183459	5.896886e-07	23.42204785346985
41	-644.28125	229.07324	-162.4978	-886.4	22.192308	-105.75665	0.3244073	-104.26221	-105.82718	25200	-0.014997973	194970.48	-0.00085909385	-1579.1875	2.6601036	-0.0004229939	23.929816484451294
42	-714.05676	224.10542	-75.88342	-886.4	17.757576	-107.71939	0.35769013	-106.26	-107.80716	25800	-0.042368617	255042.19	-0.001013346	-2012.4531	2.7051167	-0.00038122496	24.438399076461792
43	-768.18274	153.10892	-296.321	-886.4	13.738095	-109.91611	0.3907166	-108.50988	-110.02477	26400	-0.09716689	251128.86	-0.0009151846	-2257.4531	2.6978607	0.00014812351	24.977245569229126
44	-782.2637	158.47302	-264.7282	-886.4	12.695652	-112.278465	0.39237955	-110.93254	-112.39293	27000	-0.059633937	262528.84	-0.0009662695	-2361.5312	2.7060916	0.00014900505	25.509061813354492
45	-779.6702	176.90108	-105.46602	-886.4	12.822222	-114.71961	0.37175798	-113.42946	-114.82677	27600	-0.10061307	270335.56	-0.0009500161	-2323.6875	2.7029688	1.8114448e-05	26.050634145736694
46	-768.6693	194.76163	-218.106	-886.4	11.173077	-117.13466	0.3797598	-115.91466	-117.25295	28200	-0.098391905	221126.98	-0.0014024153	-1858.7344	2.6919084	0.00015191059	26.590569496154785
47	-681.8842	225.88316	-111.947945	-886.4	19.290323	-119.37852	0.28548798	-118.17574	-119.44636	28800	-0.06090397	214248.88	-0.00096014515	-1842.5312	2.7315652	-0.00037416577	27.057591199874878
48	-756.45776	200.63463	-77.04237	-886.4	11.480769	-121.52344	0.35257265	-120.39076	-121.63325	29400	-0.071730755	224022.11	-0.0016726404	-1919.3438	2.6972613	0.0001348573	27.56650137901306
49	-729.63245	203.91437	-175.60619	-886.4	15.710526	-123.79636	0.2920275	-122.68876	-123.87338	30000	-0.06708473	205536.31	-0.00090613216	-1894.2031	2.6478033	-0.00018903414	28.08294677734375
50	-750.96375	185.31268	-230.06339	-886.4	15.384615	-126.042786	0.28265375	-124.97077	-126.11736	30600	-0.031633843	231182.34	-0.0008814968	-2193.7812	2.6867	0.00033919115	28.881164073944092
51	-713.7223	233.71878	-67.116974	-886.4	15.210526	-128.45941	0.27374354	-127.421196	-128.53165	31200	-0.10765529	199636.45	-0.0011266768	-1648.0469	2.6613188	-0.00013902088	29.39631700515747
52	-711.3501	214.27457	-147.05084	-886.4	16.852942	-130.60143	0.25226656	-129.58786	-130.66426	31800	-0.088005565	193901.06	-0.0013830736	-1713.7656	2.6666489	-0.00013793925	29.93032479286194
53	-749.9582	186.98749	-259.95715	-886.4	14.775	-132.75935	0.26452303	-131.78261	-132.83104	32400	-0.054444693	233894.23	-0.0012087524	-2190.2344	2.7179682	0.00046448628	30.477422952651978
54	-752.88293	184.75882	-162.21527	-886.4	15.736842	-135.2124	0.24987553	-134.2647	-135.27832	33000	-0.10278292	237562.3	-0.0008380711	-2327.5781	2.6369894	-0.000119829776	31.02013850212097
55	-764.0115	205.20522	-174.59262	-886.4	10.648149	-137.72958	0.28316313	-136.83821	-137.81956	33600	-0.08676233	176314.19	-0.000852108	-1539.375	2.6573772	-0.0001057148	31.561895608901978
56	-713.91125	219.23734	-87.10035	-886.4	16.38889	-139.86772	0.22345293	-138.99608	-139.92505	34200	-0.060433637	186534.06	-0.00085796043	-1705.4062	2.6873803	2.788345e-05	32.069040060043335
57	-779.77936	160.81757	-219.17949	-886.4	11.8125	-142.04797	0.2465065	-141.22134	-142.12154	34800	-0.07477854	214702.17	-0.0008751452	-2082.8906	2.673507	0.00073968567	32.58481407165527
58	-709.48926	225.65726	-142.75966	-886.4	16.027027	-144.49953	0.20946974	-143.69397	-144.55403	35400	-0.0890655	175532.05	-0.0014037192	-1644.875	2.6472263	0.00018491983	33.09949612617493
59	-690.89404	225.87975	-158.7256	-886.4	17.352942	-146.70721	0.195356	-145.9223	-146.75586	36000	-0.107475944	152892.72	-0.0012354255	-1464.4844	2.590134	-0.00011079828	33.605873107910156
60	-749.73047	211.86256	-181.34265	-886.4	12.6595745	-148.77426	0.22034524	-148.02704	-148.83928	36600	-0.10979701	181622.58	-0.0011298507	-1702.5938	2.6363904	0.00041935046	34.44587278366089
61	-722.0295	235.8082	-178.18146	-886.4	13.545455	-151.02377	0.20490974	-150.30415	-151.08214	37200	-0.08752969	160721.36	-0.0009718314	-1423.5	2.6613512	-0.000516991	34.97152805328369
62	-648.57196	273.81415	-75.06504	-886.4	16.61111	-153.12196	0.17971523	-152.42093	-153.16808	37800	-0.13964634	112596.336	-0.001043126	-936.22656	2.5767663	-0.00038899083	35.515787839889526
63	-688.6972	251.75967	-135.8138	-886.4	15.916667	-154.84572	0.17467918	-154.16434	-154.89053	38400	-0.103838116	144176.8	-0.0011819974	-1215.5625	2.6256213	0.00010518491	36.049434185028076
64	-724.1355	212.31363	-110.058876	-886.4	16.444445	-156.78867	0.16976567	-156.12645	-156.83221	39000	-0.06907242	175217.02	-0.00081546605	-1798.7188	2.6519396	2.3747683e-05	36.586474895477295
65	-714.1778	196.18599	-251.37726	-886.4	18.53125	-159.16527	0.15630504	-158.51738	-159.203	39600	-0.06917751	188971.05	-0.00066746026	-2069.4219	2.6620848	0.00040546258	37.127440452575684
66	-695.79297	242.2413	-141.59113	-886.4	15.210526	-161.72473	0.16507909	-161.09862	-161.76826	40200	-0.115371615	137233.1	-0.0014028177	-1268.5	2.6256375	0.00014019529	37.66010403633118
67	-735.2898	217.26723	-151.6116	-886.4	13.930233	-163.77956	0.16910791	-163.1784	-163.82713	40800	-0.10331098	161356.6	-0.0013694242	-1647.2656	2.640548	0.00082642277	38.19628024101257
68	-740.01904	208.74109	-302.22202	-886.4	14.047619	-166.08598	0.1608642	-165.507	-166.13069	41400	-0.095466115	163639.67	-0.0012679473	-1710.4844	2.6423326	0.00032695374	38.72660207748413
69	-731.8548	183.53839	-284.15482	-886.4	16.882353	-168.47	0.140549	-167.9053	-168.505	42000	-0.045322277	169374.48	-0.00013032183	-1914.5469	2.6791258	0.0004586198	39.252312898635864
70	-679.63354	267.3215	-28.82803	-886.4	14.820513	-170.97906	0.14533116	-170.43529	-171.01793	42600	-0.11275129	114732.34	-0.0013972595	-972.0625	2.6025321	0.00017303944	40.03375816345215
71	-755.8092	226.30328	-109.62549	-886.4	10.375	-172.8163	0.16524726	-172.30627	-172.86987	43200	-0.14144053	145684.67	-0.0008981079	-1280.4844	2.6658971	-0.0002018708	40.504977226257324
72	-659.3004	269.3996	-163.42102	-886.4	16.18919	-174.91032	0.12963927	-174.41176	-174.94405	43800	-0.09455239	95773.586	-0.00056122243	-884.2578	2.6089957	-0.00029716373	41.07556915283203
73	-658.16815	237.4434	-81.39272	-886.4	20.75	-176.69836	0.11049878	-176.20807	-176.7233	44400	-0.101435475	135381.81	-0.00046550483	-1423.0312	2.6727037	-1.0726849e-06	41.60363006591797
74	-659.8713	222.2027	-175.00455	-886.4	20.310345	-178.9166	0.11023923	-178.4361	-178.94193	45000	-0.08952217	133608.34	-0.0011662692	-1514.9531	2.6178088	0.00066400744	42.14086675643921
75	-627.2077	262.80762	-143.51375	-886.4	18.580645	-181.24329	0.11159084	-180.77313	-181.26978	45600	-0.045904618	99259.875	-0.00070627034	-929.2969	2.627563	0.00017275214	42.68000650405884
76	-683.817	256.75385	-116.3159	-886.4	14.625	-183.10617	0.12263065	-182.65337	-183.1394	46200	-0.10487601	88796.516	-0.00052366406	-860.4219	2.5643942	-0.00011227965	43.22259712219238
77	-654.55725	260.46027	-89.604904	-886.4	18.181818	-184.90437	0.10697755	-184.46097	-184.93022	46800	-0.13479568	115362.72	-0.0008646548	-1156.5859	2.6427689	0.00021448453	43.77777099609375
78	-701.9616	263.0855	-65.10153	-886.4	12.5	-186.97012	0.12281408	-186.54884	-187.00594	47400	-0.13301972	87194.7	-0.00078852475	-757.71875	2.6045873	-0.00026548744	44.31523823738098
79	-727.21295	249.96669	-56.82691	-886.4	11.018518	-188.70003	0.12619554	-188.30278	-188.74013	48000	-0.14300753	108914.15	-0.0009867102	-947.9375	2.5839052	8.006354e-05	44.85276556015015
80	-613.6677	283.20776	-106.67663	-886.4	18.625	-190.63533	0.09430357	-190.24443	-190.6581	48600	-0.0855497	98225.07	-0.0008119121	-865.90625	2.5479078	-0.0001036942	45.66985368728638
81	-708.83044	244.36195	-119.551544	-886.4	13.697675	-192.50018	0.10513957	-192.12643	-192.52977	49200	-0.124722645	111491.6	-0.0007029027	-1153.0781	2.5792923	-2.4901032e-05	46.1722412109375
82	-649.19183	262.68158	-117.03443	-886.4	18.181818	-194.66106	0.0885445	-194.29404	-194.68243	49800	-0.14515324	108309.66	-0.001074031	-1157.1875	2.6356084	0.00039597234	46.68077492713928
83	-723.808	237.3252	-189.6286	-886.4	12.042553	-196.84105	0.10271468	-196.49275	-196.87138	50400	-0.124422275	103437.8	-0.001100041	-1040.6016	2.6311536	0.0003624016	47.19375395774841
84	-658.91833	281.9812	-80.156075	-886.4	15.358974	-198.94261	0.09032518	-198.60463	-198.96675	51000	-0.17932488	109268.414	-0.0010588169	-918.39844	2.52124	-0.000110136665	47.7023561000824
85	-720.06305	244.0024	-202.6599	-886.4	11.938775	-200.92378	0.096786276	-200.60277	-200.95297	51600	-0.12147169	98074.46	-0.0009903684	-980.8594	2.6125383	1.1300047e-05	48.24356770515442
86	-688.1623	268.62366	-90.70902	-886.4	14.9	-202.98744	0.084328756	-202.67607	-203.0103	52200	-0.10553775	121534.625	-0.0012886003	-1152.7734	2.5569158	0.00033911824	48.782010316848755
87	-720.008	218.73784	-205.45374	-886.4	14.15	-205.22856	0.081425056	-204.92792	-205.25064	52800	-0.1423865	105361.375	-0.0011923313	-1313.4688	2.640316	0.00031499623	49.30918288230896
88	-582.03503	324.33652	-22.56418	-886.4	16.527779	-207.63528	0.07493123	-207.34297	-207.65448	53400	-0.17341615	56933.35	-0.0009880364	-267.46484	2.5105453	-0.0004161479	49.80637454986572
89	-685.8687	283.93903	-52.585407	-886.4	12.826087	-208.81242	0.08143138	-208.53308	-208.83615	54000	-0.13280456	89262.58	-0.0010937899	-642.2031	2.5608957	-0.00014797092	50.31672263145447
90	-593.44525	310.56674	-113.80694	-886.4	16.0	-210.50546	0.07087117	-210.23291	-210.5239	54600	-0.12933701	38567.133	-0.00056004524	-240.46094	2.4906986	-0.0002852433	51.167749643325806
91	-627.5859	294.77866	-90.898994	-886.4	15.5	-211.6215	0.06963827	-211.35739	-211.63988	55200	-0.12825556	48951.375	-0.0006174147	-369.14453	2.5184379	-0.00040746212	51.681901931762695
92	-600.22736	276.24283	-37.65962	-886.4	19.533333	-212.93558	0.5229451	-200.25145	-212.97238	55800	-0.19814909	80481.695	-0.0016299486	-1094.3906	2.567727	5.9791804e-05	52.22830390930176
93	-659.6018	283.92572	-80.80122	-886.4	13.636364	-212.73462	6.8696423	-189.33116	-214.97987	56400	-0.12909521	62872.01	-0.0008510798	-598.21094	2.5278203	-5.9402686e-05	52.762152433395386
94	-685.4087	261.45807	-109.41393	-886.4	14.475	-215.69797	4.4467936	-190.83658	-216.7015	57000	-0.086298965	79964.82	-0.00091265887	-925.6094	2.576317	0.00030372522	53.252418994903564
95	-651.84106	280.00864	-123.702835	-886.4	14.925	-218.06262	4.06722	-192.71393	-218.84018	57600	-0.122058004	51524.64	-0.00056152046	-542.71875	2.5592513	0.00016412447	53.76915979385376
96	-507.45508	355.3903	-24.299818	-886.4	17.5	-217.32039	8.022977	-194.2322	-220.56987	58200	-0.14578618	38123.54	-0.0007762611	-911.4375	2.4574163	-0.0005210037	54.29519581794739
97	-623.94806	311.22818	-68.640594	-886.4	14.538462	-213.64375	9.333134	-194.64417	-221.09393	58800	-0.11879748	39716.637	-0.0004925281	-481.69922	2.4623487	-0.0001447763	54.82340908050537
98	-517.1289	259.7576	-195.9802	-886.4	24.833334	-219.77286	6.133093	-195.58406	-222.19289	59400	-0.1271373	65102.555	-0.00113751	-876.6328	2.577382	0.00023111493	55.35293459892273
99	-474.07346	315.53793	-98.682915	-886.4	20.642857	-222.60756	4.203858	-210.81264	-224.2212	60000	-0.06922303	18925.336	-0.0004544556	-112.20508	2.4930995	-0.00025521408	55.88828492164612
100	-604.3139	306.91577	-66.363495	-886.4	16.941177	-222.46135	5.1082783	-211.471	-224.92859	60600	-0.1779774	62627.96	-0.0011363626	-503.96875	2.5103805	2.2390683e-05	56.72281193733215
101	-663.1417	283.10022	-143.39745	-886.4	13.833333	-224.99396	4.084724	-212.9481	-226.51207	61200	-0.12668093	47525.957	-0.00035737455	-511.91016	2.546572	7.9198675e-05	57.23672270774841
102	-630.2032	302.00723	-142.7428	-886.4	14.65	-226.67218	4.265671	-214.60052	-228.27322	61800	-0.17065467	46619.973	-0.00081655383	-357.21094	2.4987648	6.351302e-05	57.76615595817566
103	-658.3461	290.7811	-44.648914	-886.4	13.636364	-227.03888	5.3383393	-215.96713	-229.73459	62400	-0.23633532	63265.926	-0.0013319701	-548.4844	2.5182211	0.0001983572	58.29686713218689
104	-525.6452	303.0301	-40.243916	-886.4	20.51724	-229.1351	5.0905175	-217.70259	-231.59694	63000	-0.09180616	34931.49	-0.00042883307	-354.0078	2.4933782	-0.0002727579	58.83204746246338
105	-597.1405	329.82394	-40.840134	-886.4	14.871795	-228.16428	6.646918	-205.05754	-233.02338	63600	-0.1855861	45089.12	-0.0011366457	-798.0117	2.5609777	-0.00024616817	59.26756405830383
106	-656.4345	306.86795	-79.52549	-886.4	12.577778	-226.2039	11.845113	-206.00969	-234.16118	64200	-0.21347427	45446.9	-0.0008968562	-411.08984	2.5106764	0.00018381426	59.76619744300842
107	-611.86365	332.2319	-32.23289	-886.4	14.119047	-226.92943	12.413483	-207.16187	-235.51	64800	-0.21816391	47630.234	-0.001237765	-297.95312	2.4573495	-9.2686016e-05	60.28079319000244
108	-577.18225	339.09384	-66.41179	-886.4	15.567568	-225.34654	13.361464	-208.0829	-236.63245	65400	-0.18051812	44039.73	-0.0008805543	-191.0586	2.4259222	-0.00031274438	60.7941358089447
109	-584.4097	329.09018	-48.434338	-886.4	15.578947	-226.65648	13.344587	-208.91554	-237.6766	66000	-0.16271882	38456.46	-0.0009444207	-170.24219	2.5337276	-0.0005136644	61.327008962631226
110	-650.0885	301.34552	-37.175484	-886.4	13.627907	-230.90823	12.05363	-209.84322	-238.80908	66600	-0.15766971	48915.613	-0.0004143417	-417.71484	2.5389028	-2.8034548e-05	62.1895866394043
111	-555.71674	329.682	-54.436428	-886.4	17.60606	-231.73558	12.4963455	-211.36215	-240.56763	67200	-0.1488401	43717.65	-0.0009330511	-261.98047	2.4712784	-0.00018036267	62.70136737823486
112	-566.7716	296.9147	-81.80781	-886.4	19.033333	-234.6986	11.57533	-212.5323	-241.96329	67800	-0.10778231	36248.348	-0.0005785227	-683.8828	2.4613552	7.957508e-05	63.207077980041504
113	-447.17853	314.4566	-100.28254	-886.4	21.923077	-238.4925	9.105096	-214.06993	-243.70973	68400	-0.10530709	24722.38	-0.00044559687	-609.2637	2.4477656	-6.172071e-05	63.71181631088257
114	-562.7738	321.168	-102.03547	-886.4	16.971428	-233.71349	13.667085	-214.77652	-244.56528	69000	-0.15412104	29552.307	-0.00064106286	-180.46094	2.4901948	0.00020260096	64.2453920841217
115	-572.8697	330.03568	-69.65631	-886.4	16.828571	-233.24896	13.616909	-215.73013	-245.69595	69600	-0.15269656	44156.11	-0.00091153383	-308.44922	2.4730587	-4.8814516e-05	64.78159666061401
116	-459.4132	345.98428	-26.383497	-886.4	19.766666	-231.21275	14.70957	-217.00032	-247.21828	70200	-0.17142628	38788.035	-0.00095818937	-185.97656	2.3942237	-0.00020306875	65.26482439041138
117	-630.398	331.22388	-40.72727	-886.4	12.404255	-233.39742	14.197981	-217.40474	-247.8554	70800	-0.17936976	31738.773	-0.00048033893	-95.93945	2.4305718	-8.7323984e-05	65.78077030181885
118	-574.67413	333.37177	-35.80004	-886.4	15.918919	-234.69206	14.677347	-217.89868	-248.54042	71400	-0.18719798	35759.242	-0.0009663403	-203.875	2.4602902	0.00023627598	66.29192018508911
119	-524.4473	334.86563	-44.61698	-886.4	17.545454	-235.13739	14.814487	-218.77159	-249.63947	72000	-0.13638507	28823.4	-0.00084124506	-202.30469	2.4148662	4.996856e-05	66.83020091056824
120	-605.42706	328.54962	-47.322414	-886.4	14.023809	-240.43427	13.837368	-219.36931	-250.43117	72600	-0.21157804	34202.105	-0.0010280907	-165.60938	2.3699124	-0.00030112275	67.71415948867798
121	-440.19424	320.30548	-46.26151	-886.4	20.964285	-237.44266	13.9524145	-220.15866	-251.40598	73200	-0.18200195	16341.793	-0.0008404404	-47.271484	2.3730857	-0.00030638167	68.22372817993164
122	-647.10406	317.23026	-45.222553	-886.4	12.954545	-241.39964	13.680438	-220.36058	-251.74301	73800	-0.17967235	43880.01	-0.000521332	-277.67578	2.4630153	-0.00014080694	68.7418920993805
123	-514.6229	325.70486	-70.01321	-886.4	18.67742	-239.04485	14.90933	-221.68306	-253.31482	74400	-0.18709587	25624.69	-0.0009991378	-257.1328	2.4553597	0.00033239374	69.27110314369202
124	-617.67017	340.5914	-41.7032	-886.4	13.204545	-239.72346	14.060538	-222.55212	-254.35272	75000	-0.228847	48473.67	-0.00095036626	-313.89062	2.4504683	0.00023843885	69.80084252357483
125	-585.5295	355.58252	-35.51325	-886.4	13.311111	-236.66302	14.863164	-223.5394	-255.65013	75600	-0.238682	33904.78	-0.0007364601	-433.33203	2.3183777	-0.0005825274	70.33450770378113
126	-660.4473	326.66315	-40.48937	-886.4	10.745455	-237.23256	15.26948	-223.32095	-255.66103	76200	-0.20847534	36765.816	-0.00060762465	-73.265625	2.3904748	-0.0003091516	70.86915397644043
127	-587.00586	347.57883	-20.038242	-886.4	13.878049	-238.34807	15.489333	-223.57211	-256.1522	76800	-0.18476936	29652.2	-0.0008895397	-61.51172	2.439395	-2.0047624e-05	71.31974697113037
128	-557.06683	345.37103	-44.4263	-886.4	15.307693	-238.53291	15.576874	-223.67088	-256.47772	77400	-0.15690356	22422.73	-0.00049573183	-39.26172	2.3854403	-1.6741058e-05	71.80372142791748
129	-597.3294	332.6249	-61.82529	-886.4	14.692307	-239.7499	15.691076	-223.68684	-256.6749	78000	-0.23728643	43771.008	-0.0011878461	-211.61719	2.45277	0.00042115312	72.31607055664062
130	-534.37006	346.75766	-35.735535	-886.4	16.171429	-239.25261	15.731566	-224.96822	-258.23676	78600	-0.19067849	25595.742	-0.0007188767	-150.63867	2.4528532	0.00018223713	73.25179743766785
131	-624.709	337.7622	-46.53746	-886.4	12.416667	-241.6054	16.189484	-225.14154	-258.64584	79200	-0.22170521	39788.54	-0.00097054243	-118.6875	2.329151	2.2823413e-05	73.81804776191711
132	-572.89825	375.09814	-23.695318	-886.4	12.25532	-235.27687	14.647923	-225.50807	-259.29648	79800	-0.22464997	37886.17	-0.0008107424	-621.0664	2.2956865	-0.00017441103	74.37272429466248
133	-541.3385	358.4349	-28.793444	-886.4	14.947369	-228.24698	11.051299	-223.89117	-258.0011	80400	-0.13318075	29288.303	-0.0006606132	-41.628906	2.4215047	-3.163765e-05	74.9407172203064
134	-526.14124	342.7915	-39.592052	-886.4	16.63889	-226.83292	10.2597275	-223.18489	-257.49634	81000	-0.16301604	21852.062	-0.0006017536	-38.91992	2.3480933	0.00028502176	75.44511413574219
135	-605.87244	349.29904	-47.231834	-886.4	12.521739	-227.32115	10.776049	-223.3938	-257.7976	81600	-0.2586582	42148.56	-0.00099653	-51.277344	2.4182348	0.00014209072	75.97474718093872
136	-544.4872	358.94373	-39.184307	-886.4	15.179487	-227.78203	10.751922	-223.77156	-258.3455	82200	-0.17586547	31402.973	-0.0007068068	-1463.3184	2.3834376	3.493458e-05	76.50527596473694
137	-625.46655	346.65652	-44.312813	-886.4	11.52	-236.50468	16.009966	-223.40721	-258.20697	82800	-0.26621044	38954.938	-0.00093510747	-105.66406	2.3463733	-0.00025957933	77.03924036026001
138	-452.36926	375.3808	-43.75168	-886.4	17.558823	-231.61589	14.508694	-223.09665	-258.2133	83400	-0.20376527	30089.55	-0.0010307282	-319.58984	2.2911224	-0.00014721513	77.51681351661682
139	-449.90686	349.10645	-41.702065	-886.4	18.935484	-228.73393	13.618549	-221.02762	-256.47382	84000	-0.16001242	21037.12	-0.00087055564	-498.0625	2.321456	-0.00023999065	78.05274176597595
140	-405.53513	349.9276	-61.443962	-886.4	20.0	-230.55609	15.897673	-219.74104	-255.41144	84600	-0.11421987	19179.88	-0.0005581975	-237.6289	2.336214	-0.00046996216	78.95616388320923
141	-580.8043	365.90164	-27.592693	-886.4	12.543478	-226.30011	14.476743	-217.90448	-253.82594	85200	-0.20331392	29116.2	-0.00051534176	-275.93945	2.3744304	6.2716404e-05	79.49611520767212
142	-467.26962	352.70224	-57.1373	-886.4	18.21875	-221.90411	12.506554	-216.33827	-252.53075	85800	-0.1728992	18314.676	-0.00056666136	-525.61523	2.317275	5.7791967e-05	80.02512311935425
143	-498.27417	353.0042	-38.88584	-886.4	17.32353	-227.96782	16.716892	-215.18831	-251.57542	86400	-0.13868745	21192.7	-0.0005286783	-58.11914	2.3454664	0.00018963078	80.55130887031555
144	-446.3133	361.915	-20.441795	-886.4	18.709677	-227.36678	16.34866	-214.62376	-251.23991	87000	-0.15165965	22693.188	-0.0004721284	-193.41992	2.3196945	-0.00028131346	81.08367609977722
145	-444.47476	363.03647	-23.610775	-886.4	18.483871	-224.63	16.195892	-213.16214	-250.06076	87600	-0.19968359	24223.54	-0.00050053	-176.67773	2.317924	8.2865554e-05	81.61711978912354
146	-562.13715	373.084	-25.826145	-886.4	13.72093	-221.63422	16.103466	-211.63005	-248.80864	88200	-0.16441444	32281.56	-0.0004490167	-339.02148	2.3066585	-0.00023415714	82.14760756492615
147	-452.70862	352.50772	-27.61201	-886.4	18.64516	-224.27185	17.808819	-209.97739	-247.50739	88800	-0.16787714	20953.654	-0.0008132756	-138.54102	2.3781567	0.0001847148	82.6756911277771
148	-383.1408	336.09158	-39.39102	-886.4	21.296297	-223.56364	17.69837	-209.02545	-246.80191	89400	-0.14425242	14439.517	-0.00071266294	-155.33008	2.2658587	-9.046147e-05	83.20811176300049
149	-493.44125	375.87982	-23.94555	-886.4	16.0	-219.81386	17.007908	-207.39551	-245.37659	90000	-0.18850523	28845.95	-0.0006057173	-219.3125	2.3226602	-0.00017732987	83.63204979896545
150	-601.05994	364.21985	-29.717558	-886.4	11.68	-215.98828	16.686285	-205.4831	-243.80885	90600	-0.27033234	33673.473	-0.0006907284	-113.34766	2.3009386	-0.0002571094	84.51907968521118
151	-417.20862	365.67584	-26.299143	-886.4	18.53125	-213.41971	15.891279	-203.93661	-242.59085	91200	-0.14053896	19163.424	-0.0004364103	-459.5547	2.2505462	0.00011537661	85.0307240486145
152	-537.79626	372.93307	-42.65788	-886.4	14.475	-209.96147	15.631092	-201.23239	-240.14142	91800	-0.21321215	26038.203	-0.0005504638	-125.69336	2.2611103	-1.17896e-05	85.54234385490417
153	-468.415	388.41187	-23.816452	-886.4	15.864865	-204.7217	12.801432	-199.68187	-238.85968	92400	-0.15487409	25008.656	-0.0004146695	-478.7754	2.3011894	0.00023278077	86.08109760284424
154	-489.43652	377.50613	-50.985966	-886.4	15.710526	-203.63148	14.115741	-196.34541	-235.84856	93000	-0.1609713	20216.787	-0.0004892796	-449.92773	2.339814	-9.5088384e-05	86.60931301116943
155	-554.32404	366.89075	-37.038647	-886.4	13.833333	-198.60219	12.67123	-193.86961	-233.63884	93600	-0.26422474	30429.334	-0.00083714724	-469.69336	2.310126	0.00022529553	87.14163565635681
156	-391.86975	358.5439	-25.279734	-886.4	19.966667	-204.50758	12.9353695	-193.61267	-233.5982	94200	-0.20902404	23885.197	-0.0006521344	-1220.7402	2.3181467	0.0002955714	87.67266082763672
157	-445.16898	368.56534	-26.307867	-886.4	17.617647	-202.09549	17.042398	-191.83684	-232.15028	94800	-0.14863157	18705.6	-0.00034593046	-203.20312	2.3161697	-0.00015829831	88.21097159385681
158	-536.3581	368.68094	-27.574154	-886.4	14.8	-202.44727	18.349155	-189.6042	-230.15608	95400	-0.23915133	27455.62	-0.00051938	-177.57031	2.2472637	0.00010348707	88.7455062866211
159	-436.45386	332.38834	-89.07369	-886.4	20.275862	-204.99312	19.344625	-188.64992	-229.47754	96000	-0.11634202	12122.709	-0.00050380826	-144.62012	2.3428195	-8.176565e-06	89.27070212364197
160	-534.13196	388.32532	-27.747526	-886.4	13.340909	-200.82747	18.097292	-188.91315	-229.87921	96600	-0.20274961	26996.268	-0.00039717555	-553.0	2.2236996	-0.0003292969	90.0847110748291
161	-319.2838	338.7885	-25.65728	-886.4	21.74074	-190.34845	12.064259	-186.20584	-227.49106	97200	-0.10760137	15706.92	-0.00036446005	-397.7832	2.2193403	-0.000103544495	90.58658266067505
162	-439.9595	369.72903	-26.809452	-886.4	18.181818	-190.95795	14.642548	-183.01329	-224.55235	97800	-0.14067048	22066.84	-0.00075495243	-603.7656	2.3095446	-0.000243722	91.092294216156
163	-290.67743	332.4912	-38.12973	-886.4	22.115385	-190.70352	16.50089	-181.48048	-223.31664	98400	-0.123307735	13854.301	-0.00045263767	-482.48926	2.2585871	0.00013620248	91.61419486999512
164	-506.85098	383.59406	-27.279978	-886.4	14.8	-189.58224	17.915697	-177.78166	-219.89476	99000	-0.20495234	27069.68	-0.00037403405	-169.05664	2.253434	-8.125702e-06	92.12459230422974
165	-407.97147	370.4334	-27.95245	-886.4	18.5625	-187.53067	17.635284	-175.94691	-218.39592	99600	-0.1676812	17846.482	-0.0004375726	-489.39844	2.2588792	-0.00011596551	92.65896916389465
166	-480.27	388.38174	-32.58064	-886.4	15.184211	-178.50172	12.49417	-173.72209	-216.40712	100200	-0.22801463	23092.268	-0.00048090518	-285.64453	2.1865735	-0.0002595856	93.18788599967957
167	-421.48444	367.5505	-27.240301	-886.4	18.59375	-180.49623	15.741623	-171.55763	-214.53397	100800	-0.13693191	22211.916	-0.0005912781	-495.10938	2.2733128	8.174201e-05	93.71740913391113
168	-505.6251	376.5052	-28.976782	-886.4	15.333333	-185.73865	19.56207	-170.44852	-213.73767	101400	-0.21409655	22015.227	-0.00029483438	-67.86914	2.2717142	0.0003706971	94.25211095809937
169	-590.1857	364.33743	-61.265377	-886.4	12.104167	-182.34378	17.675644	-169.48514	-213.01465	102000	-0.23967613	27763.92	-0.00034828484	-148.95312	2.2621074	0.0003753209	94.77327156066895
170	-537.86035	382.54245	-33.90742	-886.4	13.5	-177.70021	15.478286	-169.70526	-213.47182	102600	-0.21275602	25862.49	-0.00032439828	-87.40039	2.21724	-3.0067265e-05	95.66203904151917
171	-514.3339	399.30078	-28.769749	-886.4	13.348837	-174.22134	13.626717	-168.36998	-212.43279	103200	-0.19999003	27379.057	-0.00031206012	-406.82422	2.2261415	-0.0001808554	96.17514824867249
172	-470.36868	394.35495	-26.938826	-886.4	15.210526	-169.61209	13.0835285	-165.11353	-209.56006	103800	-0.20742573	25104.434	-0.00051672757	-323.83008	2.2149236	-0.00024273197	96.66911387443542
173	-521.74255	378.97137	-32.015335	-886.4	14.512196	-172.6338	16.474894	-162.32344	-207.0926	104400	-0.20287952	26065.506	-0.000528723	-541.8965	2.330377	-4.220138e-05	97.17022013664246
174	-456.27817	375.6925	-30.934532	-886.4	16.914286	-174.80101	19.62854	-161.80576	-206.89508	105000	-0.16388988	20098.945	-0.0004053414	-85.677734	2.3054504	4.428635e-05	97.70619130134583
175	-466.94366	400.49017	-28.073267	-886.4	14.95	-169.17398	16.939169	-160.89151	-206.22606	105600	-0.19580129	25446.016	-0.00034180284	-412.66797	2.1577225	-6.9637295e-05	98.26175117492676
176	-529.3731	391.36166	-22.439093	-886.4	13.340909	-166.9561	17.508604	-157.41003	-203.09416	106200	-0.24823909	29055.312	-0.00060111284	-220.23633	2.2047687	-0.00050787686	98.79024052619934
177	-500.59048	385.77866	-30.974665	-886.4	14.575	-167.38046	18.910343	-155.35672	-201.40125	106800	-0.19651207	22646.982	-0.0005223751	-148.05469	2.2105637	-0.00027530242	99.32037806510925
178	-312.91785	357.36465	-21.84133	-886.4	20.586206	-162.30606	16.227253	-154.11838	-200.43625	107400	-0.14151084	13294.215	-0.0007364005	-460.96973	2.1348493	-0.00084632845	99.8235833644867
179	-459.29092	395.29388	-31.086134	-886.4	15.567568	-157.91815	14.48976	-150.44748	-197.02055	108000	-0.20812508	20472.875	-0.0003771335	-173.41406	2.091115	-0.00031797687	100.34115386009216
180	-482.04642	383.96274	-32.974934	-886.4	15.5	-158.15799	15.362816	-147.93666	-194.79308	108600	-0.1962651	21876.72	-0.0005133599	-120.509766	2.1473782	-0.00027641645	101.28008103370667
181	-524.3206	386.4691	-32.322395	-886.4	13.930233	-156.79994	15.390249	-147.28815	-194.3754	109200	-0.2478587	27289.393	-0.00052440166	-57.865234	2.2665594	-9.7942255e-05	101.7789876461029
182	-549.642	377.80444	-40.929108	-886.4	13.418605	-159.23236	15.926478	-146.69221	-194.06665	109800	-0.25874615	28700.846	-0.00041666627	-395.78516	2.2565365	0.00022359044	102.35215520858765
183	-444.5198	386.8527	-31.477566	-886.4	16.18919	-155.27768	15.440817	-147.32124	-194.97458	110400	-0.18374641	18004.11	-0.0002964586	-110.83594	2.2236986	-0.00017576654	102.88042950630188
184	-428.62885	385.1871	-39.616768	-886.4	17.0	-153.86827	15.440924	-145.68295	-193.5895	111000	-0.15349065	15479.207	-0.00016210973	-129.61328	2.157271	-2.9237766e-05	103.39590287208557
185	-517.86975	381.18085	-44.313747	-886.4	14.268292	-153.2287	16.02278	-143.6737	-191.8041	111600	-0.22240433	22091.664	-0.0004259646	-328.26758	2.1718216	-4.5055745e-05	103.89795970916748
186	-507.42578	381.68503	-30.051823	-886.4	14.65	-157.86786	20.573887	-143.7268	-192.10757	112200	-0.22244608	23321.97	-0.0005527735	-115.46484	2.2210972	5.3276617e-06	104.47442364692688
187	-451.26797	403.8317	-25.104475	-886.4	15.230769	-152.97884	16.560253	-144.10623	-192.75601	112800	-0.1961087	20909.812	-0.00027875602	-826.0117	2.131121	-0.0003638621	105.01236462593079
188	-546.8886	396.6227	-27.14949	-886.4	12.617022	-145.78313	14.847425	-140.52478	-189.51762	113400	-0.22398849	28481.953	-0.0003091991	-104.98242	2.1633418	1.4987985e-05	105.54949402809143
189	-434.211	388.07584	-22.911993	-886.4	16.485714	-143.06247	13.276296	-138.64874	-187.98662	114000	-0.22156122	22720.94	-0.00044937432	-67.59961	2.1455643	0.00011179189	106.05959606170654
190	-388.03946	372.1353	-36.947525	-886.4	18.483871	-141.79185	13.081168	-137.61475	-187.20555	114600	-0.22555089	16259.757	-0.00047899783	-565.32715	2.2303848	-7.910828e-06	107.02596998214722
191	-409.13052	386.55814	-32.24253	-886.4	17.39394	-147.65094	16.016571	-136.73567	-186.52379	115200	-0.17727272	18740.645	-0.00051379204	-140.2168	2.111187	-0.00035916668	107.53139781951904
192	-528.0401	379.5683	-34.6387	-886.4	14.214286	-147.07275	17.281742	-134.9156	-184.96498	115800	-0.25728062	26352.006	-0.00047004223	-761.1797	2.234559	2.7679105e-05	108.04634642601013
193	-480.90723	388.76355	-29.138586	-886.4	15.342105	-151.58823	21.91558	-136.13194	-186.46873	116400	-0.23152322	22536.848	-0.00038263202	-66.33789	2.1545355	5.913774e-06	108.56790733337402
194	-463.84155	394.41342	-29.78163	-886.4	15.333333	-147.41977	20.093275	-135.78658	-186.43393	117000	-0.19757715	20210.406	-0.00031480193	-156.19336	2.1507506	-0.00014727692	109.15743899345398
195	-433.40027	394.26874	-29.408352	-886.4	16.314285	-142.97752	17.629791	-134.07706	-185.03242	117600	-0.18617335	16479.146	-0.00028555095	-200.07617	2.178613	-8.7682805e-05	109.68290662765503
196	-467.80606	387.28815	-26.265285	-886.4	15.648648	-142.55054	18.162428	-131.4556	-182.68016	118200	-0.19436894	18285.3	-0.00030314922	-126.03125	2.1401148	-0.000117735864	110.18405795097351
197	-408.02237	392.76248	-24.194092	-886.4	16.971428	-140.9089	18.460646	-130.71265	-182.1705	118800	-0.18755186	16239.934	-0.00025245547	-230.18066	2.1425414	-0.00014443348	110.69695019721985
198	-541.3613	386.73795	-39.58424	-886.4	12.9777775	-140.30428	20.501554	-127.75293	-179.48334	119400	-0.20209959	24797.117	-0.00026227534	-71.08984	2.209833	7.9415244e-05	111.21667003631592
199	-440.2015	381.23636	-30.724987	-886.4	17.17647	-143.10445	21.231127	-127.98399	-179.98195	120000	-0.22109507	19911.66	-0.00048705935	-320.13477	2.25654	0.00011825075	111.75644207000732
200	-408.24603	372.74683	-25.94034	-886.4	18.4375	-149.338	24.165031	-128.55396	-180.87286	120600	-0.15839843	18457.258	-0.00042152405	-85.27539	2.1056986	0.00019473583	112.70328974723816
201	-495.3798	392.5108	-33.137085	-886.4	14.45	-142.4017	21.152374	-128.88565	-181.49316	121200	-0.25178	22361.05	-0.0004081726	-87.99609	2.1403303	-0.00018494228	113.20757341384888
202	-392.80655	376.4901	-31.366467	-886.4	17.939394	-141.20068	21.240643	-128.37323	-181.26566	121800	-0.18403311	13798.193	-0.00021927059	-82.07129	2.1045294	-0.00013680081	113.70565724372864
203	-422.06488	392.60318	-22.516642	-886.4	16.666666	-137.01884	19.573486	-126.97689	-180.10313	122400	-0.20635411	17039.336	-0.00035429	-242.54297	2.14061	-0.00028409343	114.22277426719666
204	-403.14752	377.91257	-35.88892	-886.4	18.125	-130.67331	15.755326	-124.61224	-177.99161	123000	-0.15609106	14345.719	-0.0003171116	-854.7715	2.2013776	-5.588462e-05	114.7300431728363
205	-479.6159	378.82803	-56.88163	-886.4	15.7027025	-140.59442	23.54905	-123.64361	-177.228	123600	-0.22993873	18674.193	-0.0003195256	-212.17383	2.1625535	5.9555074e-05	115.27037644386292
206	-404.32733	375.5045	-35.876976	-886.4	18.0	-140.40416	20.96869	-125.55782	-179.35068	124200	-0.17252257	14478.304	-0.0002734363	-218.90234	2.181525	0.0001247555	115.82123637199402
207	-429.60693	384.92938	-24.3329	-886.4	16.911764	-137.8004	21.9578	-125.478355	-179.48592	124800	-0.19661857	16856.518	-0.00031097233	-131.67188	2.1559684	-2.2620858e-05	116.33077383041382
208	-425.31174	389.38226	-23.843739	-886.4	17.058823	-141.19948	23.98388	-124.57925	-178.86229	125400	-0.18478951	20949.654	-0.0004994124	-189.42969	2.143419	-4.0057104e-05	116.8417899608612
209	-571.18146	377.432	-26.89051	-886.4	12.122449	-142.64693	24.286089	-123.170944	-177.8357	126000	-0.30704406	33754.527	-0.00060105324	-244.17578	2.1986072	6.0558417e-05	117.34404587745667
210	-409.6233	390.22122	-28.103552	-886.4	16.885714	-141.5824	22.527039	-126.153725	-181.22462	126600	-0.17970736	16557.594	-0.00036498904	-334.5869	2.1129386	-4.497091e-05	118.32624363899231
211	-460.04007	393.3726	-30.722027	-886.4	15.567568	-134.22821	19.432821	-123.86335	-179.2124	127200	-0.18742192	18241.82	-0.000310719	-64.90039	2.166908	-0.00027632536	118.84011602401733
212	-523.1481	396.0652	-41.4484	-886.4	13.043478	-131.62982	17.891956	-122.67201	-178.26706	127800	-0.24273854	26305.533	-0.00029845536	-97.18555	2.1483114	0.00013423155	119.35214710235596
213	-475.23242	400.02676	-39.20022	-886.4	14.609756	-132.6177	19.06532	-122.37573	-178.34734	128400	-0.21926293	21232.715	-0.00029049814	-206.06836	2.087014	-0.00014352103	119.85509586334229
214	-390.36185	377.81882	-21.22326	-886.4	18.181818	-126.408516	16.135529	-120.428375	-176.72073	129000	-0.18961284	13839.906	-0.00026978552	-295.3877	2.0982714	-2.3869674e-05	120.38317704200745
215	-552.6505	374.94742	-37.44642	-886.4	13.348837	-133.34518	18.70603	-119.47194	-175.94992	129600	-0.29719067	37877.523	-0.0007119477	-1677.1289	2.2319195	0.00021268785	120.93078374862671
216	-399.36105	383.55084	-42.596542	-886.4	17.470589	-140.18536	18.470955	-125.24031	-182.02266	130200	-0.18562256	14830.413	-0.0003309697	-496.02148	2.1783147	0.0002409497	121.46630907058716
217	-243.43777	315.75946	-34.86723	-886.4	22.346153	-130.2187	16.575089	-124.18709	-181.21053	130800	-0.118215725	7347.79	-0.00036533177	-275.92822	2.0636528	-0.00013379176	121.95656180381775
218	-516.8371	389.86798	-33.997177	-886.4	13.738095	-127.90085	17.136866	-120.85819	-178.06534	131400	-0.21670467	22080.62	-0.00023818016	-234.79883	2.168654	1.9824009e-05	122.45656728744507
219	-427.99234	390.38095	-30.676767	-886.4	16.63889	-130.1802	17.300585	-121.558365	-179.01593	132000	-0.18048772	16902.244	-0.00027745962	-83.07031	2.132513	1.6906262e-05	122.96924304962158
220	-441.66086	390.4364	-25.839865	-886.4	16.216217	-130.85027	18.051926	-120.68123	-178.41699	132600	-0.20603424	19942.756	-0.00031024218	-168.18945	2.0852847	1.2269616e-06	123.9532516002655
221	-487.87952	399.5932	-43.67376	-886.4	14.166667	-130.27547	19.978842	-120.48053	-178.5257	133200	-0.2537241	24420.094	-0.0006130338	-349.0	1.9979407	-0.000567274	124.46945071220398
222	-381.97153	383.74243	-24.71242	-886.4	17.787878	-127.444984	18.861744	-119.745476	-178.17728	133800	-0.20688035	13692.187	-0.000338614	-180.49805	2.0332465	6.639172e-05	124.97798490524292
223	-321.58298	369.37805	-31.304792	-886.4	19.4	-125.616875	18.100092	-117.58291	-176.27654	134400	-0.1423559	11323.597	-0.0002720654	-298.71777	2.108509	-0.00012166411	125.49790930747986
224	-416.74316	383.44867	-26.348576	-886.4	17.363636	-122.89291	19.291964	-114.10464	-173.04305	135000	-0.18896154	19688.387	-0.0003245324	-558.6836	2.120723	0.00010644853	125.9911904335022
225	-396.07895	401.34415	-26.116625	-886.4	16.714285	-122.03265	18.806602	-114.831764	-174.07018	135600	-0.21142799	17662.656	-0.00030259788	-207.04297	2.024684	-6.3498817e-07	126.49321031570435
226	-487.5694	398.03427	-31.625242	-886.4	14.142858	-120.286995	20.195917	-111.56045	-171.16306	136200	-0.19140887	21750.777	-0.00024297833	-79.78125	2.104023	-4.411886e-05	127.01799535751343
227	-490.92856	402.61682	-30.332321	-886.4	13.744186	-118.08596	18.503244	-111.37615	-171.26306	136800	-0.24625254	23350.29	-0.00043173134	-38.316406	2.0506196	-0.00017317076	127.55305218696594
228	-495.51865	390.34857	-24.17094	-886.4	14.285714	-118.942604	20.351067	-110.7115	-170.93324	137400	-0.19831966	22825.396	-0.00023467839	-116.98047	2.0977685	7.994433e-05	128.06598567962646
229	-397.3578	387.54636	-23.199736	-886.4	17.294117	-120.63185	19.426134	-112.77952	-173.23209	138000	-0.1835117	14889.525	-0.00023199618	-348.69727	2.0509386	-6.3334504e-05	128.57998418807983
230	-540.4314	398.67722	-23.927347	-886.4	12.489362	-124.686966	24.052216	-111.754425	-172.45439	138600	-0.26804063	29555.617	-0.00037497282	-255.61719	2.158079	8.012831e-05	129.60079073905945
231	-438.7458	391.0675	-24.597431	-886.4	16.027027	-120.01695	18.372528	-111.5116	-172.61064	139200	-0.16654725	17705.957	-0.0002475381	-108.48633	2.1481385	5.273491e-05	130.13494610786438
232	-421.989	389.22745	-29.07424	-886.4	16.61111	-121.51198	19.23163	-111.939766	-173.28351	139800	-0.21428563	18838.863	-0.0003079772	-32.82617	2.0292187	-6.418705e-05	130.7210111618042
233	-317.59567	373.3735	-21.374582	-886.4	19.233334	-118.15516	17.280035	-111.88051	-173.48149	140400	-0.10861307	10663.77	-0.00016230345	-332.31445	2.017341	-7.2353585e-05	131.305890083313
234	-382.18042	396.04382	-34.64843	-886.4	17.235294	-113.31615	17.034456	-107.8915	-169.74937	141000	-0.17808172	14358.515	-0.00021100044	-186.45117	2.0283175	-4.78967e-05	131.8688349723816
235	-463.48657	400.59842	-26.158703	-886.4	14.825	-109.96792	16.979109	-104.660126	-166.7998	141600	-0.21620722	19907.162	-0.00028304756	-24.658203	2.065351	-0.00014575283	132.2926471233368
236	-460.92792	406.17798	-30.521267	-886.4	14.8	-110.17252	17.688293	-104.569145	-167.00882	142200	-0.2051679	19807.855	-0.00019583106	-32.98242	2.052704	8.372565e-06	132.79817509651184
237	-512.6655	401.01205	-26.031385	-886.4	13.155556	-109.24829	17.566473	-103.654816	-166.39766	142800	-0.20632711	23849.79	-0.00024339557	-42.158203	2.0641956	-9.0245805e-05	133.31370210647583
238	-464.16498	400.89285	-27.361147	-886.4	15.078947	-110.12836	17.170555	-104.82013	-167.85938	143400	-0.19720222	20639.55	-0.00022906065	-25.367188	2.0305572	-2.2450784e-05	133.82552456855774
239	-464.502	391.60968	-39.027683	-886.4	15.025641	-110.03234	16.21162	-105.41907	-168.52992	144000	-0.19065078	17063.33	-0.00018888712	-84.2207	1.9666927	-7.148166e-05	134.3281443119049
240	-447.24097	396.26102	-29.865366	-886.4	15.578947	-112.688255	16.480305	-107.76672	-171.24356	144600	-0.1817211	16568.3	-0.00018700957	-21.046875	2.0779963	-2.4026434e-05	135.3548300266266
241	-388.86313	390.5973	-23.865337	-886.4	17.352942	-112.993904	16.154217	-108.408806	-172.11305	145200	-0.1830697	15037.927	-0.00026994944	-48.94336	2.0110896	-0.00015402962	135.86804151535034
242	-402.07172	383.15128	-30.129702	-886.4	17.529411	-111.09495	15.308575	-107.00267	-170.95193	145800	-0.16455805	13849.334	-0.00025621057	-29.327148	2.0951424	-9.6608695e-05	136.40627026557922
243	-399.91528	398.34793	-24.058252	-886.4	16.77143	-112.45943	15.572407	-108.31738	-172.23712	146400	-0.17013504	14636.196	-0.0001604259	-82.48633	1.9975963	-0.00013587912	136.9474437236786
244	-338.16858	379.59592	-28.473051	-886.4	18.935484	-109.86844	15.14802	-105.89691	-170.13078	147000	-0.140179	11085.372	-0.00018455088	-125.27832	2.0282867	-0.00010301789	137.49004220962524
245	-463.04425	401.54126	-23.311764	-886.4	14.85	-107.90166	16.918669	-102.84613	-167.53104	147600	-0.21250486	20581.916	-0.00023975968	-100.75586	2.0442371	-2.5161207e-05	137.978595495224
246	-325.9072	369.466	-28.145039	-886.4	19.166666	-107.0087	15.29991	-103.025345	-167.86806	148200	-0.13168958	11016.4	-0.00026328862	-38.48242	2.0045192	-3.635307e-05	138.45081567764282
247	-375.66022	386.0487	-31.51936	-886.4	17.60606	-106.171234	16.043636	-101.86604	-167.0486	148800	-0.16528001	13138.74	-0.00018626451	-11.963867	2.0187125	-7.2132396e-05	138.9681146144867
248	-342.0861	377.18137	-26.383797	-886.4	18.774193	-105.2855	15.626655	-101.11749	-166.52539	149400	-0.109047964	10850.305	-0.00016735494	-43.666992	2.0226643	-0.00017830163	139.4745316505432
249	-507.67108	398.33267	-19.968342	-886.4	13.690476	-104.69542	17.20027	-99.63701	-165.09686	150000	-0.18695058	21067.27	-0.00019776821	-103.57031	2.1065934	2.8578937e-05	139.9818549156189
250	-237.74297	311.72256	-32.840984	-886.4	22.037037	-105.7444	14.559512	-102.21293	-167.93681	150600	-0.045636863	6520.1816	-0.00016335025	-29.585938	1.9554855	-3.084769e-05	140.97241306304932
251	-452.85797	384.92526	-31.794714	-886.4	16.416666	-105.85861	16.874002	-101.036804	-167.07085	151200	-0.22325663	22903.758	-0.0004478693	-375.6504	2.1511045	0.00017552843	141.48570704460144
252	-508.56668	397.84988	-25.13391	-886.4	13.690476	-111.39206	17.308683	-106.30463	-172.24608	151800	-0.22356044	21566.193	-0.0002476424	-68.30078	2.1228437	1.491492e-05	142.00363111495972
253	-330.63797	365.91815	-26.678944	-886.4	19.3	-112.05018	14.814057	-108.42745	-174.68011	152400	-0.117593385	10189.769	-0.00022132695	-11.890625	2.0515325	-9.335677e-06	142.51778149604797
254	-506.57486	405.19348	-34.37059	-886.4	13.333333	-113.0813	17.856514	-107.70103	-174.32549	153000	-0.23256576	24380.67	-0.00025233626	-35.69336	2.099755	-9.0766254e-05	143.04283595085144
255	-332.71967	364.20166	-35.68105	-886.4	19.533333	-110.54853	14.940913	-106.92966	-173.87997	153600	-0.12767248	9778.087	-9.88543e-05	-5.618164	1.9697778	2.6117166e-05	143.55698800086975
256	-486.92444	399.6358	-27.614597	-886.4	13.857142	-111.75638	17.67076	-106.5575	-173.82526	154200	-0.215554	22753.86	-0.000227198	-36.783203	1.9663533	-5.027324e-05	144.05984735488892
257	-471.1515	405.9937	-36.39844	-886.4	14.317073	-112.725716	17.35903	-107.76762	-175.258	154800	-0.19291039	19313.633	-0.00022482872	-72.51172	2.045662	-0.000106028565	144.56816387176514
258	-288.42212	347.47357	-22.4456	-886.4	20.535715	-109.64055	14.627952	-106.27457	-174.1954	155400	-0.061621092	8459.894	-0.00022214279	-33.490234	2.057102	-0.00014369468	145.07630014419556
259	-266.51254	336.85696	-37.780308	-886.4	21.592592	-107.73801	14.394712	-104.478424	-172.60959	156000	-0.10623899	10963.327	-0.00029762834	-23.152344	2.0842814	8.635024e-05	145.59169960021973
260	-418.9526	396.37585	-24.591316	-886.4	16.444445	-107.52224	16.443825	-103.269745	-171.53848	156600	-0.14169845	15157.583	-0.00022792816	-9.786133	2.1798213	-0.00018715332	146.6305332183838
261	-399.46347	398.41986	-24.292246	-886.4	16.542856	-107.195755	16.366886	-102.94317	-171.48299	157200	-0.15616348	14033.052	-0.00017045438	-71.237305	1.9856466	-1.814564e-06	147.155287027359
262	-509.56165	403.456	-33.516335	-886.4	12.911111	-105.862434	18.329979	-100.579605	-169.47426	157800	-0.2100339	22224.72	-0.00023059547	-29.597656	2.0278816	-4.8357248e-05	147.70108938217163
263	-500.77344	409.45862	-23.24352	-886.4	13.0	-106.652084	18.46728	-101.26582	-170.5881	158400	-0.29317397	26405.438	-0.0003657043	-42.9375	2.01231	-0.00010801583	148.31698393821716
264	-455.30173	398.40616	-29.72446	-886.4	15.205129	-105.250916	17.705948	-100.32915	-170.1769	159000	-0.15994892	19208.537	-0.00019808114	-48.679688	2.037308	-4.7911406e-05	148.94025421142578
265	-587.77905	385.23993	-24.516363	-886.4	11.037736	-108.32799	20.082481	-101.95429	-172.06114	159600	-0.2686652	31512.41	-0.0003594756	-359.9043	2.118435	-0.00021276384	149.4069242477417
266	-430.76068	397.1002	-31.008583	-886.4	15.945946	-111.98701	17.212864	-107.44557	-177.92542	160200	-0.1900509	17500.422	-0.00020506978	-129.85742	2.0427518	5.1320392e-05	149.9035141468048
267	-323.59863	378.61838	-25.499792	-886.4	18.75	-111.56755	16.263626	-107.5089	-178.39601	160800	-0.122815415	13351.863	-0.00023847818	-228.1289	1.9080983	-6.498834e-05	150.4043939113617
268	-444.87042	398.5143	-29.298992	-886.4	15.368421	-108.18743	18.11099	-103.21893	-174.4639	161400	-0.18251365	16705.78	-0.00021275878	-29.11914	2.0652647	-0.000106795036	150.9166555404663
269	-389.59558	395.1638	-25.902172	-886.4	17.441177	-107.37839	16.75468	-103.153755	-174.60013	162000	-0.21293855	20806.666	-0.00031216443	-106.18359	2.0847375	-1.0424753e-05	151.42490458488464
270	-440.88702	402.33408	-26.390837	-886.4	15.684211	-108.32425	18.497677	-103.04639	-174.80421	162600	-0.18904854	17306.715	-0.00023344159	-36.466797	2.0404863	-9.1769e-05	152.48463678359985
271	-489.57303	407.00772	-26.816448	-886.4	13.72093	-107.88721	19.172514	-102.18519	-174.1979	163200	-0.19885376	21053.717	-0.00018174946	-45.621094	1.9920317	-3.6574602e-05	152.995276927948
272	-400.95953	395.5013	-27.27918	-886.4	16.37143	-105.86885	17.425734	-101.35631	-173.84015	163800	-0.17356236	15636.19	-0.00022402406	-16.595703	2.0064926	2.3041268e-05	153.4944794178009
273	-356.7851	382.626	-26.081236	-886.4	18.03125	-104.58286	16.811825	-100.44847	-173.22551	164400	-0.14426996	13669.138	-0.0001873374	-15.142578	1.9581797	-3.0891795e-05	154.0216624736786
274	-456.4125	399.66702	-27.824627	-886.4	15.282051	-104.3942	18.403492	-99.377106	-172.39522	165000	-0.20009987	21905.984	-0.00033980608	-71.634766	2.1306279	9.869635e-05	154.55863571166992
275	-358.76636	384.019	-28.410591	-886.4	18.25	-105.910934	16.916111	-101.74158	-174.9226	165600	-0.13918845	12519.65	-0.00017270446	-17.298828	2.0360067	-4.3659507e-05	155.09606790542603
276	-313.27347	356.92178	-33.7514	-886.4	20.103449	-104.46492	16.088387	-100.71293	-174.12709	166200	-0.14219809	10287.781	-0.00022928417	-15.491211	2.0636187	5.5248838e-05	155.62111234664917
277	-399.4959	384.6005	-22.767887	-886.4	17.235294	-105.66773	17.456188	-101.25547	-174.78061	166800	-0.17350253	15497.21	-0.00022812188	-66.92285	2.0597794	0.00012247472	156.15057849884033
278	-343.64313	376.5939	-28.831644	-886.4	18.709677	-107.71715	16.548037	-103.78358	-177.43454	167400	-0.13423777	11229.739	-0.00014203787	-21.19043	1.9542447	-3.3101438e-05	156.58337426185608
279	-340.00867	378.62958	-34.54934	-886.4	18.612904	-106.62373	16.808401	-102.51467	-176.39697	168000	-0.14377075	10959.88	-0.00017529726	-80.69141	2.0578163	-0.00013227045	157.08803796768188
280	-381.8757	382.7994	-23.96025	-886.4	17.69697	-104.341	17.261517	-100.04128	-174.19107	168600	-0.15835147	12071.765	-0.00021544099	-14.40625	2.014432	5.3928692e-05	158.149573802948
281	-456.01715	409.20612	-24.878931	-886.4	14.7	-106.013435	18.755573	-100.9294	-175.26636	169200	-0.19546698	19657.646	-0.00031083822	-58.566406	2.0212257	-0.00026715174	158.65828776359558
282	-392.55194	389.1911	-32.1774	-886.4	17.205883	-103.12954	17.525793	-98.752625	-173.54079	169800	-0.18221699	14675.639	-0.0002053231	-85.1582	2.0050669	-7.6389166e-05	159.160010099411
283	-222.61038	315.45627	-26.258291	-886.4	21.777779	-103.147934	16.034697	-99.35718	-174.3938	170400	-0.073887154	6905.3975	-0.00016676635	-190.39746	1.9361192	-3.297925e-05	159.69846844673157
284	-368.0614	392.72995	-32.2348	-886.4	17.666666	-99.78015	17.69534	-95.107796	-170.40271	171000	-0.13010333	12168.111	-0.0001245439	-56.850586	2.0303183	-6.107554e-05	160.23789429664612
285	-366.37094	393.9724	-28.26839	-886.4	17.666666	-97.029144	17.607538	-92.55661	-168.16344	171600	-0.1345078	12203.769	-0.0001770556	-46.927734	2.0573452	-6.582409e-05	160.77729439735413
286	-365.54153	385.68585	-33.005764	-886.4	17.647058	-94.93737	17.705326	-90.35827	-166.28377	172200	-0.13883674	11907.232	-0.00014069676	-18.867188	2.009443	-8.566836e-05	161.30158138275146
287	-396.5311	387.12067	-25.746624	-886.4	17.5	-95.44134	18.331202	-90.48993	-166.63641	172800	-0.173641	13605.602	-0.00023502111	-110.06738	2.0254915	-0.00015844137	161.83593583106995
288	-380.3063	381.61624	-18.9511	-886.4	18.09091	-98.33745	18.011618	-93.69709	-169.98907	173400	-0.15569104	15410.87	-0.00019676983	-98.4834	2.026799	3.379166e-05	162.33992075920105
289	-344.2332	384.3058	-26.651857	-886.4	18.181818	-101.35682	17.599741	-96.91873	-173.31425	174000	-0.11455967	11298.83	-0.00016728044	-66.67676	2.0220094	-0.00012403632	162.77751755714417
290	-344.79047	376.56793	-23.622992	-886.4	18.741936	-99.03097	17.425549	-94.64744	-171.37053	174600	-0.12712596	12411.901	-0.00017225742	-22.230469	1.9586775	2.3112298e-05	163.82549285888672
291	-409.17194	390.8375	-38.256943	-886.4	16.62857	-99.78034	18.2605	-95.14784	-172.03963	175200	-0.13724114	13626.507	-0.00016592443	-40.734375	2.0514941	5.0780177e-06	164.33202958106995
292	-539.253	401.24652	-33.127396	-886.4	12.020409	-103.44387	21.307537	-97.01171	-174.11073	175800	-0.2468425	25088.203	-0.00021341443	-72.615234	2.0038671	-6.0176204e-05	164.8356535434723
293	-320.27432	372.5079	-23.650612	-886.4	19.233334	-103.100075	17.178368	-99.06051	-176.68144	176400	-0.10808558	10302.639	-0.0002040863	-50.301758	2.0357964	-0.0002363872	165.34222674369812
294	-385.1068	391.63138	-26.637205	-886.4	17.352942	-101.482086	18.263311	-96.93257	-174.86	177000	-0.19187497	16632.621	-0.00022029877	-261.29297	2.0407443	1.11338995e-05	165.8640694618225
295	-435.62775	396.09592	-23.95366	-886.4	16.054054	-101.78864	19.203136	-96.48992	-174.70229	177600	-0.21747111	17557.273	-0.0002374798	-113.06836	2.0898864	-0.00011200781	166.3976230621338
296	-449.02618	405.43674	-33.331127	-886.4	15.282051	-105.14251	20.06226	-99.11608	-177.55402	178200	-0.17456515	16797.393	-0.00016647577	-29.685547	2.1072435	-6.167605e-05	167.0348551273346
297	-457.09674	387.28342	-34.17804	-886.4	15.763158	-103.97248	19.945599	-98.09795	-176.95384	178800	-0.19386695	18415.47	-0.00019057095	-322.82812	2.0962005	5.2482286e-05	167.65830993652344
298	-282.26382	351.84714	-22.931284	-886.4	20.5	-107.84106	17.387207	-103.503174	-182.47221	179400	-0.111676365	9495.649	-0.00016424805	-71.72266	1.9836198	-5.2142343e-05	168.2405903339386
299	-289.23474	350.16544	-26.903746	-886.4	21.0	-106.47895	18.077904	-101.50189	-180.7207	180000	-0.17324287	11702.406	-0.00039327145	-1145.123	2.021952	0.00018302162	168.75890636444092
300	-394.44592	384.2203	-34.334633	-886.4	16.911764	-108.974754	21.20952	-100.085724	-179.58041	180600	-0.16548806	14998.735	-0.00023065507	-34.966797	1.9350151	-0.0002031806	169.87586998939514
301	-443.5294	396.8382	-29.562164	-886.4	15.342105	-109.91826	21.9729	-100.79639	-180.53012	181200	-0.22131358	17514.143	-0.00029988587	-18.30664	2.03051	-0.00019993469	170.39629364013672
302	-348.5638	380.8194	-31.015848	-886.4	17.878788	-107.6637	19.728918	-101.39161	-181.47105	181800	-0.13432206	10671.61	-0.00017787516	-113.62988	1.9078634	-0.00023140077	170.92630672454834
303	-366.02332	383.93994	-30.184515	-886.4	17.617647	-104.75311	19.528807	-99.075485	-179.48354	182400	-0.16333418	12512.915	-0.00019204617	-31.448242	2.0144727	-5.910789e-05	171.44912362098694
304	-442.14227	399.39786	-27.189688	-886.4	15.368421	-104.35296	20.62324	-98.012146	-178.70956	183000	-0.19387852	16656.7	-0.00021141768	-23.648438	1.9718815	-4.43695e-05	171.91419959068298
305	-227.0845	316.32233	-24.491577	-886.4	22.148148	-103.08362	17.899351	-98.34926	-179.38708	183600	-0.075526655	6572.5166	-0.00015116483	-120.60205	2.0197275	-1.5771488e-05	172.41896653175354
306	-474.96924	392.5386	-27.157185	-886.4	14.875	-102.09537	21.53309	-94.94903	-176.2387	184200	-0.20197383	20337.186	-0.00027051568	-669.2051	2.042926	-3.638238e-05	172.92801213264465
307	-391.60556	395.71207	-22.261616	-886.4	16.527779	-105.78969	20.845238	-98.8167	-180.33954	184800	-0.15211393	13943.095	-0.00016698241	-133.7002	1.9086764	-6.655365e-05	173.4521563053131
308	-506.16922	404.67664	-27.636566	-886.4	12.844444	-104.815025	22.477472	-97.48355	-179.37772	185400	-0.2543468	25199.596	-0.0003004074	-166.55273	1.9570601	-0.00014721254	173.9884214401245
309	-394.82867	389.14105	-28.070852	-886.4	17.117647	-104.43414	20.256792	-98.27097	-180.67819	186000	-0.15364341	14132.856	-0.00029176474	-18.382812	2.009955	1.6728043e-05	174.5332727432251
310	-410.46033	391.1479	-22.037855	-886.4	16.8	-105.84405	21.012873	-99.22241	-181.8823	186600	-0.1896557	15169.127	-0.00027674437	-421.54688	1.9839872	-9.530976e-05	175.60105919837952
311	-316.53656	366.34665	-28.27273	-886.4	19.193548	-109.60733	21.80696	-100.25737	-183.1536	187200	-0.07781794	10374.63	-0.00021011382	-398.01367	1.9727619	-0.0001398229	176.12882709503174
312	-373.09085	395.3257	-19.243961	-886.4	17.0	-103.81199	20.28228	-98.126526	-181.2649	187800	-0.15603033	12997.153	-0.00021529198	-104.58984	1.9298856	-4.600232e-05	176.6465368270874
313	-467.03812	403.70422	-29.844193	-886.4	14.390244	-102.28064	22.402803	-94.88708	-178.41779	188400	-0.2891386	24160.162	-0.00040018559	-354.58594	1.9661739	-4.5327943e-05	177.16862535476685
314	-401.83047	395.21487	-31.942955	-886.4	16.457144	-102.15203	21.547503	-95.58755	-179.58142	189000	-0.18906407	14041.25	-0.00020597875	-30.53125	1.9685205	9.651333e-06	177.69193863868713
315	-458.01776	405.59995	-24.979918	-886.4	14.5	-102.06718	22.430979	-95.241325	-179.60329	189600	-0.22246307	21314.424	-0.00024709105	-113.89453	1.992423	-0.00013865407	178.20328283309937
316	-316.33664	366.0822	-37.262207	-886.4	19.225807	-101.54371	20.27456	-95.48558	-180.21515	190200	-0.11498675	9564.403	-0.00016230345	-57.64258	1.937682	-9.4940166e-05	178.7134861946106
317	-486.11368	408.3068	-24.066437	-886.4	13.697675	-101.64402	22.909817	-94.14337	-179.09067	190800	-0.2415883	21957.723	-0.0002503842	-239.7793	2.040542	4.755353e-05	179.25222492218018
318	-454.01666	401.13223	-28.10302	-886.4	14.974359	-100.905876	23.282444	-93.837395	-179.23172	191400	-0.20770566	16744.36	-0.00022557378	-117.0293	2.0065434	-2.9286246e-05	179.79122519493103
319	-439.8977	402.92468	-22.444508	-886.4	15.5	-102.30659	22.16009	-95.2502	-180.93881	192000	-0.18151553	16496.746	-0.0002092421	-20.50586	1.9563831	-1.6355167e-05	180.31047177314758
320	-441.46036	398.26517	-38.793797	-886.4	15.342105	-101.651184	21.913874	-95.2036	-181.26389	192600	-0.19165465	18279.227	-0.00027535856	-56.94922	2.012685	-8.451591e-06	181.43699026107788
321	-508.03723	405.57083	-29.276335	-886.4	13.0	-104.428856	23.414295	-97.05029	-183.34784	193200	-0.21335001	22423.768	-0.00025184453	-42.04883	2.0508935	-5.32945e-06	181.97957754135132
322	-465.5958	409.3323	-21.781546	-886.4	14.317073	-105.22465	22.753387	-98.05485	-184.7833	193800	-0.22988948	20391.55	-0.00028644502	-72.875	2.028363	-0.000108307504	182.52660489082336
323	-447.68384	405.46658	-20.435524	-886.4	14.871795	-102.60756	22.252243	-96.24312	-183.41806	194400	-0.2107112	17753.559	-0.00025852025	-31.111328	1.9425696	-9.114534e-05	183.06708908081055
324	-372.72534	388.32062	-23.405994	-886.4	17.60606	-100.592384	20.52492	-95.20758	-182.74883	195000	-0.14631587	12897.99	-0.0003145337	-16.108398	2.0533125	-0.00024490347	183.6206178665161
325	-457.15515	398.41913	-37.14103	-886.4	15.128205	-100.60559	22.046358	-94.5213	-182.29927	195600	-0.1753645	16661.04	-0.00020356476	-73.58789	2.1016936	-1.7531613e-05	184.12306308746338
326	-488.52792	407.9914	-21.772184	-886.4	13.627907	-104.43555	23.270704	-97.39618	-185.40645	196200	-0.2208013	20369.863	-0.00035181642	-68.61133	1.9896724	-0.000404423	184.60202836990356
327	-478.4953	407.61505	-24.750578	-886.4	14.071428	-103.7413	23.123783	-96.86034	-185.27786	196800	-0.22082682	20445.453	-0.00029459596	-71.66406	2.0530834	-0.00022279899	185.12242698669434
328	-460.36838	395.57864	-22.893124	-886.4	14.974359	-102.702705	22.369152	-96.3836	-185.214	197400	-0.19709338	16696.45	-0.00021290779	-128.625	2.0082011	-5.370339e-05	185.65692257881165
329	-417.85413	400.16605	-25.964657	-886.4	15.789474	-106.364624	21.961643	-100.32116	-189.36111	198000	-0.17073588	14768.627	-0.00019918382	-35.426758	1.9953533	-7.224252e-05	186.17811608314514
330	-334.67328	381.654	-27.87366	-886.4	18.774193	-104.02423	20.533567	-98.65749	-188.02757	198600	-0.111398846	10284.073	-0.00020559132	-152.58301	1.9826294	1.8486182e-05	187.36621236801147
331	-264.47195	351.8468	-25.783669	-886.4	20.62069	-99.07707	19.663183	-94.41441	-184.07721	199200	-0.08851792	7966.79	-0.00024250895	-212.28027	1.9883142	-0.000111653804	187.91073036193848
332	-492.222	402.56503	-45.159218	-886.4	13.627907	-96.57457	23.92499	-89.391396	-179.3243	199800	-0.23532403	21322.188	-0.0002553016	-99.291016	1.9509035	-0.00012196168	188.4401912689209
333	-490.0536	406.5152	-27.348917	-886.4	13.604651	-98.9291	23.663927	-92.07143	-182.29585	200400	-0.207516	20203.46	-0.00027796626	-29.607422	1.9952632	-6.950021e-05	188.98481249809265
334	-489.1265	397.9832	-34.13559	-886.4	14.261905	-100.02449	23.447123	-93.29025	-183.88342	201000	-0.25594726	21359.594	-0.0003464222	-247.16797	2.0341268	3.8659473e-05	189.5124912261963
335	-262.66516	335.49792	-38.529568	-886.4	21.333334	-102.07242	19.478281	-97.46057	-188.2898	201600	-0.09610709	7325.8774	-0.00017733127	-20.922363	2.018869	9.212727e-05	190.04115748405457
336	-416.45575	400.5181	-30.298388	-886.4	15.789474	-102.5229	22.37086	-96.42746	-187.40132	202200	-0.17632462	15901.028	-0.00025238097	-21.301758	1.9864188	-5.215938e-05	190.53682613372803
337	-449.58218	401.71667	-29.43666	-886.4	14.948718	-101.838264	22.887783	-95.467674	-186.75499	202800	-0.18360865	18870.885	-0.00028912723	-65.37109	2.0634868	-6.354615e-05	190.99311757087708
338	-384.78986	393.56973	-23.882101	-886.4	17.029411	-102.04912	21.759481	-96.31109	-187.92863	203400	-0.18301022	14214.0	-0.00025838614	-129.51465	1.9918884	-6.3951265e-05	191.5559117794037
339	-302.5567	361.91843	-20.482557	-886.4	19.827587	-100.11855	20.16979	-95.31413	-187.23836	204000	-0.08773093	8632.593	-0.00021074712	-30.240234	2.0470657	-4.5606645e-05	192.17374110221863
340	-440.20996	402.62003	-20.238834	-886.4	15.263158	-100.544426	23.863216	-93.57327	-185.69641	204600	-0.16394728	16204.906	-0.00021748245	-77.703125	2.0113688	4.7350426e-05	193.36408972740173
341	-386.30634	395.21872	-27.372005	-886.4	17.147058	-99.33859	21.847834	-93.666565	-186.0775	205200	-0.17015381	13509.756	-0.00023506582	-11.69043	2.0873003	-0.00013077269	193.87257432937622
342	-273.25693	347.24924	-25.157473	-886.4	20.551723	-97.87257	20.538244	-92.853065	-185.54056	205800	-0.11566817	7652.615	-0.00018431246	-45.47754	2.0068917	-0.00011682987	194.3917179107666
343	-303.81216	359.21927	-34.548157	-886.4	20.137932	-95.43616	20.439121	-90.52971	-183.41078	206400	-0.115157545	9023.863	-0.0001558438	-4.267578	1.9985954	7.3343814e-05	194.91164779663086
344	-432.17816	397.61118	-27.244556	-886.4	15.945946	-96.41482	22.812805	-90.22479	-183.24915	207000	-0.18352513	15136.477	-0.0001821369	-62.11621	2.0195644	-6.9939592e-06	195.46643114089966
345	-364.8498	393.73645	-36.636547	-886.4	17.515152	-98.1562	21.667088	-92.701744	-185.93431	207600	-0.1804246	12623.836	-0.00021764636	-89.35449	2.0218956	2.8546056e-05	196.0852460861206
346	-398.91583	397.45074	-27.201738	-886.4	16.6	-96.495705	22.906292	-90.32599	-183.94638	208200	-0.16196316	16075.156	-0.00023628771	-32.05957	2.0017936	-5.521655e-05	196.71028637886047
347	-335.96857	371.6759	-34.784855	-886.4	18.4375	-95.887985	21.422249	-90.661644	-184.51892	208800	-0.11493042	9220.34	-0.00019811094	-11.493164	1.9151142	-7.646074e-05	197.2792615890503
348	-459.35098	405.7437	-28.73605	-886.4	14.6	-97.93785	23.764225	-91.40799	-185.42744	209400	-0.21206094	19912.227	-0.00031213462	-326.8203	1.9718999	-2.4259736e-05	197.79079937934875
349	-299.10916	363.52875	-31.646759	-886.4	19.758621	-98.32069	22.041264	-92.70387	-187.09674	210000	-0.07083784	8320.725	-0.0002117753	-118.66016	2.0082586	-8.8362445e-05	198.39754343032837
350	-390.09503	390.6132	-26.075865	-886.4	16.970589	-96.039154	22.813738	-90.00429	-184.68108	210600	-0.16778603	13913.948	-0.00026096404	-107.75488	2.0060039	-0.00011405821	199.62900924682617
351	-340.2295	367.94534	-22.24576	-886.4	18.40625	-97.09764	22.344551	-91.31221	-186.1979	211200	-0.0950278	12558.726	-0.00021783262	-73.8457	1.8462327	9.6298405e-05	200.1323902606964
352	-420.51465	406.04663	-23.444725	-886.4	15.648648	-101.11802	24.537342	-94.11537	-189.07346	211800	-0.16178787	15930.337	-0.00023561716	-152.82324	2.0912886	-6.8600224e-05	200.64565515518188
353	-353.12732	378.42645	-31.724089	-886.4	18.060606	-97.72144	22.492863	-91.76644	-187.14621	212400	-0.14014292	10918.23	-0.00031107664	-11.209961	1.9281372	-0.00023337881	201.1865153312683
354	-560.90814	394.01138	-32.86926	-886.4	11.538462	-101.596	27.49346	-92.26397	-187.877	213000	-0.30110672	29184.154	-0.00031492114	-356.41797	2.035051	1.4680624e-05	201.71944785118103
355	-425.53214	402.40335	-33.35898	-886.4	15.8918915	-105.0294	24.300327	-97.5929	-193.66089	213600	-0.23005351	16407.39	-0.00020867586	-41.539062	1.9743701	0.00021914403	202.25433659553528
356	-380.92392	389.43768	-29.977743	-886.4	17.085714	-103.54439	23.607878	-96.924385	-193.39673	214200	-0.17269765	12243.416	-0.00019185245	-75.37012	1.9618617	3.7059137e-05	202.78983569145203
357	-278.3539	353.0603	-31.145681	-886.4	20.571428	-101.03109	21.00909	-95.993454	-192.75008	214800	-0.12518594	8483.749	-0.00023983419	-71.319336	2.052611	-7.14083e-05	203.3139774799347
358	-334.15503	372.09656	-34.374767	-886.4	18.625	-98.90112	22.42115	-93.11989	-190.11221	215400	-0.13876808	10652.193	-0.0002747625	-13.316406	1.983668	-9.0049005e-05	203.8017463684082
359	-432.64346	406.89914	-22.44459	-886.4	15.315789	-99.28762	24.099222	-92.70916	-189.894	216000	-0.21804824	17724.113	-0.00028702617	-64.13086	2.0582793	2.6748578e-06	204.29769921302795
360	-366.9692	384.2343	-26.843317	-886.4	17.617647	-97.50161	23.088398	-91.46394	-189.06528	216600	-0.14890207	10932.975	-0.00016716123	-14.522461	2.011779	-5.795002e-05	205.37466096878052
361	-444.85556	396.29382	-23.19473	-886.4	15.263158	-98.77635	24.569016	-91.751755	-189.58449	217200	-0.23174451	17028.443	-0.00028969347	-252.18945	2.030177	-2.2333861e-05	205.8419439792633
362	-491.72784	404.43295	-26.977407	-886.4	13.906977	-103.50637	26.505077	-95.07278	-193.14389	217800	-0.26890683	24357.533	-0.00032299757	-88.82031	2.0627253	5.6776702e-05	206.3319947719574
363	-422.4787	404.63892	-25.047812	-886.4	15.7027025	-104.48848	24.354486	-97.7192	-196.1718	218400	-0.1814507	15970.125	-0.00027662516	-55.08203	2.1026802	9.386549e-05	206.80851221084595
364	-299.97318	363.06686	-25.134205	-886.4	19.896551	-101.16484	22.140667	-95.72344	-194.60857	219000	-0.11256772	8319.26	-0.00018979609	-80.75781	2.0790873	-0.0001630498	207.2529492378235
365	-313.39877	357.2466	-31.205097	-886.4	19.862068	-98.40498	22.167587	-92.77849	-191.92387	219600	-0.13289395	10442.19	-0.0002797991	-27.54004	2.0331957	-5.3996147e-05	207.7390296459198
366	-404.16867	396.23453	-29.255098	-886.4	16.685715	-100.82816	23.876413	-94.393486	-193.59009	220200	-0.18214586	15077.403	-0.00022509694	-26.615234	2.0277307	5.4033e-05	208.2215394973755
367	-294.45908	355.14844	-37.384457	-886.4	19.8	-100.74743	22.774586	-95.07769	-194.51364	220800	-0.15685868	10356.359	-0.0002888888	-49.914062	1.9149597	-9.384567e-05	208.734689950943
368	-348.55255	380.9371	-31.24503	-886.4	18.181818	-99.26445	22.72262	-93.775635	-193.45079	221400	-0.12556194	10166.035	-0.0002284944	-15.947266	1.9568669	-0.00021805991	209.2272379398346
369	-479.09384	407.09625	-30.264477	-886.4	13.952381	-99.692894	25.791023	-92.43761	-192.37926	222000	-0.25874496	20330.57	-0.00032684207	-26.259766	2.060807	-0.00012616198	209.7408254146576
370	-328.9105	385.16675	-28.803265	-886.4	18.64516	-98.645355	22.693552	-93.14584	-193.51024	222600	-0.12499716	9920.917	-0.00019868463	-186.0332	1.9568	-0.00016046116	211.04364943504333
371	-240.52232	318.3647	-21.152073	-886.4	22.307692	-93.296875	21.232792	-88.59887	-189.35838	223200	-0.06551885	7033.0073	-0.00029347837	-20.520508	2.0301633	0.00019507979	211.551819562912
372	-338.55804	379.25775	-35.35208	-886.4	18.580645	-93.95815	22.653444	-88.58017	-189.39877	223800	-0.13570203	10009.185	-0.00012734532	-3.8125	1.9926033	0.00010222445	212.07574796676636
373	-371.67432	391.466	-25.918224	-886.4	17.545454	-93.93596	23.353136	-88.21197	-189.21864	224400	-0.14583617	13227.553	-0.00025841594	-5.446289	2.0467658	0.00015852839	212.61699628829956
374	-286.1225	347.8328	-28.734077	-886.4	20.535715	-93.37911	21.712217	-88.48516	-189.72278	225000	-0.061658435	7166.3066	-0.00016333908	-3.171875	2.070122	7.705987e-06	213.14819931983948
375	-331.7229	375.37622	-21.785784	-886.4	18.375	-94.60945	23.103807	-89.03511	-190.37695	225600	-0.0880587	10095.974	-0.00021269917	-5.2773438	1.9341394	-2.8699189e-05	213.68280482292175
376	-407.38898	401.4231	-31.51215	-886.4	15.972222	-94.7262	24.42884	-88.46309	-190.01814	226200	-0.19207613	17263.746	-0.00031001866	-9.035156	2.0240011	-1.1067192e-05	214.2225022315979
377	-318.77905	365.28262	-29.57572	-886.4	19.32258	-93.65164	22.895693	-88.21676	-190.1129	226800	-0.11417159	9997.896	-0.00022150576	-14.956055	1.9834279	-2.4761459e-05	214.71663570404053
378	-387.68094	392.76807	-23.01734	-886.4	17.235294	-95.54166	23.914198	-89.58952	-191.62453	227400	-0.17012098	14022.7	-0.0002539605	-14.631836	2.0242856	-5.98679e-05	215.21227550506592
379	-329.47418	375.70267	-32.614594	-886.4	18.53125	-96.42852	23.316833	-90.80286	-193.07901	228000	-0.12859365	11408.175	-0.00025232136	-13.144531	1.924233	2.52525e-06	215.72802805900574
380	-372.1736	389.55905	-38.87855	-886.4	17.363636	-95.423096	23.707203	-89.61091	-192.15034	228600	-0.16896912	11205.401	-0.0001628846	-5.2958984	2.073279	1.954938e-05	217.0362424850464
381	-315.01617	366.72104	-24.121307	-886.4	19.32258	-94.966095	23.102093	-89.48051	-192.29683	229200	-0.09562964	9036.257	-0.00018513203	-4.475586	1.9244221	0.00010296201	217.5679829120636
382	-370.37317	391.54745	-26.786598	-886.4	17.666666	-94.714836	23.821236	-88.875336	-191.90735	229800	-0.17017855	12088.705	-0.0002489686	-7.9121094	1.9923202	1.4812598e-05	218.09940719604492
383	-369.7066	391.66782	-26.45965	-886.4	17.424242	-94.01419	23.890985	-88.15758	-191.49129	230400	-0.13625056	11573.866	-0.00020287931	-10.988281	1.9570211	-2.1543701e-05	218.62559723854065
384	-437.55295	404.51813	-21.895075	-886.4	15.368421	-93.85234	25.554064	-87.113266	-190.77132	231000	-0.18131304	15293.552	-0.00023984909	-19.310547	2.026385	-4.323537e-05	219.15495014190674
385	-368.3892	391.05026	-29.003153	-886.4	17.39394	-94.04696	24.056986	-88.14691	-192.2012	231600	-0.16589345	12181.418	-0.0002629161	-99.69238	1.9491191	-0.00014355818	219.67703461647034
386	-394.26245	389.97412	-22.234825	-886.4	17.235294	-93.40384	24.53351	-87.16621	-191.55487	232200	-0.14536923	14542.483	-0.00022883713	-162.03809	2.033572	-2.7704587e-05	220.20695042610168
387	-342.23056	385.40787	-20.748972	-886.4	18.060606	-98.159065	24.499498	-91.75377	-196.296	232800	-0.12992574	10508.304	-0.00022090971	-99.5166	1.9895077	2.6628077e-05	220.73592615127563
388	-320.11868	363.33395	-37.753002	-886.4	19.32258	-94.22356	23.84083	-88.28987	-193.21066	233400	-0.12888019	8806.61	-0.00018621981	-22.838867	2.019655	8.714398e-05	221.26200485229492
389	-373.42603	391.24454	-24.460875	-886.4	17.575758	-96.04227	24.418024	-89.86366	-194.90964	234000	-0.1527778	14945.653	-0.0002398938	-19.041992	2.0513213	-9.478107e-05	221.70060563087463
390	-410.91388	400.77206	-29.419489	-886.4	15.972222	-98.18671	25.725737	-91.16247	-196.44167	234600	-0.18849218	15266.91	-0.00023305416	-89.506836	1.9787604	-6.187956e-07	222.85369777679443
391	-517.7306	401.0455	-30.607393	-886.4	12.673913	-99.13052	28.487577	-90.656166	-196.35246	235200	-0.24797353	23161.44	-0.00028935075	-368.1621	2.0676005	2.0433465e-06	223.37150263786316
392	-343.51645	375.8138	-34.143517	-886.4	18.612904	-101.2999	24.253174	-95.171265	-201.3651	235800	-0.12543164	9719.1	-0.00022800267	-16.322266	2.0273695	-2.5673013e-05	223.88180804252625
393	-370.42624	389.3942	-28.055655	-886.4	17.454546	-101.42849	25.083687	-94.965996	-201.42216	236400	-0.18173021	12922.793	-0.00028318167	-96.93945	1.979692	-2.9823581e-05	224.40573692321777
394	-399.7921	402.832	-30.469212	-886.4	16.162163	-100.36155	26.156956	-93.36679	-200.16803	237000	-0.17065169	14408.212	-0.00027096272	-80.862305	1.9869097	-4.309843e-05	224.92864537239075
395	-354.49768	377.22034	-33.71793	-886.4	17.787878	-96.56013	25.16819	-89.92445	-197.19046	237600	-0.14577374	10411.809	-0.00024609268	-30.625	1.9038912	-3.3480526e-05	225.46194314956665
396	-233.33595	320.33365	-34.439392	-886.4	22.115385	-96.904724	22.786041	-91.40625	-198.8459	238200	-0.032511387	5987.8877	-0.0002605766	-123.97412	1.994386	-8.9138346e-05	225.99018907546997
397	-390.74033	405.08325	-22.554316	-886.4	16.571428	-95.135056	25.621529	-88.58337	-196.19427	238800	-0.16288108	13010.295	-0.00027500093	-127.94824	2.0154667	-0.00015163327	226.5252239704132
398	-380.24445	396.53815	-23.653309	-886.4	16.852942	-90.95981	25.662407	-84.473595	-192.54172	239400	-0.17591909	13364.472	-0.00026543438	-10.135742	1.9748503	-0.00027910544	227.06322312355042
399	-391.35864	401.31064	-29.176563	-886.4	16.542856	-90.37832	26.076128	-83.67233	-192.08464	240000	-0.2144694	15328.16	-0.00029578805	-16.006836	1.9844323	-7.146428e-05	227.5558660030365
400	-435.15408	406.66718	-26.907948	-886.4	15.157895	-89.82607	26.817005	-82.7529	-191.53487	240600	-0.17538221	15273.22	-0.0002603382	-16.106445	2.0587382	-9.382119e-05	228.6981246471405
401	-451.9744	402.8945	-29.626034	-886.4	14.897436	-91.08514	27.494757	-83.51318	-192.65753	241200	-0.20062216	15902.52	-0.0002335012	-92.84082	1.9311802	-0.00010089169	229.22376370429993
402	-344.72357	382.70847	-23.76145	-886.4	18.181818	-92.85866	24.94985	-86.83858	-196.27817	241800	-0.14147602	11558.489	-0.00023664534	-5.383789	2.0175552	7.315472e-05	229.77249932289124
403	-477.877	408.21396	-33.87694	-886.4	14.142858	-94.370674	28.291803	-86.49832	-196.19238	242400	-0.21488462	19499.846	-0.00030483305	-31.0	2.0696244	0.00011407624	230.35972380638123
404	-324.06805	379.81433	-23.259233	-886.4	18.5625	-93.911156	25.103653	-87.84752	-197.96608	243000	-0.1100302	9635.012	-0.00018975884	-70.49512	2.0022352	7.0372225e-06	230.94520449638367
405	-379.87488	390.4038	-21.995085	-886.4	17.057142	-91.3503	26.225601	-84.69483	-195.1429	243600	-0.14249606	12118.596	-0.00025931	-25.310547	1.9269466	1.7634531e-05	231.52595257759094
406	-326.88895	378.08423	-31.162966	-886.4	18.34375	-92.20515	25.22709	-86.1174	-196.77379	244200	-0.12184026	9601.418	-0.0002507493	-18.464844	2.00278	-0.000113974216	232.1038818359375
407	-245.40207	333.2299	-26.777714	-886.4	20.892857	-90.180626	24.164536	-84.63515	-195.54207	244800	-0.097652934	8047.058	-0.00022350252	-32.16455	1.940081	-3.1460324e-06	232.6757800579071
408	-380.16617	398.73486	-26.597834	-886.4	16.911764	-88.90384	26.037018	-82.40307	-193.50002	245400	-0.16915382	11729.531	-0.00022506714	-15.916016	1.9187878	2.3367504e-06	233.25837016105652
409	-379.78387	396.32468	-25.964941	-886.4	17.058823	-87.57685	26.108278	-81.04585	-192.46074	246000	-0.18264373	14791.813	-0.00026227534	-9.021484	2.0338223	-5.3345364e-05	233.84310173988342
410	-422.06598	396.97037	-29.06634	-886.4	15.710526	-88.92101	27.52977	-81.62589	-193.30693	246600	-0.17025106	14565.852	-0.00026714802	-134.9336	2.0519435	1.184245e-06	234.8720691204071
411	-319.40424	372.45056	-29.112137	-886.4	19.2	-91.93702	24.82204	-86.05332	-197.9364	247200	-0.11372144	9045.143	-0.00023371726	-7.6396484	2.0085027	-9.1047936e-05	235.30656909942627
412	-470.52692	416.30603	-21.203173	-886.4	13.952381	-93.65796	28.90876	-85.59428	-197.69287	247800	-0.20661227	18887.041	-0.00027137995	-66.28711	2.050026	-0.00015596459	235.81247520446777
413	-400.89517	397.05542	-34.21772	-886.4	16.6	-89.71402	26.828808	-82.85135	-195.53851	248400	-0.18129246	12510.902	-0.00027313828	-35.706055	2.074897	-9.5811236e-05	236.32404708862305
414	-422.0905	402.24814	-27.078415	-886.4	16.108109	-91.6001	27.509054	-84.438736	-197.39075	249000	-0.24145798	19459.256	-0.0003684461	-537.2285	2.0146244	-7.3884126e-05	236.8506543636322
415	-317.641	365.25455	-21.506071	-886.4	19.35484	-92.99744	25.588766	-86.80656	-200.0535	249600	-0.10595126	9120.7705	-0.00019363314	-41.310547	2.015533	8.447816e-06	237.37893056869507
416	-411.09973	401.57874	-26.362183	-886.4	16.13889	-95.352875	27.612566	-88.097206	-201.48941	250200	-0.18445076	14779.913	-0.00026030838	-11.321289	2.025602	7.992804e-05	237.8758192062378
417	-467.63086	398.95172	-52.063755	-886.4	14.675	-95.764275	28.687355	-87.99481	-201.69075	250800	-0.21586727	16213.81	-0.000309363	-153.20312	1.999252	-1.8919011e-06	238.37734055519104
418	-270.2305	348.54495	-21.279245	-886.4	20.51724	-98.25208	24.836115	-92.53752	-206.50386	251400	-0.08105431	7242.652	-0.00018671155	-83.2334	1.984104	-6.410892e-05	238.90512132644653
419	-245.33	334.0523	-28.42628	-886.4	21.107143	-94.900795	24.499037	-89.366356	-203.6061	252000	-0.09861341	7456.0117	-0.0002225861	-86.4209	2.0062182	-8.830885e-05	239.4183259010315
420	-448.26822	405.1651	-24.931532	-886.4	14.871795	-93.77547	29.013374	-85.81089	-200.30469	252600	-0.18009478	17758.283	-0.00029994547	-54.771484	1.9422396	-0.00020975173	240.6039969921112
421	-474.1305	410.72903	-25.801037	-886.4	14.023809	-95.55448	29.932442	-87.12945	-201.9606	253200	-0.25748828	21135.623	-0.00045838952	-27.351562	2.011479	-0.00030936173	241.12908363342285
422	-459.26773	407.12476	-21.625023	-886.4	14.425	-95.52232	29.098942	-87.62897	-202.96686	253800	-0.2133545	16837.383	-0.0003014356	-17.892578	1.982375	9.667824e-06	241.65877199172974
423	-371.4519	381.50714	-27.240984	-886.4	17.470589	-95.037926	27.129597	-88.284836	-204.03967	254400	-0.12343669	11149.023	-0.00020685792	-51.0166	1.9297655	3.8388072e-05	242.1924238204956
424	-310.33005	369.62558	-33.27629	-886.4	19.129032	-97.049805	26.04293	-90.86383	-206.76971	255000	-0.10133029	9008.514	-0.00025898218	-44.541992	2.0681367	-5.1500698e-05	242.68229722976685
425	-377.8408	392.38745	-20.046625	-886.4	16.971428	-95.51402	27.585377	-88.54061	-204.6995	255600	-0.135046	12556.377	-0.00032389164	-6.598633	1.9489888	-0.000152195	243.17941522598267
426	-282.9466	348.92722	-38.531055	-886.4	20.5	-93.57887	24.969687	-87.93688	-204.37491	256200	-0.1115345	6484.921	-0.00022861362	-2.7797852	1.9379137	-5.0250837e-05	243.67763328552246
427	-363.53058	380.08163	-33.688957	-886.4	18.15625	-93.79499	26.577238	-87.382965	-203.96019	256800	-0.15555683	11042.326	-0.00023522973	-60.05078	1.9915296	0.00030012493	244.2058081626892
428	-361.6515	380.87402	-28.48652	-886.4	18.03125	-96.65548	26.59811	-90.238716	-206.9072	257400	-0.15044919	10212.898	-0.00019389391	-17.019531	1.9715205	0.00011996582	244.73008370399475
429	-354.34143	385.9959	-24.354605	-886.4	17.9375	-98.21733	26.63452	-91.7865	-208.61937	258000	-0.1280396	10327.66	-0.0002824813	-26.473633	2.0602024	-7.950982e-05	245.23055171966553
430	-228.60208	319.94217	-20.734167	-886.4	22.076923	-95.255615	24.284225	-89.9839	-207.12717	258600	-0.12862638	7104.736	-0.0004386902	-73.819336	2.0343397	4.3497683e-05	246.46326327323914
431	-227.24304	315.71564	-31.748098	-886.4	21.925926	-92.060616	24.752184	-86.58421	-203.93547	259200	-0.07933753	5708.976	-0.00024043769	-26.84961	2.004111	1.4377237e-05	246.99141144752502
432	-326.54004	378.627	-22.680452	-886.4	18.4375	-90.90416	26.782896	-84.43687	-201.92116	259800	-0.102949195	9832.231	-0.00027858466	-18.644531	1.9332181	-0.000110514906	247.5314223766327
433	-319.76562	380.89294	-28.71078	-886.4	18.75	-89.26223	26.832533	-82.788704	-200.53912	260400	-0.16105713	11297.941	-0.0002616942	-56.677734	2.0219238	-6.905685e-05	248.10792326927185
434	-459.84015	406.82373	-26.675913	-886.4	14.725	-88.055244	29.803612	-79.982895	-198.10341	261000	-0.20344129	17264.986	-0.00026029348	-75.09961	1.9874144	-0.00015937636	248.69360756874084
435	-360.8951	389.1785	-30.273172	-886.4	17.5	-89.69578	27.766983	-82.772224	-201.25554	261600	-0.14516795	11356.603	-0.00025607646	-5.885742	1.9904218	-6.88528e-05	249.27397298812866
436	-241.10072	335.62964	-25.241236	-886.4	21.321428	-89.107475	25.884537	-83.16878	-201.95377	262200	-0.07429392	8068.149	-0.00029054284	-63.43994	2.0630767	-0.00030312032	249.85573482513428
437	-530.8908	397.2153	-24.999882	-886.4	12.6595745	-89.65967	32.289036	-80.13005	-199.15636	262800	-0.23993179	23909.154	-0.00032313168	-451.5957	2.0715218	0.00013158839	250.43560528755188
438	-393.88684	394.00452	-38.21651	-886.4	16.527779	-94.16345	28.699602	-86.80174	-206.11417	263400	-0.121244885	12797.487	-0.00028141588	-16.064453	1.9797485	2.2861113e-05	251.01929450035095
439	-349.26822	378.6059	-37.74814	-886.4	17.939394	-95.01598	28.034306	-88.03434	-207.65277	264000	-0.16712292	11488.602	-0.00030520558	-9.729492	2.021099	9.632905e-05	251.498304605484
440	-382.08078	383.16544	-27.285442	-886.4	17.60606	-95.560745	27.7091	-88.76573	-208.61562	264600	-0.155888	11876.725	-0.00027793646	-68.96289	2.0515707	1.0834038e-05	252.5941240787506
441	-149.30121	225.24414	-31.242292	-886.4	24.458334	-96.56915	24.415392	-91.36954	-211.32889	265200	-0.026212057	3713.1467	-0.00027492456	-43.736816	1.9100108	-3.1948089e-06	253.0870876312256
442	-401.20496	397.05472	-22.615831	-886.4	16.714285	-96.92101	28.669844	-89.57987	-209.62753	265800	-0.21438828	16672.748	-0.00034041703	-100.75195	2.0119967	-0.00014115561	253.62269806861877
443	-342.25638	385.34976	-24.354622	-886.4	18.181818	-97.03514	27.435013	-90.40913	-210.75392	266400	-0.14389805	10145.101	-0.00023932755	-57.62207	2.0117393	-0.0002715248	254.1467900276184
444	-402.65762	399.05576	-26.204878	-886.4	16.216217	-95.728584	29.416204	-88.06899	-208.87132	267000	-0.20326485	15367.116	-0.00029163063	-10.646484	2.0108273	-0.00010248671	254.67463493347168
445	-405.90225	393.86563	-28.211163	-886.4	16.742857	-95.29148	28.780237	-88.00669	-209.20358	267600	-0.19132167	13285.111	-0.00039587915	-40.46289	2.0289965	-1.5057922e-05	255.20340275764465
446	-357.77353	391.21143	-28.417812	-886.4	17.558823	-96.98758	28.460926	-89.89589	-211.33734	268200	-0.14595252	11223.472	-0.0002619177	-56.828125	1.8873374	0.00030601452	255.7257378101349
447	-212.06622	322.19144	-28.05908	-886.4	21.925926	-93.274666	25.703947	-87.5747	-209.44934	268800	-0.06062973	6019.471	-0.00020810589	-257.08887	1.9693618	-9.455681e-05	256.25605940818787
448	-412.5584	401.06128	-23.587738	-886.4	15.861111	-89.876564	29.41407	-82.333786	-204.6147	269400	-0.16484895	13061.051	-0.00026254356	-9.735352	2.0371504	-3.3695895e-05	256.78735876083374
449	-239.04323	319.39114	-31.635784	-886.4	22.153847	-88.049515	25.416298	-82.53029	-205.13606	270000	-0.10897534	7334.8384	-0.00024246424	-10.234863	2.0448034	-0.00012024502	257.22096729278564
450	-371.51675	388.74756	-25.111275	-886.4	17.636364	-90.53031	28.34645	-83.57934	-206.18588	270600	-0.15713005	11808.737	-0.00029991567	-180.0166	2.0628276	4.1748186e-05	258.4508173465729
451	-419.12256	408.50546	-24.253187	-886.4	15.675675	-92.74337	30.198853	-84.61168	-207.41455	271200	-0.17445464	14361.125	-0.0002808571	-37.171875	2.0106645	-2.1601418e-05	258.9714059829712
452	-333.39377	382.76514	-21.918056	-886.4	18.612904	-90.33388	28.054775	-83.196976	-206.4889	271800	-0.11498079	9787.215	-0.0002764538	-31.018555	2.0223625	0.00025917988	259.4756441116333
453	-371.02594	396.8616	-27.807348	-886.4	17.028572	-89.227196	29.35067	-81.79562	-205.396	272400	-0.13927351	11835.056	-0.0002513379	-19.549805	2.0329492	-3.8568574e-05	259.99406838417053
454	-378.16248	386.58035	-18.914232	-886.4	17.787878	-87.68564	28.751923	-80.46468	-204.4331	273000	-0.20201612	15741.295	-0.00030769408	-291.5918	2.0656354	0.0001330402	260.5489423274994
455	-176.40808	270.18484	-22.580877	-886.4	24.083334	-90.76834	26.942703	-84.41043	-208.42049	273600	-0.042949498	4239.2324	-0.00022565946	-156.77539	2.0258174	0.00015611459	261.1042675971985
456	-387.21167	392.05698	-37.534077	-886.4	17.147058	-90.48764	29.565748	-82.90149	-207.01465	274200	-0.16735557	14404.335	-0.00029055774	-49.756836	2.071954	-7.923037e-05	261.65674018859863
457	-306.5601	372.30222	-27.25352	-886.4	19.35484	-91.21509	27.509296	-84.79112	-209.07155	274800	-0.110038124	9324.606	-0.00024180114	-31.110352	1.9964294	-4.0185252e-05	262.2153148651123
458	-325.9756	379.04016	-21.698118	-886.4	18.75	-89.78521	27.994719	-83.13119	-207.7279	275400	-0.13115197	9800.321	-0.00033260882	-14.174805	2.0199301	-0.00024967646	262.77956080436707
459	-334.63812	390.85605	-26.034384	-886.4	18.0	-88.98521	28.87574	-81.904	-206.79999	276000	-0.11844048	10593.833	-0.00022444129	-93.788086	2.020776	-3.5595298e-05	263.20153975486755
460	-294.48682	359.12415	-20.53534	-886.4	19.866667	-85.34677	28.02288	-78.698654	-204.04791	276600	-0.07552976	8927.617	-0.00032377988	-9.771484	1.9836727	0.0001406011	264.4641993045807
461	-234.718	318.0193	-26.160582	-886.4	22.23077	-85.00086	26.006285	-79.349884	-204.80502	277200	-0.09958438	7024.2485	-0.00027540326	-122.96875	1.9803593	-2.6089301e-05	264.96930956840515
462	-407.4702	406.07672	-26.114212	-886.4	16.13889	-88.46204	30.439331	-80.31077	-205.75204	277800	-0.20212641	14355.53	-0.00027640164	-59.06836	2.0055783	-8.727193e-05	265.48705887794495
463	-202.37875	294.29498	-23.863573	-886.4	22.961538	-85.696304	26.082747	-80.02245	-205.84723	278400	-0.07465954	5596.0664	-0.00019728392	-0.46728516	1.9990546	2.9595394e-05	266.0179274082184
464	-307.6835	370.84207	-28.615774	-886.4	19.225807	-86.523766	28.282263	-79.80316	-205.67688	279000	-0.10572845	8416.319	-0.00024364889	-8.413086	2.060746	-0.00021516223	266.5456428527832
465	-404.4108	408.00305	-22.115429	-886.4	16.055555	-86.64459	30.330568	-78.861176	-204.95615	279600	-0.18687443	13537.838	-0.00026540458	-24.234375	1.997028	-0.00011529436	267.0777552127838
466	-340.2356	387.34317	-27.82666	-886.4	18.060606	-84.5915	29.261612	-77.40982	-203.9794	280200	-0.13340917	10646.665	-0.00023011863	-7.895508	2.0088904	4.776627e-05	267.6024820804596
467	-426.2828	402.8701	-21.699038	-886.4	15.7027025	-84.66468	30.903456	-76.62871	-203.51035	280800	-0.1715997	14705.243	-0.00027148426	-69.02832	2.0952656	5.5730343e-06	268.13322949409485
468	-425.15656	404.34164	-26.497929	-886.4	15.648648	-87.44406	30.97011	-79.38785	-206.54578	281400	-0.15627289	15505.023	-0.0003283322	-43.398438	2.072827	-8.325507e-05	268.68020153045654
469	-337.726	379.6164	-23.593973	-886.4	18.741936	-88.39686	28.643353	-81.589874	-209.07256	282000	-0.12441225	9362.083	-0.00030062348	-4.0341797	2.0400257	-0.0001403812	269.141480922699
470	-273.97076	352.82104	-24.866802	-886.4	20.535715	-88.213234	27.38816	-82.035645	-209.74217	282600	-0.12743202	7958.171	-0.00038935244	-293.4336	1.997507	-0.00020874938	270.4049050807953
471	-472.00613	414.99756	-20.813908	-886.4	13.976191	-90.35284	33.92065	-80.46779	-208.394	283200	-0.2199127	18420.967	-0.00033842027	-109.14258	2.0731335	-0.00013143594	270.9027557373047
472	-342.82242	378.42795	-25.5492	-886.4	18.483871	-86.29848	28.897034	-79.3836	-207.91496	283800	-0.16799463	12368.327	-0.0002732575	-80.09863	2.0026002	-3.7114323e-06	271.42286109924316
473	-374.15973	386.7365	-27.858746	-886.4	17.60606	-90.06841	30.144129	-82.552246	-211.19006	284400	-0.18619834	12549.715	-0.0002604574	-55.598633	2.0326195	7.520512e-05	271.96051716804504
474	-343.74945	383.29462	-26.157244	-886.4	18.09091	-92.89598	30.178493	-85.353516	-214.15117	285000	-0.15252848	12181.068	-0.00032305717	-8.624023	1.9169515	-5.0675768e-05	272.49756479263306
475	-414.90613	399.6717	-31.034784	-886.4	16.13889	-92.84642	31.056866	-84.844925	-213.93196	285600	-0.17925388	13636.342	-0.00032912195	-26.707031	2.087177	-4.8638532e-05	273.0536398887634
476	-423.37195	403.98093	-34.327896	-886.4	15.783784	-94.674706	31.753662	-86.302605	-215.69778	286200	-0.20716228	15267.313	-0.0002988875	-43.865234	2.0393076	5.0845247e-05	273.6099925041199
477	-418.04147	396.8595	-40.826023	-886.4	16.027779	-94.51371	31.223438	-86.50726	-216.30994	286800	-0.18849945	13210.395	-0.00029307604	-47.331055	1.9606076	-1.3575852e-05	274.15959334373474
478	-343.39505	385.0921	-22.27785	-886.4	18.0	-96.28745	30.074356	-88.91549	-218.99326	287400	-0.14595704	10572.785	-0.0003079921	-40.808594	1.9934039	-8.405944e-06	274.61938190460205
479	-324.62943	369.63177	-29.596882	-886.4	19.2	-93.37915	28.872175	-86.639046	-217.07489	288000	-0.145639	9306.29	-0.00029599667	-5.834961	2.0907502	-2.3019513e-05	275.0803828239441
480	-275.3211	369.25073	-25.020319	-886.4	19.866667	-94.056335	28.90457	-87.30959	-217.89088	288600	-0.1142197	8841.731	-0.00027021766	-355.61035	2.0197253	-7.477204e-05	276.35696363449097
481	-359.11395	382.4466	-37.271152	-886.4	18.03125	-87.86167	29.883959	-80.65213	-211.73354	289200	-0.13655224	9867.715	-0.0002669394	-28.081055	2.0659118	-2.9799045e-05	276.8765013217926
482	-267.18378	350.44852	-24.258854	-886.4	20.689655	-88.38359	28.141863	-82.04054	-213.25755	289800	-0.07157658	7216.8364	-0.00029503554	-28.42871	2.0793855	-9.696409e-05	277.41185188293457
483	-349.2078	381.2804	-21.10743	-886.4	18.181818	-87.588715	29.964655	-80.35926	-211.79507	290400	-0.15605557	10630.705	-0.00033153594	-23.076172	2.0312388	0.00013474147	277.94062542915344
484	-324.1311	379.65414	-26.141735	-886.4	18.6875	-89.006004	29.996784	-81.76932	-213.34554	291000	-0.13898684	9134.164	-0.00029169023	-19.538086	2.020529	-0.0001799341	278.468230009079
485	-342.13165	377.4704	-24.164524	-886.4	18.612904	-87.45527	29.631065	-80.42164	-212.29317	291600	-0.13836716	10275.913	-0.00033438206	-36.356445	2.029017	-5.0629278e-05	279.0001976490021
486	-337.024	389.18958	-26.209627	-886.4	18.060606	-89.828995	30.510365	-82.350586	-214.31374	292200	-0.13217184	10357.969	-0.0003090799	-65.25098	2.0024931	2.007862e-05	279.52852511405945
487	-382.794	397.34332	-24.975313	-886.4	16.911764	-87.4559	31.024353	-79.732704	-212.10606	292800	-0.1426048	11976.949	-0.00041428208	-5.861328	1.9949344	-8.085122e-05	280.0520598888397
488	-411.3104	404.56094	-29.479033	-886.4	15.789474	-88.07957	32.318695	-79.674255	-212.36781	293400	-0.21801066	14714.66	-0.0003273487	-11.5234375	1.9981277	-6.704827e-05	280.5080895423889
489	-293.51813	367.0784	-20.685366	-886.4	19.862068	-86.539375	29.007532	-79.881485	-212.98016	294000	-0.09172726	8053.4976	-0.00030320138	-24.766113	1.9560648	0.00014804676	280.99368166923523
490	-381.6976	398.04178	-26.278444	-886.4	17.058823	-85.926956	31.256735	-78.14534	-211.51074	294600	-0.1685822	11838.813	-0.00026784837	-5.765625	2.053971	4.206002e-06	282.2732915878296
491	-391.31656	390.58743	-37.601276	-886.4	17.0	-85.980194	31.327272	-78.182175	-211.84741	295200	-0.14263952	11734.287	-0.00036597252	-100.45996	2.023938	0.00011365339	282.78478598594666
492	-397.9861	399.88397	-25.599033	-886.4	16.6	-89.718124	31.772314	-81.68847	-215.4765	295800	-0.16365887	12793.001	-0.0003285557	-11.6015625	2.0998113	5.804012e-05	283.3035976886749
493	-269.3078	349.54684	-18.432867	-886.4	20.48276	-89.305885	29.22554	-82.60095	-216.69705	296400	-0.05058534	7434.3633	-0.00047365576	-22.051758	1.9676551	-0.00024054636	283.82119274139404
494	-309.05838	369.8831	-28.611364	-886.4	19.129032	-88.098175	30.180496	-80.93278	-215.2508	297000	-0.12946463	8225.261	-0.00033441186	-6.0976562	2.0547216	-0.00023491541	284.3901906013489
495	-315.3581	375.41348	-21.778646	-886.4	19.333334	-86.99815	29.779364	-80.045204	-214.58044	297600	-0.13295515	9290.006	-0.00026610494	-5.7558594	2.0325208	-5.3229134e-05	284.972464799881
496	-317.7079	365.52985	-34.838524	-886.4	19.35484	-86.21764	29.830368	-79.25375	-214.0185	298200	-0.14250588	9300.24	-0.00033046305	-53.541016	2.0280783	7.468626e-05	285.55248832702637
497	-369.02475	392.5437	-33.957394	-886.4	17.424242	-89.57071	31.165405	-81.930275	-216.728	298800	-0.17784348	11608.092	-0.00031928718	-5.776367	2.009614	-0.00012656828	286.1315948963165
498	-277.70697	365.3655	-24.94659	-886.4	19.9	-89.61548	30.281597	-82.42517	-217.49895	299400	-0.1339837	9741.475	-0.00024858117	-163.39355	1.9852597	2.2493403e-05	286.5414628982544
499	-390.2268	390.6277	-37.22682	-886.4	17.117647	-85.93385	31.763731	-78.02357	-213.5541	300000	-0.22742258	13861.801	-0.00031782687	-121.74121	2.0854905	1.5537937e-06	287.8275980949402
