Epoch	AverageEpRet	StdEpRet	MaxEpRet	MinEpRet	EpLen	AverageVVals	StdVVals	MaxVVals	MinVVals	TotalEnvInteracts	LossPi	LossV	DeltaLossPi	DeltaLossV	KL	BacktrackIters	Time
0	-804.3583	64.6278	-619.7779	-879.7447	11.384615	0.5572854	0.27343825	1.60155	-0.11601037	600	1.0808309e-07	539866.06	-0.017285137	-7456.3125	0.003093407	3.0	0.6856329441070557
1	-819.74634	52.473724	-672.72565	-881.5144	15.486486	-4.6437182	1.1100428	-0.6492864	-5.770231	1200	4.9273172e-08	579681.25	-0.020760044	-5223.3125	0.0037023178	0.0	1.0624144077301025
2	-778.6353	66.99567	-651.71576	-866.3663	15.384615	-8.217618	1.7866545	-1.5005156	-8.832144	1800	3.0775865e-07	524096.22	-0.03844266	-4125.2188	0.006694266	0.0	1.440016508102417
3	-775.1606	76.707	-614.1818	-884.9307	14.425	-11.004303	2.220073	-2.850316	-11.678266	2400	2.3841858e-07	468946.25	-0.0337492	-3435.5938	0.008053741	0.0	1.8200130462646484
4	-757.7322	107.473595	-474.91873	-877.5531	19.096775	-13.723861	2.1530252	-4.66205	-14.248179	3000	-7.78834e-08	442706.53	-0.02713532	-3322.5312	0.009167424	0.0	2.1884260177612305
5	-757.1813	81.657616	-621.4745	-856.83264	19.225807	-16.265532	2.2860346	-6.637865	-16.816227	3600	5.0465268e-08	465342.2	-0.024557808	-3576.6562	0.007915467	0.0	2.5600509643554688
6	-748.2251	112.2376	-456.68176	-876.7019	19.032259	-18.915348	2.353403	-9.000591	-19.476227	4200	-1.2119611e-07	402522.8	-0.025102982	-3131.875	0.008716474	0.0	2.954969644546509
7	-778.8168	95.922966	-568.0258	-879.8972	15.578947	-21.299873	2.5661578	-11.567996	-21.981655	4800	-9.536743e-09	433974.72	-0.029223932	-3411.8125	0.008253102	0.0	3.344945192337036
8	-739.721	116.50698	-366.1276	-879.4741	19.161291	-24.029512	2.2260711	-14.660571	-24.568644	5400	-1.6450882e-07	401881.6	-0.028376676	-3197.0938	0.008235484	0.0	3.749081611633301
9	-674.5985	114.912254	-476.70776	-841.5292	27.619047	-26.75615	1.7994591	-17.53285	-27.108818	6000	-8.34465e-08	361882.03	-0.030649312	-2837.2188	0.008052112	0.0	4.105810642242432
10	-679.8002	131.98567	-455.3622	-860.8478	25.26087	-29.15579	1.8706676	-19.99165	-29.53909	6600	3.576279e-08	332926.78	-0.027255002	-2653.4062	0.0077936067	0.0	4.600537538528442
11	-678.602	158.7581	-224.07915	-864.1639	22.153847	-31.462135	1.943643	-22.538847	-31.898558	7200	1.3868014e-07	307123.3	-0.03202945	-2448.1562	0.00611417	0.0	4.94243311882019
12	-621.5992	191.068	-234.20871	-882.3443	23.625	-33.799328	1.7906963	-25.21195	-34.175083	7800	-4.4107438e-08	253183.25	-0.026636805	-1972.5	0.007172785	0.0	5.266497611999512
13	-536.29144	163.12505	-252.55511	-858.5865	31.052631	-35.96501	1.5451013	-27.644709	-36.253902	8400	4.2120615e-08	236129.06	-0.029839559	-1938.6562	0.007495276	0.0	5.626531362533569
14	-643.07355	195.24698	-348.2241	-870.9623	20.178572	-37.927235	1.8172923	-29.86344	-38.337696	9000	-1.569589e-07	220398.03	-0.026948137	-1812.2656	0.006912238	0.0	5.954882621765137
15	-580.592	145.99289	-370.39642	-877.82465	29.842106	-40.096096	1.4256626	-32.418743	-40.361603	9600	-1.6649564e-07	240751.86	-0.03145931	-2045.2969	0.0074575534	0.0	6.311169624328613
16	-613.49695	182.5564	-263.9722	-864.2753	22.8	-42.20353	1.57336	-34.81132	-42.540756	10200	1.3589859e-07	206425.9	-0.03146337	-1815.2188	0.0072322264	0.0	6.742907285690308
17	-623.79504	223.29062	-231.1568	-879.464	18.25	-44.216095	1.6690897	-37.29778	-44.620663	10800	-3.4968057e-08	162600.08	-0.038009495	-1485.7969	0.006197337	0.0	7.106644153594971
18	-562.3632	220.16115	-285.36697	-863.5374	23.0	-46.220978	1.3666025	-39.799957	-46.512794	11400	0.0	164353.4	-0.023551099	-1445.4844	0.0058273547	0.0	7.469721794128418
19	-536.91364	230.50226	-147.7195	-864.62823	22.846153	-48.12228	1.3192275	-42.04512	-48.40983	12000	1.0887782e-07	150279.1	-0.033346787	-1365.9844	0.0078982385	0.0	7.838140249252319
20	-604.06805	259.0478	-153.81471	-884.8884	16.885714	-49.917625	1.438372	-44.22447	-50.282013	12600	9.775162e-08	130990.84	-0.038057514	-1211.8203	0.006513211	0.0	8.412375450134277
21	-417.79248	239.91626	-185.77696	-874.5974	24.333334	-51.82234	1.1072274	-46.51236	-52.05399	13200	-1.11262e-08	74963.6	-0.037617184	-722.85156	0.0080864495	0.0	8.765357732772827
22	-493.71048	272.4552	-142.44089	-883.9482	20.344828	-53.21151	1.1630346	-48.142025	-53.478935	13800	1.0172526e-07	84217.11	-0.038019963	-786.6406	0.0072768372	0.0	9.134168148040771
23	-442.25308	262.96866	-143.13809	-883.3554	22.5	-54.727306	1.0496157	-49.892044	-54.955788	14400	1.2318293e-08	67780.63	-0.024810225	-673.1172	0.008142096	0.0	9.516744613647461
24	-369.86996	237.49706	-127.43551	-873.7869	25.0	-56.165813	0.95167464	-51.5036	-56.36041	15000	6.357829e-09	60630.547	-0.03255475	-615.21875	0.009455158	0.0	9.890350580215454
25	-391.5334	303.18588	-72.800125	-874.4292	20.714285	-57.48327	1.0335363	-53.000446	-57.727444	15600	1.5894573e-08	40437.09	-0.029219091	-337.125	0.008735944	0.0	10.233768701553345
26	-368.10336	297.83493	-57.789852	-873.8763	21.407408	-58.556034	0.95547384	-54.237514	-58.76791	16200	-2.1457673e-08	34022.0	-0.03126831	-285.33984	0.0080092	0.0	10.607808113098145
27	-328.23633	306.51053	-39.090046	-874.05786	20.928572	-59.511074	0.9455918	-55.37585	-59.729557	16800	1.5099843e-08	23456.768	-0.033757772	-165.1875	0.007797512	0.0	10.966571569442749
28	-352.49942	316.9811	-52.59187	-877.69745	20.137932	-60.27401	0.9132711	-56.293194	-60.48409	17400	8.106232e-08	24923.46	-0.034794845	-180.4082	0.0072962767	0.0	11.339646339416504
29	-245.17683	269.73544	-31.451797	-857.28375	22.96	-61.095028	0.81742996	-57.25506	-61.270195	18000	-1.4305114e-08	14339.2	-0.029361837	-90.18555	0.008175308	0.0	11.69635272026062
30	-206.84442	249.57875	-34.73261	-876.69556	23.52	-61.651432	0.86357814	-57.85226	-61.85709	18600	-2.8610229e-08	10004.643	-0.02910079	-60.02246	0.008204302	0.0	12.196216344833374
31	-179.78181	251.14665	-37.68503	-871.63025	23.076923	-62.00033	1.0776309	-58.303207	-62.337376	19200	8.742014e-09	6914.193	-0.030140854	-22.156738	0.0075602713	0.0	12.68201994895935
32	-83.971405	50.661934	-27.178696	-234.88997	26.045454	-62.3037	1.0664482	-58.56471	-62.640675	19800	2.125899e-08	3091.3928	-0.032394312	-9.413574	0.008768042	0.0	13.09084677696228
33	-163.71239	250.80495	-28.49947	-854.22253	22.653847	-62.354973	1.2683406	-58.776608	-62.841633	20400	-2.3047129e-08	5784.737	-0.03098527	-6.67334	0.006604315	0.0	13.470800161361694
34	-122.04099	213.54514	-29.584002	-848.41736	23.04	-62.39733	1.3948972	-58.9245	-62.999447	21000	-4.7683715e-09	2539.94	-0.030521316	-0.2932129	0.003224695	0.0	13.859097003936768
35	-98.84824	163.13351	-20.62756	-867.7008	24.333334	-62.511314	1.2778981	-58.9355	-63.013268	21600	-1.11262e-08	2044.0404	-0.031309333	-0.52038574	0.004257619	0.0	14.349206447601318
36	-58.769733	22.154997	-25.879261	-115.90559	24.75	-62.395653	1.4382497	-58.972534	-63.05215	22200	1.6887983e-08	502.05624	-0.028850699	-5.4282227	0.009094767	0.0	14.732229232788086
37	-126.84815	220.60773	-22.131828	-870.94745	23.88	-61.462837	1.9328231	-58.952827	-63.03025	22800	-1.4305114e-08	4263.3604	-0.031889524	-10.189941	0.006053027	0.0	15.11575698852539
38	-74.9466	27.655682	-28.975069	-126.85063	24.958334	-61.729305	1.8625093	-58.993645	-63.07518	23400	4.172325e-08	948.8723	-0.016970174	-36.927917	0.008535561	0.0	15.501322746276855
39	-92.32349	163.70297	-25.55014	-864.26697	24.583334	-63.049778	0.71500677	-59.62079	-63.19941	24000	0.0	2058.1375	-0.028722506	-0.08959961	0.007007446	0.0	15.88116455078125
40	-74.245544	33.701893	-34.969776	-184.59694	25.26087	-63.050858	0.69642913	-59.639084	-63.19322	24600	4.7286353e-08	1310.862	-0.028815353	-2.81604	0.006574886	1.0	16.439083099365234
41	-66.00809	29.785686	-25.52322	-137.08582	25.043478	-63.171352	0.69515467	-59.76583	-63.31349	25200	6.357829e-09	871.0787	-0.020041794	-0.2477417	0.0045181187	2.0	16.820805311203003
42	-88.03249	161.7917	-22.123346	-853.8752	24.0	-63.21099	0.70819455	-59.814648	-63.358963	25800	1.7484028e-08	1812.265	-0.031729475	-1.060669	0.004933277	0.0	17.46519136428833
43	-58.668297	26.881903	-27.202534	-110.802414	25.304348	-63.14374	0.6892915	-59.766937	-63.28471	26400	3.5762786e-09	725.78613	-0.024583293	-0.5307007	0.008729876	0.0	17.970978498458862
44	-55.7385	21.588026	-21.449333	-92.08671	25.130434	-63.082336	0.68821734	-59.7108	-63.223106	27000	-3.1789145e-09	500.83823	-0.02196596	-1.3137512	0.007317732	1.0	18.312979221343994
45	-60.601685	27.040754	-31.683346	-115.01036	24.791666	-62.982746	0.7013935	-59.619007	-63.12927	27600	1.7086665e-08	725.3393	-0.027647639	-0.2659912	0.009472676	0.0	18.67356014251709
46	-47.90359	19.207693	-24.49861	-114.425186	24.956522	-62.94122	0.68719476	-59.574696	-63.081776	28200	2.8212865e-08	574.57324	-0.023668444	-5.746338	0.008719601	0.0	19.070221662521362
47	-78.62937	148.84714	-19.169436	-786.3975	24.541666	-62.73593	0.7005038	-59.376472	-62.882378	28800	1.3510387e-08	4100.2617	-0.018173952	-3.130371	0.0072451653	2.0	19.477912187576294
48	-53.667503	20.815552	-22.577007	-117.456	25.130434	-62.58218	0.6818915	-59.24161	-62.72152	29400	9.536743e-09	502.91183	-0.024549311	-2.437622	0.008377275	0.0	20.131672143936157
49	-79.719505	163.35712	-19.324553	-857.35944	24.166666	-62.43379	0.6942854	-59.10413	-62.578785	30000	5.4041546e-08	1725.28	-0.028092245	-6.9799805	0.005917274	0.0	20.808783531188965
50	-50.853203	13.504354	-29.857378	-85.45666	25.130434	-62.2022	0.6743871	-58.898403	-62.340134	30600	-5.5233638e-08	301.25125	-0.016596911	-4.2854614	0.008676857	0.0	21.701781034469604
51	-49.680058	20.894539	-27.85993	-116.637924	25.391304	-62.002956	0.6732384	-58.704803	-62.140656	31200	2.1656355e-08	575.09467	-0.029259298	-5.392273	0.0088920025	0.0	22.33290982246399
52	-80.53375	168.53947	-21.3923	-883.82275	24.125	-61.774864	0.6860949	-58.48448	-61.918114	31800	-2.7020773e-08	1742.2833	-0.029204814	-7.820923	0.00452747	0.0	22.721742630004883
53	-45.451973	10.910981	-22.057821	-70.379715	25.347826	-61.509804	0.6653887	-58.250088	-61.645798	32400	-1.5894573e-08	368.0988	-0.02128456	-9.577026	0.009508428	0.0	23.138396739959717
54	-43.78358	10.613882	-23.633419	-63.736317	25.434782	-61.20061	0.66411376	-57.947155	-61.33638	33000	4.3710074e-08	404.6438	-0.01893655	-11.685699	0.008988843	0.0	23.63458561897278
55	-50.57539	17.21748	-21.866808	-96.66145	24.958334	-60.84656	0.6768708	-57.600403	-60.987785	33600	0.0	405.04303	-0.020092117	-4.8867493	0.007857337	0.0	24.270846366882324
56	-48.493534	17.609	-22.654398	-85.98719	25.434782	-60.61329	0.66317743	-57.364407	-60.74888	34200	-2.7418137e-08	446.9367	-0.014426544	-6.0546265	0.009141304	0.0	24.947633028030396
57	-46.7618	15.959587	-22.587187	-91.35718	25.217392	-60.352917	0.6626339	-57.106693	-60.488297	34800	-1.8278758e-08	422.2838	-0.020797333	-7.6722107	0.008669597	0.0	25.611910343170166
58	-47.095875	20.217882	-20.37958	-113.78196	25.0	-60.05327	0.6621159	-56.80959	-60.188587	35400	3.0199686e-08	577.92346	-0.024778256	-8.4279175	0.008773335	0.0	26.285747528076172
59	-46.745487	15.669868	-23.171534	-75.83804	25.130434	-59.731777	0.66149795	-56.491108	-59.866913	36000	-6.2783556e-08	402.37036	-0.015617555	-8.034058	0.0068300716	0.0	26.794649124145508
60	-75.05852	161.27669	-19.681664	-843.8956	24.333334	-59.4046	0.673852	-56.172928	-59.545284	36600	-7.470449e-08	1663.5846	-0.026855057	-12.910278	0.006762147	0.0	27.469259023666382
61	-79.045494	161.0893	-23.711206	-846.8404	24.208334	-58.996998	0.6641142	-55.812023	-59.13557	37200	0.0	1535.6855	-0.029704705	-7.6500244	0.0054970263	0.0	28.126425981521606
62	-43.3229	17.102806	-20.855246	-100.203125	25.391304	-58.673946	0.6403034	-55.537113	-58.80475	37800	-7.947286e-10	523.7624	-0.023110047	-12.180206	0.0076976027	0.0	28.814795970916748
63	-43.09011	14.3286295	-22.628994	-72.58053	25.086956	-58.260235	0.6383221	-55.133106	-58.39062	38400	-7.152557e-09	422.09802	-0.02234654	-12.502472	0.009599135	0.0	29.471089839935303
64	-38.178116	14.716061	-19.453115	-82.966194	25.347826	-57.8269	0.6374531	-54.704033	-57.957134	39000	-1.5497207e-07	586.2711	-0.031632796	-21.746826	0.00671994	1.0	30.00573992729187
65	-34.28826	10.112929	-19.401293	-59.510666	25.217392	-57.252495	0.63649464	-54.13432	-57.38251	39600	-4.172325e-08	611.29706	-0.019638622	-30.54248	0.009414453	0.0	30.409375429153442
66	-42.064114	12.155219	-23.259619	-70.51981	25.217392	-56.55472	0.6354888	-53.441483	-56.684605	40200	7.947286e-10	346.60583	-0.023700068	-13.400238	0.009475044	0.0	30.973631620407104
67	-39.110973	10.864883	-22.190414	-66.25885	25.347826	-56.06511	0.63440347	-52.957184	-56.19471	40800	-1.1205673e-07	398.02222	-0.02200626	-18.216705	0.008263493	0.0	31.65418839454651
68	-36.16308	7.7864037	-22.262526	-51.4003	25.347826	-55.505962	0.6331238	-52.404312	-55.63533	41400	6.318092e-08	421.8971	-0.029688561	-24.380188	0.008908317	0.0	32.327274560928345
69	-41.444637	18.247929	-20.522715	-106.57404	25.173914	-54.845177	0.6317512	-51.750233	-54.974228	42000	5.642573e-08	491.364	-0.027304558	-12.59317	0.009001826	0.0	32.984572410583496
70	-43.679714	12.692163	-23.575151	-66.98796	25.173914	-54.346004	0.63035583	-51.2579	-54.474777	42600	-1.013279e-08	266.50592	-0.023564726	-8.337524	0.00953755	0.0	33.70127010345459
71	-41.532364	12.386633	-21.084002	-67.78264	25.043478	-53.936646	0.628836	-50.856003	-54.065136	43200	1.4305114e-08	295.01562	-0.02921442	-11.029846	0.009630089	0.0	34.315261125564575
72	-42.504166	12.293846	-25.166883	-69.3325	25.217392	-53.465935	0.62723166	-50.393143	-53.594116	43800	7.510185e-08	263.15396	-0.020871865	-9.258987	0.0079559125	0.0	35.028706073760986
73	-39.87414	11.060341	-20.670908	-60.336964	25.26087	-53.019997	0.6255322	-49.955532	-53.147846	44400	-1.1920929e-08	285.36194	-0.027908094	-13.35791	0.0081333695	0.0	35.72000980377197
74	-38.655544	12.5718	-22.300337	-69.10784	25.173914	-52.482548	0.6236905	-49.427097	-52.60997	45000	4.6094257e-08	337.734	-0.01613413	-15.540283	0.009337458	0.0	36.39959502220154
75	-39.49116	13.53555	-21.545204	-63.464073	25.217392	-51.887848	0.6216624	-48.84234	-52.014866	45600	-4.5696893e-08	326.34076	-0.019924963	-13.200867	0.008676529	0.0	36.91201376914978
76	-39.289738	10.335667	-22.578913	-65.46336	25.173914	-51.32423	0.6195199	-48.28922	-51.45085	46200	-1.4305114e-08	243.32068	-0.01760645	-12.73674	0.008582711	0.0	37.282193183898926
77	-41.160122	11.132653	-25.23184	-68.0811	25.47826	-50.762325	0.6172507	-47.738453	-50.888596	46800	-7.4307124e-08	213.35292	-0.022950092	-8.995544	0.008503597	0.0	37.66468358039856
78	-40.03311	13.952997	-24.819546	-77.74718	25.304348	-50.27621	0.6148798	-47.263935	-50.40192	47400	7.669131e-08	290.31693	-0.020526655	-10.2091675	0.008933757	0.0	38.023892641067505
79	-38.482	9.230648	-21.66831	-61.494118	25.565218	-49.756027	0.612336	-46.756214	-49.8812	48000	-2.0662943e-08	207.41959	-0.014628231	-12.582169	0.009540459	0.0	38.39322018623352
80	-37.05829	10.922211	-22.982294	-61.397243	25.304348	-49.168144	0.6095831	-46.18182	-49.292763	48600	1.1165937e-07	258.61557	-0.034833692	-15.063858	0.00899457	0.0	38.930840492248535
81	-41.837536	12.742683	-22.979633	-65.55541	25.391304	-48.51213	0.60657096	-45.540554	-48.636112	49200	4.0133795e-08	200.86714	-0.01702547	-5.119049	0.008080646	0.0	39.29523158073425
82	-38.372936	12.211344	-23.494587	-70.58292	25.347826	-48.103966	0.6039146	-45.1454	-48.22744	49800	-3.417333e-08	238.05801	-0.024819115	-10.156158	0.009149792	0.0	39.66576862335205
83	-40.83631	14.531733	-20.03576	-82.434784	25.47826	-47.55174	0.6008448	-44.608223	-47.674572	50400	1.7086665e-08	250.91943	-0.01460199	-5.3424835	0.00970425	0.0	40.03726267814636
84	-38.126453	9.797618	-23.195877	-57.886833	25.304348	-47.126205	0.5979529	-44.19685	-47.248447	51000	-4.529953e-08	172.6142	-0.03164564	-9.47052	0.008908534	0.0	40.397489070892334
85	-38.75677	12.214319	-21.21238	-64.34181	25.565218	-46.5702	0.5945798	-43.657375	-46.691788	51600	2.4636586e-08	207.91743	-0.024752542	-7.769928	0.0076782163	0.0	40.75893473625183
86	-37.794144	11.980217	-21.06991	-61.18348	25.347826	-46.045345	0.5911227	-43.14946	-46.16629	52200	-1.66893e-08	206.46964	-0.017422415	-8.66394	0.006838037	0.0	41.13544154167175
87	-40.093952	10.504158	-20.327087	-56.858166	25.47826	-45.48629	0.5874889	-42.608196	-45.60644	52800	-5.364418e-08	136.22137	-0.015623014	-4.0455933	0.00950334	0.0	41.508352756500244
88	-50.350304	17.014277	-25.541628	-92.798676	25.52174	-45.085033	0.58418304	-42.223133	-45.20452	53400	-6.7551933e-09	312.01358	-0.028434899	-3.2535706	0.009113594	0.0	41.863293170928955
89	-37.435383	9.413159	-21.50391	-56.98882	25.173914	-45.402786	0.58303595	-42.54651	-45.52203	54000	-6.357829e-09	146.07364	-0.0152992485	-7.425644	0.008571675	0.0	42.21444082260132
90	-39.668144	13.26654	-22.968428	-70.51115	25.304348	-44.903954	0.5793333	-42.065823	-45.022472	54600	3.7352244e-08	199.15994	-0.015726099	-4.1745605	0.008017049	0.0	42.74103593826294
91	-36.214405	11.553939	-20.89199	-63.368042	25.217392	-44.47172	0.57570523	-41.65136	-44.589527	55200	-4.172325e-08	194.0125	-0.020274213	-9.91214	0.0076520746	1.0	43.089592933654785
92	-37.52747	13.486666	-21.442072	-75.345436	25.391304	-43.824333	0.571229	-41.02591	-43.941315	55800	5.6028366e-08	215.43695	-0.018711084	-6.443741	0.0077727414	0.0	43.428051471710205
93	-45.711575	12.72391	-26.71398	-77.83227	25.347826	-43.27313	0.56689745	-40.495926	-43.389305	56400	1.2318293e-08	162.26062	-0.021626543	-0.57640076	0.009277175	0.0	43.790186405181885
94	-36.72872	12.664963	-21.270159	-68.08078	25.304348	-43.403336	0.56485367	-40.63615	-43.51905	57000	1.3510387e-08	200.05789	-0.02637593	-6.348053	0.008881409	0.0	44.13246011734009
95	-37.756027	12.259835	-19.977533	-67.167465	25.391304	-42.884533	0.56050664	-40.13864	-42.999474	57600	-3.536542e-08	172.30429	-0.014543309	-4.892624	0.008659037	0.0	44.49076008796692
96	-38.456432	14.007871	-21.717588	-76.424416	25.391304	-42.37634	0.55592597	-39.652924	-42.490593	58200	1.2318293e-08	204.32771	-0.023037324	-3.1390076	0.007469753	0.0	44.829519748687744
97	-43.10669	15.007078	-20.722092	-75.00668	25.304348	-41.96146	0.551468	-39.259975	-42.07528	58800	3.7153562e-08	221.47235	-0.02308852	-0.13977051	0.008677685	0.0	45.19917869567871
98	-40.83269	10.211076	-25.032963	-60.667492	25.347826	-42.02541	0.54909056	-39.335545	-42.13856	59400	-6.298224e-08	103.32326	-0.005325779	-0.23594666	0.006819273	1.0	45.56194806098938
99	-40.62785	16.73235	-18.979425	-76.981285	24.956522	-41.92158	0.5459008	-39.247425	-42.034412	60000	1.07288365e-08	266.4567	-0.018292578	-0.46688843	0.0092211105	0.0	45.92226028442383
100	-37.41697	9.387171	-22.233648	-54.520218	25.304348	-41.75612	0.5422047	-39.100174	-41.868546	60600	2.0464261e-08	104.223564	-0.02000688	-3.88105	0.0067706928	1.0	46.43704867362976
101	-38.544106	11.476439	-20.445375	-62.708546	25.608696	-41.274277	0.53895897	-38.653492	-41.397427	61200	2.3841858e-08	137.3561	-0.023322301	-2.0055542	0.008290781	0.0	46.78183364868164
102	-37.725197	10.510285	-18.892397	-65.17896	25.217392	-40.793365	0.7793584	-38.33744	-41.061222	61800	-6.437302e-08	116.09711	-0.014370809	-2.1830063	0.0064895106	1.0	47.1370165348053
103	-36.1834	9.714798	-22.119736	-59.286465	25.434782	-40.41601	0.7818445	-37.98034	-40.681084	62400	-1.7086665e-08	109.388855	-0.026560174	-15.893341	0.008775259	0.0	47.766119956970215
104	-35.579918	7.98149	-25.65975	-54.33421	25.434782	-37.591286	0.10403746	-37.58518	-40.13614	63000	1.3013681e-08	65.841255	-0.037038382	-1.0479202	0.009857062	0.0	48.36393070220947
105	-43.60752	16.88335	-22.565641	-98.17971	25.47826	-37.318302	0.09892129	-37.31162	-39.732784	63600	-1.5894573e-08	318.4624	-0.026447315	-8.682343	0.0086400695	0.0	48.837071895599365
106	-38.351772	11.224008	-20.093794	-58.81861	25.695652	-38.08019	0.16751863	-38.04885	-40.743446	64200	-1.658996e-08	124.86474	-0.018057097	-0.061897278	0.0046459506	0.0	49.459707498550415
107	-35.17024	8.342675	-21.856274	-52.291042	25.73913	-38.193657	0.005865392	-38.165184	-38.209393	64800	8.34465e-09	77.37471	-0.015511551	-2.2560883	0.0064886063	0.0	49.89682102203369
108	-39.17346	13.260932	-20.612352	-69.94978	25.47826	-37.79239	0.10957609	-37.786514	-40.47151	65400	4.7683715e-09	175.33531	-0.013659475	-0.36039734	0.0064168205	1.0	50.25274586677551
109	-32.745434	6.9386563	-20.64496	-43.60526	25.434782	-37.935287	0.104353726	-37.922787	-40.488945	66000	-1.9073486e-08	73.09603	-0.018642964	-6.7922287	0.009560942	0.0	50.63434815406799
110	-39.927616	16.488388	-18.799313	-84.32355	25.434782	-37.21138	0.10946824	-37.20378	-39.880745	66600	-2.78155e-09	275.07224	-0.016936958	-1.6929626	0.005648025	0.0	51.228028297424316
111	-40.292145	12.111947	-20.54406	-62.31909	25.304348	-37.541054	0.0038977966	-37.538773	-37.560104	67200	-2.771616e-08	147.69917	-0.019189592	-1.9714203	0.007836902	2.0	51.61259436607361
112	-39.43964	12.110951	-19.527895	-64.19128	25.434782	-37.984722	0.12898117	-37.96591	-40.53266	67800	-6.099542e-08	144.6279	-0.02115642	-0.608078	0.009300107	0.0	51.973780393600464
113	-39.089333	13.967956	-22.384478	-70.83019	25.434782	-38.24007	0.14124028	-38.202774	-40.89833	68400	-2.22524e-08	193.7923	-0.020247139	-0.34727478	0.009383101	0.0	52.33335781097412
114	-36.33132	8.30292	-24.271961	-56.9998	25.52174	-38.41371	0.008431211	-38.372463	-38.422417	69000	-9.139379e-09	72.25304	-0.023350408	-1.2555771	0.008808176	0.0	52.708167552948
115	-38.515247	12.519154	-20.175833	-68.82301	25.26087	-38.07947	0.10579093	-38.056828	-40.552555	69600	-5.9604643e-10	149.68181	-0.018738253	-0.030014038	0.008824263	0.0	53.07588243484497
116	-36.356285	9.700338	-19.763561	-53.8867	25.434782	-38.099415	0.14652617	-38.07568	-40.723198	70200	3.596147e-08	95.74627	-0.022565406	-1.1212006	0.009226478	0.0	53.44730591773987
117	-35.61606	8.821908	-19.959415	-52.646183	25.434782	-37.754276	0.0073110852	-37.751648	-37.841637	70800	-4.4107438e-08	81.12397	-0.01645141	-1.8296967	0.0063989456	1.0	53.82240271568298
118	-38.229427	9.454429	-21.729359	-63.22955	25.47826	-37.287865	0.011454688	-37.28414	-37.422573	71400	4.967054e-09	88.17396	-0.014665242	-0.30652618	0.0094101885	0.0	54.152817487716675
119	-36.340626	11.598314	-21.31901	-62.554993	25.26087	-37.44231	0.15590955	-37.425888	-40.09891	72000	-5.00679e-08	130.13135	-0.016744569	-0.56007385	0.0079863975	0.0	54.520302534103394
120	-37.375187	13.23135	-18.854494	-65.083084	25.47826	-37.19808	0.1116475	-37.188927	-39.850643	72600	-5.1259995e-08	170.22675	-0.022724891	-0.087005615	0.00967925	0.0	55.426546573638916
121	-31.26903	9.516446	-19.033754	-55.13194	25.652174	-37.20185	0.20977284	-37.177517	-39.901142	73200	-2.3047129e-08	124.91226	-0.02132709	-13.972977	0.00855818	0.0	55.82961940765381
122	-39.469345	13.589042	-19.259823	-67.044815	25.47826	-35.8592	0.030603856	-35.85179	-36.00912	73800	1.4603138e-08	191.96165	-0.027380819	-4.329178	0.007885092	0.0	56.51179647445679
123	-40.223415	10.116019	-22.416487	-58.25899	25.565218	-36.554726	0.11444787	-36.543873	-39.267567	74400	2.9206277e-08	113.30001	-0.011307748	-5.9355087	0.009740651	0.0	57.181713819503784
124	-41.784935	13.316575	-22.69425	-76.02946	25.434782	-37.4923	0.1089334	-37.485645	-40.155247	75000	2.7815501e-08	193.84065	-0.027952177	-8.4092865	0.0077610193	0.0	57.61610198020935
125	-34.95979	8.477719	-18.532457	-53.10195	25.652174	-38.625355	0.105709374	-38.566597	-41.19818	75600	5.9604646e-09	83.91012	-0.01987807	-5.2829666	0.007847009	0.0	58.12358570098877
126	-38.6234	9.495563	-20.202715	-57.191536	25.652174	-37.7946	0.039307375	-37.791584	-38.75604	76200	4.371007e-09	89.371544	-0.019754354	-0.255867	0.00949822	0.0	58.71649479866028
127	-34.855453	10.778117	-18.729729	-71.76412	25.47826	-37.94653	0.0010583114	-37.94148	-37.946968	76800	6.9538753e-09	122.15745	-0.016542071	-4.3857193	0.0081114005	0.0	59.10587430000305
128	-36.24754	10.012997	-19.01551	-66.04487	25.347826	-37.128353	0.01112264	-37.12494	-37.18283	77400	-2.8014183e-08	97.28676	-0.020211892	-0.4370575	0.009464741	0.0	59.53376865386963
129	-37.698627	10.879395	-21.154417	-57.856697	25.391304	-36.820873	0.11207098	-36.81197	-39.53713	78000	3.6160152e-08	115.93823	-0.01069644	-0.27523804	0.008281069	0.0	60.19432973861694
130	-39.838783	11.728756	-21.334349	-63.655766	25.608696	-37.026974	0.111594915	-37.018684	-39.740227	78600	3.9984783e-08	143.15546	-0.0064379657	-3.9553986	0.0070742895	0.0	61.14982199668884
131	-37.707115	12.311144	-21.055523	-72.229774	25.434782	-37.870213	0.0002690481	-37.869045	-37.87084	79200	-3.059705e-08	145.98541	-0.020084523	0.00050354004	0.008495302	0.0	61.78516864776611
132	-32.967396	6.9847665	-20.128109	-48.14051	25.73913	-37.871353	0.00035978196	-37.870167	-37.874184	79800	1.1920929e-08	71.98284	-0.017108586	-12.436943	0.009416661	0.0	62.24161887168884
133	-37.83449	6.16513	-26.519373	-54.33077	25.47826	-36.3358	0.11296781	-36.32544	-39.043663	80400	-5.284945e-08	38.971386	-0.022714365	-0.9114647	0.00983937	0.0	62.73770999908447
134	-40.410236	12.808831	-22.476013	-63.7033	25.565218	-36.69443	0.111151494	-36.68529	-39.38246	81000	-9.139379e-09	173.95859	-0.019896114	-7.419754	0.0076811044	0.0	63.415279150009155
135	-75.23846	166.64262	-28.06146	-873.13837	24.708334	-37.940685	0.0011153447	-37.93546	-37.941216	81600	-7.947286e-09	1261.3159	-0.029244186	-10.129761	0.00552926	0.0	63.82477307319641
136	-33.304676	10.217517	-18.507992	-55.62385	25.434782	-39.340008	0.086269215	-39.321476	-39.762638	82200	-4.6094257e-08	137.68582	-0.02558134	-18.900864	0.009492837	0.0	64.1608715057373
137	-36.56224	9.773474	-20.537418	-55.957005	25.73913	-37.391106	0.12615405	-37.364433	-38.009132	82800	-8.145968e-09	95.147064	-0.01917945	-0.50923157	0.0093213385	0.0	64.5288393497467
138	-35.251614	7.8461685	-23.71234	-52.64498	25.26087	-36.954838	0.13108455	-36.92717	-37.59702	83400	7.947286e-10	62.13075	-0.021410016	-1.7140808	0.008853632	0.0	64.90073943138123
139	-33.661793	6.352768	-20.493444	-47.401016	25.130434	-36.321842	0.13906328	-36.292206	-37.003105	84000	-2.0662943e-08	45.894474	-0.011946577	-4.2320747	0.009061293	0.0	65.26767635345459
140	-37.72487	12.094351	-20.006	-70.27545	25.47826	-35.30215	0.1915893	-35.265045	-38.12137	84600	1.7881394e-08	146.4368	-0.024209242	-3.2840118	0.009468103	0.0	65.93957924842834
141	-34.949768	8.720407	-18.525932	-51.386086	25.391304	-36.15717	0.17340825	-36.123928	-38.76663	85200	-1.8278758e-08	75.34803	-0.02030168	-0.89675903	0.009417546	0.0	66.5974133014679
142	-32.57976	8.655658	-22.809378	-57.38173	25.565218	-35.72099	0.18212499	-35.68624	-38.518784	85800	7.808208e-08	82.27847	-0.015186185	-6.3496323	0.008458772	0.0	67.2185754776001
143	-35.28461	10.90838	-18.602781	-68.84774	25.347826	-34.409744	0.17937522	-34.372524	-36.367416	86400	-1.0331472e-08	113.59141	-0.020849824	-0.34416962	0.007137311	0.0	67.6907229423523
144	-33.579613	7.3899207	-21.104925	-48.564934	25.652174	-34.672905	0.2032731	-34.632946	-37.39834	87000	1.7881393e-09	54.483418	-0.01588339	-0.76559067	0.008661256	0.0	68.32002925872803
145	-39.74401	7.6805944	-22.127804	-53.478138	25.652174	-34.217213	0.15837003	-34.183876	-34.99306	87600	-9.536743e-09	88.79789	-0.018921541	-20.49479	0.0068527716	1.0	68.97007083892822
146	-34.515114	8.520465	-19.712713	-57.514324	25.304348	-36.614388	0.11736269	-36.58942	-37.189335	88200	-3.1193096e-08	74.76	-0.012878862	-2.3776474	0.008977893	0.0	69.50657606124878
147	-34.302757	9.185759	-19.006382	-56.712532	25.47826	-35.868782	0.12590422	-35.842075	-36.485584	88800	-2.7418137e-08	84.34758	-0.022443207	-1.7869797	0.009354512	0.0	70.05520796775818
148	-33.448647	8.582323	-19.890335	-51.25391	25.608696	-35.106586	0.21086325	-35.068336	-37.96059	89400	-2.3444494e-08	75.30784	-0.026300106	-1.8944244	0.009556273	0.0	70.74269366264343
149	-34.132717	8.919024	-21.334759	-52.229927	25.26087	-34.303627	0.14356032	-34.27335	-35.006927	90000	-2.8212865e-08	76.53315	-0.022471283	-0.033828735	0.0087910155	0.0	71.38764572143555
150	-38.440086	14.885206	-19.464727	-74.89051	25.47826	-34.171627	0.14217079	-34.141636	-34.868122	90600	-3.159046e-08	230.94641	-0.018376017	-12.258652	0.008107921	1.0	72.34765100479126
151	-35.22158	14.595875	-20.879755	-92.90496	25.47826	-36.18694	0.10797244	-36.163578	-36.715893	91200	1.0331472e-08	216.48088	-0.007563032	-1.4839783	0.007616631	0.0	72.7553780078888
152	-37.124893	10.320689	-22.543064	-61.92288	25.47826	-36.126568	0.7227617	-35.829376	-38.677208	91800	2.2451083e-08	107.51725	-0.02031598	-2.0178375	0.008140502	0.0	73.13612699508667
153	-33.834633	10.015696	-20.484537	-51.88351	25.47826	-36.7688	0.94663966	-36.234425	-39.078735	92400	-4.3511392e-08	107.35112	-0.020596465	-7.713829	0.008374831	0.0	73.51191115379333
154	-36.164364	10.577634	-22.69481	-60.65645	25.565218	-34.977375	0.12092099	-34.951504	-35.56969	93000	-7.470449e-08	110.0244	-0.020807628	-0.9764404	0.007558231	0.0	73.85050415992737
155	-36.419064	10.238352	-21.88887	-60.344738	25.086956	-35.550716	0.15945865	-35.522755	-38.407486	93600	-2.6772419e-08	99.88589	-0.024533989	-0.5220871	0.007953973	0.0	74.2249686717987
156	-35.852894	9.777403	-23.15576	-58.64838	25.26087	-36.020473	0.09843852	-35.9994	-36.502724	94200	-5.165736e-09	92.56115	-0.01942765	-0.030433655	0.009207867	0.0	74.60172367095947
157	-33.71413	8.888181	-20.277643	-55.31127	25.565218	-35.921097	0.09673366	-35.90036	-36.39499	94800	3.2981237e-08	82.30086	-0.021042721	-3.9727097	0.008490944	0.0	74.95044732093811
158	-35.312756	10.899245	-19.485367	-58.002926	25.391304	-34.62228	0.11273866	-34.598263	-35.174583	95400	1.4702479e-08	115.98421	-0.02043679	-0.33372498	0.0077678603	0.0	75.353342294693
159	-33.80143	8.096564	-20.714542	-47.06474	25.434782	-34.975334	0.1507646	-34.948395	-37.660824	96000	-2.1855037e-08	65.09755	-0.01686411	-1.031517	0.009641819	0.0	76.00505781173706
160	-36.06055	11.975518	-21.085192	-70.01786	25.391304	-34.304188	0.1550538	-34.276325	-37.00929	96600	-4.688899e-08	138.37323	-0.023581063	-1.9339142	0.0090580825	0.0	76.98220729827881
161	-37.299873	12.295734	-19.185879	-73.243	25.565218	-35.23778	0.14107515	-35.21369	-37.87056	97200	-8.940697e-08	153.58565	-0.017873459	-3.5260315	0.008370644	0.0	77.64334750175476
162	-34.48076	9.666443	-19.212585	-54.19339	25.47826	-36.562397	0.08042931	-36.54568	-37.60205	97800	-4.8478444e-08	95.55936	-0.015871324	-3.4954758	0.007216347	0.0	78.26418375968933
163	-37.580788	7.939387	-25.745255	-58.108585	25.391304	-35.282207	0.14141515	-35.259674	-38.098965	98400	2.7219455e-08	65.323296	-0.020793952	-4.040924	0.009259484	0.0	78.83564686775208
164	-34.8461	8.28636	-21.75509	-52.93126	25.434782	-36.681675	0.1254893	-36.663406	-39.38742	99000	-6.755193e-08	69.99038	-0.011610089	-3.0036392	0.0068668453	0.0	79.49177241325378
165	-34.613834	6.894911	-22.010908	-48.08915	25.347826	-35.46461	0.11925375	-35.444668	-37.75913	99600	-1.04109446e-07	46.904575	-0.015725123	-0.6799164	0.0055519002	0.0	79.8619818687439
166	-35.713497	8.992409	-18.896952	-54.988346	25.608696	-34.82968	0.07906153	-34.811916	-35.217	100200	3.7550926e-08	79.79603	-0.021961536	-0.69052124	0.008300056	0.0	80.21883058547974
167	-37.118053	11.10153	-20.126493	-62.303368	25.826086	-35.438595	0.06598641	-35.424065	-35.761856	100800	-9.735425e-09	125.50862	-0.015509529	-2.625496	0.008005258	0.0	80.58468294143677
168	-29.163576	7.0912647	-19.981617	-44.929764	25.652174	-36.674812	0.04467231	-36.66465	-36.893654	101400	7.0134796e-08	104.83926	-0.012972519	-48.796013	0.0070454734	0.0	80.95802044868469
169	-33.44027	10.67594	-20.512403	-62.533596	25.434782	-31.69353	0.10701363	-31.670519	-32.217785	102000	-8.940697e-09	114.30185	-0.015147654	-2.3775558	0.009238807	0.0	81.59363126754761
170	-34.152714	6.410667	-23.2663	-43.73462	25.695652	-32.69263	0.09934888	-32.67106	-33.83491	102600	-3.7600596e-08	42.81914	-0.020717768	-1.9970436	0.008934083	0.0	82.2071168422699
171	-36.979267	11.497486	-22.300798	-65.28745	25.47826	-33.742985	0.13753189	-33.7232	-36.68376	103200	1.947085e-08	141.905	-0.021979704	-9.705948	0.008197183	0.0	82.63408160209656
172	-36.94487	10.136857	-22.022734	-55.136673	25.608696	-36.020607	0.11924238	-36.00757	-38.80524	103800	-4.45048e-08	100.82735	-0.029796334	-0.68266296	0.00986228	0.0	83.06930565834045
173	-38.63821	7.624445	-23.688242	-53.661827	25.347826	-36.672436	0.09894622	-36.662083	-39.007042	104400	-3.973643e-09	60.485554	-0.01508795	-3.283966	0.006666683	0.0	83.63778614997864
174	-36.338295	7.437372	-24.81896	-56.19815	25.391304	-38.030117	0.047600772	-38.02485	-39.160717	105000	-6.357829e-09	57.43293	-0.011198293	-2.1929283	0.0066958982	1.0	84.00882172584534
175	-40.208763	11.669223	-20.513023	-60.963726	25.391304	-36.947937	0.05489681	-36.940044	-38.163666	105600	2.1457673e-08	141.64574	-0.01375496	-8.654587	0.008217874	0.0	84.390376329422
176	-42.043728	12.888686	-22.478703	-76.53141	25.565218	-39.156063	0.00096111454	-39.15487	-39.16064	106200	-4.629294e-08	173.6244	-0.023696668	-7.7283173	0.009219292	0.0	84.77692699432373
177	-35.99354	8.209784	-21.139622	-53.322876	25.434782	-41.314575	0.07676862	-41.214275	-43.129505	106800	-7.90755e-08	93.29534	-0.009753426	-24.633362	0.007362207	0.0	85.19084405899048
178	-36.89314	9.2336035	-20.57586	-51.433197	25.47826	-37.654285	0.013096863	-37.650555	-37.71844	107400	1.5695889e-08	83.78571	-0.021905735	-0.6228714	0.008654554	0.0	85.57622790336609
179	-33.07407	6.438765	-21.71228	-46.88514	25.434782	-36.993572	0.06350071	-36.985863	-38.479053	108000	-6.318092e-08	55.407227	-0.013178082	-13.513882	0.006364191	0.0	85.99342656135559
180	-34.257893	7.726493	-20.18041	-47.990856	25.434782	-34.242355	0.039976772	-34.232925	-34.438194	108600	-1.1920929e-08	57.65717	-0.016164567	0.0036697388	0.009307859	0.0	86.63816785812378
181	-37.103493	8.75938	-20.54419	-51.597916	25.217392	-34.186577	0.03661255	-34.177826	-34.365936	109200	2.7219455e-08	82.75983	-0.018782454	-7.771454	0.008580095	0.0	87.30102062225342
182	-38.866524	11.708409	-21.583145	-62.16836	25.47826	-36.321537	0.15512168	-36.308277	-39.117317	109800	3.794829e-08	142.15599	-0.012420319	-6.56958	0.007824653	0.0	87.96761703491211
183	-37.319218	8.938354	-19.788294	-57.63705	25.173914	-38.310955	0.0043731886	-38.28956	-38.311993	110400	-3.4769375e-08	78.162254	-0.02391732	-0.8208084	0.008974033	0.0	88.55698776245117
184	-35.699623	9.627031	-19.350769	-49.75174	25.304348	-37.63704	0.018728854	-37.63406	-38.095257	111000	-1.5894573e-08	92.863174	-0.012652955	-3.1288376	0.0061578685	0.0	89.03187561035156
185	-36.69291	9.1082	-20.182657	-57.2419	25.47826	-36.23292	0.0072958744	-36.2302	-36.268646	111600	1.8676122e-08	81.90721	-0.021347748	-0.22511292	0.00975789	0.0	89.42573142051697
186	-33.969994	8.1376	-19.020866	-53.45518	25.304348	-36.593227	0.0029888798	-36.59144	-36.607822	112200	-4.967054e-09	71.2422	-0.017479505	-6.1071854	0.0070086494	0.0	89.81020736694336
187	-35.293434	9.766754	-21.985006	-55.001625	25.347826	-34.612366	0.014206132	-34.60813	-34.681946	112800	9.040038e-08	93.187965	-0.022637967	-0.38106537	0.008367945	0.0	90.20168089866638
188	-36.157288	10.217769	-22.722063	-57.698242	25.130434	-35.09037	0.010043321	-35.08683	-35.139553	113400	7.5499216e-08	101.661026	-0.013102434	-0.9514923	0.009106021	0.0	90.55997490882874
189	-35.838615	9.135673	-23.272427	-54.110752	25.26087	-35.90494	0.005090587	-35.90268	-35.929848	114000	1.1468927e-07	80.90787	-0.023339424	-0.011550903	0.00843923	0.0	90.96535778045654
190	-33.38183	9.482339	-20.124306	-53.951824	25.608696	-35.82681	0.10345357	-35.820107	-38.354298	114600	-4.917383e-08	94.036316	-0.011888965	-5.5635147	0.008101737	0.0	91.75946259498596
191	-34.895573	10.82768	-19.152544	-62.43368	25.304348	-33.83168	0.118990265	-33.82172	-36.709164	115200	4.251798e-08	114.51245	-0.015105141	-0.9271927	0.006421711	1.0	92.29115557670593
192	-37.2293	11.271834	-18.799486	-57.668682	25.434782	-34.63175	0.015058815	-34.62726	-34.70551	115800	5.9505304e-08	129.09085	-0.01704924	-5.984001	0.008163031	0.0	92.81095099449158
193	-40.23049	12.000463	-20.89486	-62.269527	25.217392	-36.741528	0.003742959	-36.73955	-36.759823	116400	-7.7486035e-09	149.34575	-0.025657576	-10.157593	0.009149129	0.0	93.42547488212585
194	-35.25748	9.577402	-22.127247	-53.936695	25.434782	-39.48852	0.102295935	-39.459522	-41.946926	117000	6.556511e-08	106.58328	-0.024497593	-16.231369	0.00916787	0.0	93.84351086616516
195	-36.589405	10.585484	-18.955994	-63.797024	25.47826	-36.13788	0.11443145	-36.130505	-38.933094	117600	3.2981237e-08	108.79517	-0.0199155	-0.1480484	0.009161204	0.0	94.29970240592957
196	-34.79532	10.944375	-21.06158	-69.58341	25.565218	-36.42537	0.0065102763	-36.422825	-36.457237	118200	-3.1789146e-08	122.59329	-0.016184509	-2.2833176	0.007358725	0.0	94.87867879867554
197	-36.452477	10.77298	-20.273888	-55.412174	25.26087	-35.138588	0.0096987765	-35.135357	-35.272762	118800	-2.026558e-08	113.13023	-0.025103072	-1.3916016	0.0097269295	0.0	95.40820074081421
198	-38.646793	8.911848	-21.709547	-52.2994	25.304348	-36.147537	0.006402533	-36.1449	-36.17888	119400	-7.311503e-08	83.2788	-0.009237131	-5.6466675	0.008058787	0.0	95.80612897872925
199	-34.938854	9.301022	-19.851023	-59.010414	25.47826	-38.22065	0.0005564521	-38.219498	-38.223167	120000	-7.947286e-10	95.56044	-0.013690458	-10.061752	0.007204741	1.0	96.17885375022888
200	-38.4121	9.425562	-24.213823	-60.27154	25.347826	-35.50545	0.11091816	-35.497906	-38.21374	120600	-1.5894573e-08	94.03744	-0.014774777	-7.4880524	0.008030394	0.0	97.04768776893616
201	-68.17673	165.55634	-20.015379	-861.1443	24.25	-37.826992	0.0037790341	-37.82513	-37.844776	121200	-6.357829e-09	1216.5183	-0.029354319	-10.925049	0.0053797136	0.0	97.72156381607056
202	-35.377842	8.717209	-21.716757	-56.08828	25.347826	-35.563698	0.32469153	-35.496777	-37.154358	121800	-2.7815501e-08	73.46635	-0.019492436	-0.058425903	0.009396722	0.0	98.14874124526978
203	-33.654106	9.899201	-19.097095	-57.595535	25.173914	-35.320946	0.33901852	-35.2511	-36.981785	122400	-3.2484532e-08	97.82291	-0.021794684	-2.9136734	0.009446335	0.0	98.66653275489807
204	-38.853626	11.104954	-22.238634	-65.06057	25.391304	-33.829453	0.35272753	-33.756786	-35.557457	123000	5.2452087e-08	144.11855	-0.020114273	-22.830261	0.009881852	0.0	99.0587272644043
205	-39.178226	10.86194	-22.211946	-66.260765	25.130434	-37.865067	0.2872504	-37.805843	-39.272297	123600	-3.794829e-08	113.899086	-0.015183099	-1.4901276	0.0094784135	0.0	99.48473858833313
206	-32.455933	6.948959	-21.61092	-46.527405	25.434782	-38.941257	0.26460716	-38.886665	-40.237568	124200	2.3444494e-08	87.84696	-0.0127971945	-37.853783	0.0065032076	1.0	99.8779776096344
207	-31.73858	7.29715	-21.648764	-52.18383	25.26087	-33.988678	0.3265453	-33.92129	-35.588417	124800	-1.2318293e-08	56.69343	-0.022946889	-4.7392654	0.007977115	0.0	100.29542565345764
208	-32.761105	9.032066	-19.386448	-51.900574	25.652174	-32.179718	0.34385976	-32.10867	-33.86428	125400	-3.33786e-08	80.55707	-0.014319548	-0.28432465	0.006960958	0.0	100.84506392478943
209	-36.43139	9.958692	-18.725466	-50.256077	25.434782	-32.594646	0.34506792	-32.52238	-35.236946	126000	1.8676122e-08	111.0806	-0.013454863	-12.934402	0.008667412	0.0	101.23031568527222
210	-38.139267	8.507788	-23.371662	-59.693928	25.434782	-35.492886	0.2739984	-35.436268	-36.835194	126600	1.9868216e-09	76.77623	-0.02066186	-6.209709	0.008227632	0.0	101.83327603340149
211	-37.202362	8.30549	-21.187841	-52.065033	25.347826	-37.55001	0.23589432	-37.50121	-38.70565	127200	-1.4851491e-08	67.68863	-0.012861606	-0.14663696	0.008125982	0.0	102.1890435218811
212	-36.184032	9.947276	-19.843367	-58.24402	25.347826	-37.26106	0.23044154	-37.213165	-38.389984	127800	-2.7318796e-08	95.798996	-0.022983704	-1.2162857	0.009805245	0.0	102.61881446838379
213	-37.408356	9.421232	-26.5179	-54.232224	25.043478	-36.33709	0.23332731	-36.288757	-37.48016	128400	-2.8610229e-08	86.199875	-0.017361065	-1.0489502	0.009316371	0.0	103.14303469657898
214	-38.85771	9.428282	-25.425074	-58.142727	25.217392	-37.19288	0.21100485	-37.14851	-38.226585	129000	1.1523564e-08	88.49331	-0.026647676	-2.5484772	0.009818963	0.0	103.63409471511841
215	-35.48741	9.615033	-19.241926	-57.553745	25.304348	-38.566174	0.18228294	-38.528297	-39.45917	129600	3.8146972e-08	99.10702	-0.021319982	-8.9179535	0.009280547	0.0	104.33599877357483
216	-35.149487	9.570628	-23.189066	-57.77819	25.26087	-36.030838	0.20497428	-35.988224	-37.035004	130200	-8.463859e-08	87.995155	-0.02269524	-0.84046936	0.009003014	0.0	104.98417091369629
217	-37.598515	10.468954	-21.724926	-65.29506	25.347826	-35.219166	0.20421824	-35.17665	-36.219624	130800	-4.529953e-08	110.17838	-0.008561061	-4.6974792	0.008391728	0.0	105.43924856185913
218	-33.1222	7.161497	-22.235601	-50.028046	25.217392	-37.09287	0.16890438	-37.05766	-37.92033	131400	7.390976e-08	64.89093	-0.016394995	-14.352898	0.00973614	0.0	105.89776420593262
219	-34.919872	9.1010475	-21.500132	-54.46311	25.173914	-33.87344	0.19690041	-33.83229	-34.838055	132000	1.9073486e-08	80.78508	-0.021982564	-0.99562836	0.007973338	0.0	106.26483511924744
220	-33.291527	7.9898825	-19.70545	-46.268295	25.26087	-34.70119	0.17233032	-34.665108	-35.545437	132600	-5.543232e-08	64.02853	-0.019142855	-1.9684868	0.006919678	0.0	106.85301160812378
221	-34.663742	9.56064	-20.14366	-52.813145	25.26087	-33.490707	0.17367549	-33.454224	-34.34154	133200	-8.265177e-08	89.18872	-0.013644134	-1.1557465	0.0076122857	0.0	107.19071435928345
222	-36.96692	7.550141	-19.598877	-47.514267	25.391304	-34.425617	0.14848919	-34.394352	-35.153065	133800	-1.16825106e-07	61.824192	-0.015358014	-5.815792	0.0091151185	0.0	107.53602147102356
223	-36.60082	6.8048935	-25.738789	-52.011612	25.391304	-36.560757	0.111876346	-36.537113	-37.108833	134400	2.78155e-09	45.37015	-0.02613279	-0.0024375916	0.00740661	0.0	107.93853235244751
224	-36.743828	8.350437	-24.249111	-56.02884	25.304348	-36.59231	0.10047042	-36.5708	-37.083946	135000	-3.6557516e-08	67.60922	-0.023476353	-0.01964569	0.00917048	0.0	108.36428642272949
225	-33.771614	7.756586	-19.615484	-50.744194	25.47826	-36.70598	0.088137224	-36.685184	-37.13776	135600	1.146396e-07	67.360085	-0.01891011	-8.373196	0.009575427	0.0	108.85749840736389
226	-33.155872	9.360715	-18.80408	-51.71621	25.73913	-34.093784	0.104154125	-34.07133	-34.604034	136200	-1.2079875e-07	87.47867	-0.016500052	-0.91848755	0.008411254	0.0	109.3735408782959
227	-38.074432	7.637625	-23.109919	-50.050568	25.434782	-33.213055	0.15811358	-33.186134	-36.19709	136800	-5.8809917e-08	80.682144	-0.015417175	-22.626865	0.0075413217	0.0	109.77370810508728
228	-38.008606	8.327713	-23.5548	-61.72643	25.565218	-37.385265	0.052813016	-37.373997	-37.643993	137400	1.9868216e-08	68.65881	-0.017758286	-0.43849945	0.009172765	0.0	110.1388795375824
229	-33.5931	7.831187	-21.838446	-47.570152	25.434782	-38.000748	0.039494403	-37.99222	-38.194233	138000	4.430612e-08	79.112236	-0.02179152	-18.30355	0.009720769	0.0	110.4961667060852
230	-36.401993	10.656248	-18.358805	-52.699158	25.26087	-34.289433	0.055961147	-34.277164	-34.56359	138600	-2.6623407e-08	114.92779	-0.014531671	-4.1215744	0.007858893	0.0	111.1260666847229
231	-33.653866	9.4584875	-18.785343	-56.686317	25.565218	-36.021446	0.038961016	-36.012806	-36.21231	139200	5.3048133e-08	92.20639	-0.01777081	-5.489258	0.008908809	0.0	111.62781071662903
232	-34.229797	9.590786	-19.788364	-54.647	25.434782	-34.00039	0.04330372	-33.99079	-34.212536	139800	-1.9669534e-08	89.49775	-0.015139079	-0.05445862	0.008448782	0.0	112.05216455459595
233	-36.098755	9.697879	-22.683912	-54.20371	25.391304	-34.189213	0.034872007	-34.18135	-34.36005	140400	-7.361174e-08	94.19734	-0.02108007	-2.9378052	0.0095469635	0.0	112.41106057167053
234	-36.154987	8.591254	-22.160595	-53.970894	25.347826	-35.71361	0.027307006	-35.707447	-35.84739	141000	-7.6293944e-08	72.07539	-0.017732145	-0.19038391	0.0090199215	0.0	112.90464472770691
235	-37.885242	14.15675	-20.42108	-79.75162	25.304348	-36.11914	0.020923179	-36.114334	-36.221638	141600	9.616216e-08	195.2392	-0.029793799	-2.4866943	0.009333192	0.0	113.383615732193
236	-34.96613	9.215183	-21.488298	-54.85824	25.47826	-37.551823	0.016643662	-37.547985	-37.633358	142200	1.347065e-07	89.87568	-0.016877607	-6.2379456	0.009802828	0.0	113.78884649276733
237	-36.305145	6.6543684	-24.30155	-48.11528	25.391304	-35.29344	0.020533666	-35.288654	-35.394035	142800	-7.7386694e-08	44.1002	-0.018080616	-0.9795227	0.008792679	0.0	114.16725730895996
238	-38.856632	11.020528	-20.395815	-68.87963	25.826086	-36.18459	0.08879154	-34.03802	-36.255966	143400	-1.1603038e-07	128.91925	-0.018253287	-7.4476395	0.008376522	0.0	114.57755851745605
239	-34.599342	11.223655	-21.79759	-66.32544	25.391304	-38.64536	0.002499889	-38.644463	-38.6576	144000	-1.0550022e-07	138.11143	-0.015448328	-15.8676605	0.0060442756	0.0	115.18222212791443
240	-33.332603	9.050188	-19.583096	-48.521404	25.565218	-35.0984	0.007325143	-35.096287	-35.134285	144600	5.801519e-08	83.37743	-0.021376424	-2.9769974	0.009966341	0.0	115.97252655029297
241	-36.89297	9.447767	-19.91547	-53.706207	25.695652	-33.53014	0.0063696387	-33.52669	-33.56133	145200	-5.5829684e-08	98.809364	-0.023238072	-10.724266	0.009763396	0.0	116.34003448486328
242	-33.029625	8.240159	-23.179907	-47.520973	25.565218	-36.431496	0.006641914	-36.429688	-36.46403	145800	4.688899e-08	78.37112	-0.009995801	-10.858551	0.009713367	0.0	116.78909206390381
243	-32.59342	5.5100636	-21.701015	-44.669807	25.565218	-33.559006	0.0015373415	-33.557907	-33.566498	146400	1.1722247e-07	30.880644	-0.018769318	-0.93243027	0.008716093	0.0	117.22555708885193
244	-35.67027	7.0750585	-22.7092	-51.951405	25.434782	-32.68269	0.0006613004	-32.681507	-32.68575	147000	-1.0172526e-07	58.406326	-0.020215347	-8.456123	0.009052636	0.0	117.57957887649536
245	-34.260223	9.544047	-20.614218	-50.230015	25.565218	-35.24615	0.006319957	-35.243847	-35.27711	147600	-5.9604645e-08	90.34684	-0.014268818	-0.8713455	0.0084914565	0.0	117.93569493293762
246	-36.29042	9.980957	-21.599543	-59.628384	25.608696	-34.430637	0.0020167618	-34.42393	-34.440426	148200	1.9868216e-08	101.83401	-0.017837724	-3.281128	0.009377425	0.0	118.3413450717926
247	-37.58548	11.467023	-19.512539	-67.647804	25.52174	-36.05083	0.0046069743	-36.04946	-36.073395	148800	-1.2834867e-07	133.18071	-0.018791262	-2.517334	0.009707163	0.0	118.76940870285034
248	-36.028603	9.618781	-19.923183	-58.172256	25.304348	-37.49555	0.0015505325	-37.494373	-37.503136	149400	-3.1044085e-08	91.56438	-0.017346958	-2.2063828	0.009612263	0.0	119.12017273902893
249	-35.423336	9.171566	-22.848003	-51.78345	25.47826	-36.14742	0.0008993326	-36.146774	-36.151802	150000	-1.1066596e-07	82.641754	-0.0132693	-0.42938232	0.0071623516	0.0	119.47520470619202
250	-37.03487	12.4103775	-20.561058	-74.03098	25.565218	-35.5365	0.0025975867	-35.52378	-35.53705	150600	3.8146972e-08	154.56088	-0.01797517	-2.505005	0.008659568	0.0	120.13671231269836
251	-35.55375	10.998814	-21.189253	-62.420555	25.52174	-37.005417	0.004503269	-36.98336	-37.006355	151200	6.039937e-08	121.42185	-0.021057745	-1.7965164	0.009495185	0.0	120.5255057811737
252	-32.874146	8.132501	-18.81733	-52.29082	25.217392	-35.75524	0.0109957615	-35.701374	-35.757507	151800	1.9272168e-08	72.51709	-0.017427027	-7.5774765	0.0069131707	1.0	121.00702428817749
253	-34.676083	8.030409	-21.316835	-59.382404	25.347826	-33.183277	0.02124975	-33.07918	-33.187668	152400	2.3444494e-08	63.31422	-0.021728368	-1.8503418	0.009798258	0.0	121.44973921775818
254	-36.73705	7.7811356	-21.79455	-60.895126	25.47826	-34.451427	0.0037628175	-34.433006	-34.452225	153000	-4.053116e-08	64.96082	-0.02381173	-4.8607597	0.009831775	0.0	121.85750126838684
255	-34.392345	9.138112	-22.030247	-58.712864	25.173914	-36.527004	0.0052198526	-36.52499	-36.552574	153600	-8.463859e-08	85.25095	-0.025496222	-4.4295044	0.0094605405	0.0	122.33448028564453
256	-35.73541	7.907637	-23.926832	-48.83358	25.565218	-34.55374	0.0007800854	-34.54995	-34.553917	154200	-5.7021776e-08	62.536648	-0.017148826	-1.2401237	0.0094113685	0.0	122.97874546051025
257	-35.413612	11.216007	-20.055864	-62.804943	25.652174	-35.60331	0.005424388	-35.6018	-35.62988	154800	-4.2120615e-08	122.63432	-0.013705122	-0.06971741	0.008369509	0.0	123.60759806632996
258	-33.70523	9.4683695	-19.983368	-54.764725	25.608696	-35.352722	0.010419307	-35.175545	-35.38972	155400	-8.68241e-08	90.90942	-0.015337131	-2.8035507	0.007304279	0.0	124.02473497390747
259	-36.39391	8.739176	-23.605808	-55.871315	25.52174	-33.742077	0.004333497	-33.74065	-33.7633	156000	-4.6094257e-08	81.200745	-0.017778363	-6.6704865	0.009822423	0.0	124.38959693908691
260	-36.31114	10.292689	-17.791327	-56.07499	25.956522	-36.212826	0.012287796	-36.20999	-36.27302	156600	-5.2452087e-08	105.58883	-0.023953803	-0.009010315	0.009526261	0.0	124.997398853302
261	-33.964203	7.903095	-21.733624	-48.234753	25.565218	-36.30852	0.008598047	-36.306442	-36.35064	157200	2.8014183e-08	66.42436	-0.017701691	-5.107189	0.00905456	0.0	125.34003806114197
262	-33.77464	11.121192	-20.023996	-56.764	25.52174	-34.126053	0.0033327646	-34.109734	-34.126755	157800	9.814898e-08	122.22761	-0.013498037	-0.04523468	0.0082143955	0.0	125.70422840118408
263	-32.51381	9.158052	-21.63073	-55.894115	25.347826	-33.916485	0.011396388	-33.860657	-33.918835	158400	-9.139379e-09	84.006195	-0.015818167	-1.6696701	0.0091227805	0.0	126.05462217330933
264	-34.836872	10.346129	-20.081234	-60.204334	25.391304	-32.65064	0.019999761	-32.552666	-32.654762	159000	-3.1789145e-09	107.998215	-0.013804831	-4.304924	0.005755683	0.0	126.40178370475769
265	-32.92392	7.899066	-19.49187	-49.490555	25.434782	-34.68151	0.0011578151	-34.680862	-34.68717	159600	-4.7683715e-09	64.1515	-0.013989684	-3.0568428	0.0072490666	0.0	126.74601721763611
266	-30.674967	6.8159256	-20.684679	-46.443977	25.52174	-32.96795	0.0042201625	-32.94728	-32.968834	160200	1.9113223e-07	50.933292	-0.014740922	-5.1623955	0.009271681	0.0	127.10316944122314
267	-33.642284	7.747671	-22.733995	-54.37204	25.26087	-30.741106	0.011943027	-30.682627	-30.743624	160800	-1.8676122e-08	66.243225	-0.011952294	-7.800297	0.008306124	0.0	127.44340133666992
268	-33.869217	11.161172	-18.480396	-57.150707	25.391304	-33.45378	0.0104393335	-33.451313	-33.504925	161400	9.8546344e-08	121.68352	-0.010929182	-0.13162994	0.008710907	0.0	127.80285978317261
269	-34.281662	8.755997	-19.780714	-53.66336	25.52174	-33.812	0.010791208	-33.809483	-33.86487	162000	7.510185e-08	74.38145	-0.016585398	-0.128479	0.0075841905	0.0	128.1754071712494
270	-32.03583	8.941905	-18.580471	-47.3442	25.347826	-34.16606	0.014920467	-34.162254	-34.23916	162600	9.338061e-08	82.60423	-0.01194375	-4.34597	0.0060266443	0.0	128.8011372089386
271	-35.01277	8.054869	-18.524641	-53.016193	25.434782	-32.108894	0.0022396608	-32.10806	-32.119858	163200	-8.245309e-09	71.6629	-0.024982711	-8.378391	0.009132101	0.0	129.13950967788696
272	-32.09944	9.5513	-20.118868	-55.20451	25.565218	-34.939445	0.010980114	-34.936985	-34.993237	163800	1.3510387e-08	97.47759	-0.01502067	-8.097656	0.009181145	0.0	129.5057430267334
273	-32.007515	8.611939	-20.183067	-51.75903	25.434782	-32.182426	0.0021921736	-32.171688	-32.182884	164400	-6.9538753e-09	71.96906	-0.014221711	-0.051239014	0.0061111464	0.0	129.86366939544678
274	-33.101944	13.4625025	-17.786358	-80.58175	25.695652	-31.958193	0.0021897224	-31.957386	-31.968914	165000	-7.2320304e-08	184.98256	-0.014286193	-1.521286	0.008556676	0.0	130.2239990234375
275	-35.690098	10.120084	-20.044434	-54.30121	25.52174	-33.17025	0.00042026018	-33.169895	-33.172295	165600	2.7517478e-08	107.06396	-0.0130433375	-6.171776	0.0069572506	0.0	130.56773042678833
276	-35.178062	9.499465	-16.176079	-57.9133	25.304348	-35.60451	0.009725426	-35.60235	-35.652157	166200	3.4471352e-08	87.437706	-0.018393679	-0.1593628	0.008819981	0.0	130.92890858650208
277	-30.778015	8.27983	-18.638857	-53.409508	25.608696	-35.21265	0.002980648	-35.204823	-35.227177	166800	-7.510185e-08	86.420074	-0.018409643	-19.38836	0.006852322	0.0	131.26441192626953
278	-33.26207	8.5756855	-22.424717	-48.708263	25.565218	-30.994734	0.020101635	-30.896412	-31.02653	167400	2.1457673e-08	76.65726	-0.017257815	-4.7955093	0.0066346005	0.0	131.6307487487793
279	-34.88642	8.74832	-19.673977	-51.453568	25.52174	-33.07532	0.005117747	-33.07404	-33.100395	168000	6.7551933e-09	77.79022	-0.018560966	-3.2842178	0.005909198	0.0	131.97215676307678
280	-33.88291	10.343832	-18.031393	-56.90986	25.695652	-34.813965	0.010068216	-34.811237	-34.86329	168600	3.6160152e-08	106.45559	-0.021034293	-0.7095413	0.0072545307	0.0	132.58264589309692
281	-33.658825	7.92583	-21.788038	-48.665627	25.47826	-34.00439	0.0023971703	-33.992653	-34.004894	169200	4.4902166e-08	61.732025	-0.027730923	-0.09291077	0.009759742	0.0	132.91799402236938
282	-35.35925	9.434881	-18.084373	-51.916172	25.608696	-33.706356	0.0058222366	-33.677845	-33.70756	169800	-2.7418137e-08	90.18208	-0.013258257	-2.5872955	0.0076023047	0.0	133.26415491104126
283	-31.53199	9.730023	-17.07879	-52.480213	25.391304	-35.218273	0.12962246	-32.468494	-35.272354	170400	-1.5099843e-08	105.83145	-0.01104751	-13.151566	0.0059560933	0.0	133.6074182987213
284	-32.74532	7.042902	-19.687632	-47.27488	25.304348	-31.619827	0.42446497	-31.496185	-33.276333	171000	5.7220458e-08	49.574783	-0.014854443	-1.266861	0.008732966	0.0	133.96549105644226
285	-32.30065	10.317017	-19.73988	-63.68341	25.304348	-32.621296	0.14419435	-32.57111	-33.307125	171600	1.9192696e-07	100.97281	-0.014248201	-0.7097473	0.0070147794	0.0	134.32537007331848
286	-34.042473	8.890967	-16.479937	-45.897583	25.52174	-32.174927	0.46217424	-29.486822	-32.575336	172200	-1.1086464e-07	80.890144	-0.016059255	-3.3987045	0.007612443	0.0	134.68709754943848
287	-32.267147	9.668806	-17.857496	-52.600945	25.434782	-33.917095	0.10121507	-33.49493	-34.162113	172800	7.470449e-08	93.75732	-0.021042015	-2.3883972	0.009053617	0.0	135.03831148147583
288	-32.188446	9.74081	-19.578665	-59.64871	25.347826	-32.740723	0.13785897	-31.248713	-33.24426	173400	-9.179115e-08	91.18194	-0.017541526	-0.4594803	0.009712699	0.0	135.4098310470581
289	-34.59351	7.9688406	-20.279894	-47.38329	25.47826	-32.171402	0.15137693	-31.43925	-32.207577	174000	3.8544336e-08	67.7335	-0.02825538	-5.44944	0.009568837	0.0	135.77345037460327
290	-34.773438	7.471662	-16.120426	-47.17664	25.217392	-34.48612	0.10975406	-34.458664	-35.01452	174600	0.0	53.467545	-0.013301177	-0.118206024	0.0077233585	0.0	136.39692163467407
291	-31.617722	8.027445	-17.779284	-50.657757	25.347826	-34.74978	0.026546545	-34.740456	-34.86888	175200	1.1205673e-07	71.59941	-0.013594804	-9.310947	0.007844255	0.0	136.74710774421692
292	-29.946709	8.564874	-17.192883	-49.25009	25.347826	-31.740461	0.15538494	-30.987955	-31.777136	175800	7.6492626e-08	74.7266	-0.018383209	-2.937561	0.0069037303	0.0	137.0890452861786
293	-29.523748	7.92386	-17.312147	-45.608658	25.52174	-30.054502	0.06528181	-29.77293	-30.072983	176400	-1.1920929e-09	61.448105	-0.010548631	-0.28964615	0.009036945	0.0	137.44305086135864
294	-68.39171	159.03194	-21.127665	-830.1752	24.166666	-29.521439	0.03551483	-29.361141	-29.531258	177000	-6.039937e-08	1160.327	-0.034569334	-50.62036	0.00136107	0.0	137.8097162246704
295	-31.02803	8.593672	-17.132471	-47.448868	25.304348	-35.62233	0.4022583	-35.506126	-37.248283	177600	-1.5497207e-08	92.02305	-0.016916921	-19.295357	0.008221716	0.0	138.17368602752686
296	-30.542822	8.229684	-17.511925	-50.30793	25.26087	-31.74194	0.5000475	-31.60496	-34.191414	178200	-6.9936114e-08	66.96123	-0.012986624	-1.3442993	0.007328852	0.0	138.52006769180298
297	-29.800083	9.864569	-16.792963	-50.73464	25.47826	-30.691471	0.51265025	-30.532557	-33.202343	178800	5.9405963e-08	96.21382	-0.015470256	-0.7309265	0.0064674118	0.0	138.873215675354
298	-30.67484	7.4321475	-17.866468	-48.57959	25.173914	-29.849264	0.8211068	-27.890148	-32.53901	179400	-3.973643e-09	55.05115	-0.011476999	-0.7693138	0.0059321807	0.0	139.2193284034729
299	-33.24521	10.090216	-15.880055	-60.903652	25.47826	-30.588867	0.79237187	-28.677616	-32.997692	180000	-1.2119611e-07	104.80909	-0.027462972	-6.2899323	0.008770035	0.0	139.5977964401245
300	-32.528603	11.303968	-16.418234	-54.28845	25.173914	-32.853195	0.34593585	-32.765713	-34.547844	180600	-1.05102856e-07	123.02154	-0.010144234	-0.19446564	0.0056372336	0.0	140.30502796173096
301	-30.982916	8.436802	-15.744721	-46.74804	25.608696	-32.467407	0.33723247	-32.38075	-34.119408	181200	4.2319297e-08	72.19323	-0.013162604	-2.3213959	0.0072084824	0.0	140.65821647644043
302	-29.091019	7.7537193	-18.26445	-42.945118	25.47826	-31.047298	0.3644502	-30.941393	-32.832455	181800	8.791685e-09	62.37668	-0.008229191	-3.510044	0.0070613273	0.0	141.02165627479553
303	-30.573446	9.798798	-16.215067	-52.801888	25.304348	-29.290785	0.4000214	-29.144188	-31.249403	182400	5.0266582e-08	94.82199	-0.012671727	-1.5192032	0.0045463373	0.0	141.34319472312927
304	-29.460539	9.282926	-16.46412	-50.494965	25.26087	-30.442268	0.32672837	-30.341946	-32.04255	183000	-6.45717e-09	84.614105	-0.014709312	-0.9771271	0.0075261276	0.0	141.6942002773285
305	-34.00228	12.677808	-16.742325	-77.89031	25.391304	-29.511963	0.33191025	-29.397879	-31.137321	183600	6.635984e-08	170.05666	-0.016222304	-17.726913	0.0057638087	0.0	142.0244038105011
306	-31.436308	8.194791	-19.29604	-48.240276	25.608696	-33.41456	0.17195506	-33.379272	-34.256958	184200	5.4836274e-08	69.833374	-0.015814193	-3.8919373	0.005700945	0.0	142.35757493972778
307	-29.61076	8.423494	-17.994032	-47.98149	25.52174	-31.602549	0.21450578	-31.549387	-32.653366	184800	-1.4901161e-08	73.543274	-0.015114563	-3.810646	0.009051237	0.0	142.70894122123718
308	-32.78783	7.7989535	-19.862787	-50.36584	25.608696	-29.782991	0.2523124	-29.705286	-31.018785	185400	-1.647075e-07	68.4757	-0.0121889915	-8.606613	0.0068778843	0.0	143.06185913085938
309	-28.094568	8.46486	-17.383142	-47.066154	25.652174	-32.482487	0.1375904	-32.45302	-33.156536	186000	3.6557516e-08	89.55763	-0.013584533	-18.586685	0.009016844	0.0	143.3956401348114
310	-31.811295	8.422386	-16.24339	-52.563454	25.52174	-28.632618	0.24046546	-28.540405	-29.809856	186600	6.2783556e-08	78.795044	-0.0061377618	-9.299118	0.0039154226	0.0	144.04012298583984
311	-31.705103	9.196682	-18.294107	-45.247337	25.565218	-31.30512	0.13214569	-31.27251	-31.952475	187200	-7.271767e-08	82.50987	-0.016494516	-0.15921783	0.008861199	0.0	144.451753616333
312	-27.046143	7.933797	-15.227486	-40.44632	25.47826	-31.675657	0.10358214	-31.651054	-32.183094	187800	1.3291836e-07	82.60941	-0.012088998	-20.051273	0.005706822	0.0	144.82799124717712
313	-32.070374	8.827235	-16.559774	-55.85856	25.565218	-27.777122	0.19789529	-27.681011	-28.744999	188400	5.1458677e-08	92.08831	-0.013425373	-16.740585	0.009304665	0.0	145.19054889678955
314	-32.75591	11.050656	-16.748766	-60.760162	25.73913	-31.214443	0.08058491	-31.197285	-31.60923	189000	-1.66893e-07	122.06677	-0.025946094	-2.1096878	0.007605285	0.0	145.6755690574646
315	-29.142511	9.113453	-16.08584	-45.369392	25.695652	-32.486748	0.03867179	-32.47849	-32.676025	189600	-1.9868216e-09	93.18177	-0.011151619	-10.941277	0.008779161	0.0	146.02992033958435
316	-29.326092	6.9866276	-17.146698	-42.92193	25.47826	-29.693111	0.099977404	-29.662016	-30.182783	190200	6.834666e-08	47.95569	-0.018183934	-0.12605667	0.008617577	0.0	146.36604380607605
317	-33.00019	8.427098	-17.207567	-45.178566	25.391304	-29.365635	0.090672575	-29.33372	-29.809635	190800	2.3047129e-08	81.996735	-0.010766921	-12.147018	0.005265194	0.0	146.72120809555054
318	-30.523266	8.058268	-15.729083	-42.528656	25.47826	-32.328445	0.011110051	-32.32586	-32.382355	191400	-5.5829684e-08	66.73227	-0.009139131	-3.1388855	0.007422332	0.0	147.17297339439392
319	-28.190113	7.1269546	-15.452522	-39.746494	25.434782	-30.841871	0.040402334	-30.831308	-31.03979	192000	-1.4384588e-07	56.465405	-0.011101939	-6.5187645	0.007569566	0.0	147.51236128807068
320	-30.59992	7.6499906	-18.575087	-48.83764	25.304348	-28.641233	0.07762424	-28.606369	-29.021034	192600	-1.3589859e-07	60.341263	-0.012068298	-3.366665	0.008421729	0.0	148.2378010749817
321	-32.423096	6.9733925	-20.937956	-46.29695	25.347826	-30.203497	0.032685414	-30.177347	-30.363493	193200	1.8502276e-07	51.810665	-0.01124242	-4.457714	0.006294762	1.0	148.5948941707611
322	-27.679266	6.686968	-17.593794	-40.16888	25.347826	-32.047043	0.0068427436	-32.014713	-32.057255	193800	5.6028366e-08	62.32621	-0.0057006567	-17.681366	0.0071092923	0.0	148.94855880737305
323	-29.839104	7.396014	-17.93249	-42.732212	25.434782	-28.494701	0.055560477	-28.4691	-28.766514	194400	-1.8676122e-08	55.354244	-0.005168298	-1.6575737	0.006229315	0.0	149.2978823184967
324	-32.24036	8.690214	-16.745281	-49.319984	25.565218	-29.558632	0.025510255	-29.547028	-29.683449	195000	-4.649162e-08	81.46235	-0.021756424	-6.6795654	0.0075336164	0.0	149.66880655288696
325	-29.854895	7.408409	-18.73909	-40.687244	25.434782	-31.77945	0.013906297	-31.711586	-31.788269	195600	1.1483828e-07	57.251564	-0.006781729	-3.4728737	0.008416312	0.0	150.02347016334534
326	-34.42209	8.65106	-21.358686	-47.22949	25.391304	-30.195728	0.012700055	-30.19027	-30.257881	196200	-8.642673e-09	90.17694	-0.020239541	-16.19802	0.009696718	0.0	150.38206028938293
327	-31.88339	6.8931665	-20.310379	-43.339718	25.608696	-33.58075	0.032040752	-33.425617	-33.611134	196800	-9.139379e-08	49.302155	-0.015793901	-2.838646	0.009013378	0.0	150.74131846427917
328	-30.878675	7.6001225	-16.70304	-44.879555	25.52174	-32.185757	0.0047661625	-32.16369	-32.194305	197400	-6.357829e-08	58.366135	-0.008142338	-1.6375084	0.00879959	0.0	151.0938024520874
329	-33.839256	9.5030575	-19.352757	-54.904934	25.608696	-31.073555	0.011411243	-31.071154	-31.12944	198000	-3.2981237e-08	95.03716	-0.010984715	-6.9152603	0.00635429	1.0	151.46824884414673
330	-33.92045	8.325111	-16.116198	-44.776062	25.347826	-33.3228	0.015861573	-33.247196	-33.34388	198600	-4.331271e-08	68.20281	-0.020640366	-0.30549622	0.0095826555	0.0	152.15071535110474
331	-31.202778	7.048866	-19.687225	-49.267857	25.652174	-33.82272	0.016719248	-33.7452	-33.852375	199200	5.8809917e-08	55.73489	-0.014464111	-6.3910637	0.006601086	1.0	152.51349020004272
332	-29.473993	8.004264	-15.847968	-48.08932	25.652174	-31.622595	0.012571429	-31.61991	-31.684128	199800	7.688999e-08	67.98474	-0.009704683	-4.4272537	0.0070846733	0.0	152.88275361061096
333	-28.513237	8.386032	-16.820202	-46.16103	25.52174	-29.764336	0.030074997	-29.75245	-29.911554	200400	-7.7486035e-08	69.71361	-0.013264313	-1.5212479	0.0066063306	1.0	153.2312490940094
334	-27.008484	7.988176	-17.409472	-42.945778	25.608696	-28.661263	0.03376235	-28.642378	-28.826225	201000	5.543232e-08	65.293526	-0.01638283	-2.6727753	0.00878551	0.0	153.57365036010742
335	-26.681667	8.596482	-16.178415	-46.29482	25.347826	-27.195953	0.039599948	-27.15928	-27.38782	201600	-4.7783058e-08	72.04301	-0.008605072	-0.26766968	0.0051688235	0.0	153.91803216934204
336	-31.976597	8.68938	-15.432514	-46.079277	25.391304	-26.720716	0.032614898	-26.675117	-26.875616	202200	3.0001004e-08	100.04175	-0.0143450685	-25.518364	0.007862974	0.0	154.26372361183167
337	-32.703617	7.1379566	-20.51966	-49.356037	25.47826	-31.115976	0.005588958	-31.089012	-31.12185	202800	-1.4305114e-08	51.75532	-0.01672986	-2.2666092	0.009128922	0.0	154.63034176826477
338	-29.646221	9.63689	-16.34201	-53.801525	25.391304	-32.46299	0.011070084	-32.410282	-32.477936	203400	-3.774961e-09	98.66495	-0.015590473	-7.5124664	0.009325356	0.0	155.01087856292725
339	-28.988398	8.000503	-17.623825	-53.577457	25.47826	-30.081694	0.007982683	-30.080038	-30.120794	204000	-7.828077e-08	64.24971	-0.01514696	-1.0732574	0.009602271	0.0	155.37493181228638
340	-31.929863	9.435966	-17.885555	-49.976067	25.26087	-29.15121	0.009113102	-29.146784	-29.195782	204600	9.179115e-08	93.735405	-0.01777846	-6.876663	0.0065915873	0.0	156.030287027359
341	-31.008877	6.558574	-19.58952	-45.10565	25.217392	-31.45666	0.0012829187	-31.453354	-31.46214	205200	4.708767e-08	41.735146	-0.011623176	-0.17250443	0.008239444	0.0	156.39569640159607
342	-33.598846	8.406231	-18.865393	-48.01014	25.26087	-31.101475	0.0009210003	-31.101202	-31.10511	205800	-2.1199385e-07	74.4848	-0.0057465388	-5.7763367	0.0069073606	0.0	156.74057126045227
343	-32.245525	9.078829	-16.942894	-52.640194	25.52174	-33.24622	0.009493755	-33.203365	-33.266068	206400	9.536743e-09	81.03482	-0.012186336	-1.0927429	0.006940061	0.0	157.09527683258057
344	-32.34676	7.67578	-20.157057	-44.157978	25.52174	-32.31552	0.00383166	-32.314434	-32.331898	207000	-2.4239222e-08	57.55406	-0.022118207	-0.00078201294	0.007945204	0.0	157.4472315311432
345	-31.30803	8.129808	-16.3934	-49.175323	25.217392	-32.336544	0.0033637346	-32.335567	-32.350124	207600	-6.079674e-08	64.87817	-0.010561018	-1.0297165	0.006670564	0.0	157.79686379432678
346	-32.901154	8.33257	-18.02196	-52.581814	25.347826	-31.399153	0.0071832994	-31.397497	-31.434057	208200	-8.145968e-08	69.76558	-0.019476026	-2.2921906	0.008881189	0.0	158.14762783050537
347	-31.922812	7.5033164	-19.50654	-45.606133	25.391304	-32.804974	0.0054117334	-32.780975	-32.81723	208800	2.0662943e-08	55.397278	-0.009244613	-0.7224846	0.008472611	0.0	158.49879240989685
348	-32.683624	9.164218	-17.930124	-50.44688	25.26087	-32.010582	0.001461566	-32.006454	-32.0166	209400	-3.4769375e-08	81.03026	-0.013492251	-0.32925415	0.008998961	0.0	158.8547887802124
349	-31.608244	9.179494	-18.219278	-47.989304	25.434782	-32.553257	0.003715583	-32.55219	-32.56865	210000	6.934007e-08	82.69798	-0.014559489	-0.9783249	0.0066086818	1.0	159.2113552093506
350	-32.168446	8.981575	-19.15497	-60.028004	25.391304	-31.606735	0.011603161	-31.604143	-31.663334	210600	-1.3748804e-07	76.83987	-0.010634066	-0.24370575	0.0086244205	0.0	159.86903071403503
351	-29.795574	10.148218	-15.471294	-65.00921	25.47826	-32.08268	0.0096460655	-32.080376	-32.12922	211200	1.5497207e-07	104.725426	-0.022738824	-5.1410904	0.00942053	0.0	160.21422791481018
352	-31.985405	9.905961	-19.181896	-54.034298	25.304348	-29.892057	0.016471783	-29.888506	-29.972752	211800	-1.8080076e-08	98.85569	-0.014908395	-3.9402466	0.009694087	0.0	160.55056643486023
353	-30.371365	8.359853	-15.9887295	-45.933792	25.304348	-31.808294	0.009272911	-31.806135	-31.853258	212400	3.536542e-08	69.7896	-0.02472223	-2.0785522	0.008099657	0.0	160.8943750858307
354	-34.12538	8.436962	-20.920702	-50.825157	25.52174	-30.410635	0.012332836	-30.408049	-30.471035	213000	-1.10467276e-07	83.699005	-0.01900881	-13.488754	0.008710825	0.0	161.25515842437744
355	-32.894814	8.427444	-18.192453	-53.920094	25.695652	-33.91845	0.07616621	-33.898773	-34.81994	213600	-7.2320304e-08	70.43166	-0.016075768	-1.003418	0.006923348	1.0	161.6091272830963
356	-33.95923	11.2867365	-17.941599	-59.088814	25.565218	-32.972336	0.0018525879	-32.971924	-32.981384	214200	-6.079674e-08	125.110756	-0.022792252	-0.8455734	0.007566361	0.0	161.9532928466797
357	-32.06575	8.236082	-20.650047	-52.52476	25.434782	-33.85965	0.004432346	-33.858406	-33.87894	214800	5.7021776e-08	69.60354	-0.018944785	-3.1425858	0.0066238977	1.0	162.32521557807922
358	-29.780422	8.525376	-17.199205	-46.37425	25.47826	-32.141857	0.0060115587	-32.14047	-32.17105	215400	-7.947286e-09	76.140915	-0.011330523	-5.474228	0.008584643	0.0	162.68829917907715
359	-34.205322	9.056514	-15.705202	-54.26016	25.434782	-29.874695	0.007054666	-29.871563	-29.909216	216000	-9.8546344e-08	97.28844	-0.009371603	-17.385887	0.0071032057	0.0	163.06347846984863
360	-29.130342	8.412418	-16.4354	-44.4128	25.52174	-33.798992	0.0119782295	-33.796005	-33.856037	216600	1.5894572e-09	90.65084	-0.010946347	-21.19992	0.008649958	0.0	163.75524187088013
361	-26.603699	7.5827103	-17.338505	-43.7548	25.652174	-29.636217	0.0039621606	-29.632338	-29.655382	217200	4.152457e-08	65.812775	-0.017131958	-8.864872	0.009404696	0.0	164.1474335193634
362	-30.116104	7.195967	-18.85283	-41.618805	25.565218	-26.93936	0.009581223	-26.895535	-26.942064	217800	-2.48154e-07	60.347565	-0.0142451925	-9.239376	0.0065837386	1.0	164.49921298027039
363	-30.344275	7.977106	-18.659685	-43.82663	25.608696	-29.632803	0.014817526	-29.628597	-29.705383	218400	-2.682209e-08	62.839237	-0.00849541	-0.41132736	0.0049101957	0.0	164.87724781036377
364	-31.563442	8.70575	-15.474069	-44.418682	25.565218	-30.22679	0.0145910075	-30.223526	-30.298271	219000	1.0212263e-07	76.4512	-0.01429241	-1.5893478	0.008796967	0.0	165.24996542930603
365	-32.411102	7.6909842	-16.893515	-41.925816	25.47826	-31.375507	0.0153533155	-31.372307	-31.45071	219600	-7.192294e-08	58.999584	-0.019810423	-0.917202	0.008851781	0.0	165.60161781311035
366	-30.834318	6.4363422	-20.0069	-40.191246	25.47826	-32.261288	0.01495131	-32.258095	-32.33447	220200	1.5894572e-09	42.53105	-0.011007512	-2.0326843	0.009943426	0.0	165.9360797405243
367	-31.428865	9.265508	-16.839014	-47.51105	25.608696	-30.942825	0.008257384	-30.941093	-30.983269	220800	-1.8755595e-07	84.938774	-0.02117091	-0.17537689	0.009918841	0.0	166.2820107936859
368	-31.415339	8.042547	-18.31529	-46.51084	25.347826	-31.33084	0.010774873	-31.328566	-31.383604	221400	-2.8014183e-08	63.033554	-0.018811181	-0.0068626404	0.00844184	0.0	166.62414693832397
369	-28.879835	6.588082	-17.95817	-40.6127	25.565218	-31.41015	0.00635458	-31.408773	-31.441235	222000	-9.8546344e-08	48.61537	-0.010824294	-6.259472	0.007838702	0.0	166.98223686218262
370	-30.63042	6.114419	-18.23508	-41.527378	25.652174	-29.041798	0.0029482348	-29.02744	-29.0426	222600	9.3579295e-08	39.256016	-0.015234041	-2.3661842	0.0093634175	0.0	167.6612229347229
371	-30.228134	13.093873	-16.074507	-82.881546	25.608696	-30.498825	0.007015631	-30.497366	-30.53319	223200	1.6490619e-08	170.53067	-0.014370388	-0.093948364	0.006473148	0.0	168.0214695930481
372	-31.852442	7.2324853	-19.251661	-46.839443	25.695652	-30.207533	0.0061298036	-30.206268	-30.237562	223800	8.1857046e-08	53.783157	-0.0051147332	-2.7203255	0.008645558	1.0	168.37339639663696
373	-34.821068	8.051306	-19.452023	-52.24186	25.608696	-31.797916	0.005030498	-31.796787	-31.82245	224400	1.3510387e-08	72.79308	-0.016709834	-8.504005	0.009552353	0.0	168.732488155365
374	-36.033623	9.227063	-19.805143	-55.61839	25.391304	-34.59326	0.0121973725	-34.58992	-34.6477	225000	2.682209e-08	84.46981	-0.017623635	-1.8222961	0.009961954	0.0	169.07446885108948
375	-29.812555	7.222393	-17.743929	-47.068794	25.47826	-35.89128	0.027851308	-35.883583	-36.01418	225600	-1.4702479e-07	87.38654	-0.010482476	-35.30371	0.0065940833	0.0	169.40617322921753
376	-31.336315	8.965538	-17.30519	-50.33296	25.434782	-30.522955	0.010713928	-30.470535	-30.525373	226200	-9.059906e-08	79.23413	-0.0039964076	-0.6294174	0.0067718267	0.0	169.7627775669098
377	-30.905987	7.708537	-16.71376	-45.37562	25.52174	-31.213737	0.00043579427	-31.211744	-31.214579	226800	3.576279e-08	58.21186	-0.023713434	-0.097408295	0.00757741	0.0	170.12664461135864
378	-32.965073	8.217498	-20.912441	-49.658905	25.608696	-30.932539	0.00094361533	-30.92845	-30.932941	227400	8.742015e-08	69.90037	-0.011832928	-3.7576065	0.009293331	0.0	170.47989082336426
379	-31.574368	6.038152	-20.634815	-41.75165	25.695652	-32.716175	0.013023635	-32.71246	-32.77997	228000	-1.347065e-07	36.889782	-0.007134996	-1.2705765	0.006840218	0.0	170.8314983844757
380	-31.941473	10.071842	-19.013805	-53.870167	25.608696	-31.67603	0.0033794446	-31.673828	-31.692513	228600	-1.05897584e-07	99.22083	-0.014470924	-0.031982422	0.0077819927	1.0	171.50912976264954
381	-32.322678	8.423629	-17.700703	-49.20648	25.565218	-31.840069	0.0099613005	-31.8367	-31.88885	229200	4.529953e-08	70.47531	-0.008170603	-0.27983093	0.009976352	0.0	171.86109948158264
382	-30.856228	8.901451	-19.143826	-47.520313	25.608696	-32.342888	0.0030846393	-32.341087	-32.357952	229800	6.357829e-08	80.06086	-0.007281631	-2.044159	0.009446844	0.0	172.21559166908264
383	-32.545074	8.612545	-16.754131	-45.92157	25.434782	-30.976612	0.008484308	-30.93509	-30.978638	230400	8.940697e-09	75.01677	-0.015483188	-2.3059006	0.0088874195	0.0	172.55525016784668
384	-30.50362	7.7568245	-18.698881	-43.484356	25.434782	-32.43365	0.0051294114	-32.43152	-32.45875	231000	-8.642674e-08	62.106693	-0.012483682	-3.5795822	0.0093999915	0.0	172.90804386138916
385	-31.101217	8.149199	-16.07011	-44.210335	25.347826	-30.613697	0.006431892	-30.582256	-30.61532	231600	6.000201e-08	64.78682	-0.017274763	-0.26934052	0.009950601	0.0	173.29427480697632
386	-32.56189	10.935531	-16.437483	-59.897102	25.47826	-31.115133	0.0037477198	-31.096857	-31.11616	232200	2.9007595e-08	116.215935	-0.018665968	-1.8582764	0.0071776914	1.0	173.6526050567627
387	-31.867262	8.529661	-18.761246	-52.627483	25.565218	-32.44731	0.009130687	-32.44446	-32.49203	232800	1.39077505e-08	71.83148	-0.0057328986	-0.26194763	0.007994704	0.0	174.000324010849
388	-36.29888	11.734782	-21.45091	-80.72386	25.391304	-31.944834	0.003171043	-31.929352	-31.945683	233400	-3.4769375e-08	142.99307	-0.02178519	-16.445068	0.008558989	0.0	174.36788892745972
389	-35.873142	9.057669	-17.33284	-57.561607	25.434782	-35.841843	0.025730707	-35.836586	-35.9679	234000	2.324581e-08	79.94402	-0.009440903	-0.017028809	0.008373744	0.0	174.72120594978333
390	-32.17487	10.04628	-17.75708	-52.552547	25.565218	-35.969463	0.007844002	-35.967854	-36.00789	234600	6.635984e-08	112.86901	-0.0071543898	-13.831825	0.006680945	0.0	175.39006090164185
391	-31.621006	7.6330066	-19.265997	-47.375404	25.52174	-32.43538	0.006018732	-32.405903	-32.436737	235200	4.1325887e-08	57.61843	-0.016905343	-0.54112625	0.0069128997	1.0	175.75345587730408
392	-31.341686	10.191215	-16.938183	-53.594727	25.434782	-31.72395	0.011633532	-31.66697	-31.726488	235800	5.801519e-08	101.469574	-0.015439886	-0.113090515	0.0098687	0.0	176.1085662841797
393	-33.96913	7.5889897	-20.388565	-47.62561	25.565218	-31.398079	0.011438123	-31.342062	-31.400572	236400	5.5631e-09	63.346485	-0.011450191	-6.5030212	0.0075163506	0.0	176.43824005126953
394	-32.696327	8.127087	-20.591084	-48.486145	25.434782	-33.85341	0.003129997	-33.85238	-33.868736	237000	-1.9073486e-08	65.882996	-0.008772465	-1.2353897	0.0073648468	1.0	176.7908420562744
395	-29.0075	9.721442	-15.71321	-46.861042	25.434782	-32.780376	0.0053896606	-32.753986	-32.781628	237600	-5.8611235e-08	105.749435	-0.01760436	-13.143501	0.008139294	0.0	177.151784658432
396	-29.515408	6.8964076	-17.853926	-40.613144	25.652174	-29.32459	0.03112051	-29.172213	-29.331228	238200	1.7881393e-09	46.720287	-0.010463458	-0.050632477	0.009537971	0.0	177.51081705093384
397	-31.538939	9.983438	-15.609711	-53.210667	25.565218	-29.533083	0.0153415715	-29.458038	-29.536484	238800	1.2715658e-08	101.986404	-0.008588028	-4.076515	0.0071717184	1.0	177.88208866119385
398	-30.767048	8.324789	-17.002771	-47.796776	25.652174	-31.475567	0.00022533227	-31.474491	-31.475721	239400	-4.6094257e-08	68.66128	-0.013441261	-0.42147064	0.00781263	0.0	178.25529432296753
399	-31.176682	7.6705484	-16.000893	-50.131824	25.434782	-30.848993	0.008899524	-30.805424	-30.850958	240000	1.4702479e-08	57.600716	-0.0033735295	-0.12601471	0.0070938445	0.0	178.60639429092407
400	-31.862955	10.054998	-17.635084	-53.211926	25.304348	-31.195456	0.0057035876	-31.167547	-31.19675	240600	1.4305114e-08	97.72126	-0.011536199	-0.34723663	0.0064848447	1.0	179.2998116016388
401	-32.81455	8.514577	-16.339853	-49.30914	25.217392	-31.776552	0.0065468876	-31.774298	-31.808613	241200	1.4702479e-08	71.03246	-0.012861364	-0.87028503	0.008309295	0.0	179.6574251651764
402	-32.4469	9.532158	-20.45183	-54.981102	25.652174	-32.702034	0.015244491	-32.698456	-32.776714	241800	5.165736e-08	89.78044	-0.012652579	-0.05319214	0.008599967	0.0	180.0136947631836
403	-32.400234	9.03654	-15.981554	-50.14235	25.608696	-32.47263	0.0044827936	-32.471153	-32.494583	242400	-9.660919e-09	80.30327	-0.009726439	-0.00038146973	0.0060669486	1.0	180.36500549316406
404	-35.086823	8.124985	-19.693005	-50.005	25.608696	-32.479492	0.006729957	-32.446526	-32.480995	243000	2.404054e-08	71.30767	-0.013169659	-6.6201935	0.007962083	0.0	180.70452666282654
405	-35.36274	9.464466	-18.507402	-55.567818	25.391304	-35.05136	0.0021473453	-35.050915	-35.06188	243600	-1.1722247e-08	86.67151	-0.009926059	-0.113845825	0.008486064	0.0	181.0507833957672
406	-31.15559	10.8597	-15.151529	-49.997295	25.347826	-35.39066	0.0024293798	-35.378757	-35.39135	244200	-3.317992e-08	130.83101	-0.016800733	-16.20774	0.0071204416	1.0	181.39934158325195
407	-32.298424	9.572101	-16.115889	-47.78676	25.304348	-31.431116	0.028877301	-31.289654	-31.437239	244800	4.8478444e-08	89.39807	-0.015167762	-0.8091278	0.0067269215	1.0	181.7521312236786
408	-34.00707	9.604236	-17.821554	-51.260834	25.347826	-32.316933	0.012545917	-32.255478	-32.31969	245400	-1.4404456e-07	91.787445	-0.016689528	-2.7983704	0.007842348	0.0	182.10603141784668
409	-31.153444	8.327335	-18.484758	-47.16375	25.52174	-33.97367	0.0011975893	-33.967808	-33.974033	246000	5.6624412e-08	75.703865	-0.011129103	-7.2671356	0.008055861	0.0	182.46065020561218
410	-31.231071	7.99216	-17.546669	-51.946526	25.52174	-31.322239	0.019291053	-31.227747	-31.326338	246600	2.582868e-08	62.35478	-0.009181883	-0.008449554	0.0077076238	0.0	183.145934343338
411	-30.09206	8.8375	-16.262417	-44.64172	25.304348	-31.231419	0.008309627	-31.190746	-31.233286	247200	1.5894573e-08	76.746574	-0.01808044	-1.2237549	0.00796828	1.0	183.51222610473633
412	-31.086794	7.665117	-19.436016	-49.375797	25.391304	-30.130163	0.010442269	-30.079193	-30.13256	247800	1.1920929e-08	58.16791	-0.00636696	-0.8985939	0.0068713077	0.0	183.87418484687805
413	-29.993668	8.445856	-17.016308	-45.421257	25.47826	-31.078176	0.0003430276	-31.076582	-31.078764	248400	1.4623006e-07	71.026405	-0.011850215	-0.989975	0.0065656886	1.0	184.20394921302795
414	-31.113192	8.729109	-18.922916	-45.940018	25.695652	-30.078815	0.013088389	-30.014832	-30.081753	249000	3.973643e-08	76.185524	-0.01571639	-0.9623871	0.0084021585	0.0	184.56689381599426
415	-35.15466	10.458658	-23.200605	-63.59643	25.695652	-31.067783	0.0034738602	-31.065712	-31.084743	249600	-9.536743e-09	122.59487	-0.021788832	-15.738922	0.0066033388	0.0	184.93321251869202
416	-31.998814	10.346959	-15.459436	-52.857788	25.652174	-34.988842	0.018520696	-34.985046	-35.079575	250200	-3.3775966e-09	112.81935	-0.012001649	-8.164337	0.007984816	0.0	185.29215145111084
417	-28.086502	7.869732	-18.181332	-44.311172	25.26087	-32.194603	0.006259495	-32.163944	-32.19594	250800	-4.4057767e-08	76.19028	-0.011439136	-15.302479	0.0054954076	0.0	185.64558267593384
418	-28.17494	5.220151	-17.574345	-42.042706	25.565218	-28.444613	0.03959042	-28.25146	-28.45343	251400	-1.1920929e-09	26.745792	-0.006732177	-0.06326866	0.0050184936	0.0	185.98571181297302
419	-34.380875	7.668786	-20.04155	-44.980804	25.47826	-28.198711	0.021301856	-28.10203	-28.204458	252000	3.7352244e-08	95.58729	-0.010076293	-36.95841	0.005838421	0.0	186.3378131389618
420	-34.36977	7.4745917	-23.248707	-50.881832	25.434782	-33.68952	0.017958567	-33.685833	-33.7775	252600	-7.4505806e-08	55.42121	-0.009325102	-0.4946289	0.005986949	2.0	187.05456376075745
421	-34.11898	9.91184	-16.962833	-53.99223	25.652174	-34.353657	0.008465608	-34.351902	-34.395126	253200	-1.0331472e-08	97.32905	-0.012160233	-0.014579773	0.0077743586	0.0	187.42116332054138
422	-31.419304	7.8223324	-17.243484	-44.046078	25.434782	-34.24694	0.004037473	-34.227165	-34.248325	253800	-4.3710074e-08	67.44622	-0.005863491	-7.7259064	0.006752418	0.0	187.7793378829956
423	-32.791046	10.1043415	-15.664194	-51.14571	25.608696	-31.70616	0.013317739	-31.640919	-31.709127	254400	4.9372513e-08	101.59001	-0.0036785158	-1.3765488	0.0048967507	0.0	188.12475109100342
424	-32.539154	7.928075	-16.998896	-47.07057	25.565218	-32.775566	0.009800849	-32.72755	-32.77788	255000	-1.9868216e-09	61.499935	-0.0068349806	-0.05613327	0.0064784735	0.0	188.47949862480164
425	-37.3849	6.088865	-22.229229	-47.131752	25.52174	-32.55947	0.0070582023	-32.524895	-32.56121	255600	-6.5068406e-08	59.39444	-0.014329818	-22.393208	0.0064247507	1.0	188.8372459411621
426	-35.174046	10.542281	-21.559559	-67.174065	25.52174	-36.821125	0.009062313	-36.81921	-36.865498	256200	5.284945e-08	109.33548	-0.013042067	-2.8973541	0.006578141	1.0	189.1870150566101
427	-32.33534	9.077593	-19.010912	-49.041565	25.52174	-35.31103	0.008741366	-35.30922	-35.35385	256800	3.774961e-09	89.11715	-0.018881308	-8.17926	0.009163344	0.0	189.53753304481506
428	-33.529686	10.869749	-16.608648	-58.523613	25.608696	-32.73402	0.0075655403	-32.696957	-32.735775	257400	-5.5233638e-08	115.24928	-0.018012062	-0.5145569	0.0064315866	1.0	189.91479444503784
429	-30.384636	7.471079	-18.248783	-44.07911	25.652174	-33.37112	0.004072571	-33.370274	-33.391068	258000	4.5696895e-09	63.12089	-0.009424793	-8.592381	0.006435546	1.0	190.26582598686218
430	-30.210424	6.6530094	-17.594383	-42.101982	25.47826	-30.729252	0.0124456	-30.668283	-30.731882	258600	-9.040038e-08	43.771927	-0.0120504545	-0.24261856	0.008698191	0.0	190.96710562705994
431	-31.01897	7.082932	-16.284101	-42.09185	25.652174	-30.266426	0.010651105	-30.214249	-30.268665	259200	1.0967255e-07	49.907845	-0.015752489	-0.57320404	0.00835109	0.0	191.33265829086304
432	-30.7398	8.166107	-16.300642	-43.868595	25.434782	-30.963945	0.0019454134	-30.954412	-30.964441	259800	9.536743e-09	65.332375	-0.00851849	-0.06492615	0.005207527	0.0	191.68903946876526
433	-33.66726	9.939216	-16.030392	-51.98614	25.47826	-30.7286	0.0002536313	-30.728544	-30.72984	260400	-5.761782e-08	106.69629	-0.011199829	-8.983864	0.0070348503	1.0	192.04703521728516
434	-33.241867	10.027032	-19.658728	-55.688988	25.608696	-33.509045	0.0068067955	-33.50764	-33.54239	261000	4.7683715e-09	100.29625	-0.008936153	-0.03540039	0.0066197147	1.0	192.41025114059448
435	-29.909674	6.8674164	-19.983883	-48.19946	25.652174	-33.342617	0.0050811265	-33.317726	-33.343895	261600	-1.3291836e-07	58.250366	-0.024957271	-11.168335	0.0067518894	1.0	192.75561809539795
436	-33.316067	9.531589	-20.235285	-63.00812	25.47826	-30.244701	0.02621823	-30.116259	-30.250189	262200	-4.529953e-08	97.17573	-0.015531561	-8.65715	0.0073488886	0.0	193.12287640571594
437	-31.207844	6.7684846	-18.360842	-41.04279	25.608696	-32.933617	0.01057923	-32.931446	-32.985443	262800	-9.536743e-09	47.828125	-0.008328458	-2.7137108	0.008050778	0.0	193.4984495639801
438	-30.311922	7.9590693	-17.181091	-46.07613	25.434782	-31.426998	0.005585291	-31.399637	-31.428228	263400	-2.8610229e-08	63.1306	-0.012430469	-1.1501846	0.0075955694	0.0	193.86304235458374
439	-35.363514	7.8653426	-24.443499	-51.717915	25.869566	-30.422705	0.011356452	-30.36707	-30.425074	264000	-4.440546e-08	85.45017	-0.006739243	-24.114456	0.004080404	0.0	194.22077083587646
440	-30.837824	7.088996	-20.432941	-43.456165	25.434782	-34.822212	0.089402445	-34.816257	-36.99267	264600	1.5676022e-07	64.51302	-0.023471871	-15.047302	0.008662426	0.0	194.97546982765198
441	-33.5779	7.883074	-19.07103	-54.010277	25.73913	-30.850908	0.44543	-30.271858	-32.66547	265200	8.145968e-09	69.28796	-0.015898785	-6.9609375	0.006447478	1.0	195.3123095035553
442	-28.949457	8.153746	-18.05765	-49.61398	25.695652	-32.882156	0.3723167	-32.60883	-34.782646	265800	4.4902166e-08	80.904816	-0.008203624	-14.887703	0.007242565	0.0	195.6826388835907
443	-30.370268	7.8918033	-18.853125	-45.34127	25.652174	-29.39407	0.30469736	-28.242668	-30.813456	266400	1.8676122e-08	62.512344	-0.008214166	-0.9829178	0.007490907	0.0	196.03593969345093
444	-29.787352	9.301475	-16.959143	-50.19728	25.52174	-30.208727	0.163126	-29.260283	-30.74698	267000	3.6756198e-09	85.055534	-0.010615483	-0.23861694	0.0065835053	1.0	196.38724279403687
445	-28.666424	8.854233	-15.673644	-45.30743	25.652174	-29.811068	0.26434314	-27.86032	-30.630928	267600	1.02917355e-07	78.76395	-0.008515754	-1.4642868	0.009483191	0.0	196.74714303016663
446	-31.22695	8.964643	-18.354597	-46.32379	25.695652	-28.865967	0.11384115	-28.353647	-28.905159	268200	1.0331472e-08	84.93844	-0.010286963	-5.4571304	0.0076664416	0.0	197.09374856948853
447	-35.284447	7.6343694	-18.068	-44.323215	25.47826	-30.95804	0.07557066	-30.913084	-31.299536	268800	3.059705e-08	74.80444	-0.009186803	-17.156956	0.0089559425	0.0	197.4482753276825
448	-27.564894	7.954495	-16.394527	-46.12635	25.652174	-34.72896	0.5224074	-34.558296	-36.64496	269400	-1.5099843e-08	112.43405	-0.004388298	-49.80922	0.007329914	1.0	197.80768418312073
449	-29.387194	8.232364	-16.32679	-44.02251	25.52174	-27.676708	0.32989937	-27.471159	-29.286924	270000	-5.4041546e-08	69.58203	-0.006358583	-2.8122406	0.005177112	0.0	198.16764307022095
450	-31.496593	6.572253	-15.835861	-43.605423	25.652174	-29.04	0.13540223	-28.995708	-29.703123	270600	5.5233638e-08	48.355587	-0.006764428	-5.6382446	0.0032620628	0.0	198.89991664886475
451	-31.169455	8.008871	-18.0198	-44.39747	25.52174	-31.04161	0.08041714	-31.022867	-31.435116	271200	6.5068406e-08	63.106186	-0.011674641	-0.06532669	0.008330491	0.0	199.2462182044983
452	-30.558487	8.547972	-19.496153	-53.373123	25.695652	-31.260202	0.012635337	-31.2554	-31.319529	271800	4.61936e-08	72.75098	-0.020101232	-0.41066742	0.0082574785	0.0	199.6033742427826
453	-29.572409	8.888659	-16.970354	-53.999683	25.608696	-30.707636	0.01567977	-30.631182	-30.718245	272400	-1.1523564e-08	79.40305	-0.014681927	-1.0425034	0.009751003	0.0	199.95566272735596
454	-29.633717	8.051803	-16.73933	-46.420616	25.52174	-29.809753	0.035958037	-29.633957	-29.817593	273000	-4.549821e-08	63.871704	-0.011241589	-0.032577515	0.006538115	1.0	200.32271647453308
455	-31.199627	8.656712	-15.7975025	-49.351418	25.52174	-29.64747	0.010772504	-29.596539	-29.650213	273600	-7.56979e-08	75.07774	-0.010678197	-2.229622	0.0068868636	1.0	200.6849718093872
456	-31.32331	8.539033	-16.638876	-53.593563	25.565218	-30.985209	0.02690063	-30.978891	-31.116436	274200	-3.6358834e-08	71.614716	-0.008700627	-0.07080841	0.009195611	0.0	201.03376936912537
457	-33.68294	9.412487	-17.237253	-61.320248	25.391304	-31.233679	0.0192828	-31.227547	-31.326647	274800	9.099642e-08	91.473785	-0.017731436	-5.796936	0.009623373	0.0	201.37818002700806
458	-32.990326	9.1780615	-16.142992	-47.85366	25.434782	-33.423164	0.03564351	-33.41383	-33.590584	275400	-1.2477238e-07	82.233055	-0.014779189	-0.21943665	0.006911489	0.0	201.73260831832886
459	-33.234547	7.610768	-17.087027	-47.950092	25.52174	-33.00269	0.0117372535	-32.997902	-33.043118	276000	-3.417333e-08	56.61436	-0.014397074	-0.0866127	0.008890658	0.0	202.07820415496826
460	-29.641613	9.405817	-17.134605	-46.971203	25.652174	-33.273487	0.00934089	-33.254536	-33.31589	276600	4.1921933e-08	99.34919	-0.0138284275	-12.60881	0.009901773	0.0	202.79027557373047
461	-30.070307	10.060199	-16.75145	-58.467022	25.391304	-30.01476	0.051442355	-29.763073	-30.025824	277200	-1.05897584e-07	99.465935	-0.029835468	-0.01763153	0.008688187	0.0	203.14543175697327
462	-30.425991	9.477943	-15.672853	-49.140533	25.47826	-30.121439	0.016904252	-30.039465	-30.12539	277800	7.301569e-08	88.237595	-0.007478018	-0.08969116	0.0068167686	0.0	203.49249577522278
463	-33.359207	8.072405	-18.039663	-46.507755	25.347826	-30.403112	0.0012952052	-30.39736	-30.405943	278400	1.1603038e-07	71.2624	-0.0109879635	-8.087795	0.008778399	0.0	203.8498191833496
464	-27.779745	7.3154626	-16.22459	-47.307404	25.47826	-33.05695	0.03945222	-33.046154	-33.24662	279000	1.2656052e-07	78.90618	-0.0070088524	-25.516258	0.009396407	0.0	204.2049102783203
465	-32.606396	8.4593115	-20.411346	-48.719967	25.52174	-28.55185	0.065026216	-28.242466	-28.568115	279600	2.503395e-08	86.16905	-0.007868128	-15.673744	0.009777287	0.0	204.54533314704895
466	-33.59771	9.125876	-19.921423	-52.6158	25.608696	-31.964563	0.024931304	-31.957176	-32.08444	280200	-2.3543835e-08	85.82355	-0.009356813	-3.0531693	0.0066415435	1.0	204.89434695243835
467	-30.174534	9.08472	-16.995365	-47.966343	25.47826	-33.51543	0.008554191	-33.433422	-33.554962	280800	1.223882e-07	90.47675	-0.008016207	-10.108765	0.0072819884	0.0	205.23580312728882
468	-31.217224	7.4185905	-20.561798	-47.03587	25.565218	-30.741302	0.08604124	-30.343216	-30.781511	281400	5.165736e-08	54.56959	-0.015371576	-0.2188797	0.00992851	0.0	205.5878746509552
469	-31.348673	8.4821005	-17.462894	-49.085526	25.52174	-31.131256	0.0074212323	-31.090176	-31.16438	282000	4.688899e-08	70.061325	-0.009313927	-0.028839111	0.0068339393	1.0	205.93209505081177
470	-30.697657	9.748723	-17.492376	-50.688313	25.47826	-31.284065	0.005689262	-31.281038	-31.31079	282600	-2.8212865e-08	93.9447	-0.010058361	-0.36245728	0.008439345	0.0	206.66660904884338
471	-27.641514	6.277457	-16.008234	-39.620853	25.782608	-30.742064	0.0009137131	-30.740257	-30.74529	283200	-6.039937e-08	48.2663	-0.015724475	-9.071167	0.007878886	0.0	207.0295798778534
472	-31.594206	10.853873	-15.532126	-50.26311	25.565218	-28.03494	0.036774375	-27.859856	-28.044111	283800	2.22524e-08	128.9692	-0.006283771	-12.330055	0.0081914915	0.0	207.3871133327484
473	-32.50721	9.498138	-17.878319	-54.36943	25.608696	-31.124636	0.021769956	-31.119461	-31.23065	284400	-5.980333e-08	91.05051	-0.014336605	-2.0424194	0.0077302502	0.0	207.73373413085938
474	-29.687494	7.703852	-16.175287	-48.38208	25.565218	-32.416603	0.006421298	-32.41334	-32.439976	285000	-9.536743e-08	65.6517	-0.008836308	-6.917652	0.009042972	0.0	208.10391759872437
475	-36.027916	10.394116	-18.142847	-57.729713	25.608696	-30.083635	0.025039498	-29.96097	-30.088776	285600	-3.059705e-08	141.2372	-0.020499673	-33.5831	0.009090268	0.0	208.46747422218323
476	-30.89442	8.233479	-17.137568	-51.68527	25.608696	-34.94793	0.023776788	-34.940777	-35.040813	286200	-1.2159347e-07	82.264595	-0.013981429	-15.25811	0.004570365	0.0	208.8105034828186
477	-30.94324	8.109567	-18.518953	-47.863724	25.52174	-31.797497	0.008951099	-31.754225	-31.80638	286800	6.7551933e-09	65.03077	-0.006061291	-0.70290375	0.005965391	0.0	209.17121696472168
478	-30.264515	8.552683	-14.729329	-45.21971	25.652174	-31.063694	0.008418217	-31.022543	-31.068033	287400	-2.7815501e-08	71.76878	-0.008686967	-0.6166229	0.006710325	0.0	209.49855160713196
479	-28.49756	7.0668387	-15.658322	-41.124775	25.47826	-30.39923	0.008828999	-30.356009	-30.401115	288000	1.07288365e-08	52.03254	-0.011470839	-3.2017174	0.0082025975	0.0	209.86805844306946
480	-30.9285	7.8212733	-16.66011	-44.07365	25.565218	-28.874798	0.030205162	-28.728024	-28.881748	288600	-8.34465e-09	64.37339	-0.010431387	-4.2189255	0.0066867685	0.0	210.6136155128479
481	-32.51679	6.6669526	-19.204378	-45.514664	25.565218	-30.614645	0.0048277206	-30.612183	-30.638288	289200	1.3113022e-08	46.918495	-0.016632684	-3.4392052	0.0060588717	0.0	210.9689905643463
482	-33.75725	7.874591	-19.36286	-51.82402	25.52174	-32.22592	0.013766676	-32.221424	-32.292595	289800	4.9670536e-08	63.532585	-0.012253033	-2.3023758	0.0073190513	0.0	211.33051681518555
483	-33.731728	7.9576073	-18.570248	-47.59036	25.434782	-33.556187	0.009502298	-33.553364	-33.59855	290400	-2.2550424e-08	61.73794	-0.0140032675	-0.028072357	0.005843408	0.0	211.7497203350067
484	-29.075817	7.5256834	-18.878326	-47.97417	25.347826	-33.713055	0.005452781	-33.711346	-33.73265	291000	-1.8278758e-08	76.28326	-0.013806115	-19.895248	0.008022536	0.0	212.11334490776062
485	-31.195982	6.859542	-18.786785	-44.56411	25.347826	-29.875326	0.03756794	-29.691463	-29.883354	291600	1.39077505e-08	46.941597	-0.0075283474	-1.592392	0.007135527	2.0	212.45993185043335
486	-34.117043	10.663922	-17.540926	-51.886425	25.347826	-30.934551	0.0040199226	-30.932337	-30.954235	292200	1.3510387e-08	120.92443	-0.013404213	-9.986618	0.0067475834	1.0	212.8126437664032
487	-32.6906	9.678372	-18.407192	-51.84147	25.52174	-33.664097	0.012832003	-33.660767	-33.724842	292800	-6.9538753e-09	93.17434	-0.026156684	-0.8869629	0.006941729	1.0	213.16631388664246
488	-29.48908	9.250546	-19.575483	-50.649742	25.608696	-32.86731	0.0024644397	-32.860596	-32.877617	293400	-2.78155e-09	95.8443	-0.012534979	-10.827148	0.0082293	0.0	213.50498795509338
489	-32.461235	7.4010053	-16.884094	-45.292503	25.52174	-30.01663	0.026276508	-29.888075	-30.022284	294000	7.152557e-09	59.1775	-0.011423246	-5.4709167	0.0066073583	1.0	213.93496179580688
490	-27.283466	8.349511	-17.51008	-45.96336	25.217392	-32.01475	0.016682593	-32.010983	-32.096252	294600	-3.1789145e-09	89.012665	-0.009825545	-20.306755	0.007627856	0.0	214.69272327423096
491	-32.611565	7.529905	-19.883993	-49.35261	25.565218	-28.240759	0.04743441	-28.010626	-28.25177	295200	3.7252903e-08	74.909805	-0.009326459	-17.93282	0.009205537	0.0	215.0494453907013
492	-33.793446	7.4130898	-19.865883	-46.331882	25.47826	-31.67013	0.019556865	-31.66576	-31.765722	295800	-1.3113022e-08	58.539516	-0.013599131	-4.131729	0.008369963	0.0	215.41129398345947
493	-28.775377	7.541447	-16.244755	-42.780113	25.391304	-33.382015	0.01813605	-33.377605	-33.46951	296400	4.8379103e-08	75.864494	-0.010106957	-18.822887	0.0071657323	0.0	215.75700116157532
494	-33.65539	8.786324	-18.215178	-53.187843	25.434782	-29.90085	0.02846065	-29.76143	-29.90829	297000	2.78155e-09	88.70077	-0.018790368	-12.274506	0.006937732	1.0	216.13325786590576
495	-34.087677	8.730307	-18.836695	-47.935966	25.26087	-32.641464	0.020534312	-32.636818	-32.741684	297600	-6.516775e-08	74.76671	-0.014320029	-1.8090286	0.008408835	0.0	216.48935770988464
496	-32.980396	9.2900715	-16.722218	-48.88108	25.47826	-33.761917	0.018402483	-33.757442	-33.8507	298200	6.67572e-08	84.48865	-0.025380116	-0.54312134	0.007661022	0.0	216.84546494483948
497	-30.050314	7.4734387	-16.67741	-42.890934	25.347826	-33.1728	0.005922399	-33.17111	-33.199635	298800	-5.5631e-09	63.57774	-0.0098484745	-8.605259	0.009903406	0.0	217.2204954624176
498	-34.119976	10.580515	-19.316216	-61.820778	25.304348	-30.768648	0.021643171	-30.662632	-30.77435	299400	-1.7881394e-08	117.173775	-0.013620865	-9.426559	0.007993863	0.0	217.60692977905273
499	-32.451477	8.880693	-19.128529	-48.7741	25.52174	-33.237362	0.022113355	-33.23231	-33.34516	300000	1.66893e-08	77.328636	-0.011639651	-0.5287323	0.0074260696	0.0	218.40956282615662
