Epoch	AverageEpRet	StdEpRet	MaxEpRet	MinEpRet	EpLen	AverageVVals	StdVVals	MaxVVals	MinVVals	TotalEnvInteracts	LossPi	LossV	DeltaLossPi	DeltaLossV	KL	BacktrackIters	Time
0	-842.60254	63.52896	-613.44055	-905.8952	7.513158	2.0048199	0.99457514	3.3889	0.0	600	3.4769377e-07	565378.4	-0.036499213	-7364.8125	0.009158552	0.0	0.6757829189300537
1	-855.6815	53.916782	-628.709	-895.02936	5.303571	-3.0128503	1.325301	-0.65866095	-4.732268	1200	-2.2232533e-07	596448.6	-0.021422321	-5805.875	0.009227069	2.0	1.0625007152557373
2	-835.4168	92.195496	-404.77747	-896.6047	8.376812	-7.423302	2.113743	-1.7538016	-8.825448	1800	1.335144e-07	515324.16	-0.03363419	-4358.0625	0.008414833	0.0	1.4378747940063477
3	-791.3355	175.20923	-173.59908	-913.99316	10.298245	-10.708727	2.540812	-3.07071	-11.792713	2400	-1.2516975e-08	376783.16	-0.03600715	-2837.4375	0.009146951	0.0	1.815673589706421
4	-795.6287	163.0134	-207.08313	-888.6569	9.516666	-13.200809	2.908433	-4.5812454	-14.2514925	3000	1.8278758e-08	369484.8	-0.033747673	-2729.0312	0.008505763	0.0	2.2037949562072754
5	-746.5114	222.03053	-106.975685	-889.4326	10.792453	-15.773069	2.9209044	-6.512506	-16.717625	3600	-2.4636586e-08	271829.62	-0.026905697	-1968.0312	0.008205498	1.0	2.5848352909088135
6	-792.9299	178.87633	-91.40029	-891.8049	9.0	-17.701546	3.2735422	-8.469646	-18.872055	4200	-8.980433e-08	328033.72	-0.031584054	-2651.625	0.0076290662	0.0	2.9598751068115234
7	-807.054	167.13557	-92.39734	-890.5029	7.047059	-19.850473	3.5823019	-11.094188	-21.328962	4800	-4.4107438e-08	344432.75	-0.025933148	-2891.0	0.009323979	0.0	3.3385865688323975
8	-790.47546	186.12343	-118.073044	-891.1654	8.027397	-22.657234	3.149127	-14.277226	-23.857876	5400	-8.424123e-08	306120.3	-0.029963432	-2549.9375	0.008217769	1.0	3.7099826335906982
9	-722.71045	240.21928	-138.28201	-889.5214	12.244898	-25.550737	2.4851315	-17.217337	-26.294088	6000	2.0662943e-08	260913.86	-0.027295362	-2145.4844	0.0064423745	0.0	4.086587429046631
10	-615.43494	301.30405	-70.1978	-888.7509	16.342857	-28.0742	2.1438112	-19.67791	-28.62536	6600	3.218651e-08	154280.34	-0.024926769	-1179.4219	0.007738336	0.0	4.588775157928467
11	-741.89575	256.87146	-31.242262	-889.9524	8.263889	-29.327965	2.913263	-21.50713	-30.422123	7200	8.225441e-08	176221.69	-0.025215901	-1354.875	0.0062542055	0.0	4.950501203536987
12	-694.9576	280.96765	-126.56321	-890.9816	10.350877	-31.425316	2.42	-24.027613	-32.218708	7800	4.45048e-08	131416.97	-0.025952714	-1083.1406	0.0069928677	0.0	5.311145544052124
13	-711.5484	291.33716	-23.765497	-889.75757	8.80597	-33.0172	2.4633427	-25.99682	-33.91427	8400	2.3841858e-08	141533.6	-0.027071977	-995.8906	0.0061794096	0.0	5.691757440567017
14	-698.8507	314.05124	-38.72037	-889.30347	8.432836	-34.724953	2.2535994	-28.421528	-35.531937	9000	-2.0662943e-08	107051.65	-0.024524877	-637.8203	0.008383893	1.0	6.070913314819336
15	-732.5708	276.4659	-37.972237	-889.4726	7.7894735	-35.992558	2.183174	-30.302895	-36.832836	9600	2.4636586e-08	163591.14	-0.028790543	-1167.4531	0.008230154	0.0	6.422452211380005
16	-654.46515	341.39294	-25.532354	-890.05676	9.258064	-37.991833	1.8373911	-32.645653	-38.63221	10200	-2.1457673e-08	94258.84	-0.029744055	-473.8672	0.008172537	0.0	6.796142816543579
17	-541.87946	376.30536	-38.33393	-888.34424	13.333333	-39.42501	1.4722629	-34.25462	-39.84484	10800	3.4968057e-08	50540.02	-0.024260782	-250.73828	0.0067159366	0.0	7.152939796447754
18	-482.80923	382.82788	-36.02064	-889.59	15.307693	-40.399563	1.342487	-35.376465	-40.759216	11400	4.172325e-08	48303.152	-0.017323166	-208.16406	0.008011008	3.0	7.525145053863525
19	-625.7978	358.5263	-46.718693	-890.2378	10.033898	-41.08955	1.5750737	-36.36452	-41.616173	12000	-3.2583873e-08	81967.51	-0.023690337	-367.71094	0.008244726	0.0	7.866833686828613
20	-631.6375	342.038	-24.603556	-889.1999	10.814815	-42.263065	1.43038	-37.760445	-42.71858	12600	-2.8610229e-08	83995.84	-0.024123294	-529.6328	0.0076358477	2.0	8.332649946212769
21	-582.6011	370.62747	-46.476715	-892.1521	11.72	-43.711266	1.3157427	-39.394382	-44.112957	13200	1.3113022e-08	61093.9	-0.019641314	-297.91016	0.0086249085	0.0	8.670745611190796
22	-641.3494	346.18204	-31.281946	-889.22974	9.491803	-44.736427	1.3724631	-40.693512	-45.203094	13800	3.33786e-08	89790.32	-0.02448012	-442.875	0.007777736	0.0	9.02698540687561
23	-618.7961	360.34753	-29.851486	-888.2024	10.509091	-46.110474	1.2348695	-42.261673	-46.50721	14400	2.0662943e-08	82406.11	-0.023587454	-396.95312	0.008545336	0.0	9.359888076782227
24	-571.1432	374.99176	-29.967535	-888.72375	12.25	-47.467613	1.1037885	-43.76624	-47.79707	15000	-3.89417e-08	63307.055	-0.017583527	-311.6289	0.0087268	0.0	9.698713302612305
25	-582.3482	374.66382	-26.313652	-892.61847	11.411765	-48.64102	1.0901916	-45.101963	-48.977337	15600	7.549922e-09	59242.254	-0.022770274	-257.8086	0.00954639	0.0	10.037337064743042
26	-703.17773	320.1753	-40.15459	-890.1023	7.0963855	-49.53903	1.2855264	-46.35288	-50.05825	16200	2.8610229e-08	113641.76	-0.026198909	-624.28125	0.009919979	0.0	10.385022640228271
27	-610.94275	375.51566	-26.990679	-889.80023	9.847458	-51.3494	1.0155088	-48.302887	-51.688435	16800	-3.1789146e-08	73457.75	-0.018082593	-249.9375	0.0076757143	0.0	10.739376544952393
28	-573.6871	385.53378	-28.776419	-890.37744	11.111111	-52.515793	0.91275805	-49.613415	-52.80322	17400	4.0133795e-08	62149.52	-0.016513404	-196.50781	0.008353378	0.0	11.086373090744019
29	-513.77185	400.9258	-20.106716	-889.5252	12.955556	-53.55759	0.8103797	-50.74527	-53.791283	18000	-1.7484028e-08	40848.48	-0.025690751	-93.0	0.008273104	0.0	11.42736291885376
30	-642.1302	362.47748	-22.874695	-891.0923	8.907692	-54.169754	0.92103547	-51.55633	-54.495983	18600	-7.947286e-10	75695.21	-0.024501832	-290.125	0.005387386	0.0	11.911184787750244
31	-643.68695	363.92462	-23.094555	-889.02216	8.731343	-55.38646	0.878168	-52.930172	-55.700687	19200	2.5431316e-08	79296.61	-0.023523334	-284.3047	0.0054890853	0.0	12.272180080413818
32	-559.96747	392.9236	-24.452665	-889.26306	11.269231	-56.712486	0.7461989	-53.96512	-56.94742	19800	-1.66893e-08	56634.926	-0.021457454	-152.27734	0.007781428	0.0	12.613433599472046
33	-524.91064	392.2598	-21.495817	-889.77814	12.375	-57.69808	0.6821972	-55.4105	-57.901955	20400	-2.7020773e-08	47304.98	-0.030228851	-157.82031	0.0077340333	0.0	12.958779335021973
34	-586.1813	380.87183	-28.064024	-891.6235	10.607142	-58.656895	0.7072686	-56.47393	-58.886265	21000	-1.1920929e-08	63231.652	-0.020693395	-234.0664	0.0077335094	0.0	13.317906141281128
35	-561.35895	389.46567	-24.860977	-888.6356	11.365385	-59.890274	0.6565735	-57.78097	-60.09486	21600	2.5431316e-08	54704.066	-0.022677204	-168.38672	0.0067728935	0.0	13.656209468841553
36	-467.58353	404.6708	-23.424603	-889.1942	13.860465	-60.99475	0.5798488	-58.933533	-61.158	22200	3.973643e-09	41007.168	-0.027625898	-61.453125	0.007248758	0.0	13.99422311782837
37	-545.8413	389.61295	-22.299297	-887.9124	11.64	-61.64066	0.6025265	-59.66379	-61.824524	22800	-1.39077505e-08	60197.28	-0.026252031	-188.40625	0.005371905	0.0	14.340497016906738
38	-562.34503	386.73657	-22.181057	-889.1811	10.905661	-62.7712	0.59820616	-60.86902	-62.95947	23400	2.503395e-08	62005.688	-0.02397051	-197.9414	0.0063962894	0.0	14.68138337135315
39	-519.5222	391.59775	-30.189638	-888.0791	12.3125	-64.00722	0.5508783	-62.15994	-64.17166	24000	-5.5631e-09	51754.332	-0.0236348	-179.2539	0.00743842	1.0	15.031498670578003
40	-490.7817	394.62576	-21.569847	-888.82886	13.295455	-65.20861	0.5136597	-63.40474	-65.355156	24600	3.0199686e-08	39403.96	-0.034947652	-121.99219	0.005643961	0.0	15.506587982177734
41	-454.16635	398.4059	-27.14261	-887.43176	14.243902	-66.22428	0.48427758	-64.45912	-66.35725	25200	-2.3444494e-08	36203.85	-0.024582226	-69.86328	0.0066548237	0.0	15.826689004898071
42	-450.85175	392.74222	-21.103922	-887.2869	14.45	-67.00378	0.46709174	-65.27906	-67.13034	25800	-2.1457673e-08	35774.26	-0.019046877	-99.07031	0.005412729	0.0	16.145142555236816
43	-379.58798	384.93176	-28.855831	-887.11194	16.666666	-67.94141	0.43018934	-66.23866	-68.050156	26400	1.2715658e-08	25592.268	-0.019099101	-51.164062	0.0067110825	0.0	16.453784227371216
44	-489.26727	390.94464	-25.751482	-889.1749	13.5	-68.613	0.4689856	-66.96599	-68.74666	27000	1.07288365e-08	43582.906	-0.019944219	-152.47656	0.0058208224	1.0	16.77932596206665
45	-423.6879	385.08002	-36.999302	-887.7895	15.358974	-69.79872	0.43303016	-68.178474	-69.91451	27600	-3.7352244e-08	29880.027	-0.025170034	-106.759766	0.0063478863	0.0	17.095288276672363
46	-469.51263	396.34854	-28.65255	-888.9085	14.095238	-70.82812	0.43887505	-69.24857	-70.95015	28200	-4.4107438e-08	37146.91	-0.026428418	-97.19531	0.0063303835	0.0	17.415367126464844
47	-414.8477	387.68054	-28.428518	-891.4799	15.594595	-71.83338	0.40352356	-70.281555	-71.938385	28800	-1.1523564e-08	32702.846	-0.006676117	-86.203125	0.00660334	1.0	17.741682529449463
48	-421.6446	389.13312	-23.491123	-886.8726	15.368421	-72.786865	0.4004363	-71.26813	-72.8925	29400	5.5631e-09	33181.89	-0.021523692	-73.42969	0.008279853	0.0	18.063158988952637
49	-501.32065	393.06207	-42.861145	-887.40186	12.826087	-73.66332	0.42715558	-72.198105	-73.787895	30000	-3.576279e-08	44628.867	-0.01972074	-135.40625	0.008086663	1.0	18.3745596408844
50	-481.06122	390.12268	-26.469372	-886.4554	13.522727	-74.87839	0.40992317	-73.361145	-74.99655	30600	3.437201e-08	45923.92	-0.016551912	-144.45312	0.0061516715	0.0	18.817094326019287
51	-366.47855	374.50552	-29.7085	-884.67786	17.142857	-76.198074	0.34993055	-74.79215	-76.28531	31200	1.9073486e-08	26832.596	-0.020760173	-61.710938	0.007857233	0.0	19.117748975753784
52	-368.17902	378.223	-33.849808	-869.1077	17.029411	-77.08874	0.34387127	-75.70712	-77.17436	31800	-6.7551933e-09	26682.047	-0.009825093	-39.19922	0.009742663	1.0	19.44068217277527
53	-439.56186	398.12564	-27.332005	-886.8438	14.7	-77.78176	0.36369494	-76.43884	-77.88031	32400	-1.7484028e-08	35934.145	-0.017561842	-46.79297	0.007952708	0.0	19.76171898841858
54	-449.3851	400.81342	-29.530289	-888.7328	14.487804	-78.54481	0.35741678	-77.242035	-78.642914	33000	1.41064325e-08	37400.207	-0.0141356895	-45.808594	0.008966233	0.0	20.069607496261597
55	-409.82993	387.59497	-27.35374	-889.55334	15.918919	-79.3273	0.33041018	-78.05663	-79.41325	33600	7.152557e-09	30688.594	-0.017490389	-56.63086	0.008873233	0.0	20.384599208831787
56	-363.046	383.20374	-20.85852	-874.4539	17.029411	-80.21504	0.3103674	-78.96803	-80.29233	34200	9.934108e-09	28659.9	-0.013335317	-22.6875	0.008522034	0.0	20.69471573829651
57	-463.72638	404.7373	-24.215828	-889.01996	13.83721	-80.78259	0.33806047	-79.58086	-80.87773	34800	4.45048e-08	39282.01	-0.0222974	-26.703125	0.0074715693	0.0	21.019724130630493
58	-493.064	394.17715	-21.32582	-885.4414	12.978261	-81.380325	0.33555418	-80.229324	-81.4782	35400	3.1789145e-09	49717.547	-0.017083235	-125.64844	0.008787408	0.0	21.340639114379883
59	-381.24783	388.78015	-21.198019	-887.46466	16.4	-82.75396	0.28576824	-81.62286	-82.826195	36000	-2.3047129e-08	27006.219	-0.017938595	-20.710938	0.009557513	0.0	21.660369396209717
60	-457.6145	399.00986	-25.299654	-889.14526	14.023809	-83.361786	0.3025676	-82.27281	-83.445885	36600	-4.7683715e-09	39732.04	-0.02125027	-49.023438	0.008627515	0.0	22.10015320777893
61	-452.98813	390.6461	-20.566345	-875.9278	14.268292	-84.23655	0.289367	-83.18182	-84.315994	37200	2.78155e-09	40228.47	-0.018711265	-106.57031	0.008943809	0.0	22.417062282562256
62	-369.76123	372.84503	-32.474606	-873.1836	17.057142	-85.58225	0.26167402	-84.546524	-85.6484	37800	8.34465e-09	26612.2	-0.02104704	-70.98828	0.008642116	0.0	22.744426488876343
63	-377.49216	381.17914	-24.786835	-887.2718	16.5	-86.72709	0.26031542	-85.71166	-86.79385	38400	7.152557e-09	26535.707	-0.009440579	-33.867188	0.008785885	0.0	23.062639713287354
64	-400.5917	395.08286	-21.861158	-887.7894	15.648648	-87.533424	0.25774816	-86.542206	-87.60049	39000	9.934108e-09	31832.113	-0.01829989	-9.746094	0.009414941	0.0	23.374263763427734
65	-391.6719	394.50024	-32.880077	-887.5012	16.166666	-87.96396	0.24696092	-87.000626	-88.0273	39600	-1.0331472e-08	26607.24	-0.03357365	-3.9570312	0.008609676	0.0	23.689257383346558
66	-308.13242	372.95535	-25.448675	-888.69495	18.5625	-88.21679	0.22684489	-87.2765	-88.27154	40200	3.1789145e-09	20399.164	-0.017651586	-2.7070312	0.008234193	0.0	24.008130073547363
67	-332.45264	380.5451	-33.686256	-877.22064	17.617647	-88.0241	0.22732261	-87.11076	-88.080696	40800	-3.0199686e-08	24532.23	-0.009130331	-2.6777344	0.008640677	0.0	24.335973262786865
68	-373.94955	392.81396	-20.762024	-888.7296	16.62857	-87.81237	0.22392139	-86.92606	-87.86896	41400	1.0331472e-08	27119.416	-0.02308507	-1.0019531	0.009281424	0.0	24.649478912353516
69	-198.6172	313.2342	-22.540346	-881.9138	21.814816	-87.8438	0.192763	-86.97255	-87.88646	42000	-1.0331472e-08	11678.771	-0.013655088	-47.009766	0.008735929	0.0	24.971534252166748
70	-293.79303	361.3248	-25.191305	-886.3169	19.064516	-86.84198	0.20056105	-85.99701	-86.88961	42600	-5.5631e-09	18006.61	-0.018699473	-0.921875	0.009205008	0.0	25.4351544380188
71	-402.2188	391.46353	-31.460241	-880.5582	15.837838	-86.645386	0.21265651	-85.827576	-86.70071	43200	2.582868e-08	34775.58	-0.015079793	-36.351562	0.007957515	0.0	25.745025157928467
72	-434.35727	398.74225	-28.501472	-887.66284	14.7	-87.53625	0.2144661	-86.744354	-87.59437	43800	-2.5431316e-08	37225.08	-0.01541022	-31.476562	0.0092099225	0.0	26.063753604888916
73	-430.1586	398.44772	-22.23438	-885.5348	14.825	-88.43619	0.20695543	-87.672005	-88.49224	44400	2.7815501e-08	38346.4	-0.017632853	-21.371094	0.008857445	0.0	26.38614845275879
74	-306.2805	371.25986	-26.257902	-853.0984	18.580645	-89.19663	0.17749311	-88.448845	-89.23878	45000	1.8278758e-08	21686.336	-0.010617979	-8.1640625	0.008779942	0.0	26.700005769729614
75	-456.8819	394.36285	-22.043732	-885.99817	14.166667	-88.77756	0.19774362	-88.06586	-88.83251	45600	-1.9073486e-08	40877.31	-0.0072332397	-78.63281	0.0083126845	0.0	27.0269992351532
76	-387.4542	389.27988	-24.006525	-870.13715	16.11111	-90.18011	0.17830409	-89.48457	-90.22582	46200	-5.9604646e-09	30160.633	-0.012886897	-11.84375	0.0090491	0.0	27.346648454666138
77	-329.747	379.99274	-23.474453	-873.2131	18.0625	-90.82722	0.16378249	-90.148315	-90.86674	46800	7.947286e-10	23023.674	-0.01760041	-3.2265625	0.008762722	0.0	27.66319489479065
78	-413.30118	391.6078	-24.021132	-881.45874	15.315789	-90.570045	0.17182936	-89.91835	-90.615364	47400	1.39077505e-08	34663.69	-0.016176552	-32.683594	0.0064370274	1.0	27.97618818283081
79	-440.92435	400.78418	-24.158297	-887.12616	14.365853	-91.5125	0.17251356	-90.8837	-91.559845	48000	1.11262e-08	38371.56	-0.010344162	-14.3046875	0.008784578	0.0	28.29581069946289
80	-329.27173	376.58945	-26.60068	-880.0725	18.03125	-92.21131	0.14787601	-91.59836	-92.247	48600	-1.1920929e-09	22728.33	-0.013113693	-3.1660156	0.008213311	0.0	28.757279634475708
81	-331.94016	383.0798	-21.453222	-888.18744	17.647058	-91.952446	0.14527227	-91.35973	-91.98807	49200	-6.7551933e-09	24174.2	-0.012460311	-19.80664	0.009389642	0.0	29.070570468902588
82	-280.18073	360.88953	-20.784668	-852.0944	19.290323	-91.137505	0.13602515	-90.56442	-91.1698	49800	-2.1457673e-08	19849.693	-0.0076375017	-37.753906	0.009962325	0.0	29.369717359542847
83	-385.3927	395.8637	-24.546906	-886.1058	16.194445	-89.95539	0.14068976	-89.40659	-89.99147	50400	3.8146972e-08	29826.586	-0.01619911	-0.6191406	0.008659154	0.0	29.690324068069458
84	-414.8479	395.36453	-19.162477	-886.4394	15.421053	-89.87289	0.13902974	-89.3456	-89.90956	51000	-6.556511e-09	34485.22	-0.015683303	-31.699219	0.008184517	0.0	30.019405841827393
85	-427.9539	394.75067	-23.25158	-886.48914	15.205129	-90.936676	0.13635074	-90.42649	-90.97312	51600	-4.5696895e-09	35029.31	-0.013677629	-51.75	0.008598082	0.0	30.34604835510254
86	-340.9474	379.98203	-20.760508	-850.8924	17.545454	-92.39051	0.12256656	-91.890434	-92.42056	52200	-4.7683715e-09	26264.055	-0.01568094	-0.6796875	0.008794976	0.0	30.65370512008667
87	-200.52304	312.74463	-19.396961	-878.2915	22.148148	-92.35177	0.10832553	-91.862175	-92.375755	52800	-1.07288365e-08	12372.295	-0.011765958	-102.524414	0.008701312	0.0	30.97856569290161
88	-353.22205	382.187	-26.59525	-887.4943	17.057142	-90.309944	0.11779103	-89.84372	-90.339714	53400	2.1457673e-08	25600.7	-0.0088539785	-0.1796875	0.009957511	0.0	31.289456605911255
89	-446.44635	396.5631	-21.490257	-884.6362	14.390244	-90.23881	0.12262317	-89.79185	-90.27245	54000	7.152557e-09	39215.973	-0.015103904	-72.734375	0.008645004	0.0	31.598191261291504
90	-384.65103	392.32425	-24.106653	-888.446	16.216217	-91.99331	0.11198915	-91.55645	-92.02201	54600	7.947286e-09	27767.54	-0.012290464	-5.7714844	0.0064899083	0.0	32.07859969139099
91	-358.23376	377.08124	-25.885284	-875.0374	16.942858	-92.58001	0.10678584	-92.15736	-92.60701	55200	9.139379e-09	26128.605	-0.015078828	-17.246094	0.008837426	0.0	32.3967981338501
92	-414.58325	392.2795	-26.564589	-888.181	15.447369	-93.47126	0.10808274	-93.06133	-93.49976	55800	-1.9868216e-08	34009.812	-0.016695235	-35.09375	0.008942318	0.0	32.75334572792053
93	-280.31848	363.3773	-20.486086	-854.4074	19.193548	-94.79452	0.095583566	-94.391815	-94.81721	56400	-1.5894573e-08	19591.223	-0.008719513	-82.03516	0.009533149	0.0	33.10420370101929
94	-419.46884	398.14334	-23.559149	-875.0617	15.128205	-92.88882	0.10151234	-92.50899	-92.91595	57000	8.742014e-09	36413.066	-0.010663853	-5.4726562	0.009476174	0.0	33.46830344200134
95	-422.06085	394.9105	-21.791279	-879.6765	15.230769	-93.26391	0.09749842	-92.8991	-93.28997	57600	7.947286e-09	37514.57	-0.0222288	-37.39453	0.009371988	0.0	33.79405975341797
96	-418.2766	392.8104	-22.069408	-885.86383	15.184211	-94.66077	0.0932607	-94.30707	-94.68537	58200	-3.2782554e-09	32075.66	-0.013845615	-36.984375	0.009198772	0.0	34.13067173957825
97	-275.39697	350.30914	-24.478586	-884.9725	19.6	-96.116974	0.081198014	-95.769104	-96.13593	58800	-3.973643e-09	16066.823	-0.010466892	-22.07129	0.0074071717	0.0	34.4599347114563
98	-205.36	309.33456	-24.659231	-874.7141	21.703703	-95.11144	0.07481864	-94.77328	-95.128	59400	-1.5894572e-09	11426.523	-0.012572542	-108.21973	0.008986983	0.0	34.80100655555725
99	-306.56772	367.7044	-24.190773	-888.5645	18.40625	-92.62229	0.07780383	-92.2998	-92.641075	60000	-1.8676122e-08	19588.436	-0.020091759	-17.888672	0.008400887	0.0	35.14536690711975
100	-288.72803	367.68808	-24.583397	-872.9182	19.3	-91.49075	0.07283465	-91.17871	-91.50776	60600	5.9604646e-09	20257.996	-0.017742492	-56.88672	0.0071612	1.0	35.66085863113403
101	-396.20938	396.79532	-19.40752	-886.9512	15.594595	-89.645996	0.07677397	-89.350746	-89.66596	61200	3.33786e-08	30544.75	-0.00862249	-0.46289062	0.008838148	0.0	36.00992941856384
102	-428.18588	393.49835	-28.145664	-877.53864	15.025641	-89.642845	0.075514436	-89.360306	-89.66304	61800	-7.947286e-09	36180.4	-0.009926753	-105.48047	0.0069142077	1.0	36.36273384094238
103	-423.38483	399.3998	-32.659336	-885.47723	15.179487	-92.1468	0.07390462	-91.87026	-92.16654	62400	9.536743e-09	34351.3	-0.013768766	-16.179688	0.0078922715	0.0	36.69764542579651
104	-519.4516	393.46655	-20.03325	-884.1674	12.0	-93.26538	0.07817693	-93.00323	-93.288704	63000	5.165736e-09	56158.84	-0.010192471	-304.8125	0.006388087	0.0	37.04552936553955
105	-360.64633	388.0341	-19.380365	-889.6498	17.058823	-97.51995	0.064922616	-97.259094	-97.5361	63600	1.5099843e-08	25877.87	-0.011403055	-5.4433594	0.0095176445	0.0	37.40613627433777
106	-359.90662	389.1193	-25.439793	-887.7532	17.088236	-97.16267	0.062218733	-96.91268	-97.178154	64200	-2.3841857e-09	25704.004	-0.013609597	-17.757812	0.008406072	1.0	37.77095913887024
107	-343.41977	383.442	-20.088797	-879.42456	17.636364	-96.09444	0.058696862	-95.85494	-96.10882	64800	-1.1275212e-08	24971.906	-0.0071805557	-19.888672	0.00879319	0.0	38.11226534843445
108	-220.52042	328.09866	-23.91809	-849.3483	21.142857	-94.94114	0.05214123	-94.70978	-94.952896	65400	3.8146972e-08	13712.456	-0.009500891	-189.9414	0.009309049	0.0	38.43674898147583
109	-264.7585	361.72058	-24.31359	-867.36145	19.896551	-91.48699	0.050308745	-91.2677	-91.498535	66000	-3.973643e-09	17842.648	-0.012664005	-163.04883	0.0063777976	1.0	38.77498459815979
110	-278.28943	364.48914	-19.706856	-872.0426	19.35484	-88.19579	0.04839697	-87.98846	-88.2071	66600	-3.33786e-08	19362.96	-0.011033889	-84.19531	0.009416366	0.0	39.294352531433105
111	-448.95932	400.17737	-21.022581	-886.452	14.214286	-85.798195	0.05372681	-85.604836	-85.81313	67200	1.9868216e-08	41240.12	-0.009280303	-61.98828	0.00813246	0.0	39.62765336036682
112	-388.24472	398.6717	-19.1553	-878.3509	16.108109	-87.595726	0.049194176	-87.406555	-87.608536	67800	1.2715658e-08	34740.58	-0.013725674	-0.1171875	0.009133962	0.0	39.96817064285278
113	-390.71365	397.58127	-20.732512	-875.6357	15.864865	-87.65838	0.04720052	-87.47686	-87.670654	68400	-3.4968057e-08	34482.38	-0.0143539775	-1.3984375	0.008727222	0.0	40.31862807273865
114	-404.89127	403.19675	-19.888998	-888.8628	15.526316	-87.913765	0.04601243	-87.73924	-87.92589	69000	2.5431316e-08	34277.875	-0.015744405	-0.3203125	0.00887897	0.0	40.64511704444885
115	-361.37857	396.5354	-23.068014	-852.43195	16.657143	-87.90035	0.042446684	-87.732346	-87.91108	69600	-2.4239222e-08	29366.018	-0.014947257	-30.046875	0.008671238	0.0	40.9746675491333
116	-414.17307	402.50073	-24.739464	-876.44617	15.230769	-86.46988	0.042340063	-86.31146	-86.4812	70200	-2.1855037e-08	36966.48	-0.013887934	-3.0664062	0.009826716	0.0	41.29535508155823
117	-305.03506	377.7888	-24.966148	-885.966	18.64516	-86.839554	0.036655158	-86.68512	-86.84825	70800	5.165736e-09	20400.201	-0.012635053	-58.060547	0.0090557095	0.0	41.60748338699341
118	-333.84644	390.29782	-20.488472	-877.9574	17.69697	-84.82645	0.035889216	-84.680016	-84.83524	71400	-2.508362e-08	25627.82	-0.020164937	-42.828125	0.00865131	0.0	41.908833503723145
119	-364.3188	395.60144	-24.155659	-876.3743	16.828571	-82.93673	0.03505238	-82.79799	-82.94559	72000	2.3047129e-08	29083.236	-0.01104054	-3.6367188	0.008611776	0.0	42.21145248413086
120	-364.6155	395.4537	-25.794127	-871.49805	16.828571	-82.323166	0.033651784	-82.18997	-82.33167	72600	5.165736e-09	29128.637	-0.0093804	-1.3964844	0.008091558	0.0	42.6978862285614
121	-354.29855	390.60837	-27.374441	-875.31757	17.294117	-81.98845	0.031966027	-81.86002	-81.996414	73200	1.2119611e-08	26969.904	-0.004419302	-0.22851562	0.009077912	0.0	43.01543688774109
122	-343.5162	393.4199	-19.248928	-855.7604	17.441177	-82.0627	0.030977199	-81.93823	-82.070404	73800	-1.1722247e-08	29124.254	-0.003522849	-27.574219	0.008814616	4.0	43.33996891975403
123	-351.926	391.76877	-21.604496	-878.764	17.5	-80.54715	0.029486027	-80.42867	-80.55448	74400	2.78155e-09	27421.71	-0.014002461	-0.65234375	0.00824144	0.0	43.65909767150879
124	-350.7149	390.29303	-20.541681	-865.0257	17.294117	-80.22981	0.028455915	-80.115486	-80.2369	75000	2.22524e-08	28033.387	-0.007091597	-0.2734375	0.0068752463	1.0	43.9699125289917
125	-239.36023	350.60046	-21.930624	-849.65283	20.5	-80.34203	0.025255749	-80.229965	-80.347725	75600	2.9802322e-08	15620.577	-0.006129946	-150.71582	0.008145683	0.0	44.29402828216553
126	-280.67642	376.8085	-22.528988	-885.5343	19.266666	-76.682884	0.024463715	-76.578064	-76.68858	76200	4.371007e-09	18913.87	-0.009130752	-103.87891	0.0060550096	0.0	44.62404012680054
127	-242.83049	348.09467	-23.351479	-854.26447	20.535715	-73.48798	0.022274503	-73.389145	-73.493004	76800	2.3841857e-09	16075.413	-0.0055425316	-33.399414	0.00995205	0.0	44.94648790359497
128	-374.5177	402.6886	-20.600374	-880.4389	16.36111	-71.62541	0.023962636	-71.53194	-71.63155	77400	-3.5762786e-09	31761.773	-0.0125281075	-4.126953	0.008941213	0.0	45.26716685295105
129	-279.44278	369.76974	-22.825016	-848.81915	19.366667	-72.14633	0.021474456	-72.05433	-72.151344	78000	-1.1920929e-09	20064.62	-0.006131193	-19.888672	0.0077438173	0.0	45.58639049530029
130	-361.26596	397.06198	-22.898735	-850.626	16.857143	-70.82846	0.022112073	-70.74094	-70.83405	78600	-9.536743e-09	29313.434	-0.009738412	-5.9433594	0.009078149	0.0	46.06338453292847
131	-333.90152	386.71997	-21.901989	-850.3065	17.848484	-71.50278	0.021033183	-71.41696	-71.507935	79200	1.9868216e-08	25973.133	-0.015366192	-6.533203	0.009047643	0.0	46.36842155456543
132	-209.49129	332.35767	-22.512167	-849.2667	21.285715	-72.350975	0.019147607	-72.266014	-72.35529	79800	8.742014e-09	13346.63	-0.009289645	-125.75	0.006508957	1.0	46.68030405044556
133	-347.74847	395.11185	-21.508133	-878.5951	17.352942	-68.889946	0.019642323	-68.81103	-68.89484	80400	-7.152557e-09	27529.615	-0.014810132	-2.6777344	0.006398194	1.0	47.00606298446655
134	-239.05344	348.23386	-22.138803	-849.61346	20.607143	-69.24064	0.017524479	-69.16288	-69.24459	81000	3.417333e-08	15913.338	-0.014373407	-30.911133	0.008580158	0.0	47.316126585006714
135	-210.84444	332.53372	-20.043264	-850.0806	21.321428	-67.524124	0.016789699	-67.44963	-67.527916	81600	5.5631e-09	13250.741	-0.015350366	-68.22949	0.009948171	0.0	47.63678503036499
136	-425.34113	401.82697	-24.05744	-875.0941	14.925	-64.80693	0.018701559	-64.73787	-64.81199	82200	-4.371007e-09	40358.508	-0.01248076	-276.39453	0.008920724	0.0	47.939478397369385
137	-366.7249	391.90912	-27.320498	-849.86505	16.62857	-69.68832	0.018068053	-69.616806	-69.69289	82800	-1.9073486e-08	28782.25	-0.009750516	-78.0957	0.0070603783	0.0	48.24512314796448
138	-300.1698	369.79172	-24.234678	-853.9279	18.71875	-72.55122	0.017353373	-72.47929	-72.555405	83400	1.5894573e-08	20751.408	-0.014991191	-9.357422	0.0083883265	0.0	48.57160496711731
139	-314.4717	385.89203	-23.009972	-851.24646	18.09375	-73.58815	0.017099546	-73.517265	-73.59227	84000	-7.947286e-09	23421.576	-0.009580374	-14.980469	0.008860498	0.0	48.89517402648926
140	-296.667	379.07745	-17.332647	-850.6933	18.64516	-72.46792	0.016126415	-72.39998	-72.47175	84600	0.0	21340.29	-0.01167486	-27.265625	0.008879115	0.0	49.395073652267456
141	-261.845	367.46777	-19.0197	-887.72156	19.827587	-70.81012	0.014885221	-70.745224	-70.81352	85200	3.0199686e-08	16697.459	-0.018801974	-62.45508	0.009014038	0.0	49.71764063835144
142	-279.34995	374.69226	-20.67977	-885.9893	19.233334	-68.30593	0.014283692	-68.244736	-68.309265	85800	-2.8610229e-08	18458.414	-0.017447218	-34.55664	0.00877119	0.0	50.03400015830994
143	-190.00519	317.13937	-23.247673	-886.74567	22.074074	-66.36503	0.012922034	-66.30662	-66.36788	86400	-1.2715658e-08	10161.959	-0.011055382	-76.73926	0.008683354	0.0	50.35316514968872
144	-263.80206	362.4403	-20.27291	-878.35834	19.965517	-63.568794	0.012630499	-63.51374	-63.571697	87000	-6.208817e-09	17166.732	-0.0074634617	-0.5683594	0.00897353	0.0	50.673991441726685
145	-363.6231	397.81552	-20.359888	-872.8272	16.857143	-63.15965	0.013406005	-63.106586	-63.163036	87600	0.0	29609.676	-0.013285183	-64.609375	0.0098810475	0.0	50.994362592697144
146	-335.0349	388.78888	-22.593473	-880.1111	17.69697	-65.67655	0.013077808	-65.62319	-65.679756	88200	1.2169282e-08	25264.11	-0.013218094	-27.205078	0.009089868	0.0	51.30149960517883
147	-356.98953	398.98224	-19.32229	-849.9619	16.714285	-67.463005	0.013322685	-67.41027	-67.46637	88800	-6.357829e-09	29545.1	-0.03090055	-2.9921875	0.009026354	0.0	51.61551547050476
148	-233.21613	347.0522	-20.472944	-850.20245	20.689655	-68.09876	0.011679688	-68.04694	-68.1014	89400	7.947286e-09	15302.479	-0.01609786	-47.09375	0.0063935397	1.0	51.942758083343506
149	-362.2837	393.41415	-21.107512	-848.80505	16.77143	-65.89942	0.012257375	-65.8509	-65.90251	90000	4.7683715e-09	29887.213	-0.006153452	-65.71289	0.0079767145	0.0	52.27426815032959
150	-259.96295	362.8662	-24.14451	-875.93384	19.862068	-68.39915	0.011232082	-68.35018	-68.401726	90600	-3.1789145e-09	18274.012	-0.019536497	-18.796875	0.009583868	0.0	52.78089141845703
151	-376.47278	400.83594	-19.071037	-873.4913	16.277779	-67.1327	0.0118758585	-67.08639	-67.13576	91200	-1.39077505e-08	31681.227	-0.019037899	-46.759766	0.009740434	0.0	53.098233222961426
152	-282.4255	370.10135	-19.433825	-884.1658	19.2	-69.27488	0.010804879	-69.22859	-69.277405	91800	-1.11262e-08	18966.059	-0.016271375	-3.7578125	0.009623753	0.0	53.39911484718323
153	-421.88965	404.23865	-20.833921	-849.9979	14.825	-68.74873	0.0118831815	-68.70485	-68.751945	92400	-5.165736e-09	39402.727	-0.008333629	-138.66797	0.006389095	1.0	53.70964813232422
154	-273.6932	366.48956	-20.76604	-849.04645	19.32258	-72.52905	0.01056008	-72.48456	-72.531555	93000	3.1789145e-09	19191.43	-0.010488205	-21.990234	0.009295647	0.0	54.01685094833374
155	-422.82217	403.76367	-19.488432	-852.63806	14.9	-71.20587	0.011295953	-71.16417	-71.20894	93600	3.6160152e-08	39297.234	-0.013006865	-115.22266	0.009198067	0.0	54.31589913368225
156	-333.58575	392.23953	-21.52531	-881.0708	17.69697	-74.52924	0.01024143	-74.487465	-74.53176	94200	-7.152557e-09	25631.154	-0.011446759	-2.7246094	0.008825346	0.0	54.63353157043457
157	-361.91714	396.3329	-21.347061	-850.7642	16.657143	-74.16133	0.010066741	-74.121475	-74.163864	94800	-2.4636586e-08	29185.74	-0.008315233	-2.8398438	0.006866498	0.0	54.95814895629883
158	-413.5533	406.1672	-21.01353	-886.1415	15.128205	-74.66289	0.010200596	-74.62472	-74.66561	95400	2.1457673e-08	36592.727	-0.009133992	-43.945312	0.009221973	0.0	55.27435255050659
159	-298.82355	379.1445	-21.473446	-855.0245	18.64516	-76.86653	0.008948656	-76.828835	-76.86866	96000	-1.1523564e-08	21396.756	-0.0076212566	-40.083984	0.0050340416	0.0	55.59414601325989
160	-276.3862	371.02618	-20.528032	-885.9578	19.35484	-74.894966	0.008317265	-74.85933	-74.896904	96600	2.5431316e-08	18652.543	-0.008694697	-60.65625	0.0088356715	0.0	56.102988958358765
161	-185.97414	312.30032	-18.824356	-847.7302	22.0	-72.214066	0.007444182	-72.18043	-72.21572	97200	-3.973643e-09	12104.981	-0.013968003	-145.1543	0.008534998	0.0	56.4054274559021
162	-161.97195	296.13034	-21.34547	-886.9468	22.884615	-68.19898	0.0068135587	-68.1676	-68.20047	97800	-2.3841857e-09	8355.62	-0.0114606265	-176.50244	0.009822286	0.0	56.72196316719055
163	-277.71927	372.65228	-17.85469	-851.8092	19.166666	-63.86086	0.0067466996	-63.831963	-63.862442	98400	1.9073486e-08	19313.87	-0.006826231	-9.193359	0.00870764	0.0	57.03631329536438
164	-362.16846	397.57675	-22.287569	-876.5945	16.8	-62.69209	0.006949467	-62.664577	-62.69384	99000	-3.0994414e-08	29586.02	-0.007845985	-57.3125	0.0069729663	0.0	57.359374046325684
165	-237.48587	351.43158	-20.505854	-850.1542	20.535715	-65.02146	0.0062538395	-64.993706	-65.02287	99600	-4.053116e-08	15188.7	-0.02457549	-30.03711	0.008127769	0.0	57.68133807182312
166	-244.40767	350.50977	-22.226107	-872.86584	20.607143	-63.424343	0.0059683016	-63.39786	-63.42569	100200	3.1789145e-09	15404.432	-0.0103342775	-0.78515625	0.0093884915	0.0	57.99211645126343
167	-397.26074	408.6395	-20.539707	-877.99695	15.657895	-63.023495	0.0066844244	-62.998142	-63.025257	100800	-1.3510387e-08	36314.004	-0.011316458	-61.476562	0.008534749	0.0	58.30160999298096
168	-311.64227	387.88248	-18.998571	-850.6497	18.25	-65.52989	0.006122526	-65.5045	-65.53136	101400	3.973643e-09	23615.97	-0.0073306398	-3.2304688	0.008558412	0.0	58.61313533782959
169	-188.79327	320.9076	-21.170328	-851.03986	22.26923	-65.06843	0.0053394935	-65.04384	-65.069595	102000	1.3510387e-08	11252.475	-0.0035581712	-113.17676	0.007566568	0.0	58.9344642162323
170	-214.91357	337.68213	-20.02365	-850.3312	21.407408	-61.599155	0.005071459	-61.576233	-61.600277	102600	9.536743e-09	13065.445	-0.012151583	-37.91504	0.0080084205	0.0	59.45152688026428
171	-309.74353	388.55756	-20.528496	-848.76105	18.25	-59.436558	0.0052058767	-59.414978	-59.437813	103200	-8.34465e-09	23652.268	-0.009627104	-0.017578125	0.0066719875	1.0	59.75649571418762
172	-158.659	293.75266	-19.766047	-849.8575	22.923077	-59.2472	0.004579477	-59.2261	-59.24819	103800	3.2037498e-08	9022.443	-0.0046848673	-76.55762	0.007815899	0.0	60.0730938911438
173	-361.61615	403.14444	-21.224258	-885.361	16.942858	-56.38612	0.004933754	-56.366596	-56.387375	104400	-2.1457673e-08	29082.387	-0.013393597	-56.154297	0.007971073	0.0	60.39341378211975
174	-360.9102	399.30115	-20.535036	-882.3033	16.942858	-58.67569	0.004934658	-58.656162	-58.67694	105000	4.5696893e-08	30773.39	-0.009583579	-93.11719	0.008182262	0.0	60.72203326225281
175	-313.54993	386.46768	-19.433956	-852.9224	18.1875	-61.924454	0.0047840765	-61.904625	-61.92561	105600	1.9868216e-09	23458.934	-0.00964288	-3.5253906	0.0082323905	0.0	61.037468671798706
176	-327.575	392.2348	-19.410583	-863.38464	17.818182	-62.70645	0.0047406047	-62.687107	-62.70761	106200	1.9073486e-08	26505.982	-0.010234861	-3.375	0.0075905197	0.0	61.357184410095215
177	-343.5333	396.4328	-17.385496	-854.2192	17.235294	-63.336002	0.004675931	-63.31721	-63.337162	106800	-9.536743e-09	27633.996	-0.011341198	-7.388672	0.005939232	0.0	61.6810085773468
178	-344.12964	395.5688	-20.336483	-849.8091	17.32353	-64.28109	0.004556105	-64.26278	-64.28222	107400	2.3841857e-09	27525.596	-0.0056668115	-8.048828	0.0063168146	0.0	62.0080361366272
179	-312.86267	389.182	-19.814463	-876.79486	18.3125	-65.29986	0.004310107	-65.28199	-65.300896	108000	1.7086665e-08	23768.727	-0.008448723	-3.7050781	0.006979848	0.0	62.330631256103516
180	-181.04558	316.58212	-19.063139	-872.6845	22.11111	-64.67634	0.0038154677	-64.65909	-64.67718	108600	1.1523564e-08	12323.241	-0.0061098863	-144.75586	0.008776566	0.0	62.830294132232666
181	-471.95096	409.4512	-22.027243	-887.2226	13.44186	-60.514194	0.0043466124	-60.498745	-60.51542	109200	3.973643e-09	46684.465	-0.012771938	-346.4297	0.0078374315	0.0	63.12729620933533
182	-361.83798	398.16467	-19.653997	-875.6826	17.085714	-66.14413	0.004033243	-66.12816	-66.14514	109800	-6.357829e-09	29636.586	-0.008423869	-32.066406	0.0068889204	0.0	63.44930338859558
183	-438.42413	408.2827	-18.206839	-876.36786	14.5	-68.17936	0.0042003924	-68.16386	-68.180504	110400	-5.5631e-09	43637.684	-0.010051431	-130.94531	0.008645705	0.0	63.77995252609253
184	-294.7989	380.434	-22.455458	-849.24756	18.806452	-71.685165	0.0036823286	-71.66965	-71.686035	111000	2.3841857e-09	21520.623	-0.004583883	-30.958984	0.0075221723	0.0	64.09560346603394
185	-182.5693	314.20123	-21.941748	-848.47156	22.185184	-70.19313	0.0032699276	-70.17835	-70.193855	111600	-5.5631e-09	12314.182	-0.018043878	-155.7002	0.008119284	0.0	64.42403364181519
186	-344.15573	396.02817	-20.504751	-877.83356	17.147058	-66.40986	0.0033849317	-66.39625	-66.41069	112200	-8.34465e-09	28524.404	-0.007957819	-1.8984375	0.0078116735	0.0	64.76071310043335
187	-273.80777	374.70367	-19.1612	-848.82465	19.366667	-66.66763	0.0030854237	-66.65442	-66.66836	112800	1.11262e-08	19642.1	-0.0071114334	-44.742188	0.0076443832	0.0	65.09703135490417
188	-310.03198	387.14938	-18.063847	-849.23376	18.375	-64.710335	0.0030021206	-64.69789	-64.71106	113400	6.357829e-09	24488.234	-0.0036271277	-3.6816406	0.0063855387	0.0	65.42480301856995
189	-251.16588	359.69034	-19.846952	-850.3694	20.0	-64.0085	0.0027469276	-63.99653	-64.00913	114000	0.0	17386.232	-0.0065618553	-21.339844	0.0067377654	1.0	65.78238916397095
190	-329.61978	392.2362	-20.108994	-873.99023	17.666666	-62.564323	0.0027773243	-62.55299	-62.565002	114600	2.8610229e-08	26556.096	-0.018058911	-8.0	0.00725381	1.0	66.32665371894836
191	-281.07407	373.14493	-19.74943	-879.5863	19.233334	-63.37347	0.0025948356	-63.362347	-63.37407	115200	-1.5894572e-09	19416.828	-0.0059140055	-0.29882812	0.006582997	1.0	66.67880010604858
192	-377.90854	400.60336	-22.738316	-887.0264	16.194445	-63.249367	0.0027345181	-63.238705	-63.250072	115800	1.11262e-08	30633.2	-0.007915366	-85.015625	0.00829213	0.0	67.01710653305054
193	-410.41315	402.93774	-19.85532	-851.23706	15.025641	-66.169945	0.0028261114	-66.15937	-66.1707	116400	-5.284945e-08	38317.6	-0.0092755	-162.52344	0.0097192	0.0	67.35969066619873
194	-273.73257	366.8412	-21.462069	-851.3776	19.258064	-70.28731	0.0025457495	-70.27659	-70.28792	117000	1.11262e-08	19260.22	-0.015836237	-10.371094	0.009144633	0.0	67.71374368667603
195	-210.63829	331.74274	-18.55412	-847.9922	21.25	-69.470535	0.002325143	-69.46022	-69.47106	117600	6.357829e-09	13371.662	-0.008391211	-82.03711	0.008782587	0.0	68.06446528434753
196	-331.4295	389.86203	-19.070019	-854.88074	17.515152	-66.59406	0.0023619304	-66.58443	-66.59464	118200	9.536743e-09	25412.838	-0.00673326	-2.6484375	0.006487334	1.0	68.42582273483276
197	-270.1972	368.6104	-18.81723	-848.68097	19.32258	-66.9767	0.002221739	-66.96734	-66.97723	118800	-2.1457673e-08	19522.248	-0.013373568	-20.480469	0.008823067	0.0	68.77793049812317
198	-373.10413	400.55807	-22.188889	-853.411	16.305555	-65.57932	0.002261021	-65.5705	-65.5799	119400	3.973643e-08	31505.893	-0.005821235	-33.06836	0.007724425	0.0	69.1393473148346
199	-313.74625	378.38562	-22.77519	-877.74713	18.121212	-67.341644	0.0021273463	-67.332954	-67.342155	120000	7.152557e-09	23100.664	-0.007993817	-26.03125	0.008353499	0.0	69.50391244888306
200	-316.27145	384.15326	-23.557194	-877.28485	18.0625	-69.0975	0.0020716023	-69.088905	-69.098	120600	-9.536743e-09	24142.055	-0.01333772	-0.9277344	0.007296327	1.0	70.02943992614746
201	-335.196	389.1848	-20.134933	-873.216	17.39394	-69.50409	0.0020338355	-69.4958	-69.50459	121200	2.0662943e-08	25296.246	-0.026749628	-9.953125	0.008644473	0.0	70.33294868469238
202	-300.25958	379.27545	-21.739809	-879.091	18.612904	-70.57177	0.0019268334	-70.56365	-70.57223	121800	-1.4702479e-08	21353.654	-0.0057404395	-4.6679688	0.0075045554	1.0	70.63920021057129
203	-322.3825	386.06985	-19.189583	-879.9648	18.0	-69.88969	0.0018680635	-69.88194	-69.89014	122400	-3.1789145e-09	23487.082	-0.009817415	-5.6796875	0.007971444	0.0	70.94871091842651
204	-298.8734	377.47025	-22.03742	-849.0433	18.64516	-70.67405	0.0017948743	-70.66649	-70.67448	123000	1.9073486e-08	21112.797	-0.017437309	-5.9492188	0.007839678	0.0	71.24998044967651
205	-316.74234	386.29434	-19.44113	-880.40076	18.0	-69.85916	0.0017358699	-69.85197	-69.85958	123600	-3.218651e-08	23494.11	-0.011407119	-1.1367188	0.0047942763	0.0	71.57645106315613
206	-211.10368	331.78134	-20.55365	-850.2661	21.357143	-69.4269	0.0015658981	-69.41996	-69.42726	124200	2.1855037e-08	13184.845	-0.004180349	-94.771484	0.009096608	0.0	71.89731407165527
207	-345.62488	396.57278	-18.74969	-880.39136	17.147058	-65.93427	0.0015932338	-65.927864	-65.93466	124800	-5.5631e-09	27741.182	-0.013297298	-4.28125	0.0064822957	1.0	72.22441673278809
208	-272.61688	369.7613	-19.728954	-887.04376	19.32258	-66.5203	0.0014828738	-66.51405	-66.52065	125400	1.8278758e-08	18349.562	-0.0065209083	-20.31836	0.006667499	0.0	72.54139494895935
209	-232.15546	347.37595	-21.173111	-850.06195	20.655172	-64.93804	0.0013584549	-64.93212	-64.938354	126000	3.7352244e-08	15262.469	-0.016024463	-41.223633	0.0069199037	1.0	72.86256384849548
210	-278.0759	372.4012	-19.724674	-849.6289	19.2	-62.512943	0.0013020878	-62.507374	-62.513256	126600	-2.1457673e-08	19327.03	-0.024509994	-3.8300781	0.009005076	0.0	73.38172316551208
211	-296.82138	381.64276	-20.235107	-873.94495	18.516129	-61.671352	0.001267751	-61.66602	-61.67166	127200	-9.536743e-09	21524.393	-0.011638017	-0.01171875	0.0071096434	1.0	73.68950247764587
212	-297.72546	380.3091	-19.51102	-879.5753	18.741936	-61.696365	0.0012241012	-61.691223	-61.69667	127800	2.4636586e-08	21377.643	-0.008543063	-1.0429688	0.009256951	0.0	74.00350689888
213	-316.17868	383.8546	-19.862457	-852.91473	17.96875	-62.09245	0.0012131992	-62.087418	-62.09274	128400	1.9868216e-09	23288.408	-0.0064466763	-22.597656	0.0071763913	1.0	74.32115030288696
214	-257.56677	360.2247	-21.913559	-876.78546	19.833334	-63.95871	0.0011669665	-63.953705	-63.958977	129000	7.8479445e-09	17510.486	-0.030090488	-0.984375	0.00912146	0.0	74.63427662849426
215	-294.36154	383.15656	-18.218273	-876.0091	18.64516	-63.64701	0.0011511534	-63.642162	-63.647285	129600	1.947085e-08	21755.992	-0.011864858	-13.162109	0.0068030264	1.0	74.94575357437134
216	-333.03027	390.04166	-15.638492	-874.7172	17.545454	-62.167564	0.0011174945	-62.163013	-62.167847	130200	-1.5099843e-08	25559.422	-0.007815995	-38.871094	0.008982077	0.0	75.25303983688354
217	-271.7829	368.258	-18.557402	-849.81683	19.290323	-64.60413	0.0010851324	-64.59956	-64.60439	130800	-3.1789145e-09	19392.982	-0.013950711	-6.5527344	0.0074152444	1.0	75.5716917514801
218	-358.82657	398.13272	-21.218725	-849.11707	16.8	-63.684753	0.001092565	-63.680428	-63.685028	131400	-1.8278758e-08	29488.02	-0.0049314094	-34.353516	0.006620964	1.0	75.884929895401
219	-251.479	360.44766	-21.837303	-868.46216	19.933332	-66.01121	0.0010048354	-66.006905	-66.01145	132000	2.0662943e-08	17499.168	-0.01702684	-45.98047	0.0090065785	0.0	76.20258784294128
220	-269.8311	371.13034	-15.938833	-880.29895	19.290323	-63.38573	0.0009566245	-63.38169	-63.38595	132600	1.4305114e-08	19572.28	-0.012263802	-21.25	0.0098466445	0.0	76.74746465682983
221	-357.20453	400.289	-20.735092	-887.31354	16.685715	-61.377148	0.000943992	-61.37341	-61.377384	133200	-2.503395e-08	29574.414	-0.02387029	-28.613281	0.0068685007	0.0	77.06057286262512
222	-360.8693	399.02948	-20.108572	-880.45605	16.8	-63.473972	0.0009367424	-63.470264	-63.47421	133800	1.2715658e-08	29751.547	-0.014142616	-52.839844	0.0062764534	0.0	77.37378239631653
223	-238.05669	353.90118	-21.289911	-868.4357	20.5	-66.527824	0.0008427175	-66.52409	-66.52802	134400	-1.2715658e-08	15485.55	-0.009310897	-67.302734	0.004271342	2.0	77.7028546333313
224	-313.08914	386.50595	-19.566158	-850.57605	18.1875	-63.39119	0.000834889	-63.38773	-63.39139	135000	1.4305114e-08	23434.848	-0.004884673	0.13085938	0.008270617	0.0	78.01210927963257
225	-313.80234	387.28207	-21.871288	-877.2338	18.125	-63.30292	0.0008018561	-63.299603	-63.30312	135600	6.357829e-09	23548.904	-0.0039492464	-0.6386719	0.0069068447	2.0	78.315664768219
226	-257.19717	367.23987	-20.76001	-876.3736	19.793104	-63.641197	0.00074243604	-63.637962	-63.64137	136200	-4.7683715e-09	17641.084	-0.013474587	-46.20508	0.006717492	1.0	78.62023401260376
227	-158.3741	293.88617	-17.648127	-848.46765	22.653847	-60.877293	0.00065638626	-60.874264	-60.87743	136800	-1.2715658e-08	9092.888	-0.005726111	-132.27734	0.009935305	0.0	78.9307267665863
228	-402.08652	400.39484	-19.455654	-850.11804	15.421053	-56.20653	0.0007128921	-56.20382	-56.20671	137400	-1.8278758e-08	35793.535	-0.00769639	-368.98828	0.009976458	0.0	79.24887371063232
229	-337.87137	384.17816	-18.097239	-864.5316	17.60606	-62.695045	0.0007064765	-62.692158	-62.695213	138000	-2.0662943e-08	26315.188	-0.0076135746	-135.4043	0.006934978	1.0	79.56866407394409
230	-389.3544	400.66187	-21.683622	-879.7825	15.783784	-66.796394	0.00075630035	-66.79349	-66.79659	138600	-1.5099843e-08	33467.12	-0.0060496535	-101.61328	0.008581429	0.0	80.10294723510742
231	-270.24536	368.8844	-19.656107	-851.4586	19.32258	-70.18903	0.0006960835	-70.18611	-70.18921	139200	3.973643e-09	19479.66	-0.008325524	-38.23242	0.009763992	0.0	80.41492652893066
232	-351.7586	392.31787	-22.461576	-882.1516	17.0	-68.37675	0.00067769864	-68.37402	-68.376915	139800	-2.582868e-08	27377.787	-0.011866033	-34.427734	0.007730185	0.0	80.72036552429199
233	-331.9776	391.51138	-18.315922	-880.98627	17.454546	-70.13724	0.0006526619	-70.134575	-70.1374	140400	2.7815501e-08	24469.688	-0.011027331	-0.34765625	0.0097222915	0.0	81.02637314796448
234	-401.01883	400.53998	-22.745707	-876.3064	15.394737	-70.025566	0.00066581846	-70.02304	-70.02574	141000	-1.7881393e-09	36046.08	-0.009985039	-113.72266	0.009548664	0.0	81.35274124145508
235	-290.70523	375.23645	-20.112932	-849.6055	18.625	-73.43736	0.0006070647	-73.43485	-73.437515	141600	2.4636586e-08	21429.271	-0.007156671	-19.751953	0.009206985	0.0	81.6813759803772
236	-361.2838	395.62848	-21.798359	-851.6526	16.571428	-72.181	0.0005997956	-72.178635	-72.18116	142200	-1.9868216e-08	30087.943	-0.009866361	-11.3828125	0.0064556617	1.0	82.00710272789001
237	-315.93073	384.4275	-21.013409	-850.7527	18.0625	-73.192085	0.00055486395	-73.18979	-73.19222	142800	7.152557e-09	23318.57	-0.009456585	-6.314453	0.00988431	0.0	82.32678627967834
238	-292.95972	374.11194	-18.966732	-850.42474	18.75	-72.42416	0.0005177206	-72.421974	-72.42428	143400	-1.5894573e-08	21364.088	-0.008659078	-9.380859	0.009393148	0.0	82.64884972572327
239	-445.3218	401.8988	-22.935753	-877.7992	14.214286	-71.34554	0.00056491094	-71.3435	-71.34569	144000	-9.139379e-09	44119.605	-0.013837538	-293.0664	0.009848525	0.0	82.96146035194397
240	-316.10907	387.1126	-18.669844	-887.0836	18.03125	-76.7572	0.00050446397	-76.755104	-76.75732	144600	1.66893e-08	22668.28	-0.006218532	-27.876953	0.009700858	0.0	83.61811065673828
241	-231.58885	344.84857	-21.233553	-851.19116	20.448277	-75.37751	0.0004523015	-75.375534	-75.37761	145200	-1.8278758e-08	16194.19	-0.008832785	-105.8125	0.0057966043	0.0	83.92766237258911
242	-294.54822	374.6984	-20.523903	-876.78723	18.71875	-72.106926	0.00044011127	-72.105095	-72.107025	145800	-1.11262e-08	21283.918	-0.009645183	-4.6660156	0.008825628	0.0	84.244957447052
243	-289.82788	375.62332	-17.553577	-850.325	18.75	-71.257164	0.00041486233	-71.25542	-71.25726	146400	4.7683715e-09	21355.02	-0.0057144337	-19.736328	0.00960074	0.0	84.59702610969543
244	-316.25092	384.0882	-20.44271	-849.7557	18.0	-69.83432	0.0003948501	-69.83268	-69.83441	147000	-7.947286e-10	23255.475	-0.013834388	-0.31835938	0.009437442	0.0	84.96072959899902
245	-256.2524	357.18073	-21.701971	-867.10046	19.833334	-69.56745	0.00036985293	-69.565865	-69.567535	147600	1.1424223e-08	17248.035	-0.0076231286	-16.642578	0.009046214	0.0	85.31305980682373
246	-380.3989	394.8416	-19.031248	-849.857	16.11111	-68.23555	0.00038546944	-68.23404	-68.23564	148200	3.973643e-09	31179.688	-0.009221809	-121.0	0.009620042	0.0	85.65263485908508
247	-221.31822	326.67432	-21.095652	-848.59534	20.75	-71.702576	0.0003436786	-71.70106	-71.70266	148800	-6.357829e-09	12885.382	-0.005694095	-3.7998047	0.009300968	0.0	85.98972868919373
248	-261.06033	353.97278	-20.596886	-849.6086	19.566668	-71.2371	0.00034284472	-71.23563	-71.237175	149400	-4.7683715e-09	17054.664	-0.0077232253	-1.28125	0.006684768	1.0	86.32695627212524
249	-193.92487	311.45883	-20.504005	-848.86957	21.703703	-70.81543	0.00031867862	-70.813995	-70.815506	150000	-2.3841857e-09	10952.156	-0.007920653	-46.865234	0.009750393	0.0	86.66128039360046
250	-376.11603	396.86777	-21.65882	-849.67554	16.277779	-68.535446	0.00034320928	-68.53411	-68.53554	150600	-2.5431316e-08	31052.25	-0.0071868785	-56.404297	0.009107115	0.0	87.24330496788025
251	-346.0742	395.4938	-21.305866	-878.73645	17.17647	-70.89831	0.00032722944	-70.896996	-70.89839	151200	-1.5894572e-09	27562.943	-0.011936262	-0.1484375	0.00972464	0.0	87.58490562438965
252	-260.62396	364.34195	-19.884224	-875.82043	19.931034	-71.226265	0.0002943849	-71.224976	-71.226326	151800	-1.2715658e-08	17504.893	-0.008240809	-55.29297	0.0092215175	0.0	87.93309783935547
253	-347.7192	395.61618	-17.97328	-876.48926	17.205883	-68.731926	0.00029505393	-68.73074	-68.732	152400	-1.5497207e-08	27630.037	-0.010309822	-4.4882812	0.008933461	0.0	88.2913064956665
254	-351.43726	391.36682	-19.76723	-872.15857	17.0	-69.330154	0.000287925	-69.329	-69.33023	153000	-1.1920929e-08	27332.426	-0.013975773	-38.85547	0.00907864	0.0	88.63486385345459
255	-388.85388	399.98486	-23.168072	-849.6988	15.756757	-71.510544	0.00028988486	-71.50943	-71.51062	153600	1.9868216e-08	33108.773	-0.010450239	-58.80078	0.009373142	0.0	88.98583793640137
256	-413.15723	403.9208	-21.781723	-875.91583	15.025641	-74.245155	0.000293079	-74.24406	-74.24523	154200	1.390775e-09	37550.46	-0.013477299	-81.44922	0.009529691	0.0	89.3225154876709
257	-375.72034	397.72787	-21.52769	-849.27954	16.11111	-77.44231	0.00027730252	-77.441216	-77.44237	154800	-2.9404958e-08	31097.154	-0.0084573645	-6.560547	0.009164651	0.0	89.66671872138977
258	-402.49573	400.36853	-19.629553	-878.04944	15.289474	-78.48119	0.00027085532	-78.48016	-78.48126	155400	-1.390775e-09	35804.97	-0.009377591	-56.046875	0.00650749	1.0	90.01722860336304
259	-232.63622	345.678	-18.22578	-849.94403	20.689655	-81.093636	0.00023235317	-81.092606	-81.09369	156000	2.0662943e-08	15687.415	-0.0108807245	-203.90625	0.0087843435	0.0	90.37675738334656
260	-314.80005	384.4141	-20.388361	-852.5358	18.0	-76.51508	0.00022611857	-76.514145	-76.51514	156600	-2.3841857e-09	23304.434	-0.006921548	-31.410156	0.009026297	0.0	90.96912956237793
261	-270.2588	365.90704	-19.968103	-848.8185	19.32258	-74.44163	0.00021088618	-74.44074	-74.44168	157200	2.3841857e-09	20152.756	-0.015248041	-59.10547	0.00943591	0.0	91.32453322410583
262	-374.23303	397.13293	-20.7971	-849.91205	16.305555	-71.86163	0.00021105426	-71.86081	-71.86169	157800	-1.1523564e-08	31894.518	-0.017257154	-25.078125	0.009945312	0.0	91.66132116317749
263	-419.00107	408.13257	-19.071104	-881.0404	14.95	-73.37427	0.00021372452	-73.373474	-73.37432	158400	3.973643e-10	39756.082	-0.007041728	-33.367188	0.007211747	0.0	92.00207471847534
264	-316.62738	387.81982	-20.395554	-878.4892	18.125	-75.37419	0.00018958931	-75.373405	-75.37424	159000	5.5631e-09	23746.826	-0.010073751	-20.902344	0.009280657	0.0	92.36236476898193
265	-280.56058	378.13553	-20.68948	-886.7317	19.3	-73.94565	0.00017276157	-73.94492	-73.9457	159600	-4.3710074e-08	19089.098	-0.014733284	-95.640625	0.009706722	0.0	92.70880341529846
266	-276.13065	372.704	-22.093794	-850.06525	19.133333	-70.623116	0.00015717756	-70.62244	-70.623146	160200	1.07288365e-08	19439.652	-0.006671294	-59.48242	0.008685933	0.0	93.04718112945557
267	-344.18924	396.95917	-20.15891	-877.31647	17.147058	-67.919334	0.00016103264	-67.91869	-67.91938	160800	3.4570693e-08	27711.244	-0.010634407	0.12695312	0.009281073	0.0	93.38727378845215
268	-430.74075	406.01694	-17.832705	-852.0835	14.560976	-67.765274	0.00015972243	-67.76469	-67.76531	161400	4.688899e-08	41572.02	-0.014307046	-155.52344	0.008619653	0.0	93.73300528526306
269	-210.13364	335.20316	-19.605312	-879.8789	21.321428	-71.85318	0.00013983004	-71.85258	-71.853226	162000	4.7683715e-09	13633.439	-0.008120696	-123.00098	0.008531955	0.0	94.0881576538086
270	-298.10327	376.9242	-21.759949	-852.5263	18.64516	-68.54875	0.00013543984	-68.54818	-68.54878	162600	-1.5894572e-09	22055.115	-0.006816918	-1.3261719	0.008408192	0.0	94.69128608703613
271	-254.21768	362.98026	-19.603039	-888.9131	19.933332	-67.938126	0.00013025092	-67.93756	-67.93815	163200	7.947286e-10	16638.14	-0.006099806	-48.335938	0.008324056	0.0	95.05478954315186
272	-314.8205	387.6653	-20.871029	-879.7569	18.0	-65.71066	0.00012548441	-65.71015	-65.7107	163800	1.3510387e-08	23618.018	-0.0102250585	-0.046875	0.009163358	0.0	95.39863705635071
273	-330.7915	391.88028	-21.426052	-878.10754	17.939394	-65.45547	0.000120125216	-65.45497	-65.45549	164400	7.947286e-09	25541.8	-0.014458204	-1.7246094	0.00896558	0.0	95.75670218467712
274	-422.33447	407.25235	-19.893675	-875.8257	15.0	-65.88931	0.00012755775	-65.88883	-65.88934	165000	-2.9007595e-08	40031.426	-0.010208241	-151.07422	0.0063584624	1.0	96.10787558555603
275	-238.56136	354.26382	-19.203863	-878.86273	20.5	-69.904755	0.0001096454	-69.90427	-69.90478	165600	3.973643e-10	15598.298	-0.012493792	-68.51074	0.009871199	0.0	96.44994950294495
276	-312.05197	386.036	-19.97015	-849.29114	18.25	-67.4663	0.00011137871	-67.46584	-67.46633	166200	-2.3841857e-09	23403.695	-0.012932572	-7.5117188	0.009441398	0.0	96.78689813613892
277	-277.20065	372.84787	-20.730507	-850.2219	19.366667	-66.4216	0.000101674384	-66.42116	-66.421616	166800	9.536743e-09	19343.684	-0.012142697	-22.052734	0.008871039	0.0	97.14141654968262
278	-410.44342	405.6133	-21.303148	-879.99963	15.282051	-64.855606	0.00010864858	-64.855194	-64.85563	167400	-1.5099843e-08	38748.547	-0.01144751	-136.8125	0.008986804	0.0	97.47972917556763
279	-277.409	371.16348	-19.666048	-849.6776	19.366667	-68.52353	9.626198e-05	-68.52312	-68.52355	168000	2.3841857e-09	20169.607	-0.00917002	-13.546875	0.0093036555	0.0	97.81843113899231
280	-276.33096	373.9687	-18.13345	-852.4847	19.333334	-67.53405	9.310519e-05	-67.533646	-67.534065	168600	1.2715658e-08	19535.295	-0.008662418	-38.76172	0.008691645	0.0	98.41995620727539
281	-334.28488	393.0843	-21.292978	-876.7834	17.818182	-65.45408	9.1109796e-05	-65.4537	-65.45409	169200	-1.9073486e-08	25767.855	-0.00742894	-7.326172	0.0070435517	0.0	98.74385261535645
282	-334.7879	392.99182	-20.468391	-880.2185	17.787878	-66.23911	8.645039e-05	-66.23876	-66.239136	169800	3.973643e-09	25731.027	-0.011957337	-9.333984	0.008817803	0.0	99.0577461719513
283	-258.0868	363.4861	-25.270895	-849.59705	19.896551	-67.306625	7.9872145e-05	-67.306274	-67.30664	170400	-1.291434e-09	17304.414	-0.00695553	-39.125	0.008619372	0.0	99.37534523010254
284	-186.16106	315.38257	-19.838718	-851.5714	22.185184	-65.266235	7.745996e-05	-65.26589	-65.26626	171000	-1.5894572e-09	11122.63	-0.006569716	-94.518555	0.006460229	1.0	99.69344472885132
285	-311.1026	386.96	-21.007416	-849.678	18.25	-61.92745	7.572102e-05	-61.92713	-61.927464	171600	7.152557e-09	23459.934	-0.00672765	-0.001953125	0.009194318	0.0	100.00722002983093
286	-258.45004	363.40762	-21.928663	-850.9394	19.896551	-61.604576	7.319847e-05	-61.60426	-61.604595	172200	-8.9406965e-10	17214.668	-0.011997946	-8.033203	0.00963099	0.0	100.32717275619507
287	-347.299	398.78503	-23.859842	-879.36597	17.32353	-60.643764	7.247172e-05	-60.64347	-60.64378	172800	-1.9073486e-08	28041.938	-0.011406299	-29.851562	0.0064337165	1.0	100.65062665939331
288	-329.29477	388.772	-20.93809	-847.7769	17.727272	-62.471146	6.881274e-05	-62.470863	-62.47116	173400	-1.9073486e-08	26117.684	-0.01302237	-22.529297	0.00873316	0.0	100.96410489082336
289	-358.78467	401.6214	-19.205555	-878.5146	16.742857	-64.223145	7.261965e-05	-64.22286	-64.22317	174000	5.5631e-09	29942.23	-0.007377233	-14.097656	0.009102328	0.0	101.28439855575562
290	-259.835	362.38412	-22.767933	-850.2041	19.827587	-65.62591	6.3740845e-05	-65.62564	-65.62593	174600	1.9073486e-08	17151.291	-0.02021451	-16.517578	0.00903993	0.0	101.84570670127869
291	-348.37988	394.48383	-23.349571	-879.1794	17.294117	-64.23905	6.6748114e-05	-64.23878	-64.23906	175200	-7.947286e-10	28447.393	-0.0084158825	-45.273438	0.0064001963	1.0	102.14314484596252
292	-228.92567	348.53027	-20.085781	-850.8457	20.655172	-66.56803	6.355794e-05	-66.56775	-66.56804	175800	-5.165736e-09	15430.537	-0.008941156	-84.99707	0.009831289	0.0	102.45875573158264
293	-420.39697	406.72186	-21.472528	-876.67523	14.85	-63.442596	6.6422304e-05	-63.442352	-63.442616	176400	-3.0994414e-08	39881.527	-0.008000498	-166.74219	0.009213884	0.0	102.78052544593811
294	-273.28952	368.59778	-23.713242	-873.053	19.35484	-67.632965	5.4270688e-05	-67.63273	-67.63297	177000	-5.165736e-09	19309.602	-0.016657133	-7.8945312	0.0064155967	1.0	103.11217498779297
295	-270.1936	371.12198	-20.262896	-879.90857	19.32258	-66.89868	5.3209216e-05	-66.89846	-66.8987	177600	2.3841858e-08	19617.482	-0.008229268	-34.625	0.009449059	0.0	103.41876864433289
296	-328.6836	393.5092	-19.556879	-873.6215	17.636364	-64.85112	5.4713983e-05	-64.8509	-64.851135	178200	1.390775e-09	25742.37	-0.005083954	0.056640625	0.009258663	0.0	103.72352814674377
297	-257.7047	363.04102	-19.701012	-851.35364	19.862068	-64.70613	4.678256e-05	-64.70593	-64.70615	178800	-2.0687779e-08	17241.107	-0.0110536385	-25.654297	0.009634335	0.0	104.0504264831543
298	-211.92404	334.42053	-21.869064	-885.2737	21.357143	-62.95632	4.664316e-05	-62.956116	-62.956333	179400	-9.536743e-09	12109.019	-0.02185245	-46.686523	0.008751437	0.0	104.3724730014801
299	-254.24123	357.46225	-22.409645	-848.5679	19.966667	-60.48616	4.6445668e-05	-60.485962	-60.48617	180000	-1.9868216e-08	17202.584	-0.006716144	0.046875	0.009378359	0.0	104.67074418067932
300	-252.00555	360.77386	-20.180899	-875.9776	19.833334	-60.279545	4.3132233e-05	-60.279358	-60.279552	180600	-2.6673078e-08	17385.54	-0.0032020293	-5.982422	0.0064599635	1.0	105.25040006637573
301	-389.4113	402.37924	-18.656986	-877.2606	15.810811	-59.403984	4.4345208e-05	-59.403824	-59.404003	181200	-1.66893e-08	33940.02	-0.0068032844	-193.83203	0.007826927	1.0	105.57914400100708
302	-258.69965	353.72925	-21.023224	-848.56616	19.666666	-64.18328	4.4185766e-05	-64.18311	-64.183304	181800	4.1325887e-08	16851.617	-0.008318095	-4.65625	0.009258669	0.0	105.89755296707153
303	-390.69562	400.49185	-20.385798	-880.40674	15.810811	-65.19933	4.769643e-05	-65.199165	-65.199356	182400	8.742014e-09	33526.4	-0.0058933236	-141.57812	0.00885851	0.0	106.2187614440918
304	-329.83453	388.9555	-21.726263	-850.41113	17.636364	-69.227295	4.0636824e-05	-69.22713	-69.2273	183000	9.536743e-09	26151.217	-0.018504977	-1.2402344	0.009046546	0.0	106.52874708175659
305	-451.96436	404.61557	-22.412214	-880.74054	13.930233	-69.85343	5.2170777e-05	-69.85324	-69.85344	183600	2.5431316e-08	45351.832	-0.0058638384	-256.63672	0.007273044	0.0	106.85337543487549
306	-344.3452	395.58548	-20.663103	-850.4817	17.147058	-75.02267	3.9398023e-05	-75.02251	-75.022675	184200	-3.6160152e-08	27572.256	-0.027648712	-5.3984375	0.009423957	0.0	107.17215323448181
307	-253.86073	357.14	-20.933228	-849.0317	19.766666	-74.50395	4.1620428e-05	-74.50377	-74.50395	184800	-8.543332e-09	17274.084	-0.010230894	-68.66992	0.0096962275	0.0	107.4921977519989
308	-432.44223	407.34763	-17.301361	-880.91815	14.487804	-71.81652	4.2512915e-05	-71.81638	-71.81654	185400	-2.6027362e-08	42661.85	-0.012316089	-111.42969	0.009890051	0.0	107.81200194358826
309	-281.0367	372.68265	-25.228935	-875.15533	19.266666	-74.97948	3.6417874e-05	-74.97932	-74.97948	186000	2.2649765e-08	19421.094	-0.012366482	-39.96289	0.009608008	0.0	108.12582540512085
310	-410.70294	403.89417	-19.838419	-877.7141	15.128205	-73.194626	3.4289864e-05	-73.194496	-73.19463	186600	-1.291434e-08	38200.465	-0.019992296	-59.38672	0.009411807	0.0	108.72431349754333
311	-317.03564	384.80264	-22.430677	-872.8416	18.0625	-75.46678	3.1308417e-05	-75.46665	-75.46679	187200	-2.7020773e-08	23315.943	-0.015442347	-9.064453	0.009388986	0.0	109.0294280052185
312	-330.03903	392.80167	-19.852709	-878.1277	17.60606	-74.65301	3.1751482e-05	-74.65288	-74.653015	187800	1.5894572e-09	25743.625	-0.00806021	-20.128906	0.008701691	0.0	109.32951617240906
313	-102.48142	225.05115	-18.8154	-849.27277	24.625	-73.16955	2.7508173e-05	-73.16942	-73.16954	188400	5.5631e-09	5643.6636	-0.014081677	-327.0244	0.008348076	0.0	109.64141297340393
314	-296.01773	380.50766	-16.98373	-849.9945	18.64516	-67.642555	2.9151875e-05	-67.64243	-67.64255	189000	2.7020773e-08	21449.53	-0.0061124014	-14.9140625	0.0067209657	1.0	109.96665096282959
315	-313.19666	385.81918	-19.119175	-848.9012	18.21875	-66.19671	2.6124411e-05	-66.1966	-66.19672	189600	-1.5894572e-09	23344.719	-0.0050394037	-0.9394531	0.008984028	0.0	110.28653073310852
316	-231.83252	346.00595	-19.302277	-846.87396	20.586206	-65.854546	2.339128e-05	-65.85445	-65.85455	190200	-8.34465e-09	15256.663	-0.018156895	-30.660156	0.009653387	0.0	110.60969853401184
317	-439.12173	407.59637	-19.206833	-852.31146	14.375	-64.15347	2.6952395e-05	-64.15337	-64.15348	190800	-2.9404958e-08	41826.98	-0.008661409	-155.77734	0.008496491	0.0	110.92366313934326
318	-277.42813	370.0503	-22.323317	-847.7828	19.366667	-67.80599	2.2544398e-05	-67.80589	-67.80599	191400	1.3510387e-08	20038.43	-0.009464797	-7.080078	0.0081684925	0.0	111.24176931381226
319	-239.39725	354.42834	-19.51732	-875.0791	20.535715	-67.19017	2.3482346e-05	-67.19006	-67.19017	192000	-1.8676122e-08	15505.137	-0.006765255	-44.77832	0.0064410665	1.0	111.55862259864807
320	-344.1469	395.59567	-19.335724	-850.5228	17.352942	-65.11129	2.1579186e-05	-65.111206	-65.1113	192600	2.78155e-09	27548.29	-0.008969394	-2.8730469	0.008470665	0.0	112.15844988822937
321	-374.39044	401.79575	-20.712242	-878.1388	16.5	-65.53505	2.3906114e-05	-65.53496	-65.53506	193200	-8.742014e-09	31819.39	-0.014990605	-36.316406	0.007681136	0.0	112.46585178375244
322	-372.8606	402.34854	-19.755934	-877.8673	16.555555	-67.43831	2.2112086e-05	-67.438225	-67.43832	193800	3.8146972e-08	31785.12	-0.006989867	-16.042969	0.0065770457	1.0	112.78474497795105
323	-311.84796	386.73212	-18.537893	-848.77747	18.125	-68.79771	2.147102e-05	-68.797615	-68.79771	194400	-1.9073486e-08	23480.143	-0.0038183685	-9.884766	0.006496288	1.0	113.08921217918396
324	-296.23715	380.23267	-21.563822	-879.9375	18.838709	-67.855545	1.9119208e-05	-67.85547	-67.85555	195000	1.6291937e-08	22342.771	-0.006093869	-7.8222656	0.0070787813	1.0	113.4105634689331
325	-313.02457	388.38116	-19.267298	-878.5543	18.28125	-66.88836	1.9368748e-05	-66.88828	-66.88837	195600	1.9868216e-09	23726.104	-0.012776281	-5.767578	0.005819701	0.0	113.72724509239197
326	-234.47868	353.53235	-18.538145	-850.4089	20.75	-66.04758	1.6773105e-05	-66.0475	-66.04758	196200	-1.6291937e-08	15552.648	-0.0067904056	-85.88867	0.008797783	0.0	114.04746699333191
327	-387.09583	403.2836	-19.995745	-879.58276	16.081081	-62.94923	2.146989e-05	-62.94915	-62.949238	196800	-8.742014e-09	34740.246	-0.007936132	-94.96484	0.0067212703	1.0	114.35195183753967
328	-181.09482	316.73477	-19.63515	-847.745	22.185184	-65.95732	1.8086654e-05	-65.957245	-65.95731	197400	-2.1855037e-08	11435.235	-0.0044959905	-149.18164	0.008057001	0.0	114.65859317779541
329	-356.2427	397.99496	-18.899805	-853.73785	16.914286	-62.292225	1.4950499e-05	-62.292164	-62.292225	198000	7.947286e-10	31400.73	-0.0061264746	-25.824219	0.0065146917	1.0	114.9691207408905
330	-212.54239	338.94595	-20.29018	-849.93256	21.333334	-63.673904	1.34112515e-05	-63.67387	-63.673916	198600	-1.7881394e-08	13297.696	-0.004924062	-64.75293	0.006863829	1.0	115.56031274795532
331	-256.27847	364.86456	-18.19436	-851.2051	19.965517	-61.2712	1.4969953e-05	-61.271133	-61.271202	199200	-3.1888487e-08	17399.01	-0.007501612	-20.673828	0.006488828	1.0	115.88023257255554
332	-296.21872	379.7557	-18.698597	-851.6812	18.64516	-59.700924	2.0180674e-05	-59.70089	-59.700943	199800	-2.5431316e-08	21368.29	-0.004724519	-1.5839844	0.0070053465	1.0	116.17832231521606
333	-295.3624	381.10504	-20.287231	-851.03845	18.64516	-60.038628	1.2333532e-05	-60.038574	-60.038628	200400	7.549922e-09	21481.08	-0.008006373	-0.16601562	0.009002025	0.0	116.49609184265137
334	-346.54785	395.8465	-20.557625	-881.8545	17.058823	-60.200497	1.2898717e-05	-60.200443	-60.200497	201000	-2.6226044e-08	27728.576	-0.015583513	-42.95703	0.009241772	0.0	116.79960203170776
335	-357.59427	398.60162	-17.414635	-850.17035	16.657143	-62.3566	1.1807088e-05	-62.356556	-62.356606	201600	7.152557e-09	29555.47	-0.007814543	-29.390625	0.009969986	0.0	117.11879682540894
336	-182.67813	316.01004	-19.020157	-848.08673	21.851852	-64.26578	1.2380638e-05	-64.26573	-64.265785	202200	-4.371007e-09	11297.414	-0.0066546346	-109.93359	0.0067138975	1.0	117.4412271976471
337	-315.8487	388.78677	-25.390512	-878.05066	17.96875	-60.92405	1.073551e-05	-60.924004	-60.92405	202800	3.973643e-09	23704.15	-0.006575688	-5.0820312	0.009825677	0.0	117.75150322914124
338	-307.9128	380.75504	-22.865044	-849.60345	18.121212	-61.50073	1.578996e-05	-61.500706	-61.500744	203400	-7.947286e-10	23236.686	-0.006755937	-17.916016	0.00653674	1.0	118.07736039161682
339	-232.17169	347.3434	-19.564817	-879.5835	20.448277	-62.959324	1.3324165e-05	-62.959267	-62.959328	204000	2.22524e-08	16174.009	-0.011631855	-12.608398	0.009392255	0.0	118.39691424369812
340	-330.42282	389.99344	-18.164858	-851.82104	17.424242	-61.833035	1.3621194e-05	-61.832977	-61.833035	204600	2.3047129e-08	25457.107	-0.009741193	-18.527344	0.00868247	0.0	119.00330328941345
341	-314.52078	384.76953	-18.24142	-878.43353	18.0625	-63.23432	8.864556e-06	-63.234287	-63.234325	205200	-1.11262e-08	24236.717	-0.012980047	-9.998047	0.008205611	0.0	119.30621528625488
342	-227.66002	346.01547	-20.088139	-847.75134	20.48276	-64.41297	1.009274e-05	-64.41294	-64.41298	205800	4.1325887e-08	16061.935	-0.007342701	-48.331055	0.0074217604	1.0	119.6119167804718
343	-357.1874	398.2519	-18.649874	-851.6532	16.77143	-62.045612	1.0278468e-05	-62.04557	-62.045612	206400	-2.1060307e-08	30501.094	-0.0106813675	-34.121094	0.004313116	0.0	119.92902493476868
344	-280.26465	375.64273	-18.96696	-881.2455	19.266666	-63.95587	1.26902005e-05	-63.955845	-63.955883	207000	2.3841857e-09	19667.37	-0.009473606	-4.330078	0.0064081973	1.0	120.23134350776672
345	-278.34128	373.13205	-20.09487	-875.0911	19.266666	-63.32772	8.642906e-06	-63.327686	-63.327724	207600	2.4636586e-08	19339.484	-0.010424152	-6.001953	0.0093408255	0.0	120.55689263343811
346	-296.83807	378.1819	-21.349009	-849.4362	18.548388	-62.402122	7.928699e-06	-62.40209	-62.402122	208200	1.11262e-08	21143.02	-0.007157817	-0.8886719	0.006528312	1.0	120.88032460212708
347	-357.34277	399.53012	-18.240711	-850.13074	16.657143	-62.707264	8.340154e-06	-62.707233	-62.707268	208800	1.11262e-08	29761.033	-0.0076305834	-23.132812	0.009344275	0.0	121.20280003547668
348	-260.16428	359.42828	-16.532215	-849.6027	19.931034	-64.50939	1.1316221e-05	-64.50935	-64.509384	209400	2.3841858e-08	17885.125	-0.006547159	-1.921875	0.006718043	1.0	121.5229663848877
349	-330.87997	389.1601	-20.546448	-849.95874	17.848484	-64.06845	9.080795e-06	-64.06841	-64.06845	210000	3.1789146e-08	25426.781	-0.018555922	-14.683594	0.009575072	0.0	121.83822536468506
350	-331.64365	387.44772	-21.35982	-849.2554	17.818182	-65.49867	1.1720498e-05	-65.498634	-65.49868	210600	-3.4968057e-08	25981.137	-0.008276776	-26.246094	0.0094490675	0.0	122.43893551826477
351	-359.94873	401.12152	-19.92851	-879.35803	16.8	-67.5489	9.281559e-06	-67.548874	-67.548904	211200	7.152557e-09	29863.727	-0.011648165	-7.9160156	0.009299732	0.0	122.74741888046265
352	-264.02527	362.84717	-20.308838	-879.69916	20.0	-68.74226	8.181614e-06	-68.74225	-68.74227	211800	-1.5099843e-08	17523.29	-0.009096382	-13.542969	0.009423561	0.0	123.04775977134705
353	-281.84732	371.86707	-19.821316	-877.1059	19.366667	-67.331924	1.01645755e-05	-67.331894	-67.33193	212400	-3.973643e-09	20287.828	-0.016315006	-2.3203125	0.009560146	0.0	123.35045504570007
354	-217.06161	334.8348	-18.0726	-851.7928	21.444445	-66.64029	6.5925506e-06	-66.64026	-66.64029	213000	-1.9073486e-08	13954.2	-0.012490397	-47.06543	0.0092561655	0.0	123.669118642807
355	-283.26108	369.2233	-21.002518	-848.89575	19.4	-63.8454	1.1671768e-05	-63.845387	-63.845413	213600	-8.742014e-09	19139.848	-0.007479906	-3.0410156	0.0068678767	1.0	123.99093818664551
356	-315.52704	385.15274	-21.880405	-880.62225	18.34375	-64.43642	8.2348e-06	-64.4364	-64.436424	214200	6.357829e-09	24295.17	-0.009607774	-9.083984	0.009455032	0.0	124.30301594734192
357	-260.7637	362.58917	-21.243095	-854.53143	20.137932	-65.72747	8.181614e-06	-65.727455	-65.72748	214800	1.2715658e-08	17317.725	-0.011379111	-17.771484	0.009256526	0.0	124.6108250617981
358	-452.991	404.31235	-23.292171	-853.1521	14.02439	-64.019424	9.529111e-06	-64.0194	-64.01943	215400	-2.960364e-08	43669.254	-0.01254619	-431.21484	0.009683617	0.0	124.9482204914093
359	-280.43524	371.0022	-19.628576	-850.00854	19.4	-71.49388	5.2025534e-06	-71.49386	-71.49388	216000	1.2715658e-08	19270.71	-0.012624671	-17.390625	0.009696129	0.0	125.29453229904175
360	-343.793	395.31396	-18.267242	-851.7204	17.205883	-70.37281	7.6293945e-06	-70.3728	-70.37282	216600	-4.7683715e-09	27506.176	-0.009473138	-0.9628906	0.009810257	0.0	125.94048357009888
361	-312.3999	386.366	-19.748528	-848.8203	18.1875	-69.92104	5.367755e-06	-69.92102	-69.92104	217200	-1.4702479e-08	23454.453	-0.010036405	-15.183594	0.009623449	0.0	126.2750723361969
362	-420.82974	405.48984	-24.580738	-852.2754	14.975	-68.53918	1.48626405e-05	-68.53917	-68.53919	217800	4.7683715e-09	39556.875	-0.01197742	-123.10547	0.009634277	0.0	126.63432550430298
363	-350.657	393.6861	-25.782589	-879.8455	17.117647	-72.30535	1.0446979e-05	-72.30532	-72.30534	218400	1.4305114e-08	27384.934	-0.0063365162	-10.503906	0.008081205	0.0	126.98634791374207
364	-188.05186	313.66772	-22.303959	-851.2886	21.88889	-73.637405	8.940834e-06	-73.63738	-73.63741	219000	-1.2715658e-08	11312.927	-0.010877452	-159.15137	0.009677844	0.0	127.3399338722229
365	-137.33731	262.63913	-20.969482	-849.8853	23.4	-69.4352	3.1763702e-06	-69.43519	-69.4352	219600	2.0662943e-08	7148.7856	-0.0077265124	-153.1958	0.0075476184	1.0	127.67445039749146
366	-388.72623	398.62695	-25.096212	-851.8303	15.810811	-65.20138	5.7600664e-06	-65.201355	-65.20138	220200	-3.8146972e-08	34182.945	-0.0077459454	-127.22656	0.006496244	1.0	128.01710176467896
367	-312.26422	377.44263	-17.91663	-853.52075	18.181818	-68.55646	7.1570066e-06	-68.55643	-68.55646	220800	-2.6226044e-08	22967.363	-0.010276548	-16.296875	0.008831971	0.0	128.37369561195374
368	-252.13814	356.4912	-18.11274	-850.1057	19.833334	-70.034645	1.7341845e-06	-70.03464	-70.034645	221400	1.5894572e-09	18055.303	-0.010871316	-29.816406	0.009257531	0.0	128.71626448631287
369	-317.86682	384.91153	-21.77762	-876.1575	18.09375	-68.35986	7.416619e-06	-68.35986	-68.35987	222000	-9.536743e-09	23286.744	-0.0040218476	-0.55078125	0.009203922	0.0	129.06488680839539
370	-316.5351	385.43124	-21.86586	-878.7159	18.1875	-68.520805	5.367755e-06	-68.52078	-68.520805	222600	1.3113022e-08	23303.26	-0.005381913	-0.00390625	0.009024132	0.0	129.72469830513
371	-251.84305	360.89337	-19.161978	-876.4785	19.933332	-68.51502	1.7341845e-06	-68.515015	-68.51502	223200	5.9604643e-10	17613.713	-0.0039435644	-54.60547	0.008698109	0.0	130.03407955169678
372	-375.857	400.4538	-20.53716	-877.34296	16.305555	-66.06858	5.683771e-06	-66.06856	-66.06858	223800	-2.78155e-09	31620.643	-0.007426779	-51.898438	0.008942292	0.0	130.3310844898224
373	-415.90353	398.87347	-19.30357	-850.439	15.051282	-68.32116	8.357583e-06	-68.321144	-68.32115	224400	-1.291434e-08	37088.7	-0.008406036	-248.57812	0.009498523	0.0	130.6493582725525
374	-363.4855	396.04532	-24.020285	-875.3666	16.685715	-73.43965	0.0	-73.43965	-73.43965	225000	-1.5894572e-09	29194.82	-0.0066172346	-12.837891	0.009915201	0.0	130.9710729122162
375	-360.0388	397.43054	-22.78823	-852.44214	16.685715	-74.82982	3.7376246e-06	-74.8298	-74.82982	225600	9.139379e-09	29327.16	-0.01181934	0.005859375	0.009078301	0.0	131.28872656822205
376	-281.72586	372.09686	-22.997812	-876.6896	19.366667	-74.84302	1.4960229e-05	-74.843025	-74.84303	226200	-9.536743e-09	20318.357	-0.0119479	-31.767578	0.009074224	0.0	131.59370875358582
377	-240.54887	352.70132	-23.097483	-878.4899	20.571428	-73.02448	1.6773104e-06	-73.024475	-73.02448	226800	-7.152557e-09	16358.07	-0.008370166	-72.06348	0.008879313	0.0	131.89651036262512
378	-389.541	403.79813	-22.881096	-880.6484	16.0	-70.193115	8.322687e-06	-70.1931	-70.19311	227400	3.1789146e-08	33725.395	-0.012020861	-36.402344	0.008851318	0.0	132.21978497505188
379	-291.08813	376.24023	-19.526205	-878.78705	18.75	-72.00371	3.5238663e-06	-72.00369	-72.00371	228000	-2.0662943e-08	21443.81	-0.006328793	-16.6875	0.0072503183	0.0	132.53582406044006
380	-334.636	388.59302	-26.372942	-879.864	17.454546	-70.78381	7.410076e-06	-70.78381	-70.78382	228600	9.536743e-09	25170.729	-0.012464652	-3.8710938	0.009723845	0.0	133.15011548995972
381	-346.1161	395.69482	-20.631504	-877.2326	17.117647	-71.35967	3.6853478e-06	-71.35966	-71.35967	229200	7.152557e-09	27539.824	-0.015133125	0.025390625	0.009782681	0.0	133.4498097896576
382	-349.55112	393.52017	-21.450075	-879.3596	17.382353	-71.41755	8.270066e-06	-71.417534	-71.41754	229800	-7.152557e-09	27373.533	-0.00727835	-7.060547	0.009407122	0.0	133.76270079612732
383	-402.92493	402.0217	-17.934225	-878.8062	15.763158	-72.32754	7.6293945e-06	-72.327545	-72.327545	230400	-1.7484028e-08	35329.324	-0.011909966	-86.90234	0.009726184	0.0	134.07208633422852
384	-333.36572	388.20798	-23.152325	-850.336	17.818182	-75.56655	7.6293945e-06	-75.56654	-75.56656	231000	-3.973643e-09	25167.285	-0.00785929	-1.1914062	0.009879321	0.0	134.3754072189331
385	-300.47534	382.19012	-18.329983	-879.81305	18.67742	-75.318436	7.4231566e-06	-75.318436	-75.31844	231600	-2.4636586e-08	21719.227	-0.02322624	-38.148438	0.009599956	0.0	134.69038677215576
386	-275.16098	367.59827	-17.408504	-879.1799	19.35484	-73.138985	1.7341845e-06	-73.13898	-73.138985	232200	-3.5762786e-09	19424.326	-0.01282508	-31.142578	0.009516523	0.0	135.0019428730011
387	-374.30203	400.54654	-22.14374	-878.084	16.416666	-71.074524	1.8945904e-06	-71.07452	-71.074524	232800	1.1920929e-09	31520.41	-0.008491656	-12.957031	0.0064739515	1.0	135.3241024017334
388	-301.1065	376.7775	-23.77603	-852.9118	18.774193	-72.258156	1.7619332e-06	-72.25815	-72.258156	233400	1.9868216e-09	21087.688	-0.005656512	-3.3632812	0.009362029	0.0	135.6302261352539
389	-265.29156	361.38565	-20.045744	-879.683	20.0	-71.66669	0.0	-71.66669	-71.66669	234000	-7.947286e-10	17139.166	-0.010268894	-18.695312	0.008363922	0.0	135.94405794143677
390	-215.4706	332.48788	-22.301685	-879.1433	21.428572	-70.04928	1.6481376e-06	-70.04927	-70.04928	234600	1.4305114e-08	13223.552	-0.0073492876	-58.463867	0.009027459	0.0	136.57723259925842
391	-364.44028	397.90448	-22.632406	-877.706	17.028572	-67.17759	8.287644e-06	-67.177574	-67.17758	235200	-2.4636586e-08	29731.373	-0.009308485	-44.539062	0.009130832	0.0	136.88919186592102
392	-363.60745	392.70566	-20.312504	-850.70605	17.028572	-69.473015	1.8688123e-06	-69.47301	-69.473015	235800	5.165736e-09	29785.42	-0.009983925	-68.859375	0.009661504	0.0	137.18666791915894
393	-286.44385	371.65314	-21.522457	-878.29065	19.7	-72.601746	9.070106e-06	-72.60172	-72.60174	236400	2.3047129e-08	19429.383	-0.008617849	-6.1816406	0.009701999	0.0	137.4924292564392
394	-222.77657	336.32895	-20.622562	-873.4101	21.592592	-71.82995	8.940834e-06	-71.829926	-71.82994	237000	-2.9007595e-08	13114.943	-0.014449558	-57.551758	0.009594233	0.0	137.79192543029785
395	-238.17163	352.18185	-22.573101	-850.9911	20.678572	-69.01085	1.6773104e-06	-69.01084	-69.01085	237600	-1.1920929e-08	15334.088	-0.020112077	-83.44141	0.009704343	0.0	138.11637473106384
396	-387.07248	400.1253	-19.30266	-849.6775	16.054054	-65.58654	0.0	-65.58654	-65.58654	238200	-1.3510387e-08	33362.246	-0.0103271315	-91.79297	0.009476305	0.0	138.43981385231018
397	-333.91772	386.2093	-22.073084	-877.1201	18.060606	-68.807594	1.8161592e-06	-68.80759	-68.807594	238800	-3.0994414e-08	26843.986	-0.011895041	-32.04883	0.009803265	0.0	138.75705122947693
398	-410.8854	404.74222	-22.923506	-876.0573	15.540541	-70.97883	7.6293945e-06	-70.978836	-70.978836	239400	-7.152557e-09	35532.848	-0.014860461	-83.984375	0.009592334	0.0	139.0827751159668
399	-314.4574	385.38754	-16.326965	-851.8275	18.25	-74.26456	0.0	-74.26456	-74.26456	240000	2.7020773e-08	23405.729	-0.0067213145	-20.44336	0.008558229	0.0	139.40261268615723
400	-279.48676	372.7914	-21.404924	-877.32263	19.266666	-72.83788	1.7341845e-06	-72.837875	-72.83788	240600	-3.973643e-09	19509.777	-0.01804249	-54.23828	0.009800296	0.0	140.04331350326538
401	-423.31952	406.27423	-23.305546	-876.2058	14.925	-70.17153	3.988746e-06	-70.17152	-70.17153	241200	-1.2715658e-08	39776.793	-0.0042906096	-123.609375	0.009184351	0.0	140.34872007369995
402	-212.40617	331.5854	-26.638725	-850.2825	21.321428	-73.84254	7.6293945e-06	-73.842545	-73.842545	241800	-1.4305114e-08	13253.696	-0.009235835	-107.43164	0.009350656	0.0	140.66495203971863
403	-350.0061	393.26376	-22.539463	-877.6405	17.352942	-70.609245	8.270066e-06	-70.60923	-70.60924	242400	-3.4570693e-08	27276.564	-0.0077064265	-8.365234	0.009583707	0.0	140.96439909934998
404	-298.7659	378.14084	-18.510435	-851.9111	18.870968	-71.39263	8.217109e-06	-71.39262	-71.392624	243000	2.0662943e-08	21318.684	-0.003646318	-9.998047	0.007890684	0.0	141.26787757873535
405	-376.8074	398.02393	-21.368366	-878.37555	16.555555	-70.39575	1.5258789e-05	-70.39577	-70.39577	243600	-1.0281801e-08	33205.492	-0.006861179	-66.10156	0.00910667	0.0	141.58910870552063
406	-360.26196	397.09982	-20.524673	-880.4131	16.828571	-73.062744	1.4911514e-05	-73.06275	-73.06276	244200	7.947286e-10	30264.797	-0.012222153	-4.2773438	0.009408345	0.0	141.91746735572815
407	-292.68173	380.3396	-17.770151	-849.21216	18.580645	-73.923225	7.6293945e-06	-73.92322	-73.92323	244800	-5.5631e-09	22516.867	-0.012157703	-66.302734	0.009914195	0.0	142.2374885082245
408	-275.4349	374.32043	-19.096912	-852.21826	19.3	-71.18993	7.6293945e-06	-71.189926	-71.189926	245400	6.7551933e-09	19700.438	-0.0030233948	-86.66016	0.008663616	0.0	142.5531849861145
409	-292.92484	380.70117	-19.625809	-850.88464	18.838709	-67.91802	8.217109e-06	-67.91801	-67.918015	246000	-1.66893e-08	22433.79	-0.011818752	-27.5625	0.009913227	0.0	142.8582649230957
410	-299.17804	380.32703	-22.195045	-876.89105	18.838709	-65.99265	1.7619332e-06	-65.992645	-65.99265	246600	-2.8610229e-08	21452.318	-0.015332042	-0.74609375	0.009511773	0.0	143.4870264530182
411	-299.76382	379.54916	-20.3407	-875.9829	18.870968	-65.60331	1.7619332e-06	-65.6033	-65.60331	247200	-9.139379e-09	21310.484	-0.0104131345	-0.0078125	0.009502696	0.0	143.8034224510193
412	-263.4696	363.06375	-19.352749	-876.3317	20.344828	-65.629585	7.4362138e-06	-65.629585	-65.62959	247800	-8.742014e-09	17346.557	-0.007925851	-5.9570312	0.008906263	0.0	144.1244432926178
413	-403.89975	395.68994	-28.824667	-853.2745	16.166666	-64.76421	7.6293945e-06	-64.764206	-64.764206	248400	-7.947286e-10	33952.676	-0.008865809	-313.35547	0.009136562	0.0	144.43495750427246
414	-148.82375	264.93445	-21.827269	-849.6631	24.083334	-70.61737	8.092195e-06	-70.617355	-70.61736	249000	-2.22524e-08	6927.2324	-0.011638766	-42.052246	0.009264676	0.0	144.75581407546997
415	-266.85916	358.46683	-23.062487	-850.27655	20.37931	-68.814964	1.7059845e-06	-68.81496	-68.814964	249600	-3.1789145e-09	17010.17	-0.009339839	-0.64453125	0.009229309	0.0	145.0749135017395
416	-319.39862	382.6671	-22.059843	-850.7825	18.65625	-68.39423	0.0	-68.39423	-68.39423	250200	-1.11262e-08	23150.145	-0.0051115085	-5.564453	0.009120331	0.0	145.39064192771912
417	-331.6117	391.90494	-19.19233	-875.9845	17.90909	-69.16363	1.8161592e-06	-69.16362	-69.16363	250800	1.5099843e-08	25600.387	-0.009007021	-0.041015625	0.009286809	0.0	145.71387910842896
418	-171.75328	297.8864	-20.150284	-871.5475	23.0	-69.12336	1.5881851e-06	-69.12335	-69.12336	251400	1.11262e-08	9065.445	-0.00629772	-84.83789	0.009577481	0.0	146.0431957244873
419	-333.8291	390.46402	-21.777245	-878.1228	18.121212	-66.02626	7.6293945e-06	-66.02627	-66.02627	252000	-3.973643e-09	26391.934	-0.009859963	-13.6328125	0.008625482	1.0	146.34863686561584
420	-422.30612	402.76828	-25.906296	-852.6769	15.236842	-67.118286	7.3772735e-06	-67.118286	-67.11829	252600	5.5631e-09	37287.234	-0.007978683	-183.875	0.009321664	0.0	146.98247361183167
421	-332.7705	391.9641	-21.05053	-875.3682	17.969696	-71.63781	7.410076e-06	-71.63781	-71.63782	253200	7.947286e-10	25559.207	-0.009378561	0.04296875	0.009368568	0.0	147.2894413471222
422	-192.87057	319.52246	-22.483465	-852.14124	22.346153	-71.64874	0.0	-71.64874	-71.64874	253800	0.0	11308.062	-0.0061967284	-136.84277	0.009303921	0.0	147.59222769737244
423	-295.31186	381.15927	-22.128187	-852.0319	19.032259	-67.85974	0.0	-67.85974	-67.85974	254400	7.947286e-09	21586.55	-0.006617217	-23.951172	0.009852769	0.0	147.89093828201294
424	-361.2793	399.5225	-20.366705	-877.55414	17.114286	-66.08573	0.0	-66.08573	-66.08573	255000	0.0	29738.693	-0.004891605	-16.392578	0.009335968	0.0	148.20495700836182
425	-261.92242	360.79675	-20.377256	-852.2387	20.206896	-67.33015	1.7059845e-06	-67.33014	-67.33015	255600	-3.1789145e-09	18083.086	-0.0076050605	-5.6816406	0.009030569	0.0	148.52839875221252
426	-329.9816	391.81332	-21.069427	-853.3686	18.0	-66.61548	1.5258789e-05	-66.61549	-66.61549	256200	-1.2715658e-08	25591.28	-0.0070770313	0.0078125	0.0070002526	1.0	148.84813117980957
427	-279.42075	373.36374	-20.960064	-853.5712	19.533333	-66.5887	7.6293945e-06	-66.58871	-66.58871	256800	1.4305114e-08	19435.53	-0.011567966	-14.8984375	0.00993313	0.0	149.16477966308594
428	-331.23627	394.03546	-19.116709	-879.804	17.848484	-65.2732	0.0	-65.2732	-65.2732	257400	-1.2665987e-08	25811.346	-0.010491217	-0.6640625	0.009980527	0.0	149.48589849472046
429	-328.96887	392.61652	-19.125767	-850.92194	17.90909	-65.49532	0.0	-65.49532	-65.49532	258000	-8.6675085e-09	25618.77	-0.0041080895	0.0	0.0065892977	1.0	149.8043918609619
430	-430.4811	406.80026	-24.015598	-878.4819	14.871795	-65.52513	7.6293945e-06	-65.52512	-65.52512	258600	6.556511e-09	40674.15	-0.006494113	-192.40234	0.009393374	0.0	150.45390915870667
431	-261.32968	367.4541	-21.820786	-877.20166	20.241379	-70.293945	0.0	-70.293945	-70.293945	259200	9.636084e-09	17800.03	-0.010271357	-51.32617	0.009297544	0.0	150.7515308856964
432	-384.06787	403.3492	-20.362175	-880.1858	16.162163	-68.12196	7.6293945e-06	-68.12197	-68.12197	259800	2.3841858e-08	35496.008	-0.011427713	-33.496094	0.008875309	0.0	151.06855654716492
433	-328.30215	394.92072	-18.039244	-883.03296	17.969696	-69.92229	7.6293945e-06	-69.92228	-69.92228	260400	2.7020773e-08	25961.436	-0.0033802828	-14.5703125	0.0068321866	1.0	151.37158179283142
434	-279.65186	374.786	-21.026846	-878.88904	19.6	-68.739815	0.0	-68.739815	-68.739815	261000	2.3841857e-09	19606.236	-0.0047279345	-32.64258	0.0064250347	1.0	151.69557857513428
435	-344.31757	396.28864	-20.700918	-853.3994	17.411764	-66.71464	0.0	-66.71464	-66.71464	261600	-1.2715658e-08	27610.137	-0.006366056	-0.58984375	0.007840826	0.0	152.00450229644775
436	-430.89392	407.28723	-21.005281	-875.45105	14.871795	-66.89944	7.6293945e-06	-66.899445	-66.899445	262200	7.947286e-10	40754.848	-0.0052040475	-167.98828	0.0076369364	0.0	152.3164701461792
437	-191.90065	322.78662	-20.562052	-878.48846	22.115385	-71.304665	0.0	-71.304665	-71.304665	262800	-1.07288365e-08	11542.851	-0.0017715029	-146.34766	0.0072918828	0.0	152.62194061279297
438	-313.06696	389.298	-20.286713	-876.3239	18.375	-67.60663	0.0	-67.60663	-67.60663	263400	-3.1789145e-09	24755.13	-0.0071659666	-8.126953	0.006959605	2.0	152.94347834587097
439	-277.48627	372.77808	-21.067022	-850.4253	19.5	-66.45063	0.0	-66.45063	-66.45063	264000	0.0	19370.342	-0.010957823	-21.509766	0.009323636	0.0	153.25803351402283
440	-374.66718	401.856	-21.103249	-880.0501	16.63889	-64.90151	0.0	-64.90151	-64.90151	264600	3.973643e-09	32714.963	-0.008193195	-51.94336	0.009211946	0.0	153.91329264640808
441	-189.91925	321.49597	-22.837036	-851.15594	22.192308	-67.184456	7.6293945e-06	-67.18446	-67.18446	265200	1.5894573e-08	11334.75	-0.0040709926	-117.47168	0.009946154	0.0	154.21087193489075
442	-275.71912	373.89725	-19.688992	-852.8826	19.566668	-63.82492	0.0	-63.82492	-63.82492	265800	-7.947286e-10	19488.443	-0.00824465	-23.800781	0.006465466	1.0	154.53200387954712
443	-316.09	387.44504	-22.636568	-882.9855	18.53125	-62.0592	1.1444092e-05	-62.05919	-62.05919	266400	6.357829e-09	24524.78	-0.0038773918	-8.556641	0.007645871	0.0	154.85132884979248
444	-330.97827	395.72525	-18.570868	-877.47845	17.90909	-62.942104	0.0	-62.942104	-62.942104	267000	3.1789145e-09	26065.336	-0.012002397	-2.2753906	0.009519483	0.0	155.17251753807068
445	-297.1833	382.25894	-22.284035	-878.3391	18.903225	-63.50256	1.1444092e-05	-63.50255	-63.50255	267600	-2.5431316e-08	21633.9	-0.010862069	-1.4140625	0.00642826	1.0	155.48616433143616
446	-127.4166	265.7509	-20.063515	-848.62463	23.84	-63.12392	0.0	-63.12392	-63.12392	268200	-8.742014e-09	7300.625	-0.0034357659	-227.02832	0.009735143	0.0	155.7917788028717
447	-343.29315	395.56915	-21.89417	-848.3089	17.264706	-58.180363	3.8146973e-06	-58.180367	-58.180367	268800	-7.947286e-10	27598.152	-0.0036392228	-24.507812	0.009936039	1.0	156.11962413787842
448	-208.2847	333.31265	-19.81734	-849.94586	21.428572	-59.535137	0.0	-59.535137	-59.535137	269400	-4.7683715e-09	13107.233	-0.004797241	-25.208008	0.009262958	0.0	156.43537521362305
449	-257.06625	364.64505	-20.202078	-852.8875	19.827587	-58.015533	3.8146973e-06	-58.01553	-58.01553	270000	-1.1920929e-08	17361.62	-0.0161895	-4.2265625	0.009930647	0.0	156.75375628471375
450	-348.38403	395.5537	-19.824297	-875.382	17.205883	-57.24252	3.8146973e-06	-57.242516	-57.242516	270600	-2.3841858e-08	27872.94	-0.010689203	-85.85742	0.009325699	0.0	157.41413712501526
451	-210.32175	333.50153	-18.876337	-853.8175	21.25	-60.242466	3.8146973e-06	-60.24247	-60.24247	271200	1.4305114e-08	13144.477	-0.0033775289	-17.176758	0.008829413	0.0	157.7220058441162
452	-312.85483	379.01566	-22.66348	-879.86945	18.181818	-59.036198	0.0	-59.036198	-59.036198	271800	9.536743e-09	24330.188	-0.009268686	-91.34961	0.0063355793	1.0	158.03034472465515
453	-331.85126	388.66077	-20.189117	-848.2029	17.484848	-62.06591	3.8146973e-06	-62.065914	-62.065914	272400	-1.0430813e-08	25272.97	-0.0055040233	-33.666016	0.0070298943	0.0	158.34770512580872
454	-208.68248	333.31256	-19.369844	-848.2131	21.357143	-64.12841	0.0	-64.12841	-64.12841	273000	6.357829e-09	13188.962	-0.0076976633	-56.578125	0.00961022	0.0	158.6699514389038
455	-283.36655	366.35907	-21.359602	-849.3533	19.2	-61.765533	7.6293945e-06	-61.76554	-61.76554	273600	3.973643e-10	19883.36	-0.015593499	-17.90039	0.009937841	0.0	158.9749219417572
456	-372.0456	401.42242	-19.642632	-850.7549	16.305555	-63.02332	7.6293945e-06	-63.023327	-63.023327	274200	2.8610229e-08	31695.38	-0.009462326	-47.06836	0.00968963	0.0	159.26931810379028
457	-160.85622	296.19727	-20.346834	-875.88184	22.807692	-65.37036	7.6293945e-06	-65.37037	-65.37037	274800	-9.536743e-09	9350.078	-0.005263684	-124.12988	0.0063817836	1.0	159.59289693832397
458	-434.4471	403.8468	-17.787355	-875.97107	14.390244	-61.87153	3.8146973e-06	-61.871532	-61.871532	275400	-5.1259995e-08	41786.945	-0.020059807	-308.3789	0.009684448	0.0	159.91722416877747
459	-236.88521	342.00137	-20.87595	-850.99347	20.413794	-66.98663	0.0	-66.98663	-66.98663	276000	1.1920929e-08	15825.132	-0.0070832674	0.37304688	0.0092750965	0.0	160.23261713981628
460	-276.31625	364.51587	-22.94505	-849.7951	19.290323	-67.051445	7.6293945e-06	-67.05144	-67.05144	276600	-1.2715658e-08	18920.797	-0.0071379854	-0.0078125	0.009279222	0.0	160.90415287017822
461	-166.6619	290.44806	-25.2018	-848.49554	22.76923	-67.04641	7.6293945e-06	-67.04642	-67.04642	277200	-2.22524e-08	8875.132	-0.0048338613	-53.373047	0.009029088	0.0	161.22468447685242
462	-276.97015	364.04785	-19.634739	-847.9113	19.258064	-64.83277	7.6293945e-06	-64.83278	-64.83278	277800	-1.9073486e-08	19038.424	-0.015040411	-2.4707031	0.008993049	0.0	161.53090023994446
463	-408.35394	394.4777	-22.36971	-849.8178	15.473684	-65.20937	7.6293945e-06	-65.20938	-65.20938	278400	-7.947286e-10	35109.6	-0.0044945357	-328.82422	0.009811523	0.0	161.8271882534027
464	-222.78368	325.7603	-24.198236	-848.5548	21.107143	-70.5713	7.6293945e-06	-70.571304	-70.571304	279000	3.973643e-09	12826.221	-0.0061627747	0.8730469	0.009798153	0.0	162.12276220321655
465	-445.60086	404.16013	-21.689215	-875.69073	14.142858	-70.79743	7.6293945e-06	-70.79744	-70.79744	279600	-9.139379e-09	43388.773	-0.0036467016	-207.16797	0.008417172	0.0	162.44734072685242
466	-319.67773	381.29144	-21.582146	-848.7944	18.0	-74.8499	7.6293945e-06	-74.84989	-74.84989	280200	-4.7683715e-09	22895.553	-0.0072023305	0.40820312	0.0065333867	1.0	162.75218844413757
467	-333.9474	387.78387	-23.00239	-877.58075	17.666666	-75.196846	0.0	-75.196846	-75.196846	280800	-8.34465e-09	25998.232	-0.0044152965	-0.021484375	0.009151137	0.0	163.0532832145691
468	-274.99466	364.9122	-19.645452	-849.5383	19.32258	-75.21578	0.0	-75.21578	-75.21578	281400	4.371007e-09	19073.652	-0.011427836	-26.185547	0.009247085	0.0	163.35713982582092
469	-313.45636	385.41113	-22.178848	-849.4876	18.09375	-73.724144	7.6293945e-06	-73.72415	-73.72415	282000	-2.3841857e-09	23337.31	-0.0125073735	-21.46289	0.008502803	0.0	163.6741588115692
470	-277.69934	372.34668	-17.086483	-875.97845	19.233334	-72.26799	7.6293945e-06	-72.26798	-72.26798	282600	-1.4702479e-08	20342.3	-0.004341562	-40.007812	0.0080409935	0.0	164.34419703483582
471	-346.95358	396.56738	-21.239273	-881.339	17.264706	-70.304276	7.6293945e-06	-70.30428	-70.30428	283200	-2.1060307e-08	27628.373	-0.0070742443	0.07421875	0.00885431	0.0	164.64194869995117
472	-252.00255	358.54645	-21.86398	-849.8699	20.0	-70.26056	7.6293945e-06	-70.26057	-70.26057	283800	8.742014e-09	17299.1	-0.00594437	-51.09375	0.008581516	0.0	164.94799327850342
473	-318.3035	385.5718	-19.874903	-877.39496	17.90625	-68.07794	7.6293945e-06	-68.07795	-68.07795	284400	-6.357829e-09	23425.62	-0.0054758014	-0.7578125	0.008958356	0.0	165.2624113559723
474	-310.98398	379.30798	-20.002983	-850.09595	18.181818	-68.25451	0.0	-68.25451	-68.25451	285000	7.947286e-09	23296.898	-0.011882989	-5.46875	0.009896636	0.0	165.57506895065308
475	-232.39163	346.2601	-19.6386	-851.9046	20.62069	-69.01899	7.6293945e-06	-69.019	-69.019	285600	1.1523564e-08	15222.98	-0.011525402	-54.55078	0.009423711	0.0	165.8979241847992
476	-212.72395	330.8091	-19.967215	-849.22144	21.428572	-66.70237	0.0	-66.70237	-66.70237	286200	-1.1920929e-08	13013.701	-0.007516019	-39.796875	0.00959059	0.0	166.2141592502594
477	-372.0502	403.7639	-20.286245	-879.24176	16.472221	-64.55051	0.0	-64.55051	-64.55051	286800	1.1324882e-08	31943.807	-0.0053723473	-17.867188	0.0089915665	0.0	166.53684043884277
478	-217.61363	336.6165	-21.8102	-853.34406	21.25926	-65.8217	7.6293945e-06	-65.82169	-65.82169	287400	-7.152557e-09	13038.844	-0.005983711	-36.757812	0.00955556	0.0	166.85359859466553
479	-374.37604	399.19858	-21.988916	-850.54364	16.5	-63.923084	7.6293945e-06	-63.92309	-63.92309	288000	4.0928523e-08	31467.977	-0.009247148	-62.990234	0.0096231885	0.0	167.15853261947632
480	-314.37628	385.89008	-21.12252	-852.16724	18.5	-66.39802	7.6293945e-06	-66.39801	-66.39801	288600	-3.973643e-09	23439.508	-0.0034600897	0.14648438	0.009547371	0.0	167.85228896141052
481	-332.4401	392.84885	-20.091965	-882.25385	17.787878	-66.46873	7.6293945e-06	-66.46872	-66.46872	289200	-1.4305114e-08	25704.607	-0.012129144	-2.2285156	0.009794429	0.0	168.15496730804443
482	-235.46999	352.56885	-18.424978	-850.15753	20.714285	-66.955574	0.0	-66.955574	-66.955574	289800	-5.9604646e-09	15396.571	-0.0044154194	-78.81445	0.007093309	1.0	168.4533667564392
483	-362.2891	398.53473	-24.934866	-876.62836	17.0	-64.00881	7.6293945e-06	-64.00882	-64.00882	290400	2.1457673e-08	29603.873	-0.011268729	-40.19922	0.009501075	0.0	168.7583737373352
484	-372.2211	399.73737	-21.684862	-851.32837	16.583334	-65.973816	0.0	-65.973816	-65.973816	291000	1.39077505e-08	32309.574	-0.011468796	-43.591797	0.009422999	0.0	169.0832064151764
485	-397.26685	406.34906	-18.351316	-877.13544	15.631579	-68.3078	0.0	-68.3078	-68.3078	291600	-7.947286e-10	36774.125	-0.016086811	-51.273438	0.009829564	0.0	169.3921720981598
486	-296.74786	379.4263	-21.588003	-851.65686	18.806452	-70.8212	0.0	-70.8212	-70.8212	292200	4.7683715e-09	21344.287	-0.0054306146	-19.435547	0.0071144835	0.0	169.71382403373718
487	-241.45848	349.40564	-24.622608	-853.95685	20.714285	-69.44546	7.6293945e-06	-69.445465	-69.445465	292800	9.536743e-09	15027.333	-0.010350134	-38.73828	0.009588057	0.0	170.03851771354675
488	-215.9951	337.3016	-19.55377	-850.3149	21.592592	-67.23824	0.0	-67.23824	-67.23824	293400	-3.1789145e-09	13184.7705	-0.021860516	-79.63281	0.009352795	0.0	170.36214113235474
489	-298.3969	380.50378	-21.48743	-876.3472	19.032259	-64.10598	7.6293945e-06	-64.10599	-64.10599	294000	-1.6291937e-08	22354.34	-0.0064546457	0.15820312	0.0065580932	1.0	170.68447756767273
490	-386.58902	401.54163	-20.77949	-877.40234	16.4	-64.01035	7.6293945e-06	-64.010345	-64.010345	294600	1.07288365e-08	31560.027	-0.010226666	-103.84375	0.009296825	0.0	171.36401915550232
491	-333.6297	388.85492	-23.406788	-850.50995	18.09091	-67.48499	7.6293945e-06	-67.485	-67.485	295200	2.3841857e-09	25209.646	-0.006263552	-11.126953	0.008347388	0.0	171.67797183990479
492	-318.98758	382.6024	-20.542784	-850.57825	18.59375	-68.81031	7.6293945e-06	-68.81032	-68.81032	295800	1.3510387e-08	23050.246	-0.008914911	-4.3554688	0.006456705	1.0	171.99122047424316
493	-334.62927	390.06375	-20.810888	-875.74426	18.060606	-69.58387	0.0	-69.58387	-69.58387	296400	-1.8278758e-08	25475.678	-0.0044047176	-4.216797	0.009962233	0.0	172.30926895141602
494	-371.95734	397.5396	-21.624264	-849.8775	16.911764	-70.34521	0.0	-70.34521	-70.34521	297000	0.0	29132.28	-0.007888827	-27.580078	0.009297562	0.0	172.6080687046051
495	-298.62222	378.7737	-24.269812	-878.3909	19.161291	-72.25727	7.6293945e-06	-72.25728	-72.25728	297600	7.549922e-09	22190.479	-0.008756287	-14.125	0.008589309	0.0	172.92747592926025
496	-332.56393	389.2941	-21.319895	-851.65497	18.030304	-70.99013	7.6293945e-06	-70.990135	-70.990135	298200	-3.973643e-09	25272.74	-0.0040823324	0.02734375	0.0077132164	1.0	173.22596979141235
497	-348.7701	391.62567	-20.605268	-851.6472	17.617647	-70.885025	7.6293945e-06	-70.88503	-70.88503	298800	-1.8278758e-08	28041.438	-0.011333932	-16.966797	0.0067529227	1.0	173.5443091392517
498	-359.828	401.236	-22.893154	-880.8944	17.057142	-72.42535	7.6293945e-06	-72.42534	-72.42534	299400	2.3841857e-09	29865.967	-0.0033886654	-0.93359375	0.009091651	0.0	173.86702251434326
499	-433.90842	407.04672	-24.127996	-879.65784	14.897436	-72.12586	7.6293945e-06	-72.125854	-72.125854	300000	1.1920929e-09	40589.81	-0.008967955	-154.77344	0.008502376	0.0	174.56512689590454
