Epoch	AverageEpRet	StdEpRet	MaxEpRet	MinEpRet	EpLen	AverageVVals	StdVVals	MaxVVals	MinVVals	TotalEnvInteracts	LossPi	LossV	DeltaLossPi	DeltaLossV	KL	BacktrackIters	Time
0	-848.5236	57.5033	-690.9855	-898.10754	9.459017	0.50653976	0.31061074	1.58236	-0.1093968	600	-3.218651e-08	598132.94	-0.04569966	-6809.9375	0.009109377	0.0	0.6603562831878662
1	-801.6841	84.63941	-597.91016	-886.4	15.052631	-4.2368684	0.96984804	-0.6481475	-5.0852013	1200	-6.635984e-08	520475.3	-0.037053157	-4907.7812	0.008917066	0.0	1.02211332321167
2	-824.4812	94.867035	-432.5829	-886.4	11.82	-7.551792	1.9164819	-1.4171169	-8.281198	1800	1.4543534e-07	525003.0	-0.036692683	-3800.3438	0.0088736415	0.0	1.3759095668792725
3	-800.87585	101.470406	-541.3083	-886.4	15.210526	-10.4350195	2.0101268	-2.8218856	-10.98511	2400	-1.1920929e-07	457033.9	-0.035021745	-3338.875	0.009220105	0.0	1.7348065376281738
4	-806.1524	93.61235	-564.37964	-886.4	16.914286	-13.026973	2.169822	-4.4399905	-13.583853	3000	-1.9550323e-07	508526.72	-0.031295024	-3803.4062	0.008946871	0.0	2.088209629058838
5	-785.6215	123.77069	-483.90048	-886.4	15.972222	-15.723297	2.3818758	-6.432511	-16.338692	3600	-8.90096e-08	412751.3	-0.030811666	-3077.9375	0.007874026	0.0	2.4359006881713867
6	-769.9437	160.37453	-229.27663	-886.4	14.195122	-18.098625	2.601196	-8.673855	-18.833778	4200	-4.1325887e-08	360616.75	-0.03376493	-2714.4688	0.008804272	0.0	2.772470235824585
7	-736.1772	163.92433	-308.38422	-886.4	18.65625	-20.616657	2.2740722	-11.190718	-21.168673	4800	-2.9404958e-08	349768.1	-0.03497254	-2782.1875	0.0092330715	0.0	3.1235127449035645
8	-709.8447	217.3041	-143.5015	-886.4	16.857143	-22.933525	2.3939183	-13.60152	-23.57367	5400	1.1920929e-08	273447.0	-0.03117845	-2145.9375	0.0076946495	0.0	3.478029251098633
9	-681.1116	232.61919	-257.10297	-886.4	17.272728	-25.161947	2.239609	-16.024288	-25.712944	6000	5.5631e-09	228192.16	-0.028816903	-1741.625	0.0062822667	0.0	3.8304731845855713
10	-669.1037	233.289	-174.10199	-886.4	18.71875	-27.155062	2.129901	-18.326517	-27.67045	6600	-8.503596e-08	246793.58	-0.033181876	-2003.8125	0.007727045	0.0	4.301103353500366
11	-585.9857	228.3447	-211.87198	-886.4	24.0	-29.411549	1.8067572	-20.74681	-29.790154	7200	-5.761782e-09	207913.94	-0.03424236	-1793.7031	0.008510241	0.0	4.6522791385650635
12	-626.0681	256.76443	-139.31116	-886.4	19.833334	-31.39062	1.9775246	-22.918493	-31.853662	7800	1.4503797e-07	201389.25	-0.033006955	-1695.3281	0.008019063	0.0	5.009570598602295
13	-545.17566	288.35712	-46.206062	-886.4	20.448277	-33.42737	1.8840221	-25.270653	-33.87114	8400	-2.3841857e-09	128370.7	-0.027950235	-1081.6641	0.007312065	0.0	5.344738483428955
14	-492.4515	282.03308	-124.6562	-886.4	22.384615	-35.154953	1.7094597	-27.279976	-35.527344	9000	-2.7020773e-08	107435.19	-0.023769392	-904.3906	0.0060968385	1.0	5.672050476074219
15	-495.4108	306.8537	-105.50781	-886.4	20.5	-36.674862	1.7124794	-29.07614	-37.06197	9600	-5.086263e-08	85263.53	-0.031074565	-697.60156	0.007130657	0.0	6.010551452636719
16	-476.0293	297.26526	-121.06027	-886.4	22.0	-38.089096	1.5843027	-30.790688	-38.434258	10200	5.4637592e-08	96395.57	-0.032348316	-782.3828	0.00714437	0.0	6.364786863327026
17	-440.79617	299.94702	-63.578575	-886.4	22.148148	-39.56203	1.5541958	-32.537453	-39.907066	10800	1.1841456e-07	65570.72	-0.034417808	-620.1172	0.00795036	0.0	6.703369140625
18	-376.09848	273.46204	-62.5176	-886.4	24.5	-40.960663	1.4169855	-34.165142	-41.257473	11400	3.238519e-08	60756.766	-0.034567613	-557.5117	0.0082372995	0.0	7.077163457870483
19	-426.1775	338.76538	-62.711784	-886.4	19.655172	-42.217342	1.5069793	-35.648643	-42.564163	12000	-6.357829e-09	36529.652	-0.034720726	-308.28516	0.005244197	0.0	7.417718887329102
20	-416.31808	335.0209	-70.69749	-886.4	19.9	-43.213932	1.4539156	-36.985027	-43.554092	12600	-2.8610229e-08	33811.047	-0.04033948	-313.85547	0.0050385715	0.0	7.8837103843688965
21	-279.28165	256.78275	-37.886227	-886.4	25.869566	-44.277485	1.2826422	-36.42689	-44.551823	13200	6.9141386e-08	39295.68	-0.0369246	-333.28125	0.00931935	0.0	8.254838705062866
22	-267.2927	308.03653	-32.678425	-886.4	22.884615	-45.3274	1.2896155	-39.515484	-45.624878	13800	3.973643e-09	16426.227	-0.028133256	-112.46973	0.0070413803	0.0	8.597969055175781
23	-193.70085	224.72578	-26.143797	-886.4	25.956522	-46.016876	1.1888043	-40.336876	-46.282852	14400	2.9007595e-08	14912.423	-0.03202473	-117.00781	0.008652415	0.0	8.940236330032349
24	-303.5053	361.9939	-26.086687	-886.4	20.37931	-46.650448	1.2786502	-41.077007	-46.944736	15000	-1.2715658e-08	13068.517	-0.037802793	-43.436523	0.0049534817	0.0	9.291710138320923
25	-178.14659	270.21057	-32.01965	-886.4	24.083334	-47.101055	1.1325848	-41.7314	-47.342453	15600	-2.5431316e-08	6055.5376	-0.026607644	-21.44336	0.0046480736	0.0	9.630994081497192
26	-151.01973	232.30478	-27.926172	-886.4	25.043478	-47.412643	1.0753734	-42.144447	-47.632706	16200	1.4305114e-08	6290.7	-0.033452105	-23.46582	0.008130784	0.0	9.970475673675537
27	-208.5341	324.19034	-20.861263	-886.4	22.222221	-47.702396	1.1224253	-42.53167	-47.946518	16800	1.3510387e-08	6821.068	-0.037115227	-6.436035	0.0024106917	0.0	10.314144611358643
28	-130.71008	229.51985	-34.656418	-886.4	25.0	-47.87924	1.028713	-42.83963	-48.089836	17400	2.22524e-08	3434.72	-0.029554686	-6.0532227	0.0045960587	0.0	10.660424947738647
29	-94.11366	171.11957	-23.674097	-886.4	25.52174	-48.04129	1.0124831	-43.081165	-48.24832	18000	-9.536743e-09	2117.91	-0.029918049	-3.017334	0.0038005884	0.0	11.002492904663086
30	-109.21307	169.39185	-23.930422	-886.4	25.869566	-48.16444	1.0041518	-43.245148	-48.37005	18600	-1.2715658e-08	3198.2886	-0.029291144	-14.854736	0.008156436	0.0	11.50252652168274
31	-64.673035	19.104086	-21.49043	-95.086334	26.863636	-48.44182	0.9766403	-43.550232	-48.63743	19200	7.7585376e-08	622.38354	-0.015869332	-6.005249	0.006874334	3.0	11.86437201499939
32	-100.410835	171.12537	-28.686626	-886.4	25.956522	-48.621414	0.9953768	-43.74511	-48.82502	19800	-6.357829e-09	2754.297	-0.029810665	-7.3654785	0.0063851937	0.0	12.226827383041382
33	-193.18533	296.92618	-28.523222	-886.4	23.076923	-48.794384	1.0666882	-41.701958	-49.025787	20400	-1.9073486e-08	6006.342	-0.03799945	-17.36914	0.0027911183	0.0	12.556286573410034
34	-92.2066	171.67644	-20.222729	-886.4	25.565218	-49.100216	0.95951504	-44.399612	-49.29664	21000	0.0	2053.6465	-0.0294311	-2.1584473	0.006269256	0.0	12.916459798812866
35	-63.26371	23.237244	-24.541752	-116.118774	26.363636	-49.230865	0.9293699	-44.575954	-49.416775	21600	-2.7815501e-08	695.88	-0.03657844	-4.3186646	0.008864378	0.0	13.278814315795898
36	-90.06518	171.26796	-20.562454	-886.4	25.608696	-49.386456	0.946877	-44.74775	-49.58018	22200	1.5894573e-08	1742.5421	-0.030319279	-1.1850586	0.004192963	0.0	13.625346183776855
37	-68.1286	23.585472	-29.377674	-126.67118	26.90909	-49.484665	0.9197685	-44.87785	-49.668728	22800	5.6823094e-08	921.5596	-0.026011324	-9.12439	0.007945242	0.0	13.973456382751465
38	-61.002457	23.293852	-25.584852	-102.30948	26.636364	-49.728775	0.9184534	-45.128536	-49.912464	23400	3.1789146e-08	651.7133	-0.032872315	-3.668213	0.008626724	0.0	14.327343225479126
39	-59.59349	26.124195	-21.619656	-129.82678	26.40909	-49.899635	0.9176792	-45.303272	-50.083103	24000	7.947286e-10	749.226	-0.03321345	-2.6292725	0.008098601	0.0	14.66691780090332
40	-125.403496	231.97093	-20.411427	-886.4	24.791666	-50.026897	0.9540969	-45.45123	-50.226234	24600	3.33786e-08	3705.0632	-0.035220526	-3.3154297	0.005657032	0.0	15.184587240219116
41	-94.08631	170.72874	-21.81085	-886.4	25.434782	-50.184517	0.91817707	-45.6864	-50.372307	25200	-4.7683715e-09	1855.5477	-0.024269003	-2.77771	0.0060050096	1.0	15.546607732772827
42	-53.73148	19.99612	-20.040936	-101.64313	26.727272	-50.339947	0.8884161	-45.890175	-50.51771	25800	1.0530154e-08	400.49225	-0.029698895	-0.4215088	0.008607369	0.0	15.889548301696777
43	-69.868286	34.27079	-19.189793	-129.9512	27.227272	-50.405815	0.88627887	-45.966732	-50.583096	26400	-5.1061313e-08	1595.123	-0.03278595	-13.072876	0.009063881	0.0	16.23443293571472
44	-101.86453	169.68506	-25.271524	-886.4	25.652174	-50.72588	0.90428984	-46.295803	-50.910885	27000	-6.357829e-09	2227.9792	-0.029027354	-10.175049	0.006236065	0.0	16.580151319503784
45	-51.15564	16.81396	-27.706135	-86.50267	26.863636	-51.044975	0.87630624	-46.655838	-51.220215	27600	2.0662943e-08	278.65973	-0.024115812	-0.017211914	0.008383813	0.0	16.94328737258911
46	-54.685547	24.893429	-26.299212	-127.12281	26.90909	-51.08255	0.8739277	-46.70533	-51.2573	28200	1.8676122e-08	648.4127	-0.03442318	-0.55584717	0.009451634	0.0	17.305497646331787
47	-57.79625	23.378283	-21.071585	-100.18306	26.59091	-51.15371	0.87282217	-46.782036	-51.328327	28800	1.9570193e-08	583.1652	-0.017516844	-1.6917725	0.008810844	2.0	17.66270637512207
48	-61.33086	18.103561	-32.20998	-102.768234	26.545454	-51.285034	0.87171596	-46.918884	-51.459396	29400	-1.5099843e-08	420.29306	-0.02388929	-3.995453	0.009015417	0.0	18.022226095199585
49	-94.86024	169.40848	-31.041151	-886.4	25.695652	-51.484226	0.8886396	-47.13081	-51.66593	30000	6.357829e-09	1455.5428	-0.028196543	-3.654663	0.0069148666	0.0	18.359890937805176
50	-55.431553	23.457767	-27.58622	-102.18421	26.59091	-51.6933	0.8588721	-47.391487	-51.865078	30600	-4.2120615e-08	551.92773	-0.034617886	-0.6862793	0.008680741	0.0	18.843209743499756
51	-54.633984	24.927294	-23.017113	-117.015396	27.045454	-51.79088	0.85616904	-47.502598	-51.96209	31200	-4.371007e-09	639.72284	-0.022939544	-0.47387695	0.008229991	0.0	19.183682203292847
52	-51.048843	24.282291	-23.771358	-127.26568	26.90909	-51.86833	0.8548524	-47.586655	-52.039337	31800	-2.22524e-08	592.5346	-0.028997641	-0.006286621	0.0078851655	0.0	19.527671098709106
53	-54.213356	27.537432	-22.823807	-117.955025	26.545454	-51.86478	0.85332316	-47.590763	-52.035442	32400	-1.09275184e-08	732.27966	-0.025360875	-0.18078613	0.0068105934	1.0	19.888041734695435
54	-51.657314	21.635548	-26.781532	-98.367775	27.0	-51.910397	0.8516296	-47.644867	-52.080753	33000	2.582868e-08	466.79166	-0.028311031	-0.002319336	0.008932421	0.0	20.24424409866333
55	-48.038437	17.833216	-21.100195	-89.408875	26.59091	-51.91469	0.8499375	-47.657635	-52.08472	33600	-5.5631e-09	325.06427	-0.02089228	-0.80477905	0.007669522	0.0	20.596211194992065
56	-50.997135	27.197166	-23.607216	-114.5384	26.681818	-51.811935	0.84785384	-47.565308	-51.981503	34200	-2.7020773e-08	718.50665	-0.023518013	-0.09173584	0.0068253023	0.0	20.956209897994995
57	-54.026527	23.617847	-24.054415	-119.13966	27.0	-51.770027	0.8457748	-47.53381	-51.93917	34800	-3.159046e-08	566.2956	-0.027575925	-0.3057251	0.0084672095	0.0	21.3176531791687
58	-50.774704	23.916365	-22.023418	-109.167984	27.136364	-51.833893	0.8440414	-47.60637	-52.002754	35400	-2.3643176e-08	580.24994	-0.030546235	-0.026367188	0.009577344	0.0	21.664716958999634
59	-50.06111	19.727108	-23.950117	-92.47012	26.59091	-51.81915	0.8421437	-47.601116	-51.987495	36000	3.973643e-09	385.88373	-0.021718035	-0.22003174	0.006127822	1.0	22.021828651428223
60	-51.06553	22.200012	-25.289679	-106.424545	26.727272	-51.759747	0.8398845	-47.553032	-51.927666	36600	2.404054e-08	478.1377	-0.02727292	-0.06655884	0.008494644	0.0	22.531028032302856
61	-44.83058	17.224346	-19.050774	-75.025696	26.863636	-51.724148	0.83753675	-47.529205	-51.891705	37200	-5.4836274e-08	341.0963	-0.025845718	-3.0223694	0.0068975496	0.0	22.84512186050415
62	-85.96337	171.85051	-25.607773	-886.4	25.73913	-51.490013	0.85193235	-47.316444	-51.664345	37800	1.5894573e-08	1596.428	-0.024767952	-0.34924316	0.0076472075	0.0	23.203311681747437
63	-45.810947	18.347338	-20.82147	-94.822784	27.0	-51.45002	0.8156923	-47.364502	-51.61329	38400	2.0662943e-08	369.58963	-0.022852868	-2.137848	0.0068284613	1.0	23.55449676513672
64	-36.917496	14.316634	-17.808662	-73.49267	26.818182	-51.25212	0.810853	-47.19083	-51.414318	39000	-2.582868e-08	406.13715	-0.015702246	-15.302612	0.009712122	1.0	23.90065097808838
65	-41.615192	18.788609	-20.097471	-91.91978	26.818182	-50.701996	0.8068694	-46.660637	-50.8633	39600	2.78155e-09	432.4849	-0.015718065	-7.1012573	0.008648271	0.0	24.24253010749817
66	-42.627346	16.55356	-18.91281	-97.98857	26.681818	-50.294025	0.8032091	-46.27101	-50.454674	40200	4.45048e-08	325.83167	-0.021273788	-5.1593323	0.0066060903	1.0	24.58934736251831
67	-42.071445	15.049253	-21.53557	-71.21094	26.863636	-49.947258	0.79960436	-45.94231	-50.107193	40800	-7.947286e-10	286.06418	-0.022584857	-5.5187683	0.007080152	1.0	24.939852714538574
68	-35.70687	12.822399	-18.94557	-64.2651	26.90909	-49.58523	0.79583764	-45.599144	-49.744392	41400	3.1391778e-08	354.0695	-0.020297222	-17.032196	0.008522833	1.0	25.30245804786682
69	-35.68309	13.689822	-18.472927	-67.36705	27.045454	-48.951077	0.7908796	-44.98982	-49.109253	42000	-7.152557e-09	360.35504	-0.029464705	-17.016663	0.009308528	0.0	25.630311012268066
70	-34.932972	9.384082	-19.543425	-53.950928	26.863636	-48.28788	0.78555685	-44.353294	-48.445107	42600	5.3246815e-08	263.25272	-0.021000758	-17.502823	0.008017981	0.0	26.126068353652954
71	-30.93424	7.791852	-20.378788	-51.67751	26.863636	-47.6045	0.78003573	-43.697548	-47.76045	43200	3.1391778e-08	334.58124	-0.013061887	-27.785461	0.00829859	1.0	26.45227313041687
72	-33.848778	11.854894	-19.15001	-68.2789	26.90909	-46.736816	0.77334994	-42.86337	-46.891544	43800	-6.357829e-08	303.72147	-0.025937872	-18.335571	0.008977165	0.0	26.834372997283936
73	-105.32758	235.75974	-20.691938	-886.4	24.75	-45.987103	0.7982438	-42.158867	-46.15379	44400	-9.536743e-09	2642.3218	-0.03283026	-10.363281	0.006016868	0.0	27.183299779891968
74	-31.367455	7.848836	-17.56464	-47.849762	26.90909	-45.468826	0.7195644	-41.86476	-45.612732	45000	-6.1591465e-09	258.5998	-0.01765285	-21.879486	0.009305471	0.0	27.533998012542725
75	-39.33788	14.049997	-17.231485	-67.08973	27.09091	-44.662586	0.70746213	-41.119137	-44.804108	45600	-6.556511e-09	225.07745	-0.025331961	-3.960678	0.007576215	0.0	27.892622232437134
76	-38.38974	9.836927	-23.97771	-60.42835	26.90909	-44.275978	0.7027909	-40.75592	-44.41656	46200	7.947286e-10	131.03424	-0.029948285	-4.172432	0.008572918	0.0	28.269741535186768
77	-76.862015	172.96684	-18.278769	-886.4	25.608696	-43.898403	0.7125465	-40.407658	-44.04412	46800	-4.7683715e-09	1340.1173	-0.023590948	-1.267334	0.006490241	0.0	28.630739212036133
78	-35.28861	11.941957	-19.388256	-67.93279	26.90909	-43.71496	0.67363745	-40.34092	-43.849655	47400	8.34465e-09	211.92738	-0.01868621	-8.852142	0.008770862	0.0	28.983704328536987
79	-37.708427	8.796222	-20.409418	-59.105858	26.59091	-43.170834	0.6651867	-39.83913	-43.30384	48000	-3.1789146e-08	105.64766	-0.027735336	-4.28714	0.0093308445	0.0	29.334298133850098
80	-30.556488	9.347993	-18.20806	-56.426228	27.136364	-42.757523	0.66014194	-39.45109	-42.88962	48600	2.0861625e-08	234.94885	-0.0075446996	-19.938858	0.00724389	0.0	29.84743332862854
81	-34.531906	9.757505	-20.115631	-63.705994	27.0	-41.90177	0.6519146	-38.63654	-42.03215	49200	3.8743018e-09	147.8763	-0.018366117	-8.626602	0.0072579687	1.0	30.208184242248535
82	-66.64912	174.92743	-18.919502	-886.4	25.913044	-41.285507	0.6584805	-38.059628	-41.420124	49800	-9.536743e-09	1396.6427	-0.019383641	-16.663574	0.0079396535	0.0	30.597911834716797
83	-69.29771	174.40132	-19.604963	-886.4	25.826086	-40.471485	0.6278921	-37.395462	-40.599857	50400	-1.4305114e-08	1340.5193	-0.02037109	-8.348633	0.007694763	0.0	30.9566752910614
84	-35.13047	9.423775	-21.126225	-58.60408	27.045454	-39.87195	0.58547634	-36.939484	-39.98906	51000	3.1987827e-08	111.140236	-0.019984087	-3.7436523	0.008451573	0.0	31.310089826583862
85	-31.625319	8.877184	-19.2262	-52.033733	27.0	-39.45024	0.5778169	-36.556137	-39.565765	51600	-1.1920929e-08	139.12186	-0.018656537	-9.903885	0.009560696	0.0	31.64354157447815
86	-29.789618	8.189363	-18.19917	-46.986393	26.954546	-38.78192	0.57057226	-35.92411	-38.896034	52200	6.775061e-08	146.79274	-0.021180518	-13.872528	0.0077438657	0.0	32.050654888153076
87	-32.70216	9.632161	-18.813406	-64.30265	26.772728	-37.96429	0.5619347	-35.149742	-38.076675	52800	-6.556511e-09	118.07501	-0.01646791	-5.3560944	0.0067420644	1.0	32.4077525138855
88	-70.71644	174.02205	-20.452894	-886.4	25.956522	-37.41971	0.5669198	-34.642395	-37.535683	53400	1.5894572e-09	1266.1218	-0.024507238	-1.5513916	0.007112765	0.0	32.77361607551575
89	-29.333366	7.6100535	-18.665276	-49.027073	27.09091	-37.157215	0.53085464	-34.498337	-37.263424	54000	4.053116e-08	118.30883	-0.006564001	-11.080292	0.008063321	1.0	33.14025640487671
90	-30.700531	9.729314	-19.898355	-54.86753	27.09091	-36.40683	0.520133	-33.801655	-36.510868	54600	-2.324581e-08	127.25806	-0.014745568	-6.578705	0.0077171065	0.0	33.64161133766174
91	-27.778547	5.7011924	-17.58851	-37.489193	27.045454	-35.782944	0.5129653	-33.213665	-35.885555	55200	-3.576279e-08	95.92764	-0.017496394	-12.858795	0.008262432	0.0	33.978281021118164
92	-28.735695	7.3588376	-18.571295	-41.826412	27.09091	-34.925777	0.50351954	-32.403812	-35.0265	55800	-5.920728e-08	91.98582	-0.021947483	-8.331856	0.008406812	0.0	34.34948110580444
93	-30.744074	8.325288	-18.993391	-53.88621	27.0	-34.20119	0.4951479	-31.721153	-34.300213	56400	-6.089608e-08	80.71827	-0.026320737	-2.8219833	0.008735292	0.0	34.71417021751404
94	-69.12354	174.49529	-19.62075	-886.4	26.043478	-33.75716	0.4994456	-31.31039	-33.859276	57000	3.973643e-08	1313.3029	-0.022831643	-0.3848877	0.006528373	0.0	35.05875611305237
95	-32.26539	7.855278	-18.103828	-51.33046	27.136364	-33.68021	0.46678826	-31.342218	-33.77361	57600	2.7815501e-08	63.929943	-0.020274738	-0.4185753	0.0076507824	0.0	35.414222955703735
96	-28.744164	10.184166	-18.026705	-62.2296	26.954546	-33.517895	0.46134198	-31.207184	-33.610184	58200	-1.1106332e-07	124.22664	-0.019016173	-5.3124237	0.008036996	1.0	35.77850675582886
97	-31.293947	10.392881	-18.948763	-56.930588	27.09091	-32.924126	0.45423284	-30.649021	-33.01501	58800	-5.185604e-08	111.101494	-0.029858164	-0.73339844	0.007960299	0.0	36.12907791137695
98	-27.709753	6.8703055	-17.869915	-43.244972	27.045454	-32.667084	0.45034212	-30.411467	-32.757168	59400	2.4239222e-08	71.53118	-0.020540271	-5.975647	0.00811468	0.0	36.471620082855225
99	-29.560925	7.8332057	-17.475292	-45.382114	27.045454	-32.01168	0.44253317	-29.795172	-32.100212	60000	-2.4239222e-08	67.19713	-0.011165451	-1.736763	0.007060609	0.0	36.83449935913086
100	-28.171473	8.935515	-18.836636	-53.97059	27.045454	-31.619356	0.43723857	-29.429369	-31.706793	60600	1.17619834e-07	91.467125	-0.015893208	-3.2174454	0.008967847	0.0	37.38436460494995
101	-26.620125	5.1961207	-18.320812	-37.475506	27.0	-31.109278	0.43071097	-28.951982	-31.195435	61200	-8.543332e-08	46.89303	-0.018082159	-5.695442	0.00913343	0.0	37.736860275268555
102	-69.17717	174.71745	-17.374125	-886.4	25.956522	-30.411373	0.43097207	-28.300053	-30.49949	61800	5.086263e-08	1409.834	-0.022596212	-2.6083984	0.0069679776	0.0	38.09194898605347
103	-28.787111	8.278078	-18.208553	-56.829647	27.045454	-30.81015	0.40398657	-28.78671	-30.890984	62400	2.503395e-08	73.2537	-0.026909871	-0.93096924	0.008251729	2.0	38.45349431037903
104	-26.63974	4.837006	-19.156933	-37.22928	27.0	-30.555592	0.3976843	-28.563723	-30.635147	63000	-7.947286e-10	38.52301	-0.025564369	-4.677021	0.008707392	0.0	38.79920268058777
105	-28.805803	9.106779	-18.286724	-47.319965	27.136364	-29.897135	0.38994575	-27.94403	-29.975166	63600	-3.973643e-09	84.16893	-0.019208876	-0.4289322	0.007647683	1.0	39.14532256126404
106	-28.076038	5.2746644	-18.41159	-39.84215	27.0	-29.662058	0.38638124	-27.726795	-29.739346	64200	-7.192294e-08	30.137415	-0.0028601876	-0.8368778	0.008980247	0.0	39.4909462928772
107	-27.742516	8.660309	-16.720211	-56.9146	27.0	-29.371223	0.38220307	-27.456892	-29.447681	64800	1.4702479e-08	78.0672	-0.010062148	-0.89837646	0.0063146194	0.0	39.84474992752075
108	-27.028473	7.607137	-17.615131	-45.76681	27.09091	-29.05799	0.377794	-27.16574	-29.13356	65400	1.4305114e-08	61.64255	-0.0048234216	-1.4312553	0.007960186	1.0	40.1985924243927
109	-31.708778	10.034339	-18.625948	-56.99639	27.136364	-28.658665	0.3724951	-26.792957	-28.733168	66000	-7.947286e-10	111.64477	-0.021187766	-3.2352753	0.009372522	1.0	40.55974197387695
110	-27.46826	7.040287	-17.647629	-44.161972	27.0	-29.227623	0.37693527	-27.33967	-29.303001	66600	2.78155e-09	52.285843	-0.01973856	-0.9298096	0.008322961	0.0	41.09774684906006
111	-26.072521	5.3739905	-17.899298	-37.80277	27.0	-28.93733	0.37265593	-27.070816	-29.011871	67200	-3.973643e-09	36.869705	-0.019325577	-3.1534805	0.0059658275	0.0	41.440311431884766
112	-26.217646	5.1674004	-17.205805	-39.3866	26.954546	-28.313717	0.36501077	-26.485497	-28.386715	67800	-2.22524e-08	30.924942	-0.010881419	-1.8362446	0.004422057	0.0	41.78929948806763
113	-28.093336	6.2222047	-15.840601	-40.184063	27.045454	-27.81226	0.35855642	-26.016369	-27.88398	68400	2.1855037e-08	38.660053	-0.015830185	-0.014453888	0.0068555544	1.0	42.14464569091797
114	-30.69147	7.4018593	-20.084433	-46.799408	27.0	-27.83655	0.3574393	-26.046253	-27.908056	69000	1.3510387e-08	62.17437	-0.013758158	-3.2644234	0.008190737	0.0	42.50934100151062
115	-27.493774	7.1863713	-20.331074	-49.23664	27.0	-28.49228	0.36258104	-26.67623	-28.564846	69600	9.934108e-09	52.428555	-0.015331758	-0.31889725	0.007927463	0.0	42.875917196273804
116	-24.767286	4.7546105	-17.033316	-35.252354	26.954546	-28.315502	0.35930005	-26.515877	-28.387352	70200	-2.8610229e-08	34.93922	-0.0049732677	-5.4911346	0.009850401	0.0	43.23532032966614
117	-26.154596	6.891966	-17.45527	-45.484486	27.045454	-27.424082	0.3488264	-25.676922	-27.49385	70800	-1.5397866e-08	48.975704	-0.014769848	-0.81918716	0.008333974	0.0	43.60744309425354
118	-25.09511	5.263518	-17.502096	-38.72484	27.0	-27.032328	0.34338853	-25.312408	-27.101032	71400	4.7683715e-09	31.270092	-0.0194712	-1.7609653	0.008990958	0.0	43.98292326927185
119	-24.939226	7.5149193	-15.257046	-51.279694	27.0	-26.500616	0.3365038	-24.815174	-26.567917	72000	3.695488e-08	59.38215	-0.011028477	-1.1801186	0.0047063734	0.0	44.364086389541626
120	-26.844769	7.1609664	-19.042852	-44.4082	26.954546	-26.043734	0.3303872	-24.388931	-26.109823	72600	1.2318293e-08	50.94971	-0.01831446	-0.2435112	0.0051415167	0.0	44.888437032699585
121	-25.739363	6.374894	-18.479034	-42.189613	27.0	-26.224957	0.33080125	-24.568077	-26.291134	73200	9.377798e-08	40.578125	-0.016901558	-0.104537964	0.008999047	0.0	45.23332715034485
122	-28.207525	7.592758	-17.038551	-50.58526	27.0	-26.102293	0.3280586	-24.459152	-26.167917	73800	2.3841858e-08	61.55979	-0.029162139	-2.189949	0.007475586	0.0	45.59140658378601
123	-23.310474	5.0550523	-16.523804	-34.849854	27.0	-26.71963	0.33280468	-25.052715	-26.786192	74400	-2.9404958e-08	36.930477	-0.008973024	-5.763609	0.006774278	0.0	45.9415717124939
124	-22.87808	5.5602283	-15.746801	-37.805378	26.954546	-25.718231	0.32103994	-24.110243	-25.782452	75000	2.9752652e-08	38.702087	-0.016244164	-4.586178	0.006088656	0.0	46.3017144203186
125	-24.791826	6.197856	-15.0771675	-43.072147	27.0	-24.732048	0.30936596	-23.182535	-24.793936	75600	3.89417e-08	38.128635	-0.009410345	0.006664276	0.006891308	0.0	46.644508361816406
126	-23.115427	3.9659152	-17.635717	-31.690556	27.0	-24.684923	0.30744028	-23.145056	-24.746431	76200	1.0331472e-07	18.111156	-0.013697049	-1.3668404	0.007283501	0.0	46.978736877441406
127	-23.79699	6.9000273	-15.705247	-51.090694	27.0	-24.15642	0.30049628	-22.651329	-24.216522	76800	-3.7749608e-08	47.354168	-0.016697852	-0.09214783	0.004746547	0.0	47.335450172424316
128	-24.988594	7.226832	-17.894854	-44.272263	27.045454	-23.990734	0.2973413	-22.501446	-24.050217	77400	2.1855037e-08	53.139305	-0.0051252213	-0.60049057	0.0045788814	6.0	47.71055459976196
129	-24.329378	4.583522	-16.264925	-34.008533	27.0	-24.35222	0.29965612	-22.851341	-24.412193	78000	1.5894573e-08	21.03974	-0.018813655	5.1498413e-05	0.006103435	0.0	48.05416250228882
130	-23.006453	5.0219264	-16.45425	-37.33864	27.0	-24.373842	0.29836252	-22.879438	-24.433525	78600	-8.7022784e-08	26.91332	-0.016202498	-1.157671	0.006459234	0.0	48.57456564903259
131	-24.092445	5.370613	-17.186241	-41.599987	27.0	-23.843843	0.29134598	-22.384583	-23.902124	79200	-1.0530154e-08	28.700468	-0.013810329	-0.027763367	0.006817703	2.0	48.91226768493652
132	-23.020247	7.04044	-16.501804	-49.81136	27.0	-23.907232	0.29046747	-22.452375	-23.965336	79800	-1.6490619e-08	49.93912	-0.016742127	-0.50336075	0.006790611	0.0	49.25037336349487
133	-23.871052	5.9177723	-16.910112	-37.22221	27.0	-23.549093	0.28521213	-22.120564	-23.606174	80400	3.0994414e-08	34.853	-0.0217179	-0.059509277	0.0073095337	0.0	49.59177923202515
134	-25.054869	6.3022475	-17.019833	-42.619915	26.954546	-23.661806	0.2848093	-22.23529	-23.718784	81000	3.8146972e-08	41.19897	-0.023045402	-1.2938766	0.008912071	0.0	49.932936906814575
135	-21.491034	5.150026	-16.406334	-34.001923	26.954546	-24.273481	0.28937477	-22.824099	-24.331377	81600	-4.7683715e-09	33.861206	-0.017837947	-5.286236	0.007760323	0.0	50.28491735458374
136	-22.544004	5.171932	-15.954217	-35.350067	27.0	-23.051275	0.27524978	-21.672638	-23.106354	82200	1.5993914e-08	26.814104	-0.00054942816	-0.21660042	0.0076771514	1.0	50.63265776634216
137	-22.814913	5.6291246	-16.236372	-40.070713	27.0	-22.743702	0.2705286	-21.388714	-22.797827	82800	-1.1523564e-08	31.44821	-0.017712023	-0.0035133362	0.006991418	2.0	50.97939920425415
138	-21.379381	4.5331793	-15.639539	-33.379383	27.0	-22.767107	0.26920214	-21.41876	-22.820957	83400	0.0	22.32845	-0.008366116	-1.4079342	0.0053713415	0.0	51.33589148521423
139	-22.02909	4.9060154	-15.798367	-33.013134	27.0	-22.088575	0.26068112	-20.78291	-22.140734	84000	2.503395e-08	23.90014	-0.01037671	-0.0044879913	0.007047193	1.0	51.69771909713745
140	-23.98516	6.077973	-16.989841	-38.901527	27.0	-22.022911	0.25848323	-20.728256	-22.074652	84600	-1.5894573e-08	40.576595	-0.016292268	-2.9249878	0.007877817	0.0	52.253028869628906
141	-21.049852	5.1383166	-15.582396	-38.39991	27.0	-23.040426	0.2671989	-21.702114	-23.093872	85200	-7.947286e-09	30.139795	-0.013449896	-2.9627724	0.0048665944	0.0	52.57064628601074
142	-21.085062	4.569889	-16.249296	-33.50513	27.0	-22.03215	0.2553541	-20.753162	-22.083235	85800	-5.00679e-08	21.63163	-0.009526609	-0.74448776	0.0061218413	0.0	52.92906641960144
143	-22.1233	5.665908	-15.552181	-36.159634	27.0	-21.46581	0.24802862	-20.223515	-21.515425	86400	-7.947286e-10	32.268963	-0.008967981	-0.33070755	0.003699158	0.0	53.28834247589111
144	-21.98181	5.443338	-15.341616	-37.783543	27.0	-21.812756	0.24996896	-20.560743	-21.862764	87000	4.3511392e-08	29.423975	-0.015596496	-0.025342941	0.009039162	0.0	53.63195991516113
145	-20.434023	3.1240895	-15.426037	-28.276562	27.0	-21.924952	0.24944572	-20.675556	-21.97485	87600	-1.1523564e-08	11.930351	-0.0142182745	-1.8249922	0.0075896587	1.0	53.981122732162476
146	-21.768852	4.667442	-15.752717	-36.503166	27.0	-21.04733	0.23900568	-19.850227	-21.095146	88200	-8.742014e-09	22.137545	-0.023110041	-0.41226578	0.007488615	0.0	54.33128762245178
147	-19.617628	3.3198516	-15.26423	-26.28312	27.0	-21.449863	0.24144213	-20.240557	-21.498169	88800	-1.5099843e-08	14.299086	-0.008843877	-2.8100376	0.009234762	0.0	54.68373155593872
148	-22.445423	8.159078	-16.4704	-57.300602	27.0	-20.332726	0.22867136	-19.187384	-20.378475	89400	5.284945e-08	70.369804	-0.016363366	-3.7288437	0.0034960795	0.0	55.03582525253296
149	-19.744392	2.9148283	-15.494136	-28.05478	27.0	-21.623013	0.23990698	-20.421394	-21.671013	90000	4.6094257e-08	11.968907	-0.008609696	-2.976079	0.004778947	0.0	55.397971391677856
150	-19.329899	2.7426965	-15.615396	-25.485992	27.0	-20.461924	0.22679467	-19.325981	-20.507292	90600	4.45048e-08	8.7708235	-0.011570272	-1.145381	0.008035942	1.0	55.94394254684448
151	-20.310469	4.4062047	-16.328714	-36.474613	27.0	-19.679089	0.21749254	-18.589739	-19.722599	91200	7.152557e-09	19.660746	-0.004007846	-0.34095	0.0031293142	0.0	56.300232887268066
152	-20.240492	2.8530977	-15.553656	-25.886364	27.0	-20.082722	0.22000444	-18.98079	-20.126734	91800	2.4636586e-08	8.131515	-0.0040603816	-0.023357391	0.007844452	0.0	56.666855812072754
153	-19.892286	2.8744295	-15.562074	-24.537987	27.0	-20.202593	0.21960998	-19.102638	-20.246523	92400	2.3047129e-08	8.324338	-0.017597977	-0.08786297	0.0072502755	0.0	57.019291162490845
154	-19.253218	2.2378457	-15.587319	-24.206049	27.0	-19.98462	0.21587798	-18.903357	-20.027805	93000	-1.2616317e-08	5.536348	-0.0061996896	-0.49057293	0.005996514	2.0	57.37526750564575
155	-20.278446	4.503665	-15.889378	-34.906334	26.954546	-19.450844	0.20909907	-18.403534	-19.492678	93600	8.34465e-09	20.40379	-0.01421736	-0.58231735	0.00695061	0.0	57.72832703590393
156	-20.057564	2.7753394	-15.916196	-26.540274	27.0	-20.029224	0.21311243	-18.961815	-20.071869	94200	1.9868216e-09	7.671792	-0.011479928	-0.0013751984	0.007425936	1.0	58.07873201370239
157	-20.111376	3.1175137	-16.253357	-29.061153	27.0	-20.061481	0.21174842	-19.0009	-20.103842	94800	2.7815501e-08	9.669007	-0.012171147	-0.0028905869	0.00603422	1.0	58.42323851585388
158	-20.011198	3.795826	-15.305247	-31.711262	27.0	-20.09833	0.21039197	-19.044544	-20.140425	95400	-4.6094257e-08	14.316432	-0.013144615	-0.008089066	0.0077508567	1.0	58.8204300403595
159	-20.070955	3.9705443	-15.655067	-31.1418	27.0	-20.02924	0.208003	-18.987421	-20.07085	96000	9.139379e-09	15.652591	-0.027708076	-0.0022325516	0.0077822725	0.0	59.16968870162964
160	-19.082098	2.9368749	-15.289173	-25.90233	27.0	-20.060421	0.20654382	-19.02591	-20.101736	96600	-1.9073486e-08	9.532029	-0.009107178	-0.9126272	0.0059999153	3.0	59.72413444519043
161	-18.773811	3.0047634	-16.081612	-30.71494	27.0	-19.261116	0.19731061	-18.272852	-19.300589	97200	2.7418137e-08	9.213748	-0.0069220355	-0.23011398	0.0073735267	2.0	60.085386514663696
162	-21.13605	3.5662313	-15.839937	-29.467016	27.0	-18.845676	0.1917943	-17.88504	-18.884043	97800	6.1690805e-08	17.815191	-0.010402451	-5.0105286	0.0062231915	3.0	60.446110010147095
163	-19.110567	2.8968883	-15.740734	-25.821589	27.0	-20.757523	0.20775913	-19.716923	-20.799082	98400	-5.7220458e-08	11.041235	-0.01170199	-2.5973463	0.0030949723	0.0	60.795257806777954
164	-21.601742	3.6957128	-16.764013	-28.788181	27.0	-19.384085	0.19334312	-18.415693	-19.422787	99000	3.973643e-08	18.422272	-0.012843867	-4.708914	0.0053454647	0.0	61.14546608924866
165	-19.061903	2.387291	-15.7886	-23.78	27.0	-21.252312	0.20827433	-20.20913	-21.293972	99600	3.039837e-08	10.441701	-0.012218889	-4.6084003	0.007073202	0.0	61.486486196517944
166	-19.559935	2.5677853	-15.680268	-25.858444	27.0	-19.40061	0.18981087	-18.449907	-19.438578	100200	-2.7815501e-08	6.5884514	-0.0010901158	-0.023841381	0.005980287	2.0	61.813427209854126
167	-20.494379	4.3153367	-15.938032	-35.165035	27.0	-19.520952	0.18909375	-18.573841	-19.558788	100800	-1.4305114e-08	19.407368	-0.02664428	-0.91552925	0.008724656	0.0	62.160579204559326
168	-19.522516	3.0479133	-15.85032	-27.544123	27.0	-20.376354	0.194734	-19.400993	-20.41531	101400	5.00679e-08	9.958867	-0.000979069	-0.7092848	0.0015677346	4.0	62.51345777511597
169	-19.325996	3.0075607	-15.034268	-26.05565	27.0	-19.620567	0.18617693	-18.688066	-19.657812	102000	-9.497007e-08	9.076386	-0.014493948	-0.086009026	0.005368772	0.0	62.85570740699768
170	-18.618254	2.1945655	-15.620719	-23.90951	27.0	-19.349146	0.18195438	-18.437796	-19.385546	102600	4.1921933e-08	5.331818	-0.004513028	-0.5230632	0.008661356	1.0	63.41586899757385
171	-19.888891	2.4646332	-15.770351	-25.483322	27.0	-18.678583	0.17434694	-17.805336	-18.713469	103200	-6.516775e-08	7.4915657	-0.01659251	-1.4267645	0.009448235	0.0	63.76538944244385
172	-19.34513	2.8366847	-14.986635	-25.587692	27.0	-19.792849	0.18214378	-18.880547	-19.829283	103800	-6.1790146e-08	8.199116	-0.018086933	-0.19739723	0.009837169	1.0	64.10991740226746
173	-18.5131	3.2143266	-15.216936	-30.41202	27.0	-19.376991	0.1766865	-18.492025	-19.412336	104400	6.755193e-08	11.000773	-0.017343324	-0.7325735	0.008485358	3.0	64.45531606674194
174	-18.726202	2.2091787	-15.128156	-23.870266	27.0	-18.559376	0.16793711	-17.718233	-18.592972	105000	5.8809917e-08	4.8871355	-0.0034498991	-0.027443886	0.004772241	0.0	64.8227846622467
175	-19.805204	3.2975996	-15.325872	-26.095875	27.0	-18.71594	0.16753262	-17.876825	-18.749458	105600	2.582868e-08	11.965778	-0.017964285	-1.1603127	0.005683801	2.0	65.18707633018494
176	-18.099543	2.0240116	-15.180045	-22.316103	27.0	-19.76224	0.17438051	-18.888824	-19.797123	106200	7.688999e-08	6.826963	-0.008489712	-2.7120233	0.006941556	1.0	65.53667616844177
177	-19.119955	2.6591115	-15.067071	-25.8092	27.0	-18.158482	0.15928657	-17.360666	-18.190353	106800	-1.1603038e-07	7.938786	-0.011937646	-0.90435743	0.009183609	2.0	65.89000034332275
178	-56.41154	176.97	-15.4404335	-886.4	25.869566	-19.08816	0.16859634	-18.26221	-19.122637	107400	-4.1325887e-08	1262.1056	-0.033008896	-1.7216797	0.002821736	0.0	66.2334189414978
179	-17.893316	1.4962614	-15.467171	-20.675663	27.0	-20.073074	0.12245559	-19.459734	-20.097572	108000	8.255243e-08	6.9388556	-0.009726099	-4.659354	0.0062625865	3.0	66.58973622322083
180	-19.553507	2.4328654	-15.198516	-25.345764	27.0	-17.945114	0.10491068	-17.419651	-17.966105	108600	-3.2583873e-08	8.429487	-4.0864943e-06	-2.5339289	0.008872709	0.0	67.16954565048218
181	-20.07935	2.9199023	-15.211544	-25.73646	27.0	-19.517418	0.11392048	-18.946825	-19.540205	109200	-3.89417e-08	8.765341	-0.011042662	-0.30911732	0.0031453026	0.0	67.51495742797852
182	-20.164923	3.0122814	-16.039476	-29.669859	27.0	-20.071243	0.11666162	-19.486923	-20.09458	109800	-1.4742216e-07	9.005296	-0.014099642	-0.0086631775	0.009328541	0.0	67.87297368049622
183	-18.605568	2.450745	-15.365851	-26.330278	27.0	-20.163792	0.11660167	-19.579773	-20.187119	110400	3.973643e-09	8.365942	-0.01668863	-2.3813715	0.009749872	0.0	68.23199605941772
184	-18.175463	2.418691	-15.040696	-25.431612	27.0	-18.615473	0.10687058	-18.08019	-18.63685	111000	9.139379e-09	5.9953175	-0.0040282854	-0.19022322	0.0083651785	0.0	68.5756459236145
185	-18.97406	2.7500222	-15.465339	-24.92278	27.0	-18.175709	0.103751495	-17.656052	-18.196466	111600	3.2583873e-08	8.127672	-0.015076919	-0.6240883	0.0040900423	0.0	68.91965699195862
186	-17.608585	2.1704805	-15.055961	-22.59719	27.0	-18.975048	0.10794987	-18.434362	-18.996647	112200	-7.549922e-09	6.526094	-0.007414955	-1.8310633	0.0036827303	0.0	69.26946973800659
187	-17.983065	2.282414	-14.955865	-22.965607	27.0	-17.603569	0.09935563	-17.10593	-17.623451	112800	-5.00679e-08	5.309329	-0.00051561673	-0.14092398	0.0014692094	5.0	69.62075304985046
188	-18.417938	1.9049574	-15.505598	-23.94242	27.0	-17.985142	0.101103865	-17.478745	-18.005371	113400	5.5631002e-08	3.7876816	-0.011254353	-0.1832993	0.0055899103	0.0	70.017098903656
189	-18.939287	3.5163167	-15.021951	-31.192606	27.0	-18.421345	0.103120856	-17.904846	-18.441975	114000	4.698833e-08	12.51638	-0.0012449344	-0.26255512	0.0038576436	1.0	70.38106203079224
190	-18.990074	3.3090217	-14.923929	-28.586119	27.0	-18.94422	0.105567336	-18.415466	-18.965338	114600	-3.417333e-08	10.85333	-0.011915089	-0.0021562576	0.007900727	0.0	70.9452702999115
191	-18.576464	2.5636427	-14.840432	-25.260115	27.0	-18.99024	0.10520352	-18.463308	-19.011284	115200	1.4066696e-07	6.687726	-0.018246137	-0.16819239	0.0070653027	1.0	71.30943441390991
192	-18.27292	1.9674534	-15.221413	-22.345833	27.0	-18.571442	0.102167994	-18.059715	-18.59188	115800	2.7815501e-08	3.9312646	-0.004736526	-0.08765459	0.005492084	0.0	71.65287804603577
193	-18.844154	3.707819	-15.364579	-32.492558	27.0	-18.269274	0.09982384	-17.769287	-18.289244	116400	1.4702479e-08	13.946856	-0.015249555	-0.32350922	0.008273905	0.0	71.99088096618652
194	-18.914463	3.1136131	-15.398037	-28.530323	27.0	-18.849186	0.10249615	-18.33582	-18.869694	117000	-6.2584875e-09	9.6123085	-0.011964609	-0.0042648315	0.0076766643	0.0	72.38863229751587
195	-18.463774	2.1411169	-15.017724	-22.19067	27.0	-18.91479	0.10218971	-18.402954	-18.935234	117600	1.6291937e-08	4.7510056	-0.02044117	-0.19979382	0.009549653	0.0	72.75696349143982
196	-17.879093	1.7344416	-15.277357	-22.240065	27.0	-18.46085	0.098955	-17.965216	-18.480646	118200	-2.6524066e-08	3.323855	-0.0029037413	-0.33219552	0.003582644	1.0	73.09711241722107
197	-17.817598	2.162428	-15.365036	-23.141905	27.0	-17.87654	0.095024906	-17.40059	-17.895555	118800	2.1457673e-08	4.6419296	-0.0074521746	-0.0035614967	0.003569282	0.0	73.44491267204285
198	-17.232935	1.421805	-14.770057	-20.173206	27.0	-17.817015	0.094067246	-17.345863	-17.835835	119400	9.814898e-08	2.3486674	-0.0028749325	-0.3348608	0.0033689316	0.0	73.79534482955933
199	-17.48448	1.919968	-15.08314	-21.588717	27.0	-17.23385	0.09019977	-16.78207	-17.251898	120000	1.6589959e-07	3.7194645	-0.013481039	-0.061513662	0.008610372	0.0	74.14504861831665
200	-17.549591	2.38286	-15.13575	-24.982008	27.0	-17.482609	0.09098344	-17.026903	-17.500813	120600	1.1722247e-07	5.633903	-0.00031307776	-0.0044698715	0.002256885	5.0	74.73940706253052
201	-18.30861	3.1799583	-14.663865	-29.72514	27.0	-17.548737	0.09072237	-17.094337	-17.566887	121200	4.0829182e-08	10.589977	-0.0071827406	-0.5655832	0.0058691353	0.0	75.08875036239624
202	-17.751719	1.8399646	-15.204354	-21.939867	27.0	-18.299814	0.09417718	-17.828112	-18.318659	121800	6.67572e-08	3.6586256	-0.010595884	-0.29492855	0.0042854175	0.0	75.4431004524231
203	-18.043056	2.1794095	-15.025871	-23.616766	27.0	-17.759136	0.09052036	-17.305748	-17.777245	122400	-1.9868216e-08	4.7900066	-0.0067233066	-0.0789547	0.0056135473	0.0	75.8202257156372
204	-18.056358	2.3903115	-14.86725	-23.560175	27.0	-18.037891	0.09133227	-17.580437	-18.056162	123000	2.8212865e-08	5.665136	-0.0102126645	-0.00045585632	0.007011843	0.0	76.19380402565002
205	-17.626513	1.6953025	-14.853148	-22.497892	27.0	-18.055706	0.09069881	-17.601427	-18.073854	123600	9.159247e-08	3.0364428	-0.011663373	-0.18091464	0.006980869	0.0	76.53216576576233
206	-17.884203	2.2705925	-14.882067	-23.612804	27.0	-17.635672	0.08771599	-17.196331	-17.653221	124200	8.364518e-08	5.172609	-0.009051051	-0.060509205	0.007169862	0.0	76.88570523262024
207	-18.046663	2.188579	-15.384691	-23.385345	27.0	-17.877943	0.08828732	-17.43574	-17.895605	124800	-1.5894572e-09	4.7777815	-0.0029324957	-0.02793026	0.004155665	0.0	77.25184631347656
208	-17.421812	1.5979047	-15.159029	-21.09464	27.0	-18.042065	0.08840438	-17.599276	-18.059752	125400	-1.8159548e-07	2.9171977	-0.014711192	-0.37745643	0.006351456	0.0	77.6044409275055
209	-18.234243	2.1972594	-14.983779	-24.446053	27.0	-17.437849	0.084464714	-17.014793	-17.454748	126000	7.4307124e-08	5.4138255	-0.013958618	-0.6211686	0.008685784	0.0	77.95968461036682
210	-16.692978	1.451795	-14.846393	-20.404696	27.0	-18.212797	0.087768815	-17.77319	-18.230354	126600	-1.3510386e-07	4.382887	-0.014877319	-2.2644074	0.0046358034	0.0	78.53995132446289
211	-17.247007	1.6828024	-14.801155	-21.768478	27.0	-16.731255	0.07932126	-16.33396	-16.747126	127200	-8.742014e-09	3.0726156	-0.015819274	-0.26050067	0.006927578	0.0	78.89618349075317
212	-17.274906	1.9688115	-14.929249	-22.280506	27.0	-17.233175	0.081226	-16.826342	-17.249428	127800	-4.5696893e-08	3.845754	-0.0026995707	-0.0018019676	0.0040275035	2.0	79.2895359992981
213	-17.44452	1.8028672	-14.957285	-20.857622	27.0	-17.273552	0.080703385	-16.869333	-17.289698	128400	1.3788541e-07	3.2531164	-0.0045248526	-0.028678894	0.004480372	0.0	79.64739441871643
214	-17.021444	1.9581316	-15.04953	-21.988148	27.0	-17.4397	0.0807991	-17.035002	-17.455864	129000	3.417333e-08	3.9761248	-0.0138836205	-0.17174602	0.008672641	1.0	80.00272727012634
215	-17.53263	1.8197958	-15.032831	-21.609358	27.0	-17.032187	0.07796879	-16.641665	-17.047785	129600	-1.10467276e-07	3.5320606	-0.0020867928	-0.2452972	0.009088882	1.0	80.36075353622437
216	-18.16106	1.638156	-15.244877	-20.856884	27.0	-17.519669	0.079670146	-17.120625	-17.535606	130200	-6.7949294e-08	3.069674	-0.015621403	-0.4029553	0.00956917	0.0	80.71067523956299
217	-17.408253	1.6569068	-14.740654	-20.701405	27.0	-18.145252	0.08197256	-17.734678	-18.161654	130800	-8.34465e-09	3.2631757	-0.016862595	-0.5327742	0.0084230695	0.0	81.05382871627808
218	-17.447435	1.4504421	-15.459483	-20.373978	27.0	-17.425646	0.077550635	-17.03722	-17.441162	131400	3.7749608e-08	2.0892222	-0.006329917	-0.0005812645	0.0064684963	1.0	81.4031093120575
219	-17.07679	1.7826918	-14.969152	-21.118538	27.0	-17.446583	0.07683861	-17.061722	-17.461956	132000	5.165736e-08	3.2878857	-0.0075814384	-0.13430333	0.0038946264	0.0	81.74830484390259
220	-17.625814	1.7947088	-15.214849	-21.296715	27.0	-17.083723	0.074249916	-16.71183	-17.09858	132600	1.2079875e-07	3.4846835	-0.006116114	-0.28789854	0.00993835	0.0	82.39972734451294
221	-17.006414	1.6973604	-14.619307	-21.289614	27.0	-17.616041	0.07603822	-17.23519	-17.631254	133200	-1.4603138e-07	3.2265728	-5.0319235e-05	-0.36463714	0.007410237	1.0	82.7993745803833
222	-17.986519	1.8045076	-15.146495	-22.94087	27.0	-17.016068	0.072305076	-16.653917	-17.030537	133800	1.5258789e-07	4.160346	-0.014397826	-0.9227536	0.008335301	0.0	83.1829879283905
223	-17.3852	1.7629194	-15.031457	-20.7128	27.0	-17.96974	0.076050945	-17.588825	-17.984955	134400	7.828077e-08	3.421468	-0.0056338757	-0.33526278	0.009356252	1.0	83.5239520072937
224	-17.192677	1.5114647	-15.29643	-20.18817	27.0	-17.394293	0.072434016	-17.031494	-17.408785	135000	-6.437302e-08	2.3073807	-0.0061942046	-0.04004383	0.0066287178	0.0	83.89038372039795
225	-17.296715	2.1415603	-14.936059	-22.583918	27.0	-17.194818	0.07064297	-16.84099	-17.208952	135600	-3.3775965e-08	4.555604	-0.00021769802	-0.01025486	0.0015673136	5.0	84.24441719055176
226	-17.601515	1.8696172	-15.083434	-21.06138	27.0	-17.295586	0.07027898	-16.94358	-17.309647	136200	5.980333e-08	3.55784	-0.0204154	-0.09173894	0.00778865	0.0	84.64521503448486
227	-17.551653	1.8377765	-15.012621	-22.964058	27.0	-17.599566	0.07083858	-17.244759	-17.613739	136800	4.371007e-09	3.3510003	-0.025459513	-0.0023932457	0.008037684	2.0	85.0051794052124
228	-17.727499	2.0318863	-15.258653	-23.638206	27.0	-17.551634	0.06972651	-17.202398	-17.565586	137400	-2.0861625e-08	4.122607	-0.0015947599	-0.030370712	0.00075311033	5.0	85.36223411560059
229	-17.691027	2.272911	-15.382824	-23.3586	27.0	-17.727367	0.06963702	-17.378576	-17.741299	138000	-9.079774e-08	5.120666	-0.008444736	-0.0014343262	0.006180439	0.0	85.72557592391968
230	-17.611187	2.0516307	-15.267425	-23.323074	27.0	-17.690762	0.06855465	-17.347393	-17.704477	138600	-4.5696893e-08	4.178151	-0.019401042	-0.006356716	0.0074602296	2.0	86.3224196434021
231	-17.104494	1.433891	-15.341986	-20.005806	27.0	-17.610657	0.06727619	-17.273693	-17.624119	139200	1.8636386e-07	2.2941198	-0.00011976441	-0.2513435	0.00028951254	8.0	86.67583417892456
232	-16.947172	1.5599748	-14.858945	-20.568367	27.0	-17.10179	0.064088985	-16.78079	-17.114614	139800	6.437302e-08	2.4371078	-0.011914707	-0.02358675	0.0039171753	0.0	87.02541947364807
233	-17.446617	1.5823723	-14.841938	-20.304688	27.0	-16.946136	0.06253706	-16.632906	-16.958647	140400	2.7020773e-08	2.730339	-0.01645119	-0.24539447	0.008936731	2.0	87.37452983856201
234	-17.7938	2.8871458	-15.092372	-25.45248	27.0	-17.449291	0.06392749	-17.129097	-17.46208	141000	-1.4464061e-07	8.37356	-0.010552037	-0.11631203	0.006100647	0.0	87.71998405456543
235	-54.468685	177.37611	-15.015426	-886.4	25.869566	-17.794964	0.06588339	-17.472202	-17.80844	141600	-4.1325887e-08	1262.535	-0.034460142	-0.62841797	0.002884572	0.0	88.07017397880554
236	-17.17549	1.7452269	-14.927707	-21.32776	27.0	-18.08986	0.028379943	-17.947716	-18.095545	142200	7.390976e-08	3.8442292	-0.0037094986	-0.81959057	0.0041927774	3.0	88.42853832244873
237	-16.926407	1.3238788	-14.887726	-19.63186	27.0	-17.170523	0.02097793	-17.06545	-17.174726	142800	3.039837e-08	1.7946342	-0.0059799314	-0.05841875	0.005070586	0.0	88.77238249778748
238	-16.144142	1.1639966	-15.354286	-19.618965	27.0	-16.925081	0.019889232	-16.825462	-16.929068	143400	-6.437302e-08	1.9457147	-0.0074442206	-0.5976758	0.0044668918	0.0	89.12428379058838
239	-16.895267	1.197685	-15.342751	-19.168167	27.0	-16.13991	0.01668574	-16.056337	-16.143257	144000	5.4041546e-08	1.9850738	-0.012885741	-0.55904996	0.009637953	0.0	89.47762703895569
240	-16.993876	1.433812	-14.946521	-20.022614	27.0	-16.899387	0.019549763	-16.801472	-16.903309	144600	5.4637592e-08	2.0444555	-0.015388807	-0.008746147	0.009447608	0.0	90.05946397781372
241	-16.396166	1.365408	-14.982202	-20.364285	27.0	-16.994356	0.019795319	-16.89521	-16.998327	145200	-6.536643e-08	2.200513	-0.015354174	-0.35069907	0.008009638	1.0	90.41045928001404
242	-17.366999	1.7145804	-15.049713	-20.58816	27.0	-16.393202	0.017277138	-16.306667	-16.396667	145800	5.284945e-08	3.849266	-0.010287185	-0.929162	0.0073463535	0.0	90.75307774543762
243	-16.975794	1.5899457	-15.02792	-21.518486	27.0	-17.372276	0.021030685	-17.26694	-17.37649	146400	-7.390976e-08	2.6588333	-0.00082211255	-0.15408015	0.0008766804	3.0	91.1021146774292
244	-16.871033	1.9011267	-15.051673	-21.265503	27.0	-16.973564	0.01929226	-16.87694	-16.977436	147000	-6.516775e-08	3.588946	-0.0056051067	-0.010314465	0.0036392426	0.0	91.51796460151672
245	-16.942705	1.3574799	-15.477855	-19.988955	27.0	-16.870481	0.01872583	-16.776688	-16.874233	147600	7.510185e-08	1.8298225	-0.020113342	-0.0051134825	0.0074933735	1.0	91.88499641418457
246	-16.3447	1.221494	-14.395865	-18.776672	27.0	-16.942888	0.018859461	-16.848425	-16.946667	148200	-3.33786e-08	1.8318813	-0.0003045559	-0.3507086	0.00025215448	9.0	92.24946999549866
247	-17.361311	1.9928337	-15.102576	-21.925316	27.0	-16.342903	0.016285853	-16.261333	-16.34617	148800	-7.549922e-09	4.9584947	-0.012630545	-1.0162499	0.0052082962	2.0	92.60219264030457
248	-16.968452	1.5919899	-14.961747	-20.841639	27.0	-17.36653	0.02025032	-17.265102	-17.370588	149400	1.5497207e-08	2.6664867	-0.0011130201	-0.15532255	0.0023036217	3.0	92.95018315315247
249	-17.58452	2.3138843	-14.941269	-23.425627	27.0	-16.966484	0.018456228	-16.874043	-16.970184	150000	9.099642e-08	5.67886	-0.030355843	-0.374259	0.0085641015	0.0	93.2949595451355
250	-16.34746	1.3499241	-14.605404	-20.338396	27.0	-17.5875	0.02080024	-17.483318	-17.59167	150600	-2.1457672e-07	3.32716	-0.0012309758	-1.5069317	0.0016410861	3.0	93.88538765907288
251	-16.74468	1.587442	-14.840432	-21.051046	27.0	-16.34176	0.015529586	-16.263979	-16.344877	151200	1.6490619e-08	2.6556501	-0.0024625543	-0.15906	0.008622306	0.0	94.23358130455017
252	-16.90576	1.7577707	-14.867467	-20.945658	27.0	-16.746798	0.016996935	-16.661665	-16.750206	151800	-1.32521e-07	3.0841308	-0.015132554	-0.024756432	0.009346572	0.0	94.57551622390747
253	-17.00268	1.7379005	-14.949291	-22.265516	27.0	-16.906635	0.017466431	-16.81915	-16.910137	152400	-4.0431818e-08	2.9995122	-0.011285544	-0.009039879	0.009243113	0.0	94.92359519004822
254	-17.146296	1.9613304	-15.164096	-21.803204	27.0	-17.003157	0.017665608	-16.914675	-17.006699	153000	-3.417333e-08	3.8289127	-0.009778143	-0.020076513	0.006069347	0.0	95.27787852287292
255	-16.320747	1.2232577	-14.53115	-20.304863	27.0	-17.146833	0.0180501	-17.056429	-17.150455	153600	-4.331271e-08	2.157515	-0.013196694	-0.6687846	0.008622804	0.0	95.62328362464905
256	-16.576563	1.5116657	-15.18059	-20.672737	27.0	-16.316711	0.014399869	-16.244587	-16.319601	154200	-1.6053518e-07	2.3292887	-0.0049381736	-0.06616092	0.006994845	0.0	95.97583436965942
257	-16.58575	1.4140781	-14.911013	-20.325792	27.0	-16.577475	0.015265548	-16.501017	-16.58054	154800	1.1205673e-07	1.9799218	-0.022263905	-7.2956085e-05	0.0074384245	1.0	96.33854937553406
258	-16.121857	1.2195104	-14.764838	-19.364717	27.0	-16.585775	0.015084686	-16.51022	-16.5888	155400	-1.32521e-07	1.6857226	-0.0133264	-0.21095717	0.007990301	1.0	96.68253660202026
259	-17.222406	1.4180536	-15.026615	-19.657383	27.0	-16.121517	0.012925884	-16.056776	-16.124113	156000	4.0133795e-08	3.190584	-0.0006914333	-1.1875672	0.0039018854	1.0	97.03784036636353
260	-16.506456	1.324819	-14.864696	-19.75396	27.0	-17.227678	0.017311474	-17.14097	-17.23115	156600	-4.6789648e-08	2.2530196	-0.014480004	-0.5097703	0.009081146	0.0	97.64327955245972
261	-16.05199	0.9739075	-14.605404	-18.687082	27.0	-16.502602	0.014020485	-16.432379	-16.505417	157200	5.6227048e-08	1.1403139	-0.0110673895	-0.1990065	0.0065682037	1.0	98.00801277160645
262	-16.654112	1.2469714	-14.796163	-19.122211	27.0	-16.049606	0.01187493	-15.990129	-16.051992	157800	-1.58151e-07	1.9012028	-0.006041506	-0.35805762	0.009636152	0.0	98.35435080528259
263	-16.154772	0.83802384	-14.764001	-18.198982	27.0	-16.65708	0.014187078	-16.586023	-16.65993	158400	4.649162e-08	0.9453491	-0.01575551	-0.24728817	0.009883262	0.0	98.71274614334106
264	-16.28623	1.2858973	-14.52894	-20.004366	27.0	-16.15246	0.011804572	-16.093336	-16.154833	159000	-6.357829e-08	1.6548309	-0.009087811	-0.017535567	0.007501173	2.0	99.05326747894287
265	-17.43626	1.5508257	-15.061538	-19.658682	27.0	-16.286566	0.012118385	-16.225866	-16.288998	159600	1.463294e-07	3.6895597	-0.017438238	-1.2951851	0.00783838	0.0	99.41180372238159
266	-16.532944	1.3425575	-14.999366	-19.912228	27.0	-17.442425	0.0167607	-17.358479	-17.44579	160200	-1.9580126e-07	2.603816	-0.02903282	-0.81062734	0.007912666	2.0	99.73750400543213
267	-16.98699	1.8823433	-14.657569	-20.75661	27.0	-16.528255	0.012549742	-16.465399	-16.530777	160800	5.076329e-08	3.716201	-0.015084348	-0.20618963	0.008821482	2.0	100.0795910358429
268	-16.656998	1.6039388	-15.022779	-20.426552	27.0	-16.989508	0.014220734	-16.918282	-16.992363	161400	-1.4702479e-08	2.6566174	-0.016055746	-0.10837126	0.00658753	1.0	100.42774987220764
269	-16.693024	1.6311147	-14.854454	-21.19196	27.0	-16.65509	0.012478723	-16.59259	-16.657598	162000	2.0901362e-07	2.635505	-0.013038529	-0.0014159679	0.008231388	0.0	100.76607728004456
270	-16.85687	1.3501427	-14.86251	-20.063915	27.0	-16.69317	0.012334777	-16.631392	-16.69565	162600	1.00930535e-07	1.8313103	-0.00939726	-0.026256919	0.008175397	0.0	101.38088011741638
271	-17.003065	1.4811358	-14.603534	-20.272493	27.0	-16.857439	0.012732434	-16.793667	-16.859997	163200	-1.4300147e-07	2.192958	-0.013348209	-0.02078247	0.0073480923	1.0	101.7538685798645
272	-16.762484	1.885837	-14.605404	-22.222572	27.0	-17.003271	0.013039006	-16.937965	-17.005892	163800	1.1603038e-07	3.5784295	-0.0034389829	-0.056849003	0.008796468	0.0	102.09920954704285
273	-17.661139	1.6988608	-14.930144	-22.90451	27.0	-16.76274	0.011632012	-16.70448	-16.765078	164400	7.470449e-08	3.6563175	-0.014347225	-0.7909298	0.009968933	0.0	102.44197416305542
274	-16.512863	1.2263999	-14.96061	-19.324036	27.0	-17.663269	0.015245706	-17.58691	-17.66633	165000	1.0848046e-07	2.7996817	-0.016923364	-1.2969356	0.0075345375	1.0	102.79018330574036
275	-16.385546	1.1477306	-14.81055	-19.05148	27.0	-16.506714	0.009729658	-16.457983	-16.508673	165600	8.940697e-08	1.3187585	-0.0018290377	-0.014399052	0.008306466	1.0	103.15527129173279
276	-17.900255	1.9281318	-14.501003	-21.589497	27.0	-16.384829	0.008846742	-16.34052	-16.386612	166200	-5.5034956e-08	5.9539747	-0.034223717	-2.2505536	0.00888544	0.0	103.52624583244324
277	-16.275839	1.3724252	-14.940827	-20.640728	27.0	-17.902523	0.015151965	-17.826632	-17.905563	166800	1.4702479e-08	4.484924	-0.022971448	-2.593686	0.0077899816	0.0	103.88420677185059
278	-16.264425	1.1106927	-14.741462	-19.037153	27.0	-16.29216	0.0076716016	-16.253738	-16.293709	167400	9.9539754e-08	1.2221253	-0.00032512526	-0.00076019764	0.0065184007	2.0	104.2369441986084
279	-16.775373	1.3168601	-15.055505	-20.20121	27.0	-16.26429	0.007220465	-16.22813	-16.26575	168000	1.1523564e-08	1.9753723	-0.015552496	-0.25599527	0.0065095895	1.0	104.6653995513916
280	-16.779253	1.272881	-14.705741	-19.641392	27.0	-16.772715	0.009111505	-16.727081	-16.774551	168600	1.4021992e-07	1.6041487	-0.0037244346	-4.7564507e-05	0.0052807946	1.0	105.29878258705139
281	-16.51866	1.7957933	-14.535792	-20.449709	27.0	-16.77928	0.00880387	-16.735188	-16.781055	169200	5.5034956e-08	3.2599776	-0.029840615	-0.06658554	0.008447632	1.0	105.65978932380676
282	-16.758205	1.527812	-14.50959	-20.489262	27.0	-16.518486	0.007305088	-16.481901	-16.519962	169800	-8.523464e-08	2.3677862	-0.01992352	-0.056308985	0.009714963	0.0	106.04509973526001
283	-16.27519	1.2819036	-14.765103	-19.549341	27.0	-16.758837	0.008025345	-16.718643	-16.760456	170400	1.335144e-07	1.8585354	-0.0015733278	-0.22924829	0.0054086465	1.0	106.40674376487732
284	-17.22325	1.4351473	-15.440284	-20.546381	27.0	-16.273373	0.0055330875	-16.245663	-16.274494	171000	4.3908756e-08	2.9322505	-0.029042661	-0.8841915	0.009311744	1.0	106.75997734069824
285	-16.430708	1.464726	-14.763148	-19.814787	27.0	-17.225082	0.0094011	-17.177998	-17.226976	171600	-4.529953e-08	2.7488794	-0.0013164155	-0.6184654	0.0066229743	0.0	107.14027190208435
286	-16.700634	1.5663735	-15.074599	-21.00064	27.0	-16.429714	0.005455093	-16.402391	-16.430817	172200	-1.3510387e-08	2.5016654	-0.011957058	-0.07192612	0.0064736945	1.0	107.49028468132019
287	-16.858553	1.6495378	-14.9145155	-20.32259	27.0	-16.701456	0.0063277134	-16.669765	-16.702736	172800	5.3942202e-08	2.718225	-0.021005088	-0.024183273	0.009036238	0.0	107.84294104576111
288	-16.891197	1.3725239	-15.258226	-19.920439	27.0	-16.859283	0.006703393	-16.82571	-16.860638	173400	-1.2516975e-07	1.8660337	-0.008260144	-0.0010011196	0.005659272	0.0	108.1991639137268
289	-16.473354	1.5092032	-14.67185	-20.755892	27.0	-16.891361	0.0064858915	-16.858877	-16.892672	174000	2.1914641e-07	2.4279807	-0.0007737923	-0.17123699	0.0009115052	5.0	108.55065369606018
290	-16.414335	1.1163951	-15.043793	-18.896147	27.0	-16.470974	0.004215999	-16.449858	-16.471828	174600	-3.973643e-08	1.2370713	-0.009931868	-0.0031466484	0.0040419837	0.0	109.1824266910553
291	-15.9234705	0.922115	-14.501003	-18.476465	27.0	-16.414013	0.0036715444	-16.395626	-16.41476	175200	6.3975655e-08	1.0800552	-0.007408001	-0.23581046	0.00611885	1.0	109.54235529899597
292	-16.700884	1.5474843	-14.501003	-19.834139	27.0	-15.921172	0.0012260709	-15.915041	-15.921431	175800	-6.9141386e-08	2.9726217	-0.004396112	-0.5957341	0.0043563372	0.0	109.9100694656372
293	-16.367676	1.3844439	-14.735039	-19.724413	27.0	-16.704874	0.0045396276	-16.682142	-16.7058	176400	6.576379e-08	2.0101247	-0.001411166	-0.11143124	0.005188878	1.0	110.26760244369507
294	-16.44826	1.3720908	-14.957285	-19.991129	27.0	-16.366188	0.0027372611	-16.352484	-16.36675	177000	-1.001358e-07	1.8704782	-0.015289024	-0.0065994263	0.0065474566	1.0	110.61931943893433
295	-15.921703	0.99138826	-14.977586	-18.376282	27.0	-16.448439	0.0028807702	-16.434015	-16.44903	177600	3.576279e-08	1.2477316	-0.011803404	-0.27191246	0.008109407	0.0	110.96858429908752
296	-16.64784	1.0940509	-15.165764	-19.098871	27.0	-15.920563	0.00030566857	-15.919077	-15.920637	178200	-1.5974045e-07	1.7086135	-0.0035153127	-0.5183321	0.008342626	2.0	111.32751774787903
297	-16.763659	1.3440362	-15.342361	-19.682772	27.0	-16.650082	0.0034361547	-16.632874	-16.650782	178800	-3.1193096e-08	1.8011478	-0.018506188	-0.012642384	0.0070271366	1.0	111.6716456413269
298	-16.414202	0.9910676	-14.996408	-18.331022	27.0	-16.763906	0.0037221115	-16.745268	-16.764666	179400	-2.2649765e-08	1.0934954	-0.00080016715	-0.119864166	0.0017534721	4.0	112.02313375473022
299	-17.529272	1.9185439	-15.276383	-21.41776	27.0	-16.41449	0.0018284522	-16.40534	-16.414871	180000	2.0345053e-07	4.8742857	-0.011818356	-1.2177851	0.006904619	1.0	112.38510417938232
300	-16.601936	1.2418759	-14.987524	-19.405024	27.0	-17.534218	0.0066837035	-17.500744	-17.535568	180600	-1.056989e-07	2.3874183	-0.013286776	-0.85171926	0.006761284	1.0	113.0158851146698
301	-16.73381	1.6345994	-14.64997	-20.526598	27.0	-16.596859	0.0018968794	-16.587366	-16.597254	181200	6.039937e-08	2.6637626	-0.01015786	-0.018377066	0.0053484766	0.0	113.3709442615509
302	-16.928576	1.5347227	-14.873717	-20.529293	27.0	-16.734484	0.0022884652	-16.723028	-16.734957	181800	1.1523564e-07	2.3691146	-0.027717445	-0.03691578	0.008760086	0.0	113.71660947799683
303	-16.983067	1.6749699	-14.854447	-20.789076	27.0	-16.929379	0.002976716	-16.91447	-16.929985	182400	1.1205673e-07	2.7803297	-0.021525154	-0.0028264523	0.009076845	0.0	114.04046177864075
304	-16.407034	1.3099495	-15.020077	-19.139648	27.0	-16.983192	0.0029671977	-16.968338	-16.983803	183000	4.5994916e-08	2.0274823	-0.012120945	-0.3253349	0.007010255	1.0	114.38330149650574
305	-16.465925	1.203033	-14.852615	-19.279154	27.0	-16.406067	8.3984836e-05	-16.40572	-16.406092	183600	-4.6789648e-08	1.4363624	-0.021820454	-0.0035117865	0.0069618733	1.0	114.72428917884827
306	-16.489271	1.6115733	-15.042033	-21.556065	27.0	-16.465752	0.00027291625	-16.464432	-16.465818	184200	-8.781751e-08	2.5717444	-0.015873339	-0.00054216385	0.009653643	0.0	115.070556640625
307	-16.768105	1.505392	-14.884608	-20.59509	27.0	-16.48918	0.00035134345	-16.487455	-16.489264	184800	-5.741914e-08	2.320564	-0.004397992	-0.07625389	0.009437226	1.0	115.41916108131409
308	-16.510138	1.351201	-14.781672	-19.674414	27.0	-16.766027	0.0015587976	-16.758226	-16.766352	185400	1.06890994e-07	1.8723205	-0.011115853	-0.06418216	0.008377001	0.0	115.76578521728516
309	-16.182123	0.99919295	-14.885356	-18.93073	27.0	-16.512907	0.00025519	-16.511677	-16.51297	186000	1.903375e-07	1.0967264	-0.020169763	-0.107242584	0.009944342	0.0	116.1161253452301
310	-16.572145	1.6789517	-14.997445	-22.135386	27.0	-16.18637	0.001285253	-16.18577	-16.192799	186600	-1.7205875e-07	2.938035	-0.016752793	-0.1458683	0.009943455	0.0	116.74917197227478
311	-16.105705	1.271834	-14.543103	-19.381777	27.0	-16.566416	0.0005381195	-16.563744	-16.566538	187200	-5.6028366e-08	1.8115251	-0.0074051344	-0.2080369	0.00823173	0.0	117.1087281703949
312	-16.539722	1.4783318	-15.004776	-19.576641	27.0	-16.112844	0.0015540833	-16.112192	-16.12062	187800	8.3843865e-08	2.344023	-0.012194323	-0.1786015	0.0049296273	0.0	117.47355842590332
313	-16.380104	1.1464119	-14.636833	-18.67003	27.0	-16.532677	0.00046153925	-16.53039	-16.532782	188400	-1.13248824e-07	1.324164	-0.013560168	-0.022813916	0.0089558065	0.0	117.83576846122742
314	-16.570421	1.6232628	-14.941259	-20.511423	27.0	-16.383118	0.0002495467	-16.382635	-16.384317	189000	-3.973643e-09	2.6433656	-0.010503314	-0.03438258	0.009058286	0.0	118.17905569076538
315	-16.35726	1.0682956	-14.965978	-18.666817	27.0	-16.566292	0.00060422	-16.563286	-16.566427	189600	-1.2954077e-07	1.1731035	-0.009755788	-0.042819977	0.00651371	0.0	118.52087044715881
316	-16.878878	1.4062144	-15.1033535	-19.907724	27.0	-16.362232	0.00039898287	-16.361816	-16.364204	190200	1.947085e-08	2.221917	-0.001803472	-0.26157224	0.0061732745	0.0	118.88362622261047
317	-16.651323	1.5257112	-14.983779	-19.947554	27.0	-16.866856	0.0019009232	-16.857342	-16.86725	190800	5.9604645e-08	2.3505166	-0.013954994	-0.045526028	0.0062126787	0.0	119.25440716743469
318	-16.5558	1.3282251	-14.62058	-20.396307	27.0	-16.65661	0.00071680016	-16.653034	-16.656765	191400	9.298324e-08	1.7566013	-0.0060260813	-0.009957671	0.0074561015	2.0	119.6091821193695
319	-16.55574	1.5843486	-14.542448	-20.561552	27.0	-16.55834	0.00014997864	-16.55767	-16.558382	192000	-1.0808309e-07	2.4850662	-0.011246546	-7.6293945e-06	0.004204784	0.0	119.95357131958008
320	-16.040867	1.0543536	-15.003963	-18.561983	27.0	-16.555801	0.00011212263	-16.555351	-16.555834	192600	-8.0664954e-08	1.3630527	-0.0015594097	-0.25983334	0.0048416997	3.0	120.58528161048889
321	-16.690125	1.5301964	-14.932523	-19.293112	27.0	-16.053684	0.0022236821	-16.052904	-16.064816	193200	2.0325184e-07	2.7191153	-0.022642806	-0.39693284	0.004051527	0.0	120.93784713745117
322	-16.794434	1.4424105	-14.810707	-19.697195	27.0	-16.67436	0.0007951476	-16.670393	-16.674534	193800	-6.556511e-09	2.0740154	-0.00058166817	-0.014127731	0.000940199	5.0	121.28193807601929
323	-17.236761	2.4614067	-14.995508	-25.177744	26.954546	-16.791412	0.0012727205	-16.785046	-16.79168	194400	1.16825106e-07	6.0770755	-0.019638956	-0.1822176	0.008464064	0.0	121.6424777507782
324	-16.869581	1.4576415	-15.043793	-20.13029	27.0	-17.21182	0.0026513843	-17.198544	-17.212362	195000	4.45048e-08	2.2194507	-0.025633935	-0.11478615	0.009167196	0.0	121.99720287322998
325	-16.224945	1.1954459	-14.729118	-19.158365	27.0	-16.878122	0.0006674029	-16.874796	-16.87827	195600	-7.808208e-08	1.8371861	-0.01584029	-0.41808188	0.009394954	0.0	122.34076857566833
326	-16.335958	1.6208208	-14.52894	-21.770422	27.0	-16.241104	0.002426698	-16.24021	-16.253256	196200	8.4837275e-08	2.6097047	-0.020596756	-0.008819103	0.009958572	0.0	122.68417572975159
327	-15.661115	0.60984313	-14.703072	-17.385931	27.0	-16.33357	0.0016677618	-16.332926	-16.341919	196800	8.742014e-09	0.8158532	-0.008772875	-0.44311768	0.0074922545	1.0	123.04327464103699
328	-16.890139	1.9015969	-14.856748	-23.308304	27.0	-15.677476	0.004269554	-15.676311	-15.698859	197400	-1.680851e-07	5.035838	-0.006233849	-1.4413667	0.009841818	0.0	123.39849519729614
329	-17.485563	1.7810014	-15.09372	-21.232878	27.0	-16.879631	0.0012712107	-16.873268	-16.879894	198000	1.8755595e-07	3.5037243	-0.021659844	-0.3598559	0.00883951	1.0	123.75009560585022
330	-17.37721	1.7367556	-14.93099	-21.433138	27.0	-17.48196	0.0038534824	-17.462658	-17.482738	198600	-1.7086665e-08	2.9970386	-0.022793505	-0.010759354	0.009330387	0.0	124.40771818161011
331	-16.235641	1.3842927	-14.570424	-19.816198	27.0	-17.378384	0.002911456	-17.363804	-17.378977	199200	-1.2715658e-08	3.1899605	-0.0030238607	-1.2797916	0.0073144683	2.0	124.7667064666748
332	-17.014227	1.0877197	-15.44803	-19.859951	27.0	-16.234606	0.002534699	-16.233803	-16.247297	199800	-9.338061e-08	1.7730619	-0.0087326495	-0.5956422	0.0036813542	0.0	125.11075353622437
333	-15.74551	0.68336606	-15.032061	-17.213198	27.0	-17.01649	0.00093104894	-17.011835	-17.016687	200400	2.3444494e-08	2.061572	-0.0022881748	-1.5829412	0.0029455905	1.0	125.45180058479309
334	-16.105505	1.3847101	-14.881911	-21.359955	27.0	-15.739023	0.004410916	-15.7378435	-15.761114	201000	1.3967355e-07	2.0312555	-0.0043347045	-0.13162124	0.008511763	1.0	125.87685918807983
335	-16.647387	1.4770379	-14.858599	-20.397308	27.0	-16.107573	0.0024737937	-16.106794	-16.11996	201600	2.4437904e-07	2.4483306	-0.021961825	-0.28554535	0.007357297	0.0	126.2278733253479
336	-16.597652	1.4540352	-14.785955	-19.474934	27.0	-16.650442	8.526364e-05	-16.650112	-16.650467	202200	1.5775363e-07	2.0958345	-0.0080636935	-0.002730608	0.008201934	2.0	126.57518148422241
337	-16.99064	1.5477675	-14.792054	-19.462044	27.0	-16.597406	0.00011731135	-16.59711	-16.597923	202800	2.6226044e-08	2.5247185	-0.009901707	-0.1515336	0.0048027164	0.0	126.90882468223572
338	-16.87156	1.8849422	-14.782495	-22.767977	27.0	-16.99235	0.0015148942	-16.984768	-16.992664	203400	-1.4861425e-07	3.5319262	-0.0068875244	-0.014299631	0.00670356	0.0	127.26774287223816
339	-16.290182	1.3265854	-14.703682	-18.960106	27.0	-16.8713	0.0008246416	-16.86718	-16.871477	204000	-6.144246e-08	2.0765634	-0.014979819	-0.3309455	0.009029215	0.0	127.61354994773865
340	-16.35253	1.665133	-14.701063	-22.219385	27.0	-16.288818	0.0017247024	-16.288197	-16.297453	204600	2.573927e-07	2.748965	-0.022365216	-0.003979206	0.007580812	1.0	128.28609704971313
341	-16.362154	1.2481488	-14.760969	-19.166111	27.0	-16.35241	0.001249945	-16.351889	-16.358664	205200	-4.0133795e-08	1.542392	-0.0009199757	-9.346008e-05	0.0009184567	3.0	128.68694853782654
342	-16.435602	1.1582305	-15.015499	-19.543354	27.0	-16.362133	0.0009859025	-16.361664	-16.367064	205800	1.9709269e-07	1.3334287	-0.0076564504	-0.0052911043	0.008531381	1.0	129.03806138038635
343	-16.30906	1.1909518	-14.91365	-18.803783	27.0	-16.435064	0.000513177	-16.434578	-16.437618	206400	5.424023e-08	1.4198993	-0.03435404	-0.015560865	0.0096991295	0.0	129.39004349708557
344	-15.949402	0.95181036	-14.913302	-18.613565	27.0	-16.310497	0.000914722	-16.310038	-16.315071	207000	4.9471854e-08	1.0259668	-0.015735593	-0.12779748	0.006946284	1.0	129.74913930892944
345	-16.083647	1.2060539	-14.770057	-19.986425	27.0	-15.954224	0.002200961	-15.953504	-15.965242	207600	4.5100848e-08	1.4566119	-0.0133164115	-0.016419768	0.009135124	0.0	130.11121106147766
346	-16.854656	1.4245145	-14.914216	-19.57253	27.0	-16.081402	0.0012973079	-16.080862	-16.087893	208200	-8.503596e-08	2.6009133	-0.0043181772	-0.58605576	0.0045545306	0.0	130.46274828910828
347	-17.043694	1.26642	-15.036618	-19.612354	27.0	-16.845354	0.001993296	-16.835377	-16.845766	208800	-7.549922e-09	1.626726	-0.012925655	-0.03855586	0.007444892	0.0	130.81232953071594
348	-16.334875	1.5229976	-14.846268	-21.308514	27.0	-17.040867	0.0025219952	-17.028236	-17.04138	209400	1.0987123e-07	2.789797	-0.0070915874	-0.4885335	0.0058920193	0.0	131.16367888450623
349	-16.343878	1.3192658	-14.620641	-20.074076	27.0	-16.343102	0.0008317365	-16.342676	-16.34726	210000	-5.5631e-09	1.723059	-0.011500443	-8.34465e-07	0.0099665	1.0	131.52573943138123
350	-16.524376	1.3733404	-14.766011	-18.957071	27.0	-16.34374	0.00075936347	-16.343332	-16.347536	210600	5.0465268e-08	1.899508	-0.0157255	-0.03197992	0.0077071744	0.0	132.17298007011414
351	-16.728844	1.3013334	-15.047069	-19.68879	27.0	-16.521048	0.00012716906	-16.520462	-16.52108	211200	2.515316e-07	1.7192818	-0.02485291	-0.04231727	0.006840581	1.0	132.52729487419128
352	-15.882208	0.96831405	-14.857921	-19.44192	27.0	-16.724478	0.0009485049	-16.719734	-16.724678	211800	-1.7722448e-07	1.6305996	-0.008900456	-0.6953235	0.009310744	0.0	132.8912398815155
353	-17.387438	2.100876	-15.158154	-22.527264	27.0	-15.894528	0.0026006487	-15.893756	-15.907552	212400	-2.324581e-08	6.576088	-0.016388603	-2.184082	0.007141858	1.0	133.2577669620514
354	-16.517595	1.2061443	-15.041758	-19.093933	27.0	-17.393438	0.0032854176	-17.376982	-17.3941	213000	-7.549922e-09	2.199708	-0.023581775	-0.75168955	0.0076549877	1.0	133.62914633750916
355	-16.373806	1.1365799	-14.760012	-18.229177	27.0	-16.512894	0.00054422114	-16.512592	-16.515614	213600	-1.3510386e-07	1.2980477	-0.010812315	-0.018957257	0.0045537003	0.0	133.97861075401306
356	-16.301115	0.9686645	-14.856748	-18.618116	27.0	-16.37305	0.0010836648	-16.372643	-16.378475	214200	1.4384588e-07	0.9340509	-0.00065765996	-0.0050706863	0.0071925116	1.0	134.3676679134369
357	-16.74106	1.4788665	-14.786272	-19.876667	27.0	-16.300848	0.0011660291	-16.30042	-16.306684	214800	-1.7096599e-07	2.357032	-0.014850371	-0.18991041	0.007796018	1.0	134.7256133556366
358	-16.579706	1.3816028	-14.883279	-19.200434	27.0	-16.742126	0.00070295524	-16.73861	-16.742273	215400	-6.079674e-08	1.9158561	-0.009374225	-0.025853634	0.0074954857	0.0	135.07865476608276
359	-16.513184	1.5388478	-14.754904	-20.25121	27.0	-16.579782	3.737852e-05	-16.579594	-16.579788	216000	-7.152557e-09	2.3487625	-0.01996106	-0.0043473244	0.008729587	0.0	135.43082809448242
360	-16.213026	1.0511886	-15.162752	-19.121716	27.0	-16.513369	0.0002830318	-16.513124	-16.514772	216600	-8.34465e-08	1.1832483	-0.018571073	-0.08840978	0.0072344416	0.0	136.07699632644653
361	-16.766584	1.5527174	-14.662747	-20.316862	27.0	-16.214804	0.001381951	-16.213888	-16.22172	217200	5.00679e-08	2.688259	-0.024004396	-0.29841805	0.008504726	1.0	136.4164912700653
362	-16.740889	1.9033674	-15.076339	-22.099468	27.0	-16.76321	0.00093165704	-16.758549	-16.763405	217800	-1.4305115e-07	3.5870736	-0.013457256	-0.00048828125	0.007501548	2.0	136.75502943992615
363	-16.143118	0.8636249	-14.753207	-17.89694	27.0	-16.74123	0.0007252809	-16.737604	-16.741385	218400	-1.545747e-07	1.0925612	-0.017963177	-0.35063863	0.00927072	0.0	137.11005640029907
364	-16.317863	0.8614788	-14.67304	-18.163992	27.0	-16.148388	0.0017638828	-16.147867	-16.15722	219000	-7.271767e-08	0.7631665	-0.010078386	-0.028153956	0.008934094	1.0	137.45620393753052
365	-16.484276	1.388588	-14.81055	-19.156467	27.0	-16.315674	0.00080980273	-16.31535	-16.319725	219600	-6.874402e-08	1.9370406	-0.019664256	-0.02786374	0.0069880597	0.0	137.8010380268097
366	-16.247972	1.2719525	-15.052017	-19.123917	27.0	-16.481651	6.23861e-05	-16.481382	-16.481668	220200	-1.40070915e-08	1.6557436	-0.002466397	-0.05351603	0.0040246965	1.0	138.1449899673462
367	-16.98726	1.1437492	-14.883145	-19.037994	27.0	-16.252344	0.00083142024	-16.251959	-16.256504	220800	-1.2159347e-07	1.8297908	-0.01288521	-0.5293665	0.0070724217	2.0	138.50165510177612
368	-16.187426	0.9039946	-15.064234	-18.613565	27.0	-16.976612	0.0020791239	-16.966198	-16.977032	221400	9.397666e-08	1.4256423	-0.015510203	-0.61044735	0.009341773	0.0	138.8514587879181
369	-16.679081	1.5791091	-14.865232	-20.019958	27.0	-16.194782	0.0013612044	-16.194365	-16.201597	222000	-3.7749608e-08	2.7008605	-0.0023378853	-0.2298882	0.0031097177	1.0	139.19542121887207
370	-16.208439	1.2868237	-14.846268	-19.768972	27.0	-16.674332	0.00063266774	-16.671164	-16.674461	222600	-9.616216e-08	1.8542428	-0.0013550258	-0.2127428	0.0036516802	0.0	139.91092896461487
371	-16.16876	1.3006661	-14.43341	-18.91809	27.0	-16.213346	0.0012337161	-16.212963	-16.219524	223200	2.9404958e-08	1.6767838	-0.0047326325	-0.0019482374	0.004665866	0.0	140.30590987205505
372	-16.36135	1.145647	-15.047069	-19.409992	27.0	-16.169302	0.0011725595	-16.168932	-16.175175	223800	6.039937e-08	1.3358972	-0.00058673543	-0.036147	0.002015001	2.0	140.73250150680542
373	-16.336853	1.2842754	-15.047069	-19.508617	27.0	-16.35799	0.00015725863	-16.357822	-16.358765	224400	1.7404557e-07	1.6333121	-0.019845275	-0.00043797493	0.008286148	0.0	141.1058316230774
374	-16.240541	1.497769	-14.801155	-21.504154	27.0	-16.337305	0.00016207939	-16.33707	-16.338106	225000	1.6887982e-07	2.2301476	-0.0055761244	-0.009174585	0.009032496	0.0	141.52583956718445
375	-16.53079	1.8163884	-14.764001	-22.955658	27.0	-16.24279	0.00049116916	-16.242554	-16.245247	225600	-6.556511e-08	3.3483882	-0.01726364	-0.08127928	0.007728535	0.0	141.95727682113647
376	-16.144386	1.2404747	-14.914216	-20.884155	27.0	-16.523783	0.0007274508	-16.520142	-16.523933	226200	-6.556511e-08	1.6658983	-0.011649764	-0.14105523	0.009449259	1.0	142.42819905281067
377	-16.69353	1.4342526	-14.542448	-20.061918	27.0	-16.153742	0.00091301335	-16.153425	-16.158316	226800	6.3975655e-08	2.3249712	-0.009028049	-0.2855258	0.008329169	1.0	142.9020516872406
378	-16.55136	1.533811	-14.543103	-19.886734	27.0	-16.680544	0.0013117081	-16.673973	-16.680809	227400	-1.3510387e-08	2.345575	-0.015624532	-0.016353846	0.009137902	0.0	143.24714040756226
379	-16.417414	1.4024571	-14.881755	-19.179483	27.0	-16.554594	0.00052838575	-16.551949	-16.554703	228000	1.8874804e-08	1.965848	-0.0069861696	-0.018440366	0.00647488	2.0	143.59059596061707
380	-15.991611	1.1198351	-14.701063	-19.587284	27.0	-16.42085	0.0002015862	-16.420681	-16.421852	228600	-1.0987123e-07	1.423893	-0.019313296	-0.18054473	0.008511192	0.0	144.25115156173706
381	-15.905002	0.8455291	-14.93194	-18.531914	27.0	-16.002314	0.001876589	-16.001812	-16.011713	229200	-1.7305216e-07	0.7171468	-0.0046980125	-0.009281039	0.003767128	1.0	144.60184240341187
382	-16.292585	1.5021564	-14.67185	-19.517603	27.0	-15.907308	0.0017445999	-15.90683	-15.916046	229800	-7.520119e-08	2.3808749	-0.013788939	-0.145468	0.009153306	0.0	144.94754362106323
383	-16.165257	1.2108207	-14.662528	-19.820047	27.0	-16.283495	0.00027733215	-16.282112	-16.283556	230400	-1.2675922e-07	1.4652672	-0.010827818	-0.013701439	0.009621041	0.0	145.29038071632385
384	-16.398642	1.2501343	-14.501003	-19.346937	27.0	-16.167837	0.00020534307	-16.167536	-16.168858	231000	-3.536542e-08	1.5999458	-0.0012262411	-0.052206874	0.00988178	0.0	145.64851570129395
385	-16.422117	1.5617759	-14.67185	-20.01339	27.0	-16.394194	0.0007534468	-16.390419	-16.394346	231600	2.827247e-07	2.4155247	-0.016428744	-0.0007638931	0.0050703925	0.0	146.0135042667389
386	-17.348106	1.5937369	-15.456182	-21.254215	27.0	-16.421738	0.00065903005	-16.41844	-16.421875	232200	9.934108e-10	3.3641565	-0.011800279	-0.84091306	0.007873947	1.0	146.36447930335999
387	-16.568274	1.4148436	-14.830498	-19.446644	27.0	-17.325176	0.004042615	-17.304926	-17.325985	232800	-6.834666e-08	2.548995	-0.020870948	-0.56145203	0.009799851	1.0	146.72144508361816
388	-16.074055	0.8933743	-14.995508	-18.01346	27.0	-16.585533	3.0659605e-05	-16.585415	-16.585543	233400	-1.0331472e-08	1.0491319	-0.01281766	-0.25637698	0.006370283	1.0	147.06427907943726
389	-16.242039	1.2778167	-14.764001	-19.381697	27.0	-16.08538	0.002177281	-16.084848	-16.096287	234000	-7.90755e-08	1.6407934	-0.008049955	-0.024052978	0.0073334915	1.0	147.42365622520447
390	-15.692145	0.85125434	-14.701063	-17.853682	27.0	-16.238276	0.0010259378	-16.237976	-16.243412	234600	-1.947085e-08	1.012655	-0.013133943	-0.29227734	0.008344939	1.0	148.08463597297668
391	-16.227146	1.0615475	-15.032061	-19.037153	27.0	-15.704824	0.002850314	-15.70416	-15.7191	235200	5.2452087e-08	1.3857349	-0.014563867	-0.26736963	0.008838885	1.0	148.43991494178772
392	-16.684221	1.4765191	-14.543103	-19.307686	27.0	-16.215353	0.00016136863	-16.215233	-16.216156	235800	-8.463859e-08	2.3759496	-0.00072619994	-0.21544027	0.0043851826	1.0	148.7995057106018
393	-16.36125	1.312805	-14.696596	-19.03734	27.0	-16.673708	0.0018040909	-16.664669	-16.674068	236400	-3.973643e-08	1.8028861	-0.012687092	-0.0956763	0.0067274016	1.0	149.14812564849854
394	-16.197111	1.4570656	-14.501003	-21.33082	27.0	-16.368628	0.00010938014	-16.368086	-16.368652	237000	-2.5530656e-07	2.1309326	-0.007425754	-0.028826475	0.0073328414	1.0	149.48768281936646
395	-16.273836	1.2227576	-14.97485	-19.322609	27.0	-16.201366	0.00067876576	-16.201092	-16.204767	237600	-8.463859e-08	1.485385	-0.004661547	-0.0051465034	0.008620242	0.0	149.92173290252686
396	-15.82801	1.0385867	-14.502185	-18.951542	27.0	-16.27201	0.0002104978	-16.271883	-16.273062	238200	-1.4781952e-07	1.263044	-0.0007201612	-0.19317973	0.006270183	2.0	150.27702498435974
397	-16.557178	1.2791455	-14.760969	-19.278217	27.0	-15.839144	0.0019347663	-15.838667	-15.848834	238800	7.172426e-08	2.13029	-0.009519145	-0.5052421	0.008478001	0.0	150.63155031204224
398	-16.93226	1.5637476	-14.973829	-19.424469	27.0	-16.540077	0.001311594	-16.533508	-16.540342	239400	-7.9870226e-08	2.5731194	-0.035211958	-0.15072131	0.009695058	0.0	150.9705629348755
399	-16.343441	1.2962686	-15.036989	-19.873142	27.0	-16.92278	0.0026584957	-16.909466	-16.923315	240000	-2.948443e-07	1.9958138	-0.014486447	-0.32892156	0.008297551	0.0	151.3198049068451
400	-16.159258	0.9769574	-14.764001	-18.0018	27.0	-16.356804	0.00045934028	-16.356636	-16.359102	240600	1.1642774e-07	0.9835339	-0.011460104	-0.038240433	0.0075891544	0.0	152.0767617225647
401	-16.221926	1.0421109	-14.765103	-19.275099	27.0	-16.164082	0.0012549923	-16.163754	-16.170366	241200	-3.33786e-08	1.0784502	-0.0067540375	-0.0032800436	0.008197886	0.0	152.4347426891327
402	-16.862728	1.4831903	-15.085364	-19.849186	27.0	-16.220469	0.00066395564	-16.220264	-16.223795	241800	3.0795732e-08	2.586233	-0.02406666	-0.4042232	0.007240068	1.0	152.7706413269043
403	-16.122656	0.76763546	-15.106275	-18.109377	27.0	-16.847158	0.0021531857	-16.836372	-16.84759	242400	7.390976e-08	1.1030519	-0.00894609	-0.5144246	0.006258435	1.0	153.11266613006592
404	-16.48662	1.3575147	-14.9281025	-19.145102	27.0	-16.13796	0.00145667	-16.137602	-16.145256	243000	-1.8318494e-07	1.9447746	-0.0013085786	-0.119134545	0.003875471	2.0	153.45667243003845
405	-16.47425	1.2481021	-15.127354	-19.307686	27.0	-16.478874	0.00027188694	-16.477512	-16.47893	243600	1.2954077e-07	1.5422024	-0.025234275	-2.0742416e-05	0.009382543	0.0	153.80659890174866
406	-16.607796	1.4755054	-14.705741	-19.354958	27.0	-16.474361	0.00024043112	-16.473162	-16.474415	244200	-1.4623006e-07	2.1729708	-0.013979882	-0.017445803	0.008076583	1.0	154.16829299926758
407	-16.166576	1.2253721	-14.71334	-19.68264	27.0	-16.604446	0.0007408283	-16.600735	-16.604595	244800	-2.4636586e-08	1.6763406	-0.010952129	-0.18788207	0.0025126704	0.0	154.51016402244568
408	-16.20643	1.1694517	-15.005325	-19.65889	27.0	-16.17754	0.001397994	-16.177202	-16.184544	245400	1.0232131e-07	1.35477	-0.0039025599	-0.00081932545	0.0010991178	3.0	154.9350836277008
409	-16.29434	1.2126005	-14.569279	-19.183943	27.0	-16.205704	0.0009106142	-16.20546	-16.210264	246000	3.6358834e-08	1.4634757	-0.0027023333	-0.007699609	0.008868507	0.0	155.31651616096497
410	-16.049936	1.1478722	-14.570424	-19.404106	27.0	-16.29226	0.00021181208	-16.292152	-16.293316	246600	1.6411146e-07	1.3625653	-0.01796112	-0.057543874	0.0070143295	1.0	156.1157774925232
411	-16.425627	1.4125165	-15.0219345	-20.353268	27.0	-16.055258	0.0011940437	-16.054955	-16.061235	247200	3.774961e-09	2.11106	-0.014223744	-0.13443434	0.0069855475	0.0	156.45840191841125
412	-16.35951	1.360592	-14.764001	-19.43568	27.0	-16.417664	0.00076280645	-16.413845	-16.41782	247800	-1.1205673e-07	1.8360484	-0.010313917	-0.0033152103	0.0053821565	0.0	156.81216144561768
413	-15.980058	1.0185958	-15.00346	-18.36285	27.0	-16.360634	0.000315058	-16.359056	-16.360699	248400	-1.4702479e-07	1.1705517	-0.010798962	-0.1419518	0.008569421	0.0	157.2447452545166
414	-16.093985	1.4968051	-14.569279	-19.681725	27.0	-15.986849	0.0015589282	-15.986478	-15.994657	249000	1.6291937e-08	2.229389	-0.00497066	-0.011251926	0.0024119793	0.0	157.59750819206238
415	-15.813645	1.0514858	-14.882558	-19.886496	27.0	-16.092373	0.0005847067	-16.0922	-16.095303	249600	-4.8478444e-08	1.1714765	-0.028936185	-0.076144814	0.007315797	1.0	157.9141366481781
416	-16.136564	1.2699262	-14.695606	-19.239408	27.0	-15.817046	0.0016069141	-15.816613	-15.825093	250200	-1.1642774e-07	1.697667	-0.015689077	-0.100070596	0.008324004	0.0	158.25499939918518
417	-15.902947	1.2344168	-14.509305	-19.54248	27.0	-16.132984	0.00035824045	-16.131193	-16.13306	250800	-2.9802323e-09	1.5609385	-0.0082531655	-0.051868916	0.0072043315	1.0	158.61904072761536
418	-16.67376	1.4206932	-14.745033	-19.298908	27.0	-15.905137	0.00068447867	-15.904891	-15.908565	251400	3.973643e-08	2.5830636	-0.0014994685	-0.57898164	0.002545455	3.0	158.97392320632935
419	-16.24032	1.2164161	-14.764001	-18.803106	27.0	-16.657936	0.0028535856	-16.643644	-16.65851	252000	1.2000402e-07	1.6375548	-0.021925366	-0.17092645	0.007929713	0.0	159.34618139266968
420	-15.821676	0.8736174	-14.72305	-18.665945	27.0	-16.249485	6.894795e-05	-16.249151	-16.249504	252600	2.4636586e-08	0.936768	-0.023005927	-0.17936176	0.006509611	2.0	160.03205609321594
421	-16.645906	1.6078621	-14.759345	-20.330873	27.0	-15.831068	0.0020804005	-15.830576	-15.841486	253200	2.014637e-07	3.2167192	-0.01610782	-0.65064526	0.007458609	1.0	160.36604189872742
422	-15.827511	0.82740855	-14.997445	-17.944313	27.0	-16.625729	0.0021201936	-16.615108	-16.626154	253800	-4.1325887e-08	1.3085726	-0.003925567	-0.6244395	0.0076311002	1.0	160.76044702529907
423	-16.401543	1.354859	-15.016811	-20.379927	27.0	-15.844369	0.0022786327	-15.843842	-15.85578	254400	-4.9471854e-08	2.124651	-0.020389816	-0.30426073	0.0071781697	0.0	161.1151158809662
424	-15.879934	0.9109768	-15.005325	-18.28381	27.0	-16.390453	0.00083086255	-16.386292	-16.390621	255000	9.536743e-09	1.0796092	-0.0087073045	-0.25543314	0.008961449	0.0	161.49083495140076
425	-16.107697	1.1102647	-14.502185	-19.354115	27.0	-15.88987	0.0018635148	-15.88943	-15.899203	255600	-6.755193e-08	1.2673439	-0.015572824	-0.04650426	0.008025681	0.0	161.85385298728943
426	-16.580467	1.3899161	-14.93194	-20.062576	27.0	-16.102953	0.00035417706	-16.102816	-16.104725	256200	5.920728e-08	2.1382902	-0.0017820441	-0.2234627	0.007223827	1.0	162.20984506607056
427	-16.407898	1.2835802	-14.81055	-19.367765	27.0	-16.570158	0.0021377818	-16.55945	-16.570587	256800	-1.11262e-08	1.6571759	-0.015832467	-0.025803447	0.009978393	0.0	162.5631399154663
428	-16.337103	1.3619924	-15.027822	-19.806635	27.0	-16.411732	0.0007576565	-16.407938	-16.411886	257400	1.7007191e-07	1.8419886	-0.022856481	-0.0054582357	0.006212108	0.0	162.91375184059143
429	-16.34044	1.8387599	-14.53115	-22.896885	27.0	-16.338964	0.000106125575	-16.338436	-16.338987	258000	-1.056989e-07	3.3472302	-0.0108753	-1.66893e-06	0.007723244	1.0	163.26709389686584
430	-16.11278	1.4084344	-14.605404	-21.15411	27.0	-16.340406	6.384088e-05	-16.340092	-16.34042	258600	1.6729037e-07	2.0151458	-0.003578417	-0.050772786	0.0050557363	0.0	163.97365760803223
431	-16.463333	1.1027086	-14.717202	-18.757809	27.0	-16.118334	0.0011373003	-16.118042	-16.12403	259200	-4.6690305e-09	1.3216485	-0.015202894	-0.11664331	0.0067908056	0.0	164.3368148803711
432	-16.187029	1.2453098	-14.816256	-20.059427	27.0	-16.4551	0.00094439887	-16.450369	-16.45529	259800	9.536743e-09	1.6064335	-0.0028278697	-0.07042301	0.008986544	2.0	164.68433594703674
433	-16.346031	1.2903849	-14.695606	-19.992321	27.0	-16.193144	0.0007213063	-16.192938	-16.196756	260400	2.2093455e-07	1.671586	-0.018499147	-0.022909641	0.0076548336	0.0	165.02766585350037
434	-16.004215	1.1838459	-14.543103	-19.639727	27.0	-16.342901	0.0002678612	-16.341562	-16.342958	261000	-5.443891e-08	1.50104	-0.019460706	-0.1124233	0.0075606545	0.0	165.3766119480133
435	-16.334938	1.3045365	-14.764001	-19.317741	27.0	-16.010742	0.0016074924	-16.010359	-16.018793	261600	4.5696893e-08	1.788861	-0.0106593985	-0.103016496	0.0051273345	2.0	165.72507739067078
436	-16.013737	0.7512064	-14.9505415	-17.454338	27.0	-16.328997	0.00057642744	-16.326109	-16.329113	262200	4.7683717e-08	0.6570665	-0.01559682	-0.097412646	0.0073579135	1.0	166.0709421634674
437	-16.01291	0.9909231	-14.574636	-18.919214	27.0	-16.019125	0.0012712711	-16.018812	-16.025492	262800	1.00930535e-07	0.9721491	-0.010322955	-3.838539e-05	0.0042648898	0.0	166.4137773513794
438	-16.116158	0.8339758	-14.81055	-18.892794	27.0	-16.012917	0.000884233	-16.012682	-16.017347	263400	-3.015995e-07	0.699114	-0.016147206	-0.010447264	0.004692806	0.0	166.76654243469238
439	-15.797852	0.66017157	-14.995508	-17.282743	27.0	-16.115313	2.4207679e-05	-16.115208	-16.115318	264000	9.735425e-09	0.5312422	-0.016272996	-0.09877947	0.00820854	0.0	167.12360668182373
440	-15.951656	0.9150623	-15.029214	-18.92366	27.0	-15.800111	0.0016929696	-15.799715	-15.808593	264600	-1.39077505e-08	0.8517069	-0.020554258	-0.022511482	0.008358283	2.0	167.8375279903412
441	-16.20183	1.2897288	-14.603534	-19.196463	27.0	-15.951066	0.00025639968	-15.950953	-15.952348	265200	-8.424123e-08	1.7090214	-0.015085465	-0.061630487	0.006821518	0.0	168.17759943008423
442	-16.044374	1.0316184	-15.027822	-18.622711	27.0	-16.201475	0.0012336987	-16.195293	-16.201721	265800	0.0	1.0780323	-0.013055033	-0.024189949	0.007926203	2.0	168.53080797195435
443	-16.611837	1.4087194	-15.004776	-20.285875	27.0	-16.044193	0.00010888925	-16.044107	-16.044731	266400	-3.059705e-08	2.2836475	-0.016576566	-0.31581938	0.005279407	0.0	168.8710355758667
444	-16.21573	1.3539432	-14.627787	-19.777225	27.0	-16.608753	0.0029625627	-16.593916	-16.609348	267000	-4.8279762e-08	1.9677783	-0.013500489	-0.1514138	0.0076186745	0.0	169.22196745872498
445	-16.219368	1.2037	-14.855111	-18.817581	27.0	-16.218632	0.00033466067	-16.218506	-16.220306	267600	2.1000703e-07	1.4344044	-0.0118077835	-3.5762787e-07	0.0062035252	0.0	169.5752182006836
446	-16.349693	1.4987588	-14.509305	-19.432861	27.0	-16.219297	0.0002977005	-16.219181	-16.220789	268200	9.1294446e-08	2.2406492	-0.021127658	-0.016664267	0.006546629	1.0	169.91489505767822
447	-15.728277	0.9783637	-14.603534	-19.354958	27.0	-16.34976	0.00057643367	-16.346872	-16.349876	268800	1.291434e-08	1.3300065	-0.010463416	-0.37857306	0.008684692	1.0	170.26194643974304
448	-16.943707	1.6314338	-14.770057	-19.362396	27.0	-15.733518	0.0032851573	-15.732809	-15.749971	269400	9.377798e-08	4.0849376	-0.014303342	-1.4352851	0.0077645113	5.0	170.62509179115295
449	-16.20727	1.3402804	-14.8610325	-19.703213	27.0	-16.916494	0.004312097	-16.894896	-16.917356	270000	5.642573e-08	2.2764122	-0.016718391	-0.4930042	0.0067365887	0.0	170.96459412574768
450	-16.61838	1.6319782	-14.696596	-19.879213	27.0	-16.220497	0.0011199593	-16.220222	-16.226105	270600	-1.8556912e-07	2.7934546	-0.020278748	-0.15515709	0.009218746	1.0	171.73565793037415
451	-16.002653	1.2371	-14.605124	-18.50885	27.0	-16.610582	0.0015095086	-16.603024	-16.610888	271200	1.3113022e-08	1.8810073	-0.01690456	-0.36222613	0.009203664	2.0	172.09005427360535
452	-15.753653	0.97242624	-14.535792	-19.191633	27.0	-16.013405	0.0027466402	-16.012804	-16.02716	271800	-1.6450882e-07	1.0029495	-0.009064772	-0.06612116	0.006077581	2.0	172.44899344444275
453	-15.765812	1.182436	-14.535792	-19.307407	27.0	-15.758752	0.0035910932	-15.757986	-15.776738	272400	-1.2715658e-07	1.3842361	-0.013064903	-5.5909157e-05	0.0076036598	0.0	172.808500289917
454	-16.27162	1.3998863	-14.764001	-20.26682	27.0	-15.765644	0.0023922953	-15.765122	-15.777629	273000	4.45048e-08	2.1935568	-0.029179506	-0.2509017	0.00930599	0.0	173.2072172164917
455	-15.711106	0.8333742	-14.572976	-17.870995	27.0	-16.26037	0.0013535217	-16.253592	-16.260643	273600	-1.4384588e-07	0.9862521	-0.009549632	-0.2956683	0.006076179	0.0	173.53557634353638
456	-15.86069	0.89710915	-14.846954	-18.646421	27.0	-15.722801	0.0024117029	-15.722272	-15.7348795	274200	6.834666e-08	0.81558937	-0.006833056	-0.0186373	0.005985585	2.0	173.90505647659302
457	-15.833167	0.91333467	-14.636833	-17.582815	27.0	-15.857458	0.00089033233	-15.85723	-15.861916	274800	1.0967255e-07	0.8264229	-0.00075122353	-0.0005785227	0.0012244815	5.0	174.29014205932617
458	-16.309078	1.0560431	-14.937487	-18.647123	27.0	-15.833771	0.00068784424	-15.833586	-15.837217	275400	-3.89417e-08	1.3277352	-0.008223436	-0.22138345	0.0054867133	0.0	174.69897294044495
459	-16.496428	1.6080049	-14.838895	-20.20693	27.0	-16.297344	0.0023847676	-16.2854	-16.297823	276000	3.3775964e-07	2.5990596	-0.015432049	-0.038836956	0.00940297	0.0	175.06507802009583
460	-15.889129	0.8891792	-14.570424	-18.927809	27.0	-16.49141	0.0029344312	-16.476711	-16.491997	276600	8.1261e-08	1.141878	-0.011664101	-0.35548162	0.005175325	0.0	175.85709595680237
461	-16.088228	1.2482058	-14.569279	-20.204517	27.0	-15.903921	0.0019193563	-15.903489	-15.913534	277200	2.2649765e-08	1.5760752	-0.004093532	-0.033292413	0.007847935	1.0	176.19495630264282
462	-16.524	1.5249095	-15.00346	-19.968538	27.0	-16.083593	0.00023786775	-16.083122	-16.084782	277800	-4.152457e-08	2.4941163	-0.021057282	-0.19006443	0.009299212	0.0	176.5427281856537
463	-16.128944	0.9479844	-14.603534	-18.041035	27.0	-16.51295	0.002692747	-16.499464	-16.51349	278400	1.3649463e-07	1.0356971	-0.014437189	-0.14451486	0.007707389	0.0	176.90398526191711
464	-16.46417	1.4525132	-14.695606	-19.914833	27.0	-16.138592	0.0006833751	-16.13841	-16.142012	279000	-1.11262e-08	2.1936426	-0.025801783	-0.10387659	0.0076466245	1.0	177.26670122146606
465	-16.561434	1.6021812	-14.929209	-19.21785	27.0	-16.456022	0.0015926644	-16.448044	-16.45634	279600	-6.139278e-08	2.5523164	-0.007882966	-0.010890007	0.0062301517	2.0	177.60552620887756
466	-16.019186	1.0462062	-14.457824	-19.05969	27.0	-16.55892	0.0018230068	-16.54979	-16.559286	280200	-8.0664954e-08	1.3720151	-0.013206764	-0.28547454	0.009301483	0.0	177.95776391029358
467	-15.86182	0.85740775	-14.570424	-18.178219	27.0	-16.032503	0.0024957235	-16.03196	-16.045002	280800	-1.3709068e-07	0.75663775	-0.0113136405	-0.028547227	0.00771822	0.0	178.31382155418396
468	-15.8338	1.2860463	-14.507696	-19.294773	27.0	-15.86584	0.0028223656	-15.865233	-15.879975	281400	-9.536743e-09	1.6383992	-0.01651632	-0.0010101795	0.007396671	0.0	178.6667959690094
469	-15.716783	0.59907335	-14.765103	-16.753223	27.0	-15.834463	0.0019559336	-15.834028	-15.844259	282000	-7.609526e-08	0.36901087	-0.0044420557	-0.013573229	0.005546522	3.0	179.0281593799591
470	-16.026634	1.0111802	-14.764001	-18.103786	27.0	-15.718886	0.0019050228	-15.718464	-15.728429	282600	-8.0664954e-08	1.1060313	-0.0050544273	-0.09282935	0.0041860384	0.0	179.74123287200928
471	-16.234333	1.4060453	-14.593624	-19.181156	27.0	-16.021591	0.0007789893	-16.01769	-16.02175	283200	4.0133795e-08	2.0019987	-0.017191032	-0.04435885	0.0070910556	1.0	180.05916333198547
472	-15.573789	0.8975967	-14.669264	-18.666817	27.0	-16.231546	0.0019274146	-16.221891	-16.231932	283800	7.4505806e-08	1.2259642	-0.015808472	-0.42402256	0.0079190545	1.0	180.4396402835846
473	-16.469395	1.2491323	-14.765103	-18.65069	27.0	-15.587321	0.0032253705	-15.586636	-15.603476	284400	1.15434325e-07	2.3150504	-0.020320138	-0.76247287	0.0060053347	0.0	180.87684106826782
474	-15.765243	1.0478604	-14.636833	-17.87229	27.0	-16.447771	0.0034361929	-16.430561	-16.44846	285000	2.1060307e-08	1.5482649	-0.016395971	-0.45655715	0.009409306	0.0	181.2208287715912
475	-15.674841	0.5917345	-14.764001	-17.165062	27.0	-15.780509	0.0023839984	-15.779994	-15.792451	285600	-2.0066896e-07	0.35770488	-0.004918764	-0.01094234	0.0069042286	1.0	181.54917740821838
476	-16.620874	1.767334	-14.867562	-20.204517	27.0	-15.677394	0.002404522	-15.676872	-15.689438	286200	-4.6094257e-08	3.9735222	-0.017120896	-0.8724694	0.0076113604	0.0	181.90189385414124
477	-15.904752	1.1468157	-14.81055	-18.96849	27.0	-16.605574	0.0048735514	-16.581163	-16.606548	286800	1.6887982e-07	1.7883407	-0.00030097208	-0.48144102	0.0058502024	1.0	182.258971452713
478	-16.025797	1.160016	-14.881755	-19.416922	27.0	-15.913499	0.0016964604	-15.913119	-15.921997	287400	-1.4185906e-07	1.3446716	-0.009368478	-0.012363672	0.00853724	0.0	182.58645462989807
479	-16.061144	1.1592807	-14.9505415	-20.15655	27.0	-16.023924	0.00049330626	-16.023785	-16.026394	288000	9.079774e-08	1.3318642	-0.0014571409	-0.0013580322	0.009145739	1.0	182.9429051876068
480	-16.430855	1.4998869	-14.770057	-19.983131	27.0	-16.060438	3.7189955e-05	-16.060389	-16.06062	288600	-9.636084e-08	2.3630025	-0.014431142	-0.13447118	0.0046209805	0.0	183.69202065467834
481	-15.821634	0.79539096	-14.695606	-17.950584	27.0	-16.423214	0.0027089154	-16.409647	-16.423758	289200	3.4968057e-08	0.98463297	-0.0013974316	-0.35470873	0.006490626	1.0	184.04776096343994
482	-16.375948	1.5048084	-14.765103	-19.41216	27.0	-15.833029	0.0026701987	-15.832454	-15.846402	289800	7.708867e-08	2.5336442	-0.003767203	-0.28890777	0.0019528992	4.0	184.389564037323
483	-16.160627	1.3774095	-14.764001	-19.711645	27.0	-16.366133	0.00207939	-16.355719	-16.36655	290400	-3.417333e-08	1.9201058	-0.030298362	-0.041397333	0.0071180104	1.0	184.7332592010498
484	-15.712655	0.8044442	-14.96063	-18.576532	27.0	-16.164883	6.171017e-05	-16.16483	-16.16519	291000	-6.198883e-08	0.8431251	-0.0064208866	-0.2004261	0.0065573384	2.0	185.0924768447876
485	-16.160631	0.836431	-14.994475	-17.965496	27.0	-15.72209	0.0035421583	-15.721341	-15.739832	291600	-1.16825106e-07	0.8830497	-0.0071776374	-0.18849885	0.00583568	0.0	185.44780778884888
486	-15.90071	1.3469634	-14.569279	-19.712479	27.0	-16.151293	0.0007889038	-16.14734	-16.151451	292200	1.4861425e-07	1.858335	-0.016587807	-0.061537385	0.0067641656	1.0	185.78381776809692
487	-16.147753	1.208333	-14.543103	-18.613766	27.0	-15.906491	0.0012989393	-15.906188	-15.912994	292800	-7.549922e-09	1.5031004	-0.0007462184	-0.05704546	0.0062119206	3.0	186.1332926750183
488	-15.946891	1.1761539	-14.509305	-19.575094	27.0	-16.14189	0.00090569665	-16.137352	-16.14207	293400	1.1086464e-07	1.4071507	-0.010311777	-0.037261486	0.0059001707	0.0	186.46605467796326
489	-16.113525	1.220353	-14.535792	-19.360687	27.0	-15.951784	0.0008514503	-15.951572	-15.956049	294000	-2.7457872e-07	1.5002698	-0.010787163	-0.025635958	0.0067217834	2.0	186.82863116264343
490	-16.212984	1.2163794	-14.770057	-18.669672	27.0	-16.109476	0.0006310671	-16.106316	-16.109604	294600	1.1722247e-07	1.4753898	-0.026540272	-0.010499358	0.006499457	2.0	187.61092567443848
491	-15.804925	1.0715516	-14.760969	-18.87914	27.0	-16.210518	0.0012166138	-16.204424	-16.210762	295200	9.417534e-08	1.29961	-0.012571855	-0.16121542	0.009318818	1.0	187.97798585891724
492	-16.34533	0.99363816	-15.089269	-19.020603	27.0	-15.814525	0.002350291	-15.814017	-15.826297	295800	2.9524168e-07	1.2564018	-0.0002730902	-0.27611542	0.0049144547	3.0	188.34766697883606
493	-16.337278	1.1431284	-14.695606	-18.95312	27.0	-16.332277	0.0024199642	-16.320154	-16.33276	296400	7.470449e-08	1.2937056	-0.012959323	-2.8014183e-05	0.006112589	0.0	188.79905200004578
494	-15.924267	0.9652682	-14.535792	-18.718164	27.0	-16.337187	0.0016747321	-16.3288	-16.337524	297000	2.7219454e-07	1.0912361	-0.002650631	-0.16709876	0.002169437	3.0	189.14963555335999
495	-15.822163	0.89844066	-14.67185	-17.918058	27.0	-15.933766	0.0022360499	-15.93328	-15.944966	297600	-2.7636688e-07	0.81145626	-0.015745666	-0.012206972	0.0068398556	0.0	189.4845540523529
496	-16.83985	1.4912866	-14.764001	-20.204517	27.0	-15.824424	0.0022841988	-15.823927	-15.835863	298200	4.7683715e-09	3.2225125	-0.017733715	-1.0104694	0.005702226	0.0	189.89842128753662
497	-15.7805395	1.0260197	-14.543103	-18.930412	27.0	-16.81641	0.006463297	-16.784039	-16.817703	298800	9.9539754e-08	2.1046221	-0.006247094	-1.0518211	0.0076128896	1.0	190.23645973205566
498	-16.226206	1.2154434	-14.997971	-19.400974	27.0	-15.792625	0.0042989138	-15.791726	-15.8141575	299400	1.9510587e-07	1.6486843	-0.008859398	-0.18428731	0.008695529	0.0	190.57645511627197
499	-16.091362	1.2223161	-14.570424	-19.10643	27.0	-16.220787	0.00046447053	-16.21846	-16.22088	300000	1.1603038e-07	1.4957002	-0.01709315	-0.016417861	0.004793353	0.0	191.36527276039124
