Epoch	AverageEpRet	StdEpRet	MaxEpRet	MinEpRet	EpLen	AverageVVals	StdVVals	MaxVVals	MinVVals	TotalEnvInteracts	LossPi	LossV	DeltaLossPi	DeltaLossV	KL	BacktrackIters	Time
0	-834.011	74.59817	-645.64954	-886.4	13.761905	-1.6270554	0.48922738	0.0	-3.126701	600	5.5631e-09	572233.2	-0.028327476	-6067.75	0.0065301093	0.0	0.6995289325714111
1	-844.11884	70.04163	-618.0897	-917.98267	15.945946	-5.8237023	1.3337034	-0.78535	-6.4926224	1200	1.9232432e-07	634775.9	-0.034609515	-6022.25	0.007033426	0.0	1.0666277408599854
2	-828.2873	70.543365	-665.05835	-886.4	14.9	-9.634103	2.1078942	-1.8770511	-10.336586	1800	-1.7543634e-07	568260.06	-0.03650355	-4496.1875	0.008190879	0.0	1.4047157764434814
3	-796.28937	102.20658	-588.77716	-924.8033	18.741936	-12.76543	2.2175891	-3.4829302	-13.36149	2400	-1.2715658e-07	511867.62	-0.039263796	-3577.6562	0.008586608	0.0	1.7576589584350586
4	-771.4505	104.51391	-444.84152	-886.4	22.307692	-15.434056	2.2100663	-5.263576	-15.930999	3000	-1.04904174e-07	481033.06	-0.03315418	-3395.9375	0.008167711	0.0	2.107440710067749
5	-800.5207	105.06658	-434.30865	-886.4	19.0	-17.87186	2.4909027	-7.2131763	-18.470415	3600	1.1960665e-07	488963.53	-0.031584453	-3443.6875	0.009172048	0.0	2.4572298526763916
6	-783.95306	110.29273	-491.76282	-886.4	20.75	-20.465782	2.4345412	-9.664914	-21.020508	4200	1.7722448e-07	470804.75	-0.033793684	-3425.0312	0.008311036	0.0	2.8092472553253174
7	-755.68634	137.59308	-480.63358	-886.4	19.258064	-22.97461	2.5329971	-12.303304	-23.57961	4800	6.11941e-08	389566.22	-0.032504067	-2987.4062	0.0059208223	0.0	3.185728073120117
8	-741.95776	133.06482	-437.7667	-886.4	21.925926	-25.471354	2.2922616	-15.113802	-25.98384	5400	-1.6291937e-08	396266.66	-0.02609151	-3035.4062	0.0071144104	1.0	3.5309505462646484
9	-708.41876	121.95163	-502.1982	-886.4	26.772728	-28.017572	2.022372	-17.888397	-28.42359	6000	-1.3113022e-08	375283.72	-0.02822091	-2936.6875	0.0077076782	0.0	3.8739817142486572
10	-678.3258	115.20927	-503.89963	-886.4	29.6	-30.491022	1.9017485	-20.50536	-30.854675	6600	6.834666e-08	354511.88	-0.04734781	-2836.125	0.009120524	0.0	4.365455627441406
11	-667.84235	146.41447	-368.0486	-886.4	27.904762	-32.88728	1.9148346	-23.072954	-33.26278	7200	2.3285548e-07	332182.0	-0.030393783	-2629.25	0.007244137	1.0	4.726666450500488
12	-698.0366	161.54453	-342.66928	-886.4	23.6	-35.166912	2.0157404	-25.695885	-35.597786	7800	4.2915346e-08	324812.62	-0.036326747	-2617.0	0.008934428	0.0	5.0705413818359375
13	-623.67554	198.09267	-189.89209	-886.4	26.363636	-37.543545	1.8177332	-28.570341	-37.93017	8400	6.834666e-08	260941.95	-0.03390567	-2068.1094	0.008940997	0.0	5.419372797012329
14	-568.7438	199.84857	-285.11795	-886.4	27.047619	-39.710323	1.6818475	-31.089771	-40.03957	9000	-1.66893e-08	201057.48	-0.03436411	-1596.2188	0.008004766	0.0	5.776116371154785
15	-572.41284	252.12845	-226.35881	-886.4	22.346153	-41.535168	1.7830781	-33.321102	-41.923737	9600	-3.973643e-08	161277.61	-0.037643295	-1281.2188	0.008662021	0.0	6.129123210906982
16	-567.45703	225.41605	-217.16399	-886.4	25.956522	-43.301575	1.5830716	-35.546246	-43.626	10200	4.529953e-08	201745.17	-0.02877933	-1669.3594	0.009109466	0.0	6.489789962768555
17	-584.4457	269.64053	-120.60082	-886.4	19.931034	-45.18972	1.6797059	-37.88431	-45.580986	10800	-1.0887782e-07	136238.03	-0.033026733	-1132.1875	0.007973654	0.0	6.850752592086792
18	-480.6973	262.3791	-205.30293	-886.4	23.36	-46.92264	1.4500908	-40.10931	-47.232227	11400	-3.1789145e-09	91637.34	-0.033420477	-813.5469	0.007917906	0.0	7.1897666454315186
19	-539.54205	290.8974	-129.86494	-886.4	20.48276	-48.32212	1.4722582	-41.904728	-48.660515	12000	-8.145968e-08	113597.016	-0.026096834	-935.14844	0.0069459914	0.0	7.6266021728515625
20	-500.89398	265.03296	-170.31566	-886.4	22.884615	-49.907314	1.3080517	-43.881523	-50.192234	12600	2.1457673e-08	97934.8	-0.031308547	-925.0	0.008305081	0.0	8.140350341796875
21	-449.11902	286.57126	-144.0588	-886.4	22.92	-51.496746	1.2175058	-45.776237	-51.756664	13200	-2.4636586e-08	70904.43	-0.029091153	-617.8828	0.007265785	0.0	8.498260259628296
22	-359.382	277.14706	-120.025795	-886.4	24.041666	-52.836056	1.141298	-47.36262	-53.07461	13800	-1.7166138e-07	38284.395	-0.033631466	-349.57422	0.0074720937	0.0	9.019999265670776
23	-357.9313	277.25983	-86.04488	-886.4	24.166666	-53.85674	1.1068443	-48.576553	-54.091537	14400	7.073084e-08	37149.83	-0.030189022	-343.5586	0.006963381	0.0	9.471198320388794
24	-260.13324	157.24158	-132.22127	-886.4	28.85	-54.91421	0.97973853	-49.769783	-55.10121	15000	-1.2079875e-07	34933.05	-0.026826585	-360.67578	0.008928825	0.0	9.817517518997192
25	-225.09756	168.43903	-47.43708	-886.4	28.238094	-55.96966	0.98813075	-50.904842	-56.162952	15600	3.973643e-09	27789.51	-0.03183422	-262.27148	0.008247582	0.0	10.170605421066284
26	-242.42133	204.77834	-62.473732	-886.4	26.636364	-56.898132	0.9981186	-51.898895	-57.097878	16200	-7.5499216e-08	22319.088	-0.026124254	-220.65039	0.008285333	0.0	10.580797910690308
27	-275.8066	279.40582	-56.251503	-886.4	24.166666	-57.753105	1.0214484	-52.854435	-57.966537	16800	5.8412553e-08	18146.838	-0.02827619	-148.3086	0.00845827	0.0	11.233211994171143
28	-152.39488	167.22694	-41.893166	-886.4	26.90909	-58.503178	0.95357686	-53.72709	-58.694286	17400	-9.536743e-09	7265.9673	-0.023970615	-60.231445	0.0077381316	0.0	11.742033004760742
29	-213.83286	296.41455	-26.452307	-886.4	23.48	-58.965195	0.99911916	-54.27315	-59.180183	18000	-2.5431316e-08	7470.975	-0.0284646	-21.532715	0.007273234	0.0	12.127216339111328
30	-187.97517	271.98895	-24.74871	-886.4	24.5	-59.124863	1.12564	-54.679974	-59.457573	18600	8.742014e-09	9758.931	-0.03102307	-24.387695	0.008028921	0.0	12.693392753601074
31	-78.77461	41.260895	-40.9134	-190.61687	27.380953	-59.297707	1.2486942	-55.078953	-59.74831	19200	-1.8676122e-08	2103.7747	-0.030197926	-8.081299	0.008287778	0.0	13.20789647102356
32	-72.32064	40.667988	-20.918465	-214.91022	27.380953	-59.547153	1.16886	-55.278034	-59.929066	19800	2.2848447e-08	1844.6666	-0.024683962	-3.360962	0.0072151097	0.0	13.56715440750122
33	-126.21973	230.49889	-27.188292	-886.4	24.583334	-59.49823	1.3638196	-54.769764	-60.050953	20400	0.0	2979.964	-0.02898676	-3.2319336	0.0050300076	0.0	14.02347445487976
34	-91.46751	170.5334	-24.906847	-886.4	25.52174	-58.807007	1.7931571	-55.493237	-60.072155	21000	-4.7683715e-09	1532.9208	-0.028877333	-6.365967	0.003710456	0.0	14.607161283493042
35	-124.84782	230.30531	-23.329563	-886.4	24.583334	-57.31532	1.6264458	-55.523647	-60.06098	21600	6.357829e-09	2643.5063	-0.03343958	-7.253418	0.0019224446	0.0	15.27200722694397
36	-85.98172	171.59364	-24.043346	-886.4	25.52174	-56.33494	0.36637607	-55.604603	-59.969906	22200	7.947286e-09	1527.142	-0.029428503	-1.3231201	0.0019080751	0.0	16.184770584106445
37	-100.126686	170.1231	-23.992493	-886.4	25.565218	-56.27513	0.37012237	-55.59992	-59.92424	22800	1.9073486e-08	2124.871	-0.029411685	-2.2670898	0.0053675	0.0	17.083086729049683
38	-52.948715	22.647125	-22.000637	-105.87357	26.318182	-56.35461	0.29292902	-55.72257	-60.033695	23400	0.0	501.53168	-0.038559765	-0.3581848	0.0076492135	0.0	17.822609663009644
39	-54.081173	18.586693	-26.70019	-92.00064	26.727272	-56.33502	0.3167583	-55.70342	-59.921528	24000	2.7815501e-08	342.66077	-0.03381478	-0.30508423	0.0071022604	0.0	18.55266284942627
40	-56.009037	31.737408	-23.322268	-166.08713	26.954546	-56.303905	0.34440014	-55.6749	-60.05798	24600	2.5431316e-08	1074.7834	-0.020083014	-12.581421	0.007908	0.0	19.645060300827026
41	-92.48099	170.26953	-23.94283	-886.4	25.434782	-56.650787	0.9489409	-55.677235	-60.042103	25200	-3.1789145e-09	1499.1438	-0.030409023	-2.28125	0.002484974	0.0	20.217024564743042
42	-90.156296	171.68408	-22.50652	-886.4	25.434782	-56.3406	0.3582552	-55.729767	-59.603874	25800	-7.947286e-09	1810.6733	-0.03184762	-1.2033691	0.0045235213	0.0	20.816930294036865
43	-58.253475	27.61447	-26.062471	-136.5193	27.181818	-56.287716	0.21027495	-55.76057	-59.610172	26400	-2.6226044e-08	787.0403	-0.03175534	-0.21801758	0.0078572985	0.0	21.596816062927246
44	-47.620102	23.172342	-19.173988	-102.63036	26.454546	-56.3106	0.19271083	-55.79461	-59.98587	27000	7.9870226e-08	591.52325	-0.0232689	-2.0334473	0.0077753067	0.0	22.059572458267212
45	-51.542446	24.159126	-21.513815	-106.10614	26.727272	-56.228413	0.3546415	-55.690033	-59.91595	27600	2.3841857e-09	597.12933	-0.030097617	-0.8390503	0.0068623815	0.0	22.491976976394653
46	-50.938828	18.826368	-26.429094	-95.61522	26.818182	-56.12548	0.227155	-55.614098	-59.907757	28200	-9.934108e-10	377.7674	-0.027071632	-0.7714844	0.008144078	0.0	22.894944190979004
47	-49.472183	18.69167	-18.830973	-90.479836	26.681818	-56.04682	0.23357795	-55.539158	-59.62373	28800	3.973643e-10	382.25958	-0.03390224	-1.3996582	0.007311396	0.0	23.314985990524292
48	-89.845535	171.90234	-21.427208	-886.4	25.695652	-55.94745	0.2749608	-55.43789	-59.479584	29400	1.4305114e-08	1900.2825	-0.03352324	-0.18041992	0.0049860547	0.0	23.71151900291443
49	-46.63223	19.332228	-20.533554	-100.39173	26.727272	-55.919662	0.22533016	-55.46687	-59.48266	30000	2.3841858e-08	451.31354	-0.027319713	-2.6089478	0.009345882	0.0	24.12352705001831
50	-53.47907	21.882238	-25.182415	-121.41634	26.90909	-55.771694	0.18075097	-55.33379	-59.340366	30600	1.947085e-08	483.7155	-0.024073647	-0.1942749	0.0073222867	0.0	24.661585569381714
51	-51.787235	19.234423	-19.311108	-97.93682	26.818182	-55.722683	0.20610493	-55.285442	-59.449127	31200	1.39077505e-08	383.0757	-0.03113574	-0.62210083	0.0074214847	0.0	25.032334804534912
52	-58.337986	26.380974	-24.027834	-132.20848	26.727272	-55.64746	0.16621362	-55.218082	-59.133057	31800	-1.1622905e-08	705.5268	-0.028704772	-0.22833252	0.007761097	0.0	25.418007612228394
53	-46.186157	15.892514	-20.262144	-80.01303	26.818182	-55.706505	0.31207785	-55.25773	-59.48851	32400	5.165736e-09	338.69324	-0.019535718	-3.132141	0.008844188	0.0	25.954084157943726
54	-54.43092	22.920843	-18.0021	-103.13286	26.545454	-55.513294	0.08337654	-55.095695	-55.537025	33000	-8.394321e-09	509.31375	-0.035652198	-0.11843872	0.0092355255	0.0	26.378571271896362
55	-51.392612	22.432734	-20.632523	-98.62025	26.636364	-55.48569	0.27028733	-55.051563	-59.192978	33600	4.967054e-09	510.1219	-0.018304545	-0.671875	0.006378135	0.0	26.771955728530884
56	-45.95604	18.498081	-20.608143	-90.04969	26.954546	-55.392467	0.18020172	-54.971043	-59.108406	34200	2.404054e-08	426.88965	-0.025921343	-3.7311401	0.009097508	0.0	27.18609929084778
57	-82.24596	172.40361	-19.881697	-886.4	25.652174	-55.184605	0.16025749	-54.774612	-58.543987	34800	-3.8146972e-08	1577.9198	-0.03166783	-3.380371	0.002985622	0.0	27.568226099014282
58	-43.3307	17.410643	-18.752651	-92.094826	26.681818	-54.985718	0.15105958	-54.6529	-58.31879	35400	1.2318293e-08	426.85278	-0.025124215	-6.506073	0.007641436	0.0	27.96261191368103
59	-87.04628	171.4212	-24.909977	-886.4	26.086956	-54.719193	0.28015953	-54.38846	-58.051422	36000	1.7484028e-08	1530.7001	-0.03016164	-0.64001465	0.0034724998	0.0	28.38931941986084
60	-44.501102	15.459009	-24.333605	-86.9957	26.818182	-54.620144	0.19004542	-54.37751	-57.79241	36600	4.331271e-08	337.55402	-0.02505072	-4.832306	0.0075810035	0.0	28.948901176452637
61	-45.316326	16.472082	-22.644104	-86.370636	26.59091	-54.376015	0.21879967	-54.147636	-57.403458	37200	-1.9272168e-08	346.59152	-0.025481384	-4.528351	0.0075434963	0.0	29.30850648880005
62	-86.13445	171.3943	-26.246223	-886.4	25.695652	-54.104385	0.04170411	-53.900085	-54.11299	37800	-2.0662943e-08	1449.5201	-0.03137798	-0.77233887	0.0019188056	0.0	29.66992425918579
63	-45.62336	16.671555	-22.932997	-81.70482	26.772728	-54.01862	0.21497357	-53.88343	-57.627537	38400	4.172325e-08	342.77335	-0.031494625	-3.8719788	0.008696702	0.0	30.030207633972168
64	-50.75015	19.981495	-19.424725	-89.102165	26.954546	-53.77034	0.06980836	-53.66624	-54.964825	39000	2.582868e-09	404.91245	-0.02893207	-0.6213989	0.0097776605	0.0	30.40141010284424
65	-46.969215	16.136831	-19.185118	-75.9224	26.40909	-53.67512	0.18856446	-53.567467	-56.90413	39600	2.582868e-08	297.79047	-0.027276332	-2.6643066	0.007718808	0.0	30.78139853477478
66	-49.143906	18.09023	-20.780533	-78.096	26.59091	-53.4594	0.022823947	-53.369926	-53.77807	40200	-7.549922e-09	340.86108	-0.020661067	-1.269104	0.006138846	0.0	31.176520347595215
67	-42.71964	14.287887	-23.010191	-76.06661	26.5	-53.309776	0.13055336	-53.221935	-56.47941	40800	1.013279e-08	308.87427	-0.01732518	-7.1062317	0.0077346293	1.0	31.553746223449707
68	-43.531002	13.975748	-21.483341	-75.17496	26.863636	-52.96521	0.17429093	-52.885365	-55.9692	41400	-3.9339067e-08	281.23395	-0.025488203	-6.363922	0.0071014278	0.0	31.927818775177002
69	-46.18598	15.141068	-31.278856	-86.84228	26.363636	-52.608936	0.11337031	-52.547436	-55.369534	42000	1.8278758e-08	258.5066	-0.02086618	-3.2170868	0.009319725	0.0	32.304139852523804
70	-41.275234	17.521591	-20.205757	-101.72049	26.863636	-52.349945	0.103102714	-52.29824	-54.85915	42600	-8.742014e-09	426.8229	-0.014937316	-8.781952	0.005425133	0.0	32.847124099731445
71	-48.5265	17.102423	-26.148277	-84.8948	26.727272	-51.93505	0.15201427	-51.898125	-55.65242	43200	3.6160152e-08	301.135	-0.025632296	-0.98657227	0.00886504	0.0	33.23627305030823
72	-45.622364	19.669146	-20.4499	-103.895386	26.681818	-51.775208	0.18673164	-51.73935	-55.48604	43800	-8.34465e-09	409.42267	-0.019667061	-3.1820374	0.008296416	0.0	33.60257816314697
73	-40.90794	15.231789	-18.92988	-74.80539	26.772728	-51.513527	0.1344777	-51.490555	-53.838234	44400	-7.947286e-10	339.36365	-0.019044543	-9.417297	0.008197403	0.0	33.958436727523804
74	-36.643333	11.186558	-19.684748	-58.426678	26.5	-51.04835	0.0007687629	-51.043537	-51.050323	45000	6.616116e-08	325.87723	-0.020854248	-17.83374	0.0068962574	0.0	34.319995164871216
75	-34.08575	12.504093	-20.822529	-63.301453	26.681818	-50.400005	0.005515109	-50.39399	-50.42745	45600	1.180172e-07	415.99866	-0.02344768	-24.211945	0.009358776	0.0	34.67812633514404
76	-37.41997	15.02318	-19.120817	-71.89476	26.954546	-49.630432	0.09973596	-49.617367	-51.343124	46200	-3.6756198e-08	369.3598	-0.015617595	-15.005157	0.009522263	0.0	35.02527642250061
77	-84.223564	172.08652	-24.196901	-886.4	25.565218	-48.996326	0.114028215	-48.9796	-50.58652	46800	3.4968057e-08	1549.22	-0.033757158	-0.38452148	0.0031605782	0.0	35.39697575569153
78	-45.26323	13.772258	-27.2962	-80.003525	26.772728	-48.92961	0.07832129	-48.91273	-50.478214	47400	-1.390775e-09	201.30188	-0.01652766	-1.1943207	0.008887509	0.0	35.76090335845947
79	-47.22496	23.036772	-16.775316	-96.73887	27.045454	-48.75992	0.11112033	-48.739094	-50.465847	48000	1.8874804e-08	523.1415	-0.018021405	-0.3838501	0.008509886	0.0	36.1596200466156
80	-46.24889	16.61997	-25.545246	-103.344894	26.954546	-48.659473	0.11766978	-48.64112	-51.23997	48600	-1.39077505e-08	288.44678	-0.031690933	-0.5140686	0.009501082	0.0	36.723949670791626
81	-41.881527	16.564138	-19.597954	-84.841446	27.272728	-48.54662	0.22347498	-48.51698	-52.375927	49200	-1.6093255e-08	318.1612	-0.019315684	-4.6052246	0.009370178	0.0	37.07820773124695
82	-81.09189	172.25616	-21.639416	-886.4	25.565218	-48.163765	0.05723982	-48.148457	-48.444134	49800	-1.5894572e-09	1383.8881	-0.03075294	-1.1901855	0.0032668202	0.0	37.42475342750549
83	-39.90561	14.445865	-21.12423	-76.03872	26.59091	-47.991814	0.0901427	-47.9704	-48.4433	50400	1.5099843e-08	266.5752	-0.022580335	-7.8178406	0.0074869823	1.0	37.780439138412476
84	-41.530937	16.966284	-20.690836	-81.43014	26.954546	-47.50364	0.20262033	-47.470116	-50.56271	51000	3.774961e-09	320.44165	-0.024630956	-4.6356506	0.008250225	0.0	38.162171363830566
85	-41.626522	13.927051	-16.59352	-67.8235	26.772728	-47.092175	0.24505994	-47.05539	-51.215588	51600	8.940697e-09	221.21985	-0.019079491	-4.0948334	0.008616017	0.0	38.5514395236969
86	-42.981304	15.912622	-22.515266	-77.56806	26.636364	-46.70005	0.21115018	-46.664814	-49.861446	52200	-1.7086665e-08	261.58023	-0.017589593	-2.0252686	0.008051203	0.0	38.95572090148926
87	-40.410137	13.551784	-18.918222	-81.64306	26.681818	-46.404915	0.10821645	-46.379944	-46.94693	52800	-7.947286e-09	214.61234	-0.019750616	-5.0785522	0.0074518663	0.0	39.329832792282104
88	-42.999226	15.992068	-25.693518	-85.83847	26.954546	-45.969032	0.18677115	-45.936295	-49.595573	53400	6.357829e-09	267.6965	-0.01306597	-1.2363892	0.008940967	0.0	39.69675254821777
89	-40.776375	11.160767	-26.563574	-68.249954	26.681818	-45.724026	0.11414517	-45.697845	-46.29454	54000	1.9073486e-08	145.3232	-0.026401434	-3.6677399	0.008259015	0.0	40.06017017364502
90	-38.886703	14.356081	-21.954197	-74.4486	26.681818	-45.34049	0.19946928	-45.307266	-49.290016	54600	-9.4870725e-09	242.27907	-0.02300782	-6.740219	0.009412391	0.0	40.60628056526184
91	-38.20911	12.1183405	-19.449512	-69.48086	26.681818	-44.788914	0.12192217	-44.760883	-45.39953	55200	-2.6126703e-08	186.7872	-0.024928471	-7.410843	0.0074738488	0.0	40.96278429031372
92	-40.632812	17.29258	-18.241234	-99.13487	26.954546	-44.198917	0.12729745	-44.169827	-44.836487	55800	-3.039837e-08	313.5588	-0.030122997	-2.1380615	0.00885918	0.0	41.34646487236023
93	-74.82918	173.32668	-23.116089	-886.4	25.695652	-43.872932	0.2515032	-43.829784	-47.571297	56400	-1.5894572e-09	1321.8448	-0.03156968	-4.3276367	0.0017369606	0.0	41.71448373794556
94	-42.04435	13.270015	-23.263224	-68.90945	26.772728	-43.43884	0.23719546	-43.392876	-47.209377	57000	-4.371007e-09	176.71634	-0.01813754	-0.41053772	0.007974696	0.0	42.07646560668945
95	-49.892128	19.377375	-17.702106	-95.22548	26.954546	-43.26733	0.18655826	-43.2265	-44.201675	57600	2.4239222e-08	418.6963	-0.03882846	-7.8519287	0.0087648565	0.0	42.43807339668274
96	-43.225742	15.273818	-18.808325	-81.026	26.954546	-43.896297	0.29194567	-43.843727	-48.199287	58200	2.3841858e-08	230.18901	-0.02256849	-0.01979065	0.007439639	0.0	42.78152322769165
97	-40.674316	11.938115	-21.531168	-71.86569	26.772728	-43.896915	0.17573972	-43.858307	-44.777134	58800	2.125899e-08	151.82613	-0.011238599	-1.9794922	0.007937712	2.0	43.15867495536804
98	-41.962612	17.54075	-21.368282	-98.71488	26.772728	-43.568306	0.17801736	-43.52893	-44.459282	59400	-5.9604646e-09	297.30963	-0.024039892	-0.6477661	0.007858225	0.0	43.52981209754944
99	-35.812603	14.925929	-19.259293	-83.62285	26.772728	-43.35882	0.1789911	-43.31926	-44.25533	60000	-3.0795732e-08	271.2135	-0.023388295	-12.155792	0.009114128	0.0	43.91172456741333
100	-42.35005	14.178497	-22.110601	-63.593025	27.136364	-42.511402	0.18740651	-42.47036	-43.450058	60600	5.5631e-09	201.36755	-0.021818563	0.007736206	0.009811729	0.0	44.47790479660034
101	-38.698402	14.553021	-19.173164	-65.82607	27.045454	-42.42746	0.25527802	-42.37936	-46.69423	61200	-5.761782e-09	222.57185	-0.029698513	-2.9920044	0.007883904	0.0	44.83397555351257
102	-38.321564	18.70619	-19.448261	-89.07102	26.59091	-41.989037	0.18978074	-41.947487	-42.939583	61800	3.774961e-09	345.33646	-0.028120454	-3.8453674	0.00887012	0.0	45.19714879989624
103	-41.031693	14.706325	-18.331438	-71.05461	26.90909	-41.469543	0.23720482	-41.421375	-44.792038	62400	1.7285346e-08	215.33505	-0.029950326	-0.13687134	0.008495258	0.0	45.55650973320007
104	-41.116695	14.197757	-19.23879	-67.80843	26.90909	-41.365086	0.19435416	-41.322773	-42.338497	63000	1.39077505e-08	200.75697	-0.021230511	-0.011871338	0.0058504497	0.0	45.93954825401306
105	-40.167778	14.161124	-20.103287	-80.87074	27.0	-41.33668	0.19588709	-41.293346	-42.299404	63600	1.947085e-08	203.03706	-0.026340466	-0.3252411	0.00845534	0.0	46.305121660232544
106	-36.720745	13.189413	-19.35175	-69.27515	26.681818	-41.185894	0.19151406	-41.143948	-42.145126	64200	-2.1457673e-08	189.39445	-0.029514411	-5.5652466	0.007854214	0.0	46.654563903808594
107	-35.430927	13.091221	-18.618368	-74.18291	26.772728	-40.526997	0.19716868	-40.48384	-41.514545	64800	1.4901161e-08	196.95055	-0.022362426	-7.2994843	0.008516298	0.0	47.04067349433899
108	-35.30846	11.626659	-18.28769	-66.901505	26.727272	-39.730858	0.20403573	-39.686245	-40.7528	65400	3.2981237e-08	152.40773	-0.030996852	-5.939728	0.009214064	0.0	47.423359870910645
109	-67.72068	174.81033	-20.967007	-886.4	25.565218	-38.993576	0.21455811	-38.945736	-40.044685	66000	2.0662943e-08	1359.938	-0.032701008	-16.305542	0.0015353318	0.0	47.822232484817505
110	-33.218918	10.367817	-19.9945	-58.027336	26.863636	-37.818184	0.3022503	-37.75424	-39.332054	66600	-3.417333e-08	126.440414	-0.020158965	-7.01799	0.009626927	0.0	48.64465951919556
111	-30.639196	7.3235464	-17.855024	-48.311172	26.818182	-36.970104	0.31973985	-36.90264	-38.57158	67200	-1.5695889e-08	92.55361	-0.014183723	-12.589653	0.005926283	0.0	49.136958599090576
112	-37.34693	12.904821	-21.401545	-68.422905	27.0	-35.860695	0.33146662	-35.790813	-37.52091	67800	-1.0530154e-08	168.82875	-0.027672209	-0.4769745	0.009160913	0.0	49.523929834365845
113	-36.466675	12.61812	-16.116348	-66.04124	26.90909	-36.04296	0.426808	-35.95442	-39.94797	68400	2.1457673e-08	157.01181	-0.012195259	-0.095718384	0.0070896037	1.0	49.89390730857849
114	-31.790743	10.451272	-16.779055	-54.945705	27.045454	-36.123856	0.31980786	-36.05612	-37.72547	69000	8.543332e-08	127.57744	-0.022721285	-5.9969406	0.00669062	0.0	50.271180629730225
115	-34.62747	9.28242	-18.058939	-58.729656	26.954546	-35.35387	0.37532833	-35.27717	-39.88846	69600	9.139379e-09	85.716095	-0.022029903	-0.29304504	0.008167777	0.0	50.62689161300659
116	-31.11769	8.6912	-19.877308	-53.79623	26.818182	-35.126675	0.32440537	-35.058105	-36.75151	70200	2.2451083e-08	89.86693	-0.011414573	-5.902176	0.0044618994	0.0	50.990867614746094
117	-31.266802	8.540352	-21.194374	-59.96517	26.681818	-34.31436	0.33105862	-34.244423	-35.972523	70800	3.238519e-08	80.262085	-0.017981231	-3.8407974	0.00640555	1.0	51.357067584991455
118	-33.820316	12.154466	-18.74255	-67.008736	26.863636	-33.60861	0.3359828	-33.537605	-35.291435	71400	-2.582868e-08	144.65123	-0.014278887	0.0022888184	0.007276093	0.0	51.716668367385864
119	-27.900038	7.016795	-19.040705	-48.49389	26.90909	-33.594376	0.3305434	-33.524353	-35.249924	72000	7.649263e-09	80.55671	-0.008069343	-12.373802	0.008365511	0.0	52.07064247131348
120	-33.103146	10.773735	-19.65031	-61.60155	27.0	-32.36759	0.34912875	-32.292145	-34.078144	72600	2.9802322e-08	116.93042	-0.0208356	-0.16579437	0.008755245	0.0	52.60006928443909
121	-32.418606	7.496335	-20.935228	-49.031258	26.772728	-32.43224	0.3417391	-32.358795	-34.110676	73200	-2.2053719e-08	54.988373	-0.028927743	-0.0051841736	0.008663368	0.0	52.94775366783142
122	-30.189135	7.322429	-20.993252	-49.08115	26.90909	-32.439793	0.38227746	-32.362083	-37.203007	73800	-2.4636586e-08	58.24768	-0.024483662	-2.093689	0.008928457	0.0	53.309537172317505
123	-27.183172	6.6912537	-16.4657	-48.2996	26.772728	-31.893951	0.3293603	-31.823973	-33.543297	74400	1.9868216e-09	66.795654	-0.012442532	-9.657856	0.006384785	1.0	53.66946339607239
124	-33.623875	12.697443	-17.631845	-78.32604	26.681818	-30.69229	0.33851698	-30.620417	-32.3878	75000	-2.1457673e-08	163.39699	-0.026360864	-2.9738007	0.0063214507	0.0	54.030911684036255
125	-29.01715	8.164777	-16.792566	-50.828266	27.0	-31.300255	0.32257724	-31.231476	-32.91593	75600	-2.22524e-08	71.89146	-0.018581133	-2.06707	0.008363966	0.0	54.38346886634827
126	-27.370369	7.0729904	-17.452139	-42.28243	26.636364	-30.773148	0.32142633	-30.704634	-32.383068	76200	-4.529953e-08	60.276093	-0.021883259	-5.706249	0.0077521945	0.0	54.74053978919983
127	-28.548326	6.947873	-19.177734	-43.031685	26.727272	-29.798607	0.38626495	-29.720457	-34.87211	76800	-2.582868e-08	48.83417	-0.0157889	-0.960701	0.009342929	0.0	55.112820863723755
128	-30.085047	11.681606	-18.052448	-73.56896	27.045454	-29.35336	0.36714786	-29.277054	-33.652966	77400	1.2516975e-08	139.11896	-0.022181168	-0.31695557	0.008532504	0.0	55.46526575088501
129	-28.881163	8.093005	-18.187077	-48.465275	26.954546	-29.561007	0.30916634	-29.494665	-31.10952	78000	1.08281775e-08	66.09445	-0.0114535615	-0.20222473	0.0053305235	0.0	55.8092577457428
130	-28.684416	6.8275824	-18.928316	-45.747864	26.863636	-29.39316	0.35174122	-29.320883	-33.85786	78600	9.735425e-09	46.513493	-0.015505975	-0.2901535	0.00805161	0.0	56.360289096832275
131	-32.334812	9.873677	-18.307402	-65.36601	26.90909	-29.1497	0.2935784	-29.086197	-30.619505	79200	1.5894572e-09	108.57533	-0.023239871	-5.432976	0.009816307	0.0	56.71998429298401
132	-27.70279	7.0411863	-15.876621	-40.27937	26.818182	-30.171673	0.33271006	-30.105238	-34.930767	79800	-4.371007e-09	54.884285	-0.018069403	-3.2193184	0.008806048	0.0	57.07896614074707
133	-27.348022	6.631629	-18.036911	-48.636845	26.863636	-29.417389	0.30883834	-29.352842	-33.259182	80400	2.503395e-08	47.25665	-0.026538195	-2.7665482	0.008570063	0.0	57.43312311172485
134	-24.805725	5.383522	-17.728834	-37.429466	27.0	-28.627604	0.25901377	-28.568811	-29.92491	81000	-1.6291937e-08	43.2074	-0.01791104	-8.56604	0.0088046435	0.0	57.784538984298706
135	-26.280333	5.4423246	-17.171682	-37.033855	26.818182	-27.242275	0.25793144	-27.18347	-28.53416	81600	8.34465e-09	30.163607	-0.0059813955	-0.6818161	0.007732018	1.0	58.14336133003235
136	-29.303835	6.625913	-17.837006	-40.870834	26.863636	-26.793882	0.2466895	-26.737202	-28.029457	82200	1.0331472e-08	49.403076	-0.021165904	-3.5867348	0.008600137	0.0	58.505974531173706
137	-31.224714	7.1185746	-19.49901	-48.619118	26.818182	-27.690403	0.22678357	-27.63575	-28.82039	82800	4.0928523e-08	62.704422	-0.024052355	-7.766491	0.0085312	0.0	58.87274980545044
138	-25.671118	7.4003997	-17.478354	-49.844482	26.772728	-29.087181	0.20176099	-29.039444	-30.097725	83400	3.0199686e-08	64.794815	-0.021955503	-7.127926	0.008759273	0.0	59.25349187850952
139	-27.838684	6.1138854	-18.197401	-40.55433	27.0	-27.820898	0.19698066	-27.773367	-28.804947	84000	-3.9339067e-08	37.104214	-0.020759368	0.004901886	0.008991704	0.0	59.62886667251587
140	-26.056696	5.68068	-18.576658	-39.17282	26.90909	-27.738184	0.18361549	-27.692717	-28.651712	84600	-1.09275184e-08	34.70297	-0.007448456	-1.8593216	0.007052482	0.0	60.26133847236633
141	-27.309038	7.2864747	-17.702795	-45.87128	26.954546	-27.04149	0.16943875	-26.99971	-27.890133	85200	-3.8345654e-08	52.29369	-0.021616839	-0.03240204	0.009316415	0.0	60.62028169631958
142	-28.551308	9.629807	-18.590097	-61.229332	26.90909	-27.105026	0.1542637	-27.066177	-27.877663	85800	-3.973643e-09	95.35713	-0.02011276	-1.4513779	0.0076272488	0.0	60.98654508590698
143	-27.378551	9.404692	-17.05579	-48.980103	27.0	-27.752138	0.1385724	-27.714544	-28.44617	86400	-4.2915346e-08	88.26435	-0.009247749	-0.07041931	0.005425271	0.0	61.332497358322144
144	-26.715387	6.5683126	-17.998287	-38.68758	26.954546	-27.633818	0.12417299	-27.600647	-28.254704	87000	-2.8610229e-08	43.43973	-0.015150239	-0.6359215	0.0074513867	0.0	61.69209265708923
145	-25.29832	5.133902	-19.471384	-42.37474	26.954546	-27.187977	0.11188512	-27.15597	-27.748339	87600	1.3113022e-08	29.636103	-0.015167101	-2.6120262	0.009750352	0.0	62.04093885421753
146	-26.607323	6.572727	-18.376984	-47.315308	27.0	-26.25997	0.09767949	-26.231674	-26.741484	88200	-7.152557e-09	42.890457	-0.020045571	-0.08175278	0.008861653	0.0	62.39188504219055
147	-25.458345	3.9184217	-17.754282	-33.336227	26.954546	-26.384485	0.085964896	-26.359116	-26.815004	88800	2.9007595e-08	16.052263	-0.013863345	-0.63110447	0.00715669	0.0	62.748807191848755
148	-26.056084	6.055538	-16.930542	-38.03345	26.863636	-25.925322	0.07156991	-25.902737	-26.283737	89400	-1.5099843e-08	35.889935	-0.025467308	-0.0042152405	0.008622838	1.0	63.115312576293945
149	-25.738445	7.5583577	-18.60629	-49.43801	26.90909	-25.946333	0.06201475	-25.925625	-26.256872	90000	5.2054723e-08	56.33892	-0.019263104	-0.04428482	0.008469117	0.0	63.462843894958496
150	-24.313532	3.99593	-17.928774	-31.087048	26.90909	-25.821062	0.05197383	-25.802305	-26.081291	90600	-8.8214875e-08	17.992498	-0.017257163	-1.8393955	0.0074142576	0.0	64.03533411026001
151	-25.880688	5.6629705	-16.553007	-40.783455	26.954546	-24.972029	0.03596234	-24.956299	-25.152002	91200	-1.9868216e-08	32.15056	-0.019206813	-0.59685326	0.0071063335	1.0	64.38587880134583
152	-25.361242	4.5291195	-18.03383	-34.15024	26.90909	-25.43827	0.034891766	-25.4225	-25.612902	91800	-1.9868216e-08	20.298306	-0.013652402	-0.0041160583	0.0070787454	0.0	64.7362630367279
153	-25.31026	4.7712665	-17.147722	-34.133877	26.954546	-25.411253	0.028183678	-25.39709	-25.552233	92400	-4.907449e-08	22.538408	-0.015915949	-0.009698868	0.006084602	0.0	65.08559703826904
154	-24.486006	5.57798	-17.665804	-40.77872	27.0	-25.344906	0.022041084	-25.331917	-25.455097	93000	1.5099843e-08	31.928692	-0.007988167	-0.58750725	0.0063178255	0.0	65.44512128829956
155	-26.028582	7.681658	-17.497524	-51.38156	27.0	-24.827887	0.010981638	-24.817007	-24.882433	93600	-3.218651e-08	60.11784	-0.012716097	-1.2416496	0.006702943	0.0	65.79930472373962
156	-23.149475	6.048685	-16.88897	-42.80668	26.90909	-25.577955	0.01591288	-25.566206	-25.657368	94200	3.596147e-08	42.360806	-0.021726392	-4.9915237	0.008274215	1.0	66.16370606422424
157	-25.377392	6.6331577	-17.5371	-49.441124	26.954546	-24.049921	0.03142265	-24.029484	-24.81251	94800	-4.808108e-08	46.318638	-0.020573217	-1.5543823	0.009236002	0.0	66.50550413131714
158	-23.835798	4.424677	-17.220112	-33.413303	26.90909	-24.88763	0.011819881	-24.87584	-25.163305	95400	-1.09275184e-08	20.293766	-0.02421819	-0.9963093	0.009976149	0.0	66.87148213386536
159	-25.266762	6.486851	-17.92877	-45.677395	26.818182	-24.194807	0.004262909	-24.17473	-24.195904	96000	4.1127205e-08	41.617676	-0.020936979	-0.8594513	0.008645577	0.0	67.23160171508789
160	-24.805504	6.13263	-17.059423	-45.765884	26.863636	-24.852892	0.0071737133	-24.842606	-24.888214	96600	1.9073486e-08	37.194942	-0.018857477	-0.002380371	0.008340883	0.0	67.80244660377502
161	-25.95273	6.283424	-18.855545	-45.26712	27.0	-24.83159	0.06941948	-24.818321	-26.50697	97200	-3.238519e-08	40.925846	-0.018151775	-1.179554	0.0066232276	0.0	68.16553497314453
162	-22.921717	4.649963	-17.455048	-39.7566	26.954546	-25.644194	0.010147366	-25.63157	-25.694452	97800	-2.4537245e-08	28.411427	-0.01560519	-6.82522	0.0069879945	0.0	68.54852485656738
163	-23.758196	6.7585864	-17.351925	-44.211502	27.0	-23.677984	0.01059197	-23.642756	-23.869843	98400	6.67572e-08	45.225834	-0.021993503	-0.004463196	0.008675531	0.0	68.91743731498718
164	-24.962975	5.6070166	-17.567331	-43.721043	26.90909	-23.69401	0.0035133492	-23.677965	-23.694952	99000	6.566445e-08	32.69893	-0.017181376	-1.4698563	0.008898108	0.0	69.2810046672821
165	-23.64065	4.4242706	-17.623442	-37.591393	26.954546	-24.64465	0.005765026	-24.634651	-24.672691	99600	-2.483527e-09	20.09701	-0.027721079	-0.9699898	0.009094897	0.0	69.65164041519165
166	-23.968168	7.3348827	-16.365864	-50.835236	26.90909	-23.876581	0.0015428985	-23.867682	-23.877005	100200	-2.2649765e-08	53.022514	-0.017135054	-0.0033950806	0.008322382	0.0	70.0117027759552
167	-22.658758	4.1350513	-17.478542	-32.27901	27.0	-23.91342	0.0021496401	-23.90415	-23.920933	100800	9.4572705e-08	18.486227	-0.020914635	-1.4820061	0.006626718	0.0	70.37592101097107
168	-21.602785	2.3110652	-17.993422	-25.971762	26.954546	-22.91763	0.006832765	-22.884268	-22.919275	101400	-5.066395e-09	6.998094	-0.0075231697	-1.6465664	0.008639453	0.0	70.7314920425415
169	-22.467302	3.534926	-17.339811	-30.604322	27.0	-21.840847	0.013756701	-21.772392	-21.8439	102000	-3.8544336e-08	12.759302	-0.014263448	-0.37097168	0.0065992135	1.0	71.10681509971619
170	-22.009575	2.9363954	-18.142588	-30.33937	27.0	-22.344233	0.015916448	-22.321821	-22.717106	102600	1.8676122e-08	8.64386	-0.017139094	-0.10972881	0.009617863	0.0	71.69131112098694
171	-22.110825	3.125193	-17.229214	-28.741314	26.954546	-22.069723	0.0041993004	-22.050098	-22.073883	103200	-5.5929025e-08	9.596701	-0.010167255	-0.0008802414	0.007316381	1.0	72.06292748451233
172	-21.395508	2.3928924	-17.88128	-29.039642	27.0	-22.092222	0.0019509546	-22.083447	-22.092785	103800	-2.503395e-08	6.14932	-0.016214145	-0.4681282	0.008326582	0.0	72.40869402885437
173	-23.141277	4.7668204	-17.582138	-37.52494	27.0	-21.489368	0.005912964	-21.460741	-21.490826	104400	-1.5894573e-08	25.19666	-0.015162841	-2.6361713	0.00742122	0.0	72.7711980342865
174	-21.834772	4.279101	-16.571466	-32.125362	27.0	-22.929544	0.0068502873	-22.919413	-22.963152	105000	5.9604645e-08	19.314068	-0.01979856	-1.1590481	0.008963464	0.0	73.1234667301178
175	-24.17085	4.3275523	-17.557446	-32.399937	27.0	-21.972055	0.040166494	-21.959843	-22.95309	105600	-3.973643e-08	23.332273	-0.018294951	-4.687479	0.009588681	0.0	73.47464299201965
176	-22.187836	5.355882	-17.869055	-39.57534	26.90909	-23.917522	0.008440154	-23.907064	-23.959167	106200	-9.278456e-08	31.144863	-0.012412675	-2.9865685	0.008591405	0.0	73.83926558494568
177	-21.624723	3.8109446	-17.492903	-32.229485	27.0	-22.360157	0.001677681	-22.351135	-22.360615	106800	2.8610229e-08	14.913548	-0.014851093	-0.52715206	0.0064170742	1.0	74.19536185264587
178	-22.184633	3.289838	-17.221642	-29.239246	27.0	-21.686005	0.0035851242	-21.669716	-21.68697	107400	-3.516674e-08	10.960933	-0.018903447	-0.24217224	0.0067734336	1.0	74.55114889144897
179	-21.699064	4.3183208	-16.913254	-35.85478	27.0	-22.140768	0.0016521824	-22.131517	-22.14329	108000	3.6557516e-08	18.65448	-0.022862468	-0.19045639	0.008939363	0.0	74.9115641117096
180	-20.351494	2.263756	-17.05788	-25.638134	27.0	-21.732372	0.0022223291	-21.723446	-21.733017	108600	-1.2715658e-08	6.9611526	-0.004585945	-1.8633313	0.008630727	0.0	75.49735689163208
181	-21.754759	4.541659	-16.684546	-31.840061	26.954546	-20.439379	0.02146049	-20.402882	-20.93329	109200	-3.059705e-08	21.91003	-0.025559574	-1.6888294	0.008959914	0.0	75.87544322013855
182	-21.407824	2.7313807	-18.080154	-26.564888	27.0	-21.653454	0.008134075	-21.644604	-21.690868	109800	9.735425e-09	7.445619	-0.0117371185	-0.059709072	0.007560505	0.0	76.25193500518799
183	-22.395332	4.8717694	-17.271904	-35.419518	27.0	-21.430628	0.1758083	-21.413422	-25.574486	110400	4.529953e-08	24.484798	-0.029610863	-1.0011425	0.007645941	0.0	76.6222825050354
184	-21.38301	3.3904166	-17.204603	-29.047695	27.0	-22.359247	0.045726944	-22.346567	-23.314589	111000	1.9272168e-08	12.327201	-0.021055894	-0.9391928	0.008044794	0.0	76.98119521141052
185	-22.751701	4.873181	-17.404758	-39.49011	27.0	-21.423466	0.17794259	-21.407194	-25.765501	111600	-5.920728e-08	25.314625	-0.020423586	-1.7840042	0.008720623	0.0	77.3377013206482
186	-21.576374	3.5379643	-16.988634	-30.603188	27.0	-22.712156	0.0020654348	-22.70325	-22.719276	112200	-8.145968e-08	13.6691475	-0.019284239	-1.2640371	0.009241205	0.0	77.69179964065552
187	-21.732637	3.3936803	-17.253983	-29.134079	26.954546	-21.602465	0.003243317	-21.588057	-21.603354	112800	-2.7418137e-08	11.352137	-0.011800493	-0.014034271	0.0034109792	0.0	78.06193232536316
188	-22.218956	5.7009177	-16.845182	-38.872032	26.954546	-21.719677	0.0015669715	-21.710722	-21.720003	113400	5.811453e-08	32.284035	-0.018234208	-0.22954941	0.009187062	0.0	78.42171573638916
189	-20.45187	2.1377628	-17.4441	-26.02924	27.0	-22.201832	0.060383953	-22.190075	-23.678043	114000	-2.8610229e-08	7.532142	-0.025568722	-3.028431	0.0070604533	1.0	78.77984142303467
190	-22.109324	3.755986	-17.508919	-30.130587	26.90909	-20.464195	0.11937224	-20.451548	-23.385553	114600	2.7418137e-08	16.534662	-0.019560136	-2.6228552	0.009574368	0.0	79.3743486404419
191	-20.143599	2.7442892	-17.036942	-29.271793	27.0	-22.076338	0.0038692704	-22.066353	-22.09424	115200	-2.3047129e-08	11.153776	-0.014093045	-3.6609602	0.007616456	0.0	79.94535040855408
192	-21.024334	3.5764456	-16.804768	-27.030775	27.0	-20.157171	0.0035250445	-20.141453	-20.158133	115800	2.9404958e-08	13.40748	-0.014634898	-0.73694515	0.007680805	0.0	80.5508165359497
193	-21.843374	3.6605716	-17.75487	-31.176525	27.0	-21.021612	0.0019170815	-21.01181	-21.026983	116400	-9.318193e-08	13.93438	-0.010343144	-0.6617594	0.00876486	0.0	80.9657850265503
194	-20.844702	2.7813277	-17.238419	-27.201204	27.0	-21.844051	0.002427586	-21.834335	-21.853794	117000	0.0	8.647058	-0.013771419	-0.97860765	0.008433326	0.0	81.40954399108887
195	-21.244442	4.1705556	-17.017376	-36.59259	27.0	-20.841185	0.0020522466	-20.831793	-20.841772	117600	1.1920929e-08	17.38073	-0.017873108	-0.1593399	0.009945342	0.0	81.80160403251648
196	-20.142065	2.1262689	-16.920914	-26.142776	27.0	-21.247381	0.0068827197	-21.237547	-21.410912	118200	-3.417333e-08	5.6850257	-0.013148455	-1.1969967	0.0049537895	0.0	82.17624187469482
197	-22.487984	3.9041913	-17.744509	-34.013107	27.0	-20.132996	0.0021647015	-20.123447	-20.133617	118800	1.6391278e-08	20.580658	-0.022403916	-5.434102	0.008182459	0.0	82.53251767158508
198	-20.827427	3.3278759	-16.574286	-30.578789	26.954546	-22.501339	0.004191529	-22.491634	-22.521095	119400	3.601114e-08	13.629072	-0.01833622	-2.790205	0.008768865	1.0	82.95231342315674
199	-20.255688	2.0941074	-17.719719	-26.79448	27.0	-20.803825	0.0017618091	-20.794397	-20.80431	120000	6.079674e-08	4.6388836	-0.025035055	-0.29437256	0.00852532	0.0	83.36137652397156
200	-23.537855	10.900263	-17.002573	-71.936424	27.045454	-20.251118	0.0017800771	-20.24147	-20.251583	120600	-1.39077505e-08	132.77402	-0.019347712	-11.154503	0.008800925	0.0	83.9975802898407
201	-20.74861	3.116505	-17.077324	-30.373873	26.954546	-23.623213	0.0023231953	-23.614183	-23.633142	121200	4.8677125e-09	17.773266	-0.013429014	-8.133304	0.006828965	1.0	84.4655864238739
202	-21.630913	4.0613775	-17.102072	-34.600227	26.954546	-20.764587	0.012212246	-20.70398	-20.767344	121800	6.298224e-08	17.0607	-0.02023362	-0.7279949	0.007171291	0.0	84.8324568271637
203	-20.504908	2.4918096	-17.31635	-26.398499	26.954546	-21.622896	0.0017352444	-21.613373	-21.623365	122400	-3.417333e-08	7.3735394	-0.009310089	-1.2342944	0.007742505	1.0	85.4381537437439
204	-21.75947	3.3188193	-16.875122	-29.69665	27.0	-20.50153	0.0047554956	-20.479195	-20.502758	123000	-1.223882e-07	12.470776	-0.018207617	-1.5506344	0.009839559	0.0	85.94907975196838
205	-22.96349	6.8200703	-16.40929	-48.590363	27.0	-21.761335	0.0035524403	-21.750095	-21.77731	123600	1.5099843e-08	47.479424	-0.024512472	-1.416111	0.009531122	0.0	86.35769581794739
206	-20.758596	2.1257668	-17.630781	-24.229515	27.0	-22.967808	0.0060601723	-22.958178	-22.997326	124200	-9.934108e-09	9.305403	-0.010029672	-4.782453	0.009290097	0.0	86.72536134719849
207	-21.30728	2.506949	-16.73061	-25.904753	27.0	-20.754967	0.007392884	-20.71886	-20.756748	124800	4.9273172e-08	6.523905	-0.012370928	-0.29892254	0.009319391	0.0	87.08078670501709
208	-21.538391	4.32912	-16.372082	-34.34008	27.0	-21.310081	0.0016162331	-21.30078	-21.3247	125400	-1.6609827e-07	18.605453	-0.021812528	-0.051231384	0.0077584125	0.0	87.42452597618103
209	-20.889467	2.5961816	-16.569742	-25.704262	27.0	-21.540121	0.0015855024	-21.530449	-21.542278	126000	-5.7021776e-08	7.091736	-0.012571221	-0.41474056	0.007842099	0.0	87.76492142677307
210	-20.40738	2.8343654	-17.18563	-28.556076	27.0	-20.883373	0.0027779744	-20.871191	-20.884155	126600	2.1855037e-08	8.177598	-0.02239275	-0.22196484	0.009198769	0.0	88.36617255210876
211	-20.299389	2.8241575	-16.637218	-30.6181	27.0	-20.402334	0.0026878298	-20.3918	-20.403088	127200	4.251798e-08	7.906568	-0.01770419	-0.010392189	0.008879149	0.0	88.71425366401672
212	-20.466454	3.4311204	-16.995338	-30.849096	27.0	-20.29818	0.0019923681	-20.287405	-20.298727	127800	-4.45048e-08	11.682693	-0.012630442	-0.027757645	0.005728578	0.0	89.05884599685669
213	-20.267958	2.8998265	-16.701706	-27.961	27.0	-20.468285	0.0017291153	-20.457054	-20.468626	128400	7.56979e-08	8.364769	-0.014889144	-0.039319992	0.008053584	0.0	89.4073224067688
214	-21.162457	3.0351417	-16.65241	-27.563656	27.0	-20.266394	0.0062589427	-20.255054	-20.370535	129000	-7.1326895e-08	9.911787	-0.017419837	-0.83483887	0.009626234	0.0	89.75844430923462
215	-21.375816	2.6232655	-17.81716	-27.652987	27.0	-21.15589	0.004104798	-21.147573	-21.17592	129600	3.5762786e-09	6.86056	-0.0061185984	-0.04744482	0.005540789	0.0	90.11478924751282
216	-20.779943	2.9094915	-16.47447	-27.305592	27.0	-21.377657	0.0017063909	-21.37007	-21.384695	130200	6.854534e-08	8.734244	-0.01764866	-0.3500843	0.008786925	0.0	90.46421694755554
217	-21.010262	2.9623306	-17.765217	-31.497124	26.954546	-20.78313	0.1474172	-20.76921	-24.390778	130800	-1.00930535e-07	8.539692	-0.01746228	-0.045038223	0.00770954	0.0	90.80895113945007
218	-20.046547	2.3318408	-16.853481	-25.216373	27.0	-20.988468	0.0032871426	-20.979872	-21.00321	131400	-4.1325887e-08	6.26139	-0.008009579	-0.8694873	0.0077774953	1.0	91.1701066493988
219	-20.911476	3.717347	-16.8195	-33.71614	26.954546	-20.046064	0.001786334	-20.035667	-20.048464	132000	4.9273172e-08	14.357145	-0.020943906	-0.71637344	0.0073090442	1.0	91.53223609924316
220	-20.939741	2.570824	-17.577707	-27.945421	27.0	-20.899452	0.002640966	-20.88808	-20.908764	132600	1.4702479e-08	6.544582	-0.01572497	-0.001601696	0.008896548	0.0	92.1211166381836
221	-19.619177	2.09962	-16.89829	-24.628197	27.0	-20.939817	0.0020193197	-20.928085	-20.940603	133200	-5.0266582e-08	6.090992	-0.016208531	-1.7093124	0.009534698	1.0	92.46403455734253
222	-19.622663	2.3722222	-16.97707	-26.175129	27.0	-19.625528	0.0022796635	-19.611277	-19.627497	133800	4.9670536e-08	5.5710826	-0.01821886	-1.4305115e-05	0.006933751	1.0	92.81067085266113
223	-19.641949	2.478247	-16.623787	-26.215765	27.0	-19.622276	0.0025119928	-19.607723	-19.624897	134400	-1.01923945e-07	6.0805483	-0.015535744	-0.00038862228	0.0043847063	0.0	93.1761794090271
224	-20.309324	2.0060766	-17.820036	-24.500582	27.0	-19.641785	0.0022153447	-19.626635	-19.642252	135000	2.1060307e-08	4.4252176	-0.012249347	-0.43674922	0.0074072345	0.0	93.53339314460754
225	-19.94339	1.8699894	-17.605282	-23.755163	27.0	-20.299934	0.00257329	-20.28648	-20.300629	135600	4.4107438e-08	3.5878313	-0.022277351	-0.12458873	0.009011036	0.0	93.9157202243805
226	-20.564201	3.8877614	-16.465576	-32.45913	27.0	-19.949537	0.0022650713	-19.935614	-19.951025	136200	1.2715658e-08	15.337605	-0.023401083	-0.37026978	0.009223441	1.0	94.28669953346252
227	-21.234444	2.5386424	-16.945816	-26.408354	27.0	-20.555347	0.068968646	-20.540539	-22.242628	136800	-1.0808309e-07	6.8529096	-0.016431214	-0.467865	0.0075539635	0.0	94.6271321773529
228	-20.404055	2.7184145	-16.686152	-26.355211	27.0	-21.220207	0.0034988802	-21.205976	-21.221188	137400	-3.8146972e-08	7.9752116	-0.008318966	-0.65280104	0.0065059694	0.0	95.0256769657135
229	-20.946314	2.5497255	-16.606422	-25.875887	26.954546	-20.422123	0.002473744	-20.406652	-20.428799	138000	1.001358e-07	6.6582937	-0.0120537765	-0.2599392	0.0045955274	0.0	95.39619469642639
230	-19.439407	1.7555448	-16.591373	-23.673101	27.0	-20.924818	0.0025682983	-20.908644	-20.926811	138600	5.086263e-08	5.2354336	-0.009433466	-2.1622634	0.008119879	0.0	96.01556611061096
231	-20.20434	2.0760338	-17.858685	-26.344263	27.0	-19.472197	0.004799316	-19.45097	-19.491114	139200	-5.00679e-08	4.7977953	-0.01659604	-0.5254183	0.009115444	0.0	96.42252326011658
232	-20.29544	2.1575856	-17.550936	-27.537628	27.0	-20.187187	0.0028854294	-20.162317	-20.187954	139800	3.1789145e-09	4.6202073	-0.015871404	-0.011485577	0.007820511	0.0	96.77279496192932
233	-19.934217	2.0627367	-16.734465	-24.108065	27.0	-20.292793	0.0024532755	-20.276962	-20.293419	140400	-1.3589859e-07	4.3397512	-0.012216829	-0.12599325	0.0064215944	0.0	97.14839816093445
234	-20.153856	2.2773688	-17.354204	-27.733679	27.0	-19.94359	0.0028083608	-19.92764	-19.949795	141000	-4.688899e-08	5.1784434	-0.02249358	-0.043337822	0.009738272	0.0	97.512624502182
235	-20.283209	2.5418797	-17.159592	-26.783014	27.0	-20.148176	0.002353955	-20.130577	-20.148756	141600	-2.7418137e-08	6.4146934	-0.012996072	-0.01787281	0.008141646	0.0	97.8559262752533
236	-20.223562	4.2554355	-16.824924	-38.273476	27.0	-20.27959	0.002213452	-20.267029	-20.280144	142200	-7.291635e-08	17.930891	-0.024706936	-0.0035209656	0.009794062	0.0	98.20094728469849
237	-57.65792	176.72621	-16.958578	-886.4	25.869566	-20.22514	0.0026979302	-20.213879	-20.274626	142800	3.1789145e-09	1264.3021	-0.033330217	-9.359253	0.0012475294	0.0	98.54648637771606
238	-19.86958	1.8103697	-17.179834	-23.547775	27.0	-21.282627	0.5725853	-21.149694	-24.150492	143400	-6.755193e-08	5.5394936	-0.017852526	-1.9147344	0.008542623	0.0	98.89197945594788
239	-20.091963	2.7926016	-16.917446	-27.585121	27.0	-19.917627	0.6104853	-19.780155	-22.975323	144000	-8.503596e-08	8.125113	-0.017548114	-0.17689896	0.008155829	1.0	99.24420356750488
240	-19.591024	1.4545441	-17.291342	-23.478008	27.0	-20.093733	0.5827886	-19.943218	-22.967768	144600	3.973643e-08	2.7011144	-0.015221308	-0.29808474	0.008357367	2.0	99.8329405784607
241	-19.252657	2.1464968	-16.518734	-24.546167	27.0	-19.613356	0.5562413	-19.490927	-22.399387	145200	-2.8212865e-08	4.9979024	-0.018655548	-0.15437317	0.0094673205	0.0	100.17903709411621
242	-19.956844	2.1120696	-16.90612	-24.072462	27.0	-19.271217	0.5320002	-19.155443	-21.935831	145800	6.576379e-08	5.170389	-0.022420324	-0.5063348	0.008544312	0.0	100.53236174583435
243	-19.644289	1.6986415	-17.02322	-24.917597	27.0	-19.949238	0.48628092	-19.844212	-22.384861	146400	3.218651e-08	3.1837845	-0.020571852	-0.11583352	0.009191077	1.0	100.87609648704529
244	-19.449297	1.7301469	-16.646488	-23.688286	27.0	-19.660135	0.46054247	-19.560665	-21.966845	147000	-8.940697e-09	3.218889	-0.020256614	-0.06866908	0.006672833	0.0	101.23227596282959
245	-20.520668	2.781974	-16.190554	-26.904613	27.0	-19.461958	0.43271285	-19.36896	-21.629278	147600	-5.185604e-08	8.965457	-0.016200876	-1.142498	0.009714085	0.0	101.5795464515686
246	-19.317457	2.0345964	-16.956291	-23.400618	27.0	-20.505928	0.37743843	-20.425455	-22.396387	148200	7.768472e-08	5.633374	-0.0080154035	-1.3893752	0.00874951	0.0	101.93934035301208
247	-19.650497	2.7502995	-16.65227	-28.19061	27.0	-19.35287	0.3722263	-19.273426	-21.21722	148800	-8.543332e-08	7.716932	-0.027047314	-0.11402655	0.009529797	0.0	102.28066062927246
248	-19.369728	2.3784077	-16.802761	-26.082088	27.0	-19.658176	0.37549946	-19.57913	-23.882061	149400	-5.4836274e-08	5.7575145	-0.026189726	-0.097643375	0.009234219	0.0	102.6252453327179
249	-19.344969	2.1839566	-16.828754	-25.00463	27.0	-19.374226	0.30903262	-19.30625	-20.922062	150000	6.9936114e-08	4.8187323	-0.009644147	-0.01870203	0.008114416	1.0	102.96318483352661
250	-19.414783	1.8015306	-16.827864	-23.761877	27.0	-19.358875	0.3265157	-19.289366	-23.516735	150600	9.775162e-08	3.261607	-0.011388034	-0.049501657	0.005415918	0.0	103.5671796798706
251	-19.727518	1.394489	-17.521563	-23.220383	27.0	-19.40796	0.2618364	-19.333694	-20.63346	151200	-4.9670536e-08	2.0910275	-0.014770163	-0.119879246	0.0063768625	0.0	103.97651886940002
252	-19.858845	1.9449788	-17.108131	-23.767197	27.0	-19.725525	0.21329601	-19.666365	-20.777887	151800	1.1603038e-07	3.8199193	-0.02053554	-0.041252375	0.008805348	0.0	104.32893753051758
253	-19.351458	1.7922248	-16.79689	-22.726604	27.0	-19.871462	0.27319175	-19.814941	-24.869478	152400	1.2179216e-07	3.4646525	-0.012613659	-0.274168	0.0069691855	1.0	104.66829204559326
254	-19.547554	1.6005133	-17.30145	-24.751564	27.0	-19.352133	0.17013006	-19.29461	-20.204023	153000	-1.4026959e-07	2.6032157	-0.0067619323	-0.046427727	0.0054441546	0.0	105.01456904411316
255	-19.28398	2.0040367	-17.313166	-26.751135	27.0	-19.556324	0.1926507	-19.501469	-22.767014	153600	5.801519e-08	4.097904	-0.015599675	-0.10585761	0.008160806	0.0	105.3582980632782
256	-20.051447	2.5138886	-16.417206	-28.262444	27.0	-19.286715	0.12633811	-19.22809	-19.918926	154200	-1.6530355e-07	6.8534408	-0.015241521	-0.58210754	0.0026130294	0.0	105.6803207397461
257	-19.546492	1.8430635	-17.173428	-24.998156	27.0	-20.05427	0.08612483	-20.018768	-20.485556	154800	-7.56979e-08	3.6251676	-0.01588285	-0.25320458	0.006469623	1.0	106.03233504295349
258	-20.169945	1.8948585	-17.11195	-25.960808	27.0	-19.54793	0.084216274	-19.522533	-19.96971	155400	7.947286e-10	3.9453492	-0.01863842	-0.38348556	0.008199692	0.0	106.40665173530579
259	-19.76062	1.7873235	-17.062967	-22.52413	27.0	-20.172792	0.052862067	-20.152994	-20.43748	156000	2.604723e-07	3.3333337	-0.004729609	-0.166538	0.0072703473	0.0	106.77338671684265
260	-19.28149	1.4342155	-17.013334	-22.175085	27.0	-19.760588	0.053219665	-19.741127	-20.027065	156600	-4.688899e-08	2.266103	-0.011060467	-0.22483826	0.0071797515	0.0	107.38040781021118
261	-19.40677	1.3631005	-17.232046	-22.80557	27.0	-19.28097	0.05513803	-19.260376	-19.557095	157200	7.152558e-08	1.8582162	-0.009562256	-0.016909957	0.009119879	0.0	107.7385413646698
262	-19.900085	2.7556427	-16.864288	-27.013298	27.0	-19.408504	0.04052222	-19.389818	-19.611294	157800	-8.583069e-08	7.7589226	-0.019268231	-0.23815918	0.0073599936	0.0	108.09052753448486
263	-19.270508	1.6393167	-17.459097	-25.16899	27.0	-19.903505	0.01881121	-19.891325	-19.997574	158400	-9.298324e-08	3.057316	-0.0072374055	-0.3921883	0.007827724	0.0	108.45130753517151
264	-18.841616	1.4735233	-16.956812	-22.599653	27.0	-19.267727	0.030787885	-19.252405	-19.421766	159000	3.2583873e-08	2.330077	-0.0007386784	-0.17773366	0.0014212247	8.0	108.79793930053711
265	-19.014524	1.575156	-17.01315	-23.236628	27.0	-18.840157	0.034764763	-18.823494	-19.014133	159600	1.7484028e-08	2.4876013	-0.018283442	-0.030547857	0.00953305	0.0	109.150461435318
266	-19.852007	2.9755569	-16.708546	-30.988003	27.0	-19.016098	0.021850165	-18.999952	-19.125286	160200	-7.828077e-08	9.457746	-0.015062831	-0.6853905	0.008014341	2.0	109.49493312835693
267	-18.809168	1.5679921	-16.682798	-22.990414	27.0	-19.85645	0.0057760896	-19.830334	-19.857975	160800	-1.0331472e-07	3.5199418	-0.005767908	-1.07463	0.009680915	1.0	109.84875321388245
268	-18.797642	1.4026909	-16.439758	-22.254456	27.0	-18.804705	0.022538902	-18.783731	-18.917065	161400	3.238519e-08	1.9483136	-0.015953721	-0.00029230118	0.009294567	0.0	110.22354388237
269	-19.409248	1.9417543	-16.983784	-24.962952	27.0	-18.798067	0.016962875	-18.774408	-18.881788	162000	2.9404958e-08	4.102713	-0.015447487	-0.3665352	0.008040104	0.0	110.57988286018372
270	-18.738707	1.1706991	-16.181955	-21.311287	27.0	-19.412567	0.0058247885	-19.38007	-19.414219	162600	7.7486035e-09	1.8066556	-0.04057728	-0.4449929	0.007081205	1.0	111.24542307853699
271	-19.498432	3.0051944	-17.23755	-32.63051	27.0	-18.735317	0.014479635	-18.712275	-18.806206	163200	-4.4902166e-08	9.518015	-0.012991621	-0.57108116	0.0066483864	1.0	111.62273645401001
272	-19.870378	1.9071484	-17.000816	-25.58769	27.0	-19.502396	0.008799969	-19.458849	-19.504395	163800	-4.3710074e-08	3.734847	-0.021826966	-0.13260388	0.009947016	0.0	111.98574304580688
273	-19.40883	1.9631767	-16.708315	-23.681417	27.0	-19.872154	0.014874223	-19.798025	-19.87538	164400	-2.2649765e-08	4.0283937	-0.016616566	-0.21063018	0.006500587	0.0	112.35578417778015
274	-19.632566	1.6078264	-17.449614	-23.16113	27.0	-19.40619	0.0017661748	-19.39567	-19.410883	165000	-1.0639429e-07	2.6100206	-0.02419709	-0.05021262	0.008995722	0.0	112.73208928108215
275	-18.461607	1.649022	-16.815666	-24.603943	27.0	-19.63355	0.004749693	-19.610838	-19.634735	165600	-2.5431316e-08	4.0517945	-0.012345795	-1.3457155	0.0086610615	0.0	113.09213137626648
276	-19.301525	1.4498237	-17.766853	-23.353506	27.0	-18.4563	0.024137724	-18.43833	-18.576796	166200	1.3848145e-07	2.7890882	-0.016121581	-0.70084286	0.008165693	1.0	113.43814826011658
277	-18.904528	1.2932409	-16.687069	-21.662657	27.0	-19.305267	0.0038243686	-19.287457	-19.306242	166800	-5.3246815e-08	1.8147774	-0.022727031	-0.15737855	0.00948698	0.0	113.80892038345337
278	-20.04994	3.7951162	-17.097424	-34.596443	27.0	-18.902645	0.0070908517	-18.890257	-18.959223	167400	6.377697e-08	15.562233	-0.015833471	-1.2901106	0.008293892	0.0	114.15575742721558
279	-18.726519	1.2914916	-16.579525	-21.568367	27.0	-20.051994	0.020693313	-19.948738	-20.056465	168000	-8.4837275e-08	3.3913903	-0.006445611	-1.7225952	0.008380424	1.0	114.52930736541748
280	-19.911028	3.6933765	-16.925772	-34.786285	27.045454	-18.732605	0.0148279425	-18.712719	-18.805386	168600	-1.9192696e-07	15.309617	-0.009208796	-1.4249392	0.009025391	0.0	115.15889167785645
281	-18.94678	1.8010968	-16.689842	-24.345142	27.0	-19.926065	0.016954757	-19.841354	-19.92967	169200	1.2318293e-08	4.161423	-0.014146698	-0.9403827	0.009156988	0.0	115.51247501373291
282	-20.009106	1.9172053	-17.227234	-24.27632	27.0	-18.958652	0.008462672	-18.947939	-19.000446	169800	-1.8278758e-08	4.7313805	-0.020549161	-1.0816705	0.009429523	0.0	115.85285544395447
283	-18.968044	1.6413008	-16.540527	-22.909412	27.0	-19.993809	0.014525817	-19.921534	-19.997005	170400	-7.9870226e-08	3.7087533	-0.008173103	-1.035166	0.0036259675	0.0	116.19186735153198
284	-19.401207	1.9549026	-17.255589	-24.731405	27.0	-18.977808	0.047950268	-18.70128	-19.0362	171000	9.715557e-08	3.961332	-0.022064138	-0.17647457	0.008125222	0.0	116.5429699420929
285	-18.704685	1.9122688	-16.627966	-25.47412	27.0	-19.39529	0.0059177564	-19.36024	-19.396755	171600	-1.1483828e-07	4.092515	-0.015273215	-0.46749306	0.0063807303	1.0	116.89078903198242
286	-18.58394	1.3756956	-16.70118	-21.800732	27.0	-18.713623	0.0114934975	-18.69065	-18.768402	172200	2.2510687e-07	1.8905239	-0.019648544	-0.016594887	0.0066653984	1.0	117.29278683662415
287	-18.813602	1.2804409	-17.099892	-22.691013	27.0	-18.585323	0.008302438	-18.570187	-18.625938	172800	-1.3271968e-07	1.6746875	-0.012172449	-0.051199794	0.008662098	0.0	117.64917016029358
288	-19.39419	1.8482248	-16.086315	-23.472826	27.0	-18.81215	0.002411904	-18.793587	-18.812809	173400	6.635984e-08	3.7174072	-0.0168634	-0.33213782	0.008103464	1.0	117.99719500541687
289	-18.310478	1.0556071	-16.71076	-21.488941	27.0	-19.391268	0.009754514	-19.342846	-19.39343	174000	-8.881092e-08	2.25979	-0.0113283135	-1.1450728	0.006512785	1.0	118.34905123710632
290	-18.739332	1.6722441	-16.765976	-24.011808	27.0	-18.319471	0.012750152	-18.306204	-18.382856	174600	1.9947687e-07	2.9431987	-0.028319607	-0.17299151	0.009580455	0.0	118.99133133888245
291	-18.682882	1.5516472	-16.717386	-22.41352	27.0	-18.736645	0.002119829	-18.69879	-18.737062	175200	8.225441e-08	2.3862426	-0.017428879	-0.0030035973	0.008777127	0.0	119.35974407196045
292	-18.656412	1.1307012	-17.079964	-21.554413	27.0	-18.683111	0.0027190656	-18.665394	-18.685043	175800	-5.275011e-08	1.2663131	-0.011886167	-0.0007946491	0.008477694	0.0	119.69733667373657
293	-18.10776	1.164835	-16.723602	-20.604488	27.0	-18.656334	0.0060625467	-18.616823	-18.659489	176400	2.3047129e-08	1.6413678	-0.01728838	-0.29498947	0.008102446	0.0	120.10468363761902
294	-19.292076	3.365827	-17.082157	-33.84997	27.045454	-18.107523	0.009011164	-18.087353	-18.150167	177000	2.3444494e-08	13.0181675	-0.008485333	-1.4379692	0.0068094586	0.0	120.4641170501709
295	-19.10881	2.0637734	-16.997023	-26.700836	27.0	-19.314209	0.016643027	-19.231	-19.317707	177600	3.2583873e-08	4.2587347	-0.014485309	-0.041645527	0.008853908	0.0	120.81094193458557
296	-18.931911	1.1618673	-16.965584	-21.421162	27.0	-19.109005	0.004124349	-19.088848	-19.109968	178200	-5.2452087e-08	1.3675017	-0.012109027	-0.030757785	0.009472188	0.0	121.16996097564697
297	-18.564653	1.4676188	-16.37657	-23.50321	27.0	-18.931665	0.0012391291	-18.92599	-18.936794	178800	9.298324e-08	2.2656527	-0.01510629	-0.13200712	0.008814051	0.0	121.5193600654602
298	-18.17025	0.769972	-16.936485	-19.348816	27.0	-18.563509	0.0054147476	-18.554941	-18.590172	179400	7.828077e-08	0.7400897	-0.025350442	-0.15154797	0.00983633	0.0	121.85057973861694
299	-19.378197	1.5906004	-17.043926	-23.523869	27.0	-18.168633	0.007192153	-18.160616	-18.204382	180000	-1.4404455e-08	3.953274	-0.009807182	-1.4339571	0.008280095	0.0	122.20890212059021
300	-18.721796	1.0495108	-16.888136	-21.154709	27.0	-19.37829	0.01254978	-19.315523	-19.380901	180600	3.417333e-08	1.5174416	-0.014509096	-0.4226166	0.006902605	0.0	122.83190941810608
301	-19.083048	1.6454883	-16.729044	-22.733183	27.0	-18.722034	0.01192336	-18.715784	-19.000746	181200	3.6001205e-07	2.8076408	-0.01351698	-0.13455296	0.008738694	0.0	123.16927790641785
302	-19.02079	1.8156033	-16.214016	-24.351604	27.0	-19.080645	0.017415076	-19.068386	-19.503014	181800	1.7563502e-07	3.2672372	-0.015757168	-0.0037226677	0.008759005	0.0	123.52411437034607
303	-18.566837	1.1146088	-17.156252	-21.412962	27.0	-19.020254	0.00040295036	-19.017159	-19.020332	182400	-1.9073486e-08	1.4334881	-0.020604016	-0.20146179	0.006904021	1.0	123.8530502319336
304	-18.532108	1.2320166	-16.570024	-20.919619	27.0	-18.564648	0.005037819	-18.558891	-18.58981	183000	1.2993813e-07	1.503781	-0.012701736	-0.0010617971	0.0068197576	1.0	124.19673180580139
305	-18.090178	0.8623916	-17.038338	-20.157911	27.0	-18.531954	0.0017258864	-18.529156	-18.540472	183600	-6.318092e-08	0.9294876	-0.01542494	-0.19123298	0.00642523	1.0	124.536700963974
306	-18.626764	1.3437463	-17.174988	-23.239904	27.0	-18.087982	0.00786844	-18.084238	-18.234406	184200	-2.7775764e-07	2.0756576	-0.0134591125	-0.28513694	0.0073219347	1.0	124.88621044158936
307	-18.814896	1.1435413	-17.001131	-21.939142	27.0	-18.62969	0.004564502	-18.606932	-18.63067	184800	2.8212865e-08	1.3285528	-0.010216815	-0.033836126	0.0092452485	0.0	125.2309718132019
308	-18.238401	0.965191	-16.628876	-20.126625	27.0	-18.811064	0.016067298	-18.7349	-18.81734	185400	-1.056989e-07	1.2473625	-0.0137300175	-0.32159668	0.008806326	0.0	125.57189893722534
309	-18.188334	1.3931016	-16.603573	-22.024853	27.0	-18.236292	0.006906617	-18.198282	-18.259079	186000	-1.00533164e-07	1.9236094	-0.0016309138	-0.0022710562	0.009031076	7.0	125.94038438796997
310	-18.36303	0.8273095	-16.67324	-20.001017	27.0	-18.188274	0.004910675	-18.151949	-18.19515	186600	-1.1503696e-07	0.7078357	-0.014262877	-0.029942095	0.0038515076	0.0	126.56828141212463
311	-18.723076	1.7361796	-17.082779	-25.425852	27.0	-18.363016	0.004555042	-18.33043	-18.36446	187200	8.583069e-08	3.1126428	-0.015931297	-0.12707949	0.009922546	0.0	126.92131614685059
312	-18.48075	1.5859865	-16.736631	-22.488317	27.0	-18.72239	0.0050414396	-18.69569	-18.724012	187800	2.4239222e-07	2.5483682	-0.014185138	-0.057314873	0.008415804	0.0	127.27139520645142
313	-18.141659	0.9275478	-17.139174	-21.613947	27.0	-18.482082	0.0030383847	-18.460506	-18.490623	188400	-4.3114028e-08	0.966528	-0.023845378	-0.113584995	0.008962823	0.0	127.61579895019531
314	-18.113447	1.0599188	-16.867237	-20.732214	27.0	-18.14407	0.0041102576	-18.123833	-18.159922	189000	-3.2424927e-07	1.1130377	-0.013344443	-0.0009393692	0.008872591	1.0	127.9498598575592
315	-18.371132	1.0392271	-16.720663	-21.341024	27.0	-18.11388	0.004234164	-18.09263	-18.194386	189600	8.8214875e-08	1.1347895	-0.011298653	-0.06501186	0.008389003	1.0	128.30660462379456
316	-18.478004	1.483263	-17.105171	-24.289267	27.0	-18.367626	0.0034234247	-18.345432	-18.368706	190200	1.71264e-07	2.1903515	-0.015115522	-0.013908625	0.008111717	1.0	128.67296195030212
317	-18.696424	1.5284784	-16.814411	-24.610758	27.0	-18.473877	0.017595615	-18.347271	-18.477015	190800	6.67572e-08	2.3611858	-0.010615668	-0.04874897	0.0040665222	0.0	129.02620577812195
318	-18.505133	1.0243404	-16.845207	-20.796896	27.0	-18.692572	0.029162532	-18.48124	-18.697598	191400	-4.2875607e-07	1.0749687	-0.013251468	-0.035828114	0.009040086	0.0	129.37966394424438
319	-18.08554	0.76283103	-16.63561	-19.452507	27.0	-18.509443	0.002615782	-18.491653	-18.51549	192000	8.145968e-08	0.75402224	-0.0037752728	-0.17609406	0.007273223	0.0	129.72486925125122
320	-18.760637	1.3440286	-16.951435	-22.310997	27.0	-18.095276	0.003992731	-18.077246	-18.111118	192600	-2.9563904e-07	2.2265396	-0.013910698	-0.43392158	0.009209007	1.0	130.39834547042847
321	-18.33331	1.2058321	-16.743868	-21.398745	27.0	-18.747011	0.0052706823	-18.723816	-18.748522	193200	-1.3609727e-07	1.6088802	-0.011198577	-0.16778791	0.007932357	0.0	130.74045133590698
322	-18.460312	1.0697376	-16.896646	-21.245575	27.0	-18.342106	0.0038014748	-18.318415	-18.355099	193800	5.4836274e-08	1.1465874	-0.0064615607	-0.013753414	0.008527335	0.0	131.0841987133026
323	-18.557564	1.81471	-16.787815	-24.851255	27.0	-18.45727	0.004996777	-18.427553	-18.458626	194400	2.2510687e-07	3.270126	-0.029083688	-0.00986433	0.00857718	0.0	131.42985033988953
324	-18.272964	0.93192923	-16.474903	-20.589817	27.0	-18.555153	0.005272073	-18.522558	-18.556566	195000	2.070268e-07	0.9387698	-0.021528097	-0.07805145	0.006545454	1.0	131.77191996574402
325	-17.846972	0.8186028	-16.782627	-20.462917	27.0	-18.28017	0.004257101	-18.252476	-18.289661	195600	6.488959e-07	0.8491405	-0.012850594	-0.18388641	0.0066453647	1.0	132.10814118385315
326	-18.038406	1.0028815	-16.783443	-20.294619	27.0	-17.85774	0.0056173643	-17.82685	-17.872211	196200	2.3066997e-07	1.0281246	-0.016393317	-0.03201872	0.0078721745	0.0	132.45978140830994
327	-17.903278	0.971689	-16.078709	-20.117777	27.0	-18.033995	0.0036629143	-18.009014	-18.035076	196800	3.4451486e-07	0.9520357	-0.016769946	-0.016898096	0.008941632	0.0	132.81363534927368
328	-18.556421	1.6368754	-16.351707	-23.52238	27.0	-17.90642	0.002112314	-17.891447	-17.911324	197400	-1.0271867e-07	3.0707	-0.015485407	-0.41408014	0.009657505	0.0	133.1658113002777
329	-17.817833	0.70952743	-16.86211	-19.175718	27.0	-18.540203	0.0048924754	-18.518568	-18.541594	198000	-5.9604645e-08	1.015025	-0.014554396	-0.51139945	0.009746251	0.0	133.50709056854248
330	-17.95665	0.64485705	-16.99447	-19.431168	27.0	-17.834833	0.0058583207	-17.813515	-17.858667	198600	2.0166239e-07	0.42642158	-0.014005598	-0.014574766	0.009277334	0.0	134.22211933135986
331	-18.050795	0.806409	-16.81724	-20.197903	27.0	-17.953674	0.0029505282	-17.935183	-17.95449	199200	1.7484028e-08	0.6530851	-0.017558947	-0.009247959	0.00803194	0.0	134.56606554985046
332	-17.751024	0.79623693	-16.54286	-19.702375	27.0	-18.04847	0.002623138	-18.028572	-18.049189	199800	-2.78155e-07	0.71517473	-0.01930588	-0.0867098	0.00899001	0.0	134.91237092018127
333	-17.903772	0.9009024	-16.489222	-20.059414	27.0	-17.758259	0.004116624	-17.72212	-17.767984	200400	3.0755996e-07	0.8246666	-0.022187388	-0.020807385	0.009664792	0.0	135.25120210647583
334	-17.94414	1.1813232	-16.51926	-20.849022	27.0	-17.90045	0.0024127935	-17.882925	-17.90116	201000	-3.5107135e-07	1.3835421	-0.013776975	-0.0018869638	0.008004562	0.0	135.5967309474945
335	-17.892643	0.78726	-16.76617	-19.757544	27.0	-17.943209	0.0021072095	-17.921904	-17.943712	201600	4.331271e-08	0.6161375	-0.010744042	-0.0025075674	0.0076435446	1.0	135.95343780517578
336	-18.132109	1.2406404	-16.639603	-21.609629	27.0	-17.893564	0.0016557063	-17.880272	-17.895288	202200	-8.861224e-08	1.5802507	-0.011395911	-0.05579567	0.0070884107	0.0	136.3015627861023
337	-17.985285	1.0062267	-16.328577	-20.861462	27.0	-18.128723	0.0019506852	-18.11873	-18.129305	202800	-1.8119812e-07	1.0226809	-0.003877079	-0.020177484	0.008043028	9.0	136.65420532226562
338	-17.780016	1.0651126	-16.173754	-20.751516	27.0	-17.986834	0.0016766442	-17.97484	-17.991613	203400	-1.6450882e-07	1.1653998	-0.021283956	-0.04194057	0.009914311	0.0	136.9906153678894
339	-18.016527	0.8933448	-16.018347	-19.90883	27.0	-17.781425	0.002319016	-17.765802	-17.788095	204000	2.0345053e-07	0.84480613	-0.018809037	-0.0541808	0.008410258	0.0	137.34288096427917
340	-18.160759	1.2416937	-16.59946	-21.628155	27.0	-18.01541	0.0026881236	-17.993114	-18.016205	204600	2.0841757e-07	1.5474476	-0.024349904	-0.020751	0.009687642	0.0	138.00226974487305
341	-18.201134	1.1195676	-16.98886	-21.153942	27.0	-18.160664	0.0016381063	-18.150478	-18.16113	205200	-1.1603038e-07	1.2425635	-0.00994565	-0.0016117096	0.009429566	3.0	138.3541181087494
342	-18.160519	0.78366876	-16.748037	-20.406404	27.0	-18.20124	0.0011992251	-18.192453	-18.201536	205800	9.536743e-09	0.60957927	-0.016883789	-0.0016397834	0.009784381	0.0	138.69632482528687
343	-18.07509	0.71196973	-17.07109	-19.603977	27.0	-18.160349	0.001441286	-18.14372	-18.161587	206400	4.039208e-07	0.50908417	-0.008915108	-0.007128775	0.0067239497	1.0	139.05466890335083
344	-18.142633	1.8228161	-16.30217	-25.748898	27.045454	-18.082554	0.19235171	-18.064919	-22.79016	207000	2.2172928e-07	3.3085747	-0.010061007	-0.0139706135	0.006860992	1.0	139.40533232688904
345	-17.923784	0.966979	-16.652594	-19.87249	27.0	-18.145811	0.0010157208	-18.14096	-18.146097	207600	-2.0225843e-07	0.9745184	-0.013878128	-0.04831153	0.0068637514	0.0	139.75352501869202
346	-18.159395	0.9602186	-16.694382	-20.729897	27.0	-17.923193	0.0016131618	-17.918211	-17.930767	208200	4.2120615e-08	0.96805906	-0.0020687503	-0.05468464	0.008861973	1.0	140.0985028743744
347	-17.610931	0.7023366	-16.051641	-19.347538	27.0	-18.159752	0.0016871303	-18.15185	-18.16019	208800	-3.973643e-10	0.7865645	-0.016976167	-0.29517487	0.008598509	0.0	140.44809365272522
348	-18.188745	0.89000696	-16.922941	-20.454748	27.0	-17.608416	0.003726704	-17.603456	-17.626913	209400	-3.860394e-07	1.1176312	-0.016986817	-0.33010066	0.0052679507	2.0	140.80521178245544
349	-18.272274	1.3449556	-16.350773	-21.598623	27.0	-18.18856	0.0039105983	-18.169153	-18.18944	210000	-1.3271968e-07	1.7977588	-0.018217761	-0.00688076	0.008585834	0.0	141.16307139396667
350	-17.65492	0.79824495	-15.964506	-19.111454	27.0	-18.27288	0.009491662	-18.267984	-18.50424	210600	1.1285146e-07	1.0095255	-0.01306128	-0.37490332	0.009469528	0.0	141.87003302574158
351	-17.90818	0.92693496	-16.868309	-20.22844	27.0	-17.658697	0.004157429	-17.648422	-17.67921	211200	1.06890994e-07	0.91231483	-0.017975701	-0.06104231	0.0077363523	0.0	142.22464966773987
352	-18.102068	1.0049384	-16.65284	-20.280094	27.0	-17.906904	0.0016991633	-17.898766	-17.907324	211800	-1.8874805e-07	1.0375415	-0.0135284215	-0.03733456	0.008331205	0.0	142.5697455406189
353	-17.815779	0.78117293	-16.508654	-19.490135	27.0	-18.10175	0.0013554256	-18.095371	-18.102095	212400	-3.3418337e-07	0.68509614	-0.013092807	-0.080151975	0.0074246232	4.0	142.92952013015747
354	-17.656572	1.153296	-16.436722	-21.222315	27.0	-17.815985	0.0019121246	-17.812298	-17.825325	213000	2.9663244e-07	1.3419483	-0.011056958	-0.024904609	0.008154199	0.0	143.29181504249573
355	-17.91182	1.0104278	-16.694687	-20.664326	27.0	-17.65624	0.0011612512	-17.651434	-17.661518	213600	-4.0690105e-07	1.0753572	-0.012306355	-0.07644075	0.0068203663	1.0	143.65297555923462
356	-17.657381	0.7644811	-16.549332	-19.182262	27.0	-17.91017	0.00076123996	-17.906805	-17.913853	214200	-1.8318494e-07	0.6418412	-0.01814896	-0.06263262	0.008970768	0.0	144.0065426826477
357	-18.785933	5.1629777	-16.464424	-42.084637	27.0	-17.656406	0.0016612704	-17.654375	-17.664593	214800	7.90755e-08	27.652891	-0.02522649	-1.2502975	0.0070511056	0.0	144.36161518096924
358	-17.65753	0.79462856	-16.15736	-19.241182	27.0	-18.759106	0.007827468	-18.719921	-18.760727	215400	8.265177e-08	1.8266296	-0.00912289	-1.1894553	0.005725583	0.0	144.70015382766724
359	-17.946201	1.1052727	-16.63055	-20.25067	27.0	-17.676094	0.008005757	-17.672976	-17.71617	216000	-1.847744e-07	1.281729	-0.013626253	-0.071588755	0.008168853	0.0	145.04027938842773
360	-17.445436	0.6255447	-16.412788	-19.132257	27.0	-17.947237	0.15171196	-17.930906	-21.659975	216600	1.3669332e-07	0.6503934	0.0	-0.26108974	-1.7882406e-09	9.0	145.73075771331787
361	-17.633863	0.5954348	-16.625479	-19.373295	27.0	-17.454388	0.0039122934	-17.44983	-17.47388	217200	4.1564306e-07	0.38290754	-0.00633861	-0.031590074	0.009965971	3.0	146.102370262146
362	-17.98213	0.8915436	-16.183907	-19.848244	27.0	-17.630033	0.001364261	-17.623432	-17.630367	217800	4.2259694e-07	0.90963644	-0.01845595	-0.121492565	0.009326905	0.0	146.46973752975464
363	-17.55451	1.0204345	-16.19108	-20.667952	27.0	-17.97426	0.0025090794	-17.961811	-17.974825	218400	4.9610935e-07	1.2053308	-0.010221043	-0.1726774	0.009721207	0.0	146.82896757125854
364	-18.11301	0.8714537	-16.655506	-20.547459	27.0	-17.564102	0.0030183606	-17.560946	-17.579128	219000	7.3512396e-09	1.0501539	-0.009578218	-0.2952993	0.009236176	0.0	147.18011617660522
365	-18.078245	1.5095866	-16.376812	-21.965498	27.0	-18.100956	0.0039274413	-18.081345	-18.1018	219600	6.039937e-08	2.2565815	-0.015420758	-0.0005223751	0.0062970235	1.0	147.5178027153015
366	-18.009083	1.1361175	-16.307577	-20.424347	27.0	-18.078802	0.00039075295	-18.076197	-18.079674	220200	4.7683715e-09	1.2826642	-0.013008067	-0.0047665834	0.008894727	0.0	147.85268878936768
367	-17.668505	1.0948966	-16.47012	-20.67608	27.0	-18.010832	0.0005979423	-18.007956	-18.013266	220800	4.271666e-07	1.3028305	-0.0066679274	-0.11485171	0.009066371	0.0	148.20249342918396
368	-17.827726	0.6207059	-16.3356	-18.865208	27.0	-17.677095	0.002467982	-17.668188	-17.689032	221400	1.71264e-07	0.4038718	-0.0143594965	-0.023277074	0.0099391425	1.0	148.55841493606567
369	-18.168226	1.920702	-16.330359	-26.665686	27.0	-17.825817	0.01568208	-17.683197	-17.82814	222000	-2.3861728e-07	3.7669587	-0.02294179	-0.116144896	0.008213919	0.0	148.91150784492493
370	-17.995499	0.97961545	-16.784538	-20.28452	27.0	-18.162481	0.11229448	-17.059547	-20.413784	222600	1.2000402e-07	0.992985	-0.012767239	-0.043287873	0.009922922	2.0	149.59226059913635
371	-17.58317	0.7835366	-15.950271	-18.82903	27.0	-17.99842	0.0014383562	-17.996063	-18.005508	223200	2.2172928e-07	0.77849644	-0.013548956	-0.16898006	0.006555758	1.0	149.94846415519714
372	-17.878733	0.8997396	-16.543098	-19.608675	27.0	-17.592478	0.0028139502	-17.589901	-17.606522	223800	-2.9961268e-07	0.8825868	-0.008864327	-0.08032024	0.00993272	2.0	150.30253148078918
373	-17.600569	0.93610716	-16.702223	-21.17914	27.0	-17.872595	0.0018967595	-17.863152	-17.873013	224400	3.3577282e-07	0.94080025	-0.016878948	-0.07252896	0.0064962436	1.0	150.66364312171936
374	-19.850569	6.9543824	-16.482077	-51.15372	27.0	-17.605934	0.0017878935	-17.603704	-17.61483	225000	3.8146972e-08	52.86784	-0.01423598	-4.937477	0.009306543	0.0	151.00520777702332
375	-18.36448	1.6299366	-16.258696	-23.140072	27.0	-19.859203	0.015218938	-19.782997	-19.862312	225600	-1.8318494e-07	4.842526	-0.020458147	-2.1902032	0.009152327	0.0	151.35340881347656
376	-17.971003	1.0815896	-16.336689	-20.774925	27.0	-18.370182	0.010312	-18.363825	-18.421782	226200	2.3404758e-07	1.3159473	-0.028602537	-0.15623486	0.009105306	0.0	151.70922780036926
377	-18.238762	1.1865861	-16.39686	-21.199589	27.0	-17.97168	0.0034224333	-17.96673	-18.02476	226800	1.8080075e-07	1.464415	-0.01691171	-0.07022834	0.009314458	0.0	152.0613398551941
378	-17.535448	0.91371447	-15.905188	-19.99962	27.0	-18.238564	0.0017170653	-18.23023	-18.238987	227400	3.427267e-08	1.3159862	-0.015400266	-0.48451573	0.0064552915	0.0	152.3981852531433
379	-17.573452	0.675142	-16.610138	-19.835203	27.0	-17.534962	0.004869098	-17.530367	-17.559235	228000	1.6490619e-08	0.45276406	-0.01360408	-0.0014795363	0.008558556	0.0	152.75471901893616
380	-17.73453	0.9699493	-16.638964	-20.616737	27.0	-17.573544	0.0004906464	-17.570683	-17.573685	228600	1.9629796e-07	0.9570439	-0.015939664	-0.025397182	0.0077728857	0.0	153.44764304161072
381	-18.267408	1.5501794	-16.736338	-22.97701	27.0	-17.73528	0.0011631085	-17.729748	-17.735575	229200	1.7325084e-07	2.6593378	-0.0192837	-0.27747416	0.008629915	0.0	153.79991507530212
382	-17.927078	0.71817774	-16.89878	-19.608746	27.0	-18.270103	0.0036676996	-18.251852	-18.270916	229800	-3.761053e-07	0.62713426	-0.017190028	-0.115327716	0.0064639687	1.0	154.15239787101746
383	-17.532854	0.7110923	-16.604038	-19.272821	27.0	-17.925177	0.0025109628	-17.920084	-17.937504	230400	3.2981237e-07	0.65295947	-0.016451549	-0.15082008	0.007796823	1.0	154.51632285118103
384	-17.569775	0.68156844	-16.406733	-19.204004	27.0	-17.531113	0.012480054	-17.524065	-17.82891	231000	-5.5631e-07	0.4615717	-0.00847494	-0.0016358793	0.0084025655	0.0	154.86385369300842
385	-17.397394	0.8172119	-16.345695	-19.688864	27.0	-17.569786	0.00075330486	-17.563946	-17.57	231600	-5.296866e-07	0.69057894	-0.0033081106	-0.029124796	0.009075633	1.0	155.31684732437134
386	-17.486824	0.7805129	-16.397284	-19.745506	27.0	-17.396763	0.0015074816	-17.387573	-17.40285	232200	7.6293946e-07	0.61114955	-0.0149995405	-0.007952511	0.0075561125	2.0	155.65089392662048
387	-17.65664	0.70604676	-16.327234	-19.659733	27.0	-17.48693	0.000979651	-17.480942	-17.487219	232800	-1.5099843e-07	0.5220275	-0.013123718	-0.028226286	0.009660414	0.0	156.0164885520935
388	-17.489378	0.57996756	-16.646965	-18.959343	27.0	-17.656443	0.001314521	-17.650526	-17.656805	233400	1.7046928e-07	0.36063954	-0.02299402	-0.0273588	0.009869313	0.0	156.3615276813507
389	-17.70973	0.9347482	-16.525875	-20.331596	27.0	-17.490189	0.0013212073	-17.486782	-17.496216	234000	-1.0331472e-07	0.91275424	-0.009820936	-0.047253728	0.00863736	0.0	156.71310710906982
390	-17.394245	0.6925482	-16.177284	-18.757526	27.0	-17.707949	0.0016085496	-17.700138	-17.70834	234600	-1.0728836e-07	0.5722558	-0.016628345	-0.096461415	0.008405049	1.0	157.40823221206665
391	-17.621864	1.1220971	-16.54286	-21.375828	27.0	-17.397764	0.0041839364	-17.393486	-17.483614	235200	-1.7404557e-07	1.2956017	-0.013165577	-0.056594253	0.006508842	1.0	157.82648348808289
392	-18.107594	0.76483685	-17.06251	-20.062119	27.0	-17.615025	0.000985168	-17.610664	-17.6153	235800	-5.4836274e-08	0.81930524	-0.011375167	-0.23780054	0.007283575	0.0	158.19983744621277
393	-17.658808	0.75226504	-16.388494	-19.11529	27.0	-18.100624	0.0035263659	-18.083204	-18.101446	236400	4.3511392e-08	0.7535494	-0.018208932	-0.19135714	0.00974934	0.0	158.54040789604187
394	-17.491585	0.68993306	-15.929193	-18.868631	27.0	-17.665564	0.0031997985	-17.661972	-17.681458	237000	2.3643176e-07	0.50121695	-0.010655658	-0.02967143	0.009370597	0.0	158.88944292068481
395	-17.359493	0.53908783	-16.322342	-18.29703	27.0	-17.49469	0.001277281	-17.49147	-17.50074	237600	-2.2411346e-07	0.30580205	-0.017128767	-0.017912805	0.007871442	0.0	159.2413034439087
396	-17.277184	0.6799565	-16.20355	-18.463337	27.0	-17.36235	0.0010548568	-17.358692	-17.367075	238200	-4.2915346e-08	0.4648879	-0.005311056	-0.0071160197	0.008608003	2.0	159.59404301643372
397	-17.563747	0.79957306	-16.02867	-19.531599	27.0	-17.279182	0.00072246586	-17.276535	-17.282251	238800	1.7181038e-07	0.7130875	-0.010348466	-0.07935572	0.0075691207	0.0	159.94682025909424
398	-17.708721	0.65186626	-16.162125	-19.506588	27.0	-17.556767	0.002026819	-17.54685	-17.557255	239400	-1.0331472e-07	0.44353235	-0.013413389	-0.022628933	0.0063716816	1.0	160.30447816848755
399	-17.89995	1.0207781	-16.583868	-20.454546	27.0	-17.704887	0.0012152082	-17.699606	-17.705227	240000	2.1656355e-08	1.0692348	-0.0097138425	-0.03728497	0.009309133	0.0	160.6587495803833
400	-18.229542	1.0657351	-16.815384	-21.340452	27.0	-17.895102	0.0014397041	-17.888424	-17.895483	240600	-3.973643e-09	1.2351477	-0.02360005	-0.10961747	0.008844335	0.0	161.37814569473267
401	-17.755754	1.1995667	-16.62564	-20.848839	27.0	-18.229778	0.14492008	-18.20997	-20.735321	241200	-2.0325184e-07	1.6164455	-0.012866642	-0.22339952	0.008925874	0.0	161.7125208377838
402	-17.429567	0.88714296	-15.906879	-19.119677	27.0	-17.746218	0.052449733	-17.421595	-17.772179	241800	9.9738436e-08	0.88157815	-0.009858537	-0.10129881	0.0067141056	1.0	162.06428980827332
403	-17.233261	0.69288075	-16.181276	-18.586523	27.0	-17.437294	0.0050544534	-17.410328	-17.448755	242400	2.1070242e-07	0.51649487	-0.0128867375	-0.040795296	0.009212939	0.0	162.43644547462463
404	-17.616915	1.0669689	-16.325483	-20.924747	27.0	-17.237885	0.0046322336	-17.211136	-17.244896	243000	2.5669735e-07	1.2692231	-0.011515105	-0.14081085	0.007758388	0.0	162.79866981506348
405	-17.781847	1.1884425	-16.030773	-21.651733	27.0	-17.608515	0.0051768674	-17.579763	-17.610025	243600	-2.1557013e-07	1.4280459	-0.0075811488	-0.029460311	0.0076941433	2.0	163.16135096549988
406	-17.7071	0.8976182	-16.215496	-19.967236	27.0	-17.778414	0.0042813267	-17.754887	-17.779552	244200	3.1709672e-07	0.80274254	-0.012369511	-0.005001068	0.003891925	0.0	163.50301909446716
407	-17.488636	1.0269691	-16.292896	-20.784615	27.0	-17.708315	0.0032060437	-17.690039	-17.710619	244800	4.0451687e-07	1.0918703	-0.030257959	-0.047308326	0.008613019	5.0	163.88100266456604
408	-17.760057	1.1225096	-16.50276	-21.508814	27.0	-17.49145	0.004244352	-17.468536	-17.498497	245400	1.356999e-07	1.3189207	-0.01881888	-0.07076323	0.009681582	0.0	164.25384068489075
409	-17.624987	0.8999516	-16.459631	-19.576963	27.0	-17.757141	0.003059618	-17.742744	-17.758043	246000	-2.1457672e-07	0.8190925	-0.014319876	-0.017145276	0.009172862	0.0	164.6821255683899
410	-17.534132	1.0800189	-15.965234	-19.657867	27.0	-17.625957	0.0027796843	-17.61048	-17.63001	246600	-2.5113422e-07	1.1631148	-0.01023539	-0.008625388	0.005876679	0.0	165.40315699577332
411	-17.75463	1.0400301	-16.81889	-21.978601	27.0	-17.534391	0.002872668	-17.520025	-17.552795	247200	1.5099843e-07	1.1190833	-0.010289995	-0.047736526	0.0077983253	1.0	165.7608778476715
412	-17.544273	0.6562664	-16.608482	-18.891674	27.0	-17.75459	0.0020937412	-17.745953	-17.760166	247800	8.5632e-08	0.47022033	-0.010146969	-0.04337412	0.005750734	0.0	166.1632056236267
413	-17.58913	0.8722574	-16.449791	-20.104963	27.0	-17.54391	0.0019825713	-17.535645	-17.550085	248400	-4.899502e-07	0.7552535	-0.018320022	-0.0020065904	0.009982037	1.0	166.55224013328552
414	-17.790855	0.80582666	-16.48865	-19.571894	27.0	-17.58932	0.0015106958	-17.581623	-17.589697	249000	-6.039937e-08	0.6830817	-0.014009089	-0.039805293	0.0054452675	1.0	166.89013981819153
415	-17.525366	0.8611193	-16.265581	-19.738663	27.0	-17.791864	0.00198551	-17.784521	-17.80768	249600	4.0332478e-07	0.804283	-0.02363102	-0.07498586	0.009135928	0.0	167.26085996627808
416	-17.518187	0.7571903	-16.202377	-19.52772	27.0	-17.519703	0.008477444	-17.509892	-17.622015	250200	-2.2679568e-07	0.5679708	-0.014667655	-0.00035583973	0.008829719	0.0	167.6122739315033
417	-17.626677	0.704761	-16.302912	-18.960522	27.0	-17.51817	0.0014139526	-17.509706	-17.521982	250800	-1.2000402e-07	0.50336313	-0.01187238	-0.011556029	0.008357687	1.0	167.96805691719055
418	-17.484789	0.64125	-16.227804	-18.744303	27.0	-17.627115	0.0048563024	-17.618696	-17.739721	251400	-5.761782e-08	0.42686713	-0.006548565	-0.020266265	0.00651295	6.0	168.3173863887787
419	-17.779009	1.0365231	-16.395372	-21.296825	27.0	-17.487665	0.06989567	-17.473974	-19.13287	252000	-1.18811926e-07	1.1324146	-0.016283914	-0.08814883	0.0072312206	1.0	168.67629718780518
420	-17.974554	1.1193857	-16.581413	-20.910677	27.0	-17.774681	0.045317143	-17.740753	-18.82083	252600	5.8809917e-08	1.2842861	-0.0075742067	-0.04329896	0.0057282867	0.0	169.35547852516174
421	-17.610756	0.73365545	-16.316208	-19.08883	27.0	-17.9743	0.0048027504	-17.953228	-18.020878	253200	-3.5246214e-07	0.6638756	-0.008628015	-0.12959772	0.00791919	2.0	169.7021563053131
422	-17.697235	0.7563975	-16.421299	-20.303677	27.0	-17.610657	0.0035582194	-17.594263	-17.622055	253800	-3.703435e-07	0.5738798	-0.014064035	-0.0073719025	0.007098902	1.0	170.06252813339233
423	-17.6756	1.4430921	-16.474783	-22.439817	27.0	-17.69686	0.002131175	-17.685743	-17.697424	254400	-1.672407e-07	2.0621817	-0.020487925	-0.00056529045	0.0076101287	1.0	170.41197085380554
424	-17.400414	0.7793416	-16.17762	-18.81675	27.0	-17.68921	0.0059425933	-17.657932	-17.691212	255000	1.4503797e-07	0.68389887	-0.012420576	-0.081757426	0.009255045	0.0	170.7705795764923
425	-17.507542	0.92096615	-16.091436	-19.423508	27.0	-17.402946	0.0042419406	-17.381573	-17.412514	255600	2.026558e-08	0.8505521	-0.018592415	-0.010907233	0.008945691	0.0	171.10586714744568
426	-17.770481	0.91635185	-16.38871	-20.678846	27.0	-17.50612	0.0023445932	-17.494194	-17.506783	256200	3.272295e-07	0.90049154	-0.005224451	-0.06850636	0.008577668	1.0	171.48112773895264
427	-18.0807	1.1058873	-16.395359	-20.723907	27.0	-17.77009	0.06469702	-17.757391	-19.350277	256800	3.0398368e-07	1.3053316	0.0	-0.09532094	-8.024803e-11	9.0	171.8516983985901
428	-17.671844	0.8977409	-15.95066	-19.400154	27.0	-18.075882	0.0036152147	-18.059498	-18.084806	257400	4.7683717e-08	0.95945984	-0.010261256	-0.16006047	0.0075826286	6.0	172.22688817977905
429	-17.857256	0.73259085	-17.010733	-19.679562	27.0	-17.67349	0.0041315733	-17.658165	-17.709332	258000	2.9643377e-07	0.56462216	-0.013243795	-0.03327757	0.008990263	0.0	172.58259510993958
430	-17.73386	0.8158631	-16.10039	-19.362455	27.0	-17.855793	0.0028181893	-17.8432	-17.856693	258600	-2.3722649e-07	0.6736979	-0.019304726	-0.015342891	0.0084348675	1.0	173.31487703323364
431	-17.52558	1.0694804	-16.349121	-21.28361	27.0	-17.737637	0.04198897	-17.72555	-18.713259	259200	1.14440915e-07	1.1804605	-0.008875486	-0.047646165	0.0068344926	0.0	173.67100954055786
432	-17.350935	0.729465	-16.262009	-18.943787	27.0	-17.528109	0.0029245438	-17.513777	-17.534859	259800	3.0080477e-07	0.5578967	-0.014215734	-0.030768871	0.0051541035	0.0	174.0224266052246
433	-17.348646	0.5726766	-16.19666	-18.527924	27.0	-17.35361	0.0024677394	-17.341202	-17.368849	260400	-2.259016e-07	0.32467878	-0.005420216	-3.9845705e-05	0.003344325	3.0	174.38809609413147
434	-17.712252	0.92517185	-16.097675	-20.58931	27.0	-17.348642	0.0028948425	-17.33346	-17.356152	261000	-4.0133793e-07	0.9783164	-0.008941902	-0.12961942	0.0093102865	2.0	174.74663281440735
435	-17.57734	0.813505	-16.514002	-19.759056	27.0	-17.714798	0.1895556	-17.691648	-22.352383	261600	-1.2397766e-07	0.7055397	-0.011139102	-0.050251424	0.007388295	2.0	175.10478448867798
436	-17.639244	0.5653236	-16.919453	-19.25303	27.0	-17.579855	0.0033261736	-17.552	-17.584047	262200	-2.551079e-07	0.31989747	-0.0143872965	-0.00345999	0.0076546334	1.0	175.45741772651672
437	-17.656359	0.81954706	-16.427065	-19.39047	27.0	-17.637972	0.0027049566	-17.623846	-17.638754	262800	-3.2862027e-07	0.66531414	-0.022625789	-0.0003426075	0.009151088	0.0	175.81708645820618
438	-17.857597	1.6771405	-16.433842	-25.063896	27.0	-17.65595	0.0018897946	-17.645153	-17.656445	263400	3.5007795e-07	2.8248627	-0.013679999	-0.039887905	0.0065976833	1.0	176.1591875553131
439	-17.705416	0.6808606	-16.302626	-19.104618	27.0	-17.852615	0.0034222763	-17.835806	-17.853754	264000	-4.1762988e-07	0.48040283	-0.01988784	-0.021236777	0.008970529	0.0	176.51168942451477
440	-17.879454	0.9150102	-16.418192	-19.985435	27.0	-17.70909	0.0028780014	-17.693623	-17.714546	264600	1.6609827e-07	0.85762614	-0.01105232	-0.02845186	0.008340787	0.0	177.23657369613647
441	-17.81509	1.0074505	-16.536858	-21.396852	27.0	-17.875277	0.0026207839	-17.853598	-17.876106	265200	-2.324581e-08	1.0084257	-0.018291488	-0.0035612583	0.0062487572	1.0	177.59742045402527
442	-17.861523	0.7816207	-16.53709	-19.976748	27.0	-17.816544	0.0024365706	-17.799522	-17.85875	265800	-5.642573e-08	0.60683626	-0.016885648	-0.0020453334	0.0096718455	0.0	177.93795466423035
443	-17.586885	0.573324	-16.50246	-18.758827	27.0	-17.860668	0.0029674738	-17.833874	-17.861526	266400	-3.9021174e-07	0.39967787	-0.021688292	-0.07347959	0.009353888	1.0	178.2944872379303
444	-17.577171	0.8316094	-16.56587	-19.831009	27.0	-17.592562	0.0026463065	-17.583145	-17.602629	267000	-7.9870226e-08	0.6848647	-0.0065281997	-0.00026661158	0.009110576	3.0	178.63975143432617
445	-17.616364	1.0840461	-16.587305	-21.106277	27.0	-17.577406	0.002537048	-17.5634	-17.578133	267600	2.3444494e-08	1.1649166	-0.012472435	-0.0014899969	0.007508456	1.0	178.9734287261963
446	-17.630981	0.87168366	-16.566376	-20.144028	27.0	-17.615932	0.0025663103	-17.590734	-17.616692	268200	4.8339365e-07	0.7524463	-0.018607618	-0.00022268295	0.0077559915	0.0	179.3338165283203
447	-17.699081	0.87357295	-16.297585	-19.604595	27.0	-17.630955	0.0024046623	-17.617933	-17.631687	268800	5.5631002e-08	0.7599837	-0.011798002	-0.0048031807	0.009457591	0.0	179.68239951133728
448	-17.547318	1.2436705	-15.909238	-21.215014	27.0	-17.699606	0.016753351	-17.59673	-17.706823	269400	3.1789145e-07	1.5543529	-0.028858379	-0.022871017	0.0093641095	0.0	180.01239156723022
449	-17.367607	0.7855399	-15.902831	-19.951569	27.0	-17.547562	0.0019412576	-17.538595	-17.553137	270000	-4.2200088e-07	0.64297956	-0.0073869866	-0.031737983	0.0066091735	1.0	180.36212182044983
450	-18.115372	1.1231456	-16.21324	-20.52139	27.0	-17.367147	0.0017057314	-17.359928	-17.373222	270600	-2.8908252e-07	1.8030419	-0.01024761	-0.5498636	0.009455538	0.0	181.17188620567322
451	-17.672632	0.9847605	-16.53369	-19.9982	27.0	-18.106325	0.035634037	-17.918703	-18.115395	271200	-1.2367964e-07	1.149285	-0.013905968	-0.18724394	0.008016962	1.0	181.50855946540833
452	-17.583008	1.0904719	-16.231821	-19.605675	27.0	-17.674068	0.0029453118	-17.667171	-17.687748	271800	-4.6809515e-07	1.1854388	-0.019340254	-0.008132458	0.006666681	1.0	181.83282017707825
453	-18.157616	1.9828856	-16.671545	-25.989643	27.0	-17.583467	0.001560391	-17.5692	-17.586529	272400	-2.6424726e-08	4.2188096	-0.013398891	-0.32306242	0.008785177	0.0	182.187828540802
454	-17.64196	1.2595856	-15.477984	-20.003654	27.0	-18.159863	0.0038315326	-18.142189	-18.16088	273000	-3.1550726e-07	1.8362734	-0.021155033	-0.2628721	0.008972411	0.0	182.5521936416626
455	-17.820364	1.6246302	-16.396217	-23.970518	27.0	-17.639894	0.003561672	-17.611448	-17.655132	273600	5.761782e-08	2.6452663	-0.0151144825	-0.031938314	0.009673561	0.0	182.87762999534607
456	-17.656778	1.3975464	-15.785518	-21.872486	27.0	-17.821217	0.0019605935	-17.801231	-17.821787	274200	1.4066696e-07	1.9602485	-0.010919368	-0.034893632	0.003344325	0.0	183.23248648643494
457	-17.76606	1.3764442	-16.42315	-22.55786	27.0	-17.647581	0.11114579	-17.062386	-17.68842	274800	2.8669834e-07	1.9067359	-0.01173852	-0.031037688	0.006760794	0.0	183.59167575836182
458	-17.320478	0.5923276	-16.555193	-18.283167	27.0	-17.766573	0.0019808777	-17.755512	-17.76711	275400	-1.2477238e-07	0.544355	-0.0052342587	-0.19500369	0.0075125177	2.0	183.92847800254822
459	-17.481203	0.53077763	-16.32763	-18.540916	27.0	-17.318266	0.0037291143	-17.279284	-17.331799	276000	3.4689904e-07	0.30515417	-0.0012755652	-0.0260337	0.0078116115	0.0	184.27031779289246
460	-17.549442	0.5960812	-16.383732	-18.870481	27.0	-17.481716	0.0043866807	-17.441002	-17.482687	276600	1.7205875e-07	0.35637224	-0.020557255	-0.0045063794	0.009675233	0.0	184.99251890182495
461	-17.892958	1.2435588	-15.829089	-20.550606	27.0	-17.549843	0.0024507637	-17.51354	-17.550413	277200	-3.282229e-07	1.64734	-0.011165229	-0.11558008	0.008890114	0.0	185.37411618232727
462	-17.398027	0.65708524	-16.546532	-19.099184	27.0	-17.893867	0.006110591	-17.829714	-17.895626	277800	3.973643e-08	0.6710797	-0.012364914	-0.24101058	0.007127603	0.0	185.72891449928284
463	-17.72299	0.67273575	-16.498753	-19.025436	27.0	-17.395723	0.0045155557	-17.357487	-17.410826	278400	-7.9870226e-08	0.554251	-0.006281371	-0.10501847	0.0077857957	2.0	186.0827612876892
464	-17.674305	0.7816243	-16.531757	-20.221645	27.0	-17.724548	0.0028216343	-17.697699	-17.725327	279000	1.10268594e-07	0.6073327	-0.014525741	-0.0024786592	0.009035473	1.0	186.4234745502472
465	-17.575285	0.8128689	-16.506405	-19.923145	27.0	-17.67411	0.0017025634	-17.648008	-17.675478	279600	1.04109446e-07	0.6637572	-0.014662341	-0.009580314	0.009636248	0.0	186.75412797927856
466	-17.757696	0.84140825	-16.494852	-19.67888	27.0	-17.574879	0.00267206	-17.544596	-17.577852	280200	2.9246013e-07	0.7340892	-0.017262481	-0.0327788	0.006584724	1.0	187.1022651195526
467	-17.546171	0.7512808	-16.3661	-19.29404	27.0	-17.75786	0.003061807	-17.733747	-17.758593	280800	6.3598156e-07	0.6032257	-0.014412413	-0.043934524	0.008750765	1.0	187.52208924293518
468	-17.486748	0.7298232	-16.400494	-19.004534	27.0	-17.546381	0.0016990901	-17.540508	-17.552933	281400	2.1338462e-07	0.53084373	-0.018927641	-0.0034861565	0.0062021906	1.0	187.85565829277039
469	-17.31221	0.77329373	-15.234793	-18.859835	27.0	-17.486937	0.0013426829	-17.467306	-17.48894	282000	-9.1363984e-07	0.62226224	-0.020627363	-0.029923797	0.0066489186	1.0	188.21295380592346
470	-17.587595	1.3329003	-15.002861	-21.125736	27.0	-17.313515	0.0014506443	-17.308376	-17.319263	282600	-7.947286e-09	1.8331716	-0.013071896	-0.073649764	0.008251471	0.0	188.93670344352722
471	-17.672224	1.0249469	-14.965769	-19.97073	27.0	-17.585518	0.0022107756	-17.576458	-17.586172	283200	-1.2119611e-07	1.047461	-0.016567793	-0.0073713064	0.00877875	0.0	189.29373288154602
472	-17.162062	0.85037017	-15.500607	-18.785418	27.0	-17.671215	0.0018355809	-17.649706	-17.671667	283800	-8.90096e-08	0.9726394	-0.016442915	-0.25408125	0.007696427	0.0	189.65441513061523
473	-17.330982	0.762301	-15.8834305	-18.66796	27.0	-17.16227	0.0034972657	-17.144194	-17.17834	284400	-1.8318494e-07	0.6034995	-0.023502119	-0.027914643	0.0090133445	0.0	189.99743914604187
474	-17.070097	0.6469537	-15.6251545	-18.172998	27.0	-17.330616	0.0013758789	-17.325363	-17.331024	285000	-6.7551933e-09	0.48156932	-0.0057061287	-0.066521466	0.00868447	0.0	190.34948873519897
475	-17.551207	1.1530441	-15.762229	-19.916693	27.0	-17.070827	0.0018641208	-17.066023	-17.0791	285600	-4.951159e-07	1.5446941	-0.008940785	-0.226156	0.009218614	0.0	190.69675159454346
476	-18.204659	5.1046576	-14.98475	-41.038963	27.045454	-17.552748	0.0030306282	-17.53811	-17.553513	286200	-9.497007e-08	27.136984	-0.0057875016	-0.46863747	0.0021438438	0.0	191.08454489707947
477	-17.354485	1.514478	-15.10192	-21.79935	27.0	-18.24419	0.0116542885	-18.185934	-18.246675	286800	-4.2597452e-07	3.0546646	-0.028757771	-0.7760103	0.00767308	0.0	191.45501351356506
478	-17.308426	1.4631852	-15.448861	-22.84081	27.0	-17.372581	0.005807274	-17.358065	-17.401333	287400	4.1782857e-07	2.1236045	-0.015758067	-0.004062414	0.0086710155	0.0	191.79918932914734
479	-17.117262	0.99150425	-14.58367	-19.405695	27.0	-17.309454	0.00083663326	-17.305939	-17.311857	288000	1.0728836e-07	1.0098214	-0.015167369	-0.036201835	0.0061857034	0.0	192.14260149002075
480	-16.487587	0.92666745	-15.395818	-19.33522	27.0	-17.120169	0.0013920421	-17.116556	-17.12637	288600	-3.0120214e-07	1.246286	-0.01434896	-0.39216107	0.00927862	0.0	192.85615921020508
481	-16.591782	0.80841684	-15.428366	-18.664959	27.0	-16.50074	0.0042397655	-16.496649	-16.521753	289200	2.5272368e-07	0.655224	-0.020739656	-0.0081445575	0.008235582	0.0	193.2117838859558
482	-16.312859	0.742117	-15.179174	-17.798765	27.0	-16.59	0.0008358828	-16.586779	-16.590248	289800	3.004074e-07	0.6212779	-0.011506536	-0.07527989	0.00979856	0.0	193.53389954566956
483	-16.480242	0.9575675	-14.597691	-18.485727	27.0	-16.317362	0.0018879327	-16.313753	-16.326303	290400	-1.9649664e-07	0.93404746	-0.018636683	-0.026008189	0.0074517443	0.0	193.89484190940857
484	-16.310766	0.8323706	-15.060623	-18.402168	27.0	-16.478113	0.0011577898	-16.473083	-16.478441	291000	2.2212664e-07	0.713651	-0.017134443	-0.027452469	0.008378543	0.0	194.25982356071472
485	-16.137741	1.1591296	-15.0120735	-20.028732	27.0	-16.312262	0.0015626565	-16.286333	-16.317492	291600	8.34465e-09	1.3602327	-0.016970038	-0.029871345	0.0077838753	0.0	194.611882686615
486	-15.997784	0.77641165	-14.957115	-17.845257	27.0	-16.138166	0.01248993	-15.834034	-16.143925	292200	-8.3943206e-07	0.6183272	-0.013160768	-0.027044594	0.008439889	0.0	194.9601263999939
487	-15.881911	0.58704877	-15.034007	-17.256386	27.0	-15.994977	0.0016286907	-15.991568	-16.002533	292800	2.0901362e-07	0.3538351	-0.016520187	-0.012529194	0.009252906	0.0	195.3435080051422
488	-15.855561	0.7449343	-14.764676	-17.605516	27.0	-15.881723	0.0009472362	-15.878346	-15.88528	293400	-2.3285548e-07	0.55006075	-0.008635616	-0.0006710887	0.008306899	0.0	195.68727922439575
489	-15.738481	0.70352083	-14.669404	-16.950762	27.0	-15.855462	0.00059843593	-15.852326	-15.856318	294000	2.713998e-07	0.5035346	-0.015198185	-0.013409197	0.008688887	0.0	196.0383701324463
490	-16.051702	0.8513502	-15.003836	-17.90211	27.0	-15.737901	0.00094566494	-15.734515	-15.741467	294600	3.139178e-07	0.8150309	-0.009839518	-0.09649968	0.00904379	0.0	196.78248047828674
491	-15.900341	0.886401	-14.8303385	-17.810028	27.0	-16.053228	0.0020138184	-16.043705	-16.053753	295200	-6.2783556e-08	0.8009933	-0.02670634	-0.022911012	0.008711882	0.0	197.14485597610474
492	-16.108963	0.7117547	-15.00858	-17.687422	27.0	-15.899645	0.0011308505	-15.895724	-15.904181	295800	-2.6762484e-07	0.54491323	-0.016085459	-0.042938113	0.008797459	0.0	197.50257396697998
493	-15.9787445	0.48942062	-15.119966	-16.819017	27.0	-16.109747	0.0014337482	-16.103382	-16.110147	296400	-2.0384789e-07	0.25413367	-0.006944721	-0.016821459	0.0068026925	1.0	197.86506581306458
494	-15.894401	0.71322095	-15.012357	-17.928755	27.0	-15.978524	0.0010242024	-15.975121	-15.982564	297000	5.364418e-08	0.5106008	-0.01625131	-0.0069360733	0.006894574	1.0	198.2320818901062
495	-16.152521	0.8920376	-15.1307125	-18.986872	27.0	-15.894522	0.00084122305	-15.891084	-15.897227	297600	-2.3841858e-07	0.85367703	-0.015110499	-0.065240264	0.0062462273	0.0	198.59178376197815
496	-15.951053	0.606063	-14.844836	-17.084639	27.0	-16.151833	0.001752708	-16.143583	-16.152292	298200	-2.8808913e-07	0.40356553	-0.011225184	-0.03951773	0.006628726	1.0	198.9459981918335
497	-15.525041	0.45386124	-14.640078	-16.285742	27.0	-15.952061	0.0013991637	-15.949025	-15.958549	298800	-1.3232231e-07	0.38445505	-0.0123701915	-0.1787003	0.007716711	0.0	199.28697609901428
498	-15.8838415	0.50632435	-14.816986	-16.62111	27.0	-15.524694	0.0027354984	-15.521629	-15.538181	299400	-2.1100044e-07	0.38151732	-0.016579209	-0.12642184	0.007557993	0.0	199.65373063087463
499	-15.804758	0.69551677	-14.906897	-17.341232	27.0	-15.884775	0.0022524795	-15.873721	-15.885314	300000	-5.672375e-07	0.48525065	-0.013069003	-0.006281346	0.007906326	0.0	200.41911125183105
