Epoch	AverageEpRet	StdEpRet	MaxEpRet	MinEpRet	EpLen	AverageVVals	StdVVals	MaxVVals	MinVVals	TotalEnvInteracts	LossPi	LossV	DeltaLossPi	DeltaLossV	KL	BacktrackIters	Time
0	-720.2961	48.740295	-636.837	-813.9909	32.27778	0.034047183	0.76497597	1.155676	-1.849581	600	7.152558e-08	509780.6	-0.035263382	-6407.7812	0.008151566	0.0	1.0519983768463135
1	-728.28326	72.77573	-612.89056	-843.47516	30.263159	-4.5268383	0.682326	-2.905087	-5.648152	1200	-1.00930535e-07	522251.25	-0.035961032	-5243.6875	0.009363029	0.0	1.5093867778778076
2	-737.55383	66.407036	-632.5609	-851.936	32.333332	-8.283208	0.7234135	-4.821091	-8.648632	1800	-1.2715658e-08	526025.5	-0.023258392	-4392.875	0.0060748006	1.0	1.9613375663757324
3	-728.0038	79.91704	-489.30838	-823.413	31.88889	-11.37174	0.7026933	-7.5553956	-11.56637	2400	-1.0848046e-07	505286.94	-0.040578663	-3925.5625	0.008100191	0.0	2.405902862548828
4	-732.3652	58.142815	-639.11	-825.0132	33.882355	-14.2213545	0.24852102	-12.814991	-14.272625	3000	5.3246815e-08	497735.56	-0.04169318	-3789.375	0.008702682	0.0	2.8397216796875
5	-722.41223	101.17831	-368.42682	-841.2575	31.263159	-16.975264	0.06589344	-16.738186	-16.994446	3600	2.193451e-07	514125.9	-0.04338617	-3905.5312	0.0066176057	1.0	3.27017879486084
6	-706.60187	66.1965	-562.8433	-803.16656	32.5	-19.74335	0.07465772	-19.331215	-19.75728	4200	9.059906e-08	469950.25	-0.031861223	-3552.1562	0.007810271	0.0	3.702449321746826
7	-715.3009	62.558098	-614.6854	-816.4422	29.8	-22.381561	0.10954704	-21.806349	-22.402456	4800	-5.078316e-07	494683.0	-0.035477284	-3767.4688	0.007754371	0.0	4.16523551940918
8	-720.0115	53.144356	-636.1405	-824.1873	32.555557	-25.085655	0.13446617	-24.342093	-25.110025	5400	5.8809917e-08	477753.88	-0.037773766	-3597.7188	0.008973607	0.0	4.615426778793335
9	-718.3388	55.749935	-640.1928	-837.09296	33.0	-27.731432	0.16385101	-26.825365	-27.76108	6000	-9.536743e-09	477642.34	-0.03348181	-3628.0625	0.009158041	0.0	5.0654284954071045
10	-704.0369	73.48441	-603.87866	-856.7323	32.27778	-30.382517	0.19313636	-29.31451	-30.417458	6600	1.8278758e-08	449189.66	-0.04881483	-3344.4375	0.0070821736	0.0	5.735067129135132
11	-701.0452	72.96991	-472.83847	-821.30316	29.95	-32.933605	0.23212521	-31.71476	-32.97786	7200	-2.447764e-07	461142.94	-0.03562638	-3519.7812	0.007880337	0.0	6.196393966674805
12	-680.13116	72.27081	-510.55228	-774.3495	29.85	-35.546688	0.2621314	-34.171795	-35.597088	7800	9.3579295e-08	425165.44	-0.033544105	-3277.9062	0.008208553	0.0	6.649474143981934
13	-645.8025	136.46843	-272.064	-820.50714	32.72222	-38.092884	0.22652546	-36.840244	-38.133858	8400	9.0201695e-08	389175.0	-0.030722896	-2951.9062	0.009334355	0.0	7.111298322677612
14	-646.454	116.647934	-283.56848	-788.79614	32.833332	-40.539433	0.00044118668	-40.537003	-40.53952	9000	-7.053216e-08	379114.62	-0.031093163	-2882.2812	0.0076070824	0.0	7.564941883087158
15	-691.9443	50.587173	-608.41705	-798.9189	32.61111	-42.94042	0.00040605513	-42.938206	-42.940502	9600	-1.3113022e-07	417875.66	-0.029718084	-3237.125	0.007957228	0.0	8.013357162475586
16	-635.4704	150.93939	-137.37012	-799.3713	33.333332	-45.484367	0.00035590713	-45.48234	-45.48443	10200	5.0266582e-08	381429.47	-0.04270922	-2955.7188	0.00824075	0.0	8.453176736831665
17	-597.2711	123.73991	-353.13693	-718.53314	32.555557	-47.937683	0.00033670076	-47.935825	-47.937748	10800	5.086263e-08	317995.56	-0.023603436	-2453.5312	0.006885201	0.0	8.890825986862183
18	-561.18835	163.2692	-268.42783	-819.76074	32.444443	-50.19229	0.00031194804	-50.190567	-50.19235	11400	-7.947286e-09	294197.94	-0.03351232	-2202.625	0.008469005	0.0	9.318742036819458
19	-535.28906	158.89394	-216.90346	-739.20135	32.444443	-52.340977	0.00029122	-52.339363	-52.341026	12000	-1.11262e-08	265639.7	-0.03129644	-2014.5	0.008732078	0.0	9.737212657928467
20	-509.07605	167.4698	-132.61053	-737.374	32.22222	-54.414528	0.00027397636	-54.413017	-54.41458	12600	-1.2318293e-07	241673.39	-0.03063589	-1834.25	0.007787676	0.0	10.385693788528442
21	-397.15225	167.86372	-97.387886	-652.8286	29.4	-56.4142	0.00027054138	-56.412777	-56.41425	13200	8.364518e-08	158952.67	-0.035956938	-1178.2656	0.009117399	0.0	10.809672355651855
22	-434.99448	206.26509	-113.93663	-733.1161	29.9	-58.057747	0.00025798444	-58.056396	-58.0578	13800	-1.5099843e-08	206691.44	-0.019885074	-1487.9219	0.007217533	1.0	11.246943712234497
23	-387.03677	194.74867	-133.68916	-708.359	28.571428	-59.889835	0.0002446912	-59.888546	-59.889877	14400	1.6609827e-07	168205.2	-0.020857202	-1226.6094	0.008378465	0.0	11.711437225341797
24	-353.1167	189.54655	-113.08066	-697.1865	27.809525	-61.598614	0.00023795375	-61.597393	-61.59866	15000	-1.1523564e-08	138384.14	-0.02067312	-962.6406	0.0070655895	0.0	12.165069818496704
25	-298.7033	166.96649	-69.97979	-675.0426	26.727272	-63.136265	0.0002328587	-63.135098	-63.13631	15600	-9.497007e-08	96960.16	-0.02916933	-671.625	0.009217024	0.0	12.633229970932007
26	-303.29498	168.07668	-83.368675	-670.78613	27.045454	-64.44751	0.00022259905	-64.446396	-64.447556	16200	-3.1789145e-09	101665.6	-0.01934126	-714.4219	0.00837652	1.0	13.071274995803833
27	-200.74379	146.41798	-74.35874	-612.046	24.0	-65.80468	0.00022404845	-65.803604	-65.804726	16800	0.0	53842.875	-0.047714207	-293.1953	0.00863631	0.0	13.51418423652649
28	-210.1739	136.59985	-68.13673	-786.1498	23.958334	-66.722786	0.00021945729	-66.72173	-66.72283	17400	-3.6358834e-08	47339.81	-0.03919326	-261.70312	0.007021843	0.0	13.948345184326172
29	-176.19513	112.14609	-71.6716	-631.5662	23.48	-67.579834	0.00021758492	-67.578804	-67.57987	18000	-5.9604646e-09	31265.617	-0.039248195	-174.22461	0.007639839	0.0	14.381794691085815
30	-186.1386	118.37397	-58.161877	-487.33185	23.96	-68.30197	0.00021288061	-68.30098	-68.302025	18600	-3.0795732e-08	35330.344	-0.039568685	-220.73438	0.009546636	0.0	15.060174465179443
31	-147.24638	55.23475	-67.48822	-265.0285	22.461538	-69.114395	0.0002118894	-69.11342	-69.11444	19200	2.0464261e-08	9586.765	-0.040567055	-85.63672	0.009291394	0.0	15.512385845184326
32	-130.86717	38.544548	-72.350975	-217.43456	22.23077	-69.6541	0.0002055637	-69.65315	-69.654144	19800	3.9140385e-08	5272.1177	-0.033467814	-49.262207	0.0070077516	0.0	15.979362964630127
33	-164.12794	136.50133	-55.219326	-647.06537	22.961538	-70.06363	0.0002041696	-70.0627	-70.06368	20400	5.165736e-08	38371.156	-0.03136067	-172.71484	0.0073322146	0.0	16.427363872528076
34	-122.95999	65.367	-63.119038	-353.90204	21.74074	-70.812294	0.00020433014	-70.81137	-70.81234	21000	2.4636586e-08	8326.639	-0.04230371	-50.60254	0.008197904	0.0	16.901601552963257
35	-141.09966	72.64834	-71.89877	-380.76495	22.461538	-71.26097	0.00019916568	-71.260056	-71.26102	21600	1.6291937e-08	11971.164	-0.033220604	-80.96777	0.007770164	0.0	17.35428547859192
36	-112.42048	32.955517	-59.704205	-209.37776	21.142857	-71.80208	0.000201357	-71.80118	-71.80212	22200	-3.4968057e-08	2781.614	-0.023507	-27.58496	0.008110515	2.0	17.81895089149475
37	-118.667435	45.083565	-58.00148	-280.25845	21.88889	-72.14396	0.00019629845	-72.143074	-72.144005	22800	1.11262e-08	4621.89	-0.027814602	-36.700195	0.0066857003	0.0	18.273316383361816
38	-118.12102	38.691715	-51.278812	-185.1938	20.821428	-72.52547	0.00019643309	-72.52459	-72.525505	23400	-7.172426e-08	3606.5808	-0.022872804	-33.833252	0.0072933966	1.0	18.72375226020813
39	-100.57153	27.340532	-56.43301	-165.2007	21.321428	-72.90432	0.00019466247	-72.90346	-72.904366	24000	4.1325887e-08	1543.449	-0.031493977	-14.278687	0.008266485	0.0	19.154462814331055
40	-121.35981	47.26115	-49.997646	-251.0207	21.62963	-73.1629	0.00019146006	-73.16203	-73.16294	24600	3.8743018e-08	4947.869	-0.009902773	-42.320312	0.008048539	3.0	19.828438997268677
41	-113.745964	35.033585	-46.170547	-183.59198	21.142857	-73.59176	0.00018973432	-73.59092	-73.591805	25200	7.6293944e-08	2889.295	-0.028129991	-31.129883	0.00818859	0.0	20.258023977279663
42	-111.16663	37.654213	-59.482647	-222.19556	21.071428	-73.98152	0.00018686098	-73.98068	-73.98155	25800	-8.34465e-09	2920.561	-0.032840732	-27.329346	0.008988878	0.0	20.706791400909424
43	-105.08122	33.225826	-53.649315	-177.65488	20.821428	-74.351074	0.00018328552	-74.35026	-74.35111	26400	-5.3246815e-08	1892.9587	-0.03910851	-17.466919	0.00809498	0.0	21.138453006744385
44	-110.936424	41.699883	-60.645306	-263.6744	21.071428	-74.65603	0.00018489074	-74.65521	-74.656075	27000	-4.2915346e-08	3450.6995	-0.033058595	-29.680664	0.0090593435	0.0	21.576197385787964
45	-107.52891	21.598316	-66.92971	-158.64168	20.551723	-75.050064	0.00018292737	-75.04926	-75.0501	27600	-1.4265379e-07	1460.6321	-0.03677905	-22.621216	0.0090629645	0.0	22.023330211639404
46	-96.6276	20.553923	-59.182995	-147.4846	20.642857	-75.40962	0.00017831905	-75.40883	-75.40966	28200	-3.794829e-08	799.36554	-0.025622867	-9.555908	0.008979392	0.0	22.489062786102295
47	-97.08053	25.823355	-51.84479	-164.47375	21.592592	-75.653244	0.00017374931	-75.65246	-75.65328	28800	-2.582868e-08	1145.4198	-0.024485292	-10.776245	0.008389398	0.0	22.95704174041748
48	-90.83686	20.604134	-51.156223	-133.04926	21.25	-75.9079	0.00017665605	-75.90711	-75.907936	29400	3.3775966e-09	625.35565	-0.03833479	-5.504944	0.009580961	0.0	23.41353988647461
49	-90.85516	32.353592	-48.222816	-223.10425	21.178572	-76.099144	0.00017363424	-76.098366	-76.099174	30000	2.7219455e-08	1400.9066	-0.018540816	-5.965088	0.007787811	0.0	23.865437984466553
50	-97.283516	37.582657	-51.997063	-210.62566	21.88889	-76.29677	0.00017209147	-76.29599	-76.29681	30600	1.1523564e-08	2023.4656	-0.030939456	-12.721436	0.009757716	0.0	24.548917531967163
51	-97.65952	30.53827	-54.068306	-177.35828	20.821428	-76.586876	0.0001734604	-76.58611	-76.58692	31200	-5.2452087e-08	1277.4121	-0.027068842	-10.96875	0.006692361	1.0	24.98801612854004
52	-83.4561	17.071861	-58.083546	-120.623795	21.428572	-76.868515	0.0001690713	-76.86776	-76.86856	31800	-3.417333e-08	349.4614	-0.02434979	-1.6589966	0.007216595	0.0	25.418907165527344
53	-96.48138	23.686	-60.238445	-151.16205	20.892857	-76.9903	0.00017086125	-76.98953	-76.990326	32400	1.5497207e-08	910.5318	-0.02370071	-9.909424	0.008131091	0.0	25.877645015716553
54	-92.50863	19.243277	-59.768326	-154.38547	21.285715	-77.2573	0.00016866656	-77.25656	-77.25735	33000	6.198883e-08	625.2843	-0.026061077	-7.7593384	0.0070308154	0.0	26.330377101898193
55	-92.15605	23.794378	-49.2671	-142.99573	20.821428	-77.510086	0.0001702814	-77.50932	-77.51012	33600	-2.3047129e-08	721.4646	-0.0286558	-5.9835815	0.008382509	0.0	26.786020040512085
56	-83.16973	16.75872	-52.052616	-107.86753	21.214285	-77.73591	0.00016703873	-77.73516	-77.73594	34200	-9.139379e-09	302.22583	-0.029275805	-1.0043945	0.008734124	0.0	27.247407913208008
57	-83.66911	21.67683	-55.848328	-160.97348	21.178572	-77.83778	0.00016683883	-77.83704	-77.83782	34800	1.37090685e-08	462.4529	-0.023013696	-0.9151001	0.007968324	0.0	27.716065883636475
58	-84.093254	17.154512	-52.81791	-121.18406	21.142857	-77.928856	0.00016704483	-77.92811	-77.92889	35400	-4.7683715e-09	331.01462	-0.021016145	-1.2852478	0.0074292915	0.0	28.177937984466553
59	-90.7921	19.341398	-52.48571	-124.81003	21.142857	-78.03823	0.0001667952	-78.03749	-78.03827	36000	-1.5894572e-09	529.00543	-0.027685195	-5.593628	0.0075659766	1.0	28.637601852416992
60	-84.49389	15.009892	-51.077374	-128.45636	21.407408	-78.266136	0.00016304964	-78.26539	-78.26616	36600	-2.5431316e-08	260.38736	-0.0297144	-1.6564941	0.00890937	0.0	29.336456298828125
61	-86.4262	23.421164	-43.9626	-162.4745	21.178572	-78.40359	0.00016197092	-78.40287	-78.403625	37200	4.4902166e-08	573.5719	-0.037686557	-2.269287	0.008549242	0.0	29.764617681503296
62	-81.23669	22.010756	-48.78058	-165.3262	21.481482	-78.55765	0.00016264633	-78.55692	-78.55769	37800	-1.7484028e-08	505.50656	-0.035949152	-0.34884644	0.0085520875	0.0	30.206029415130615
63	-78.43363	20.12668	-49.282963	-133.51016	21.518518	-78.62595	0.0001608892	-78.62523	-78.62599	38400	-1.2119611e-08	397.10184	-0.029212862	-0.000579834	0.00831073	0.0	30.63689112663269
64	-80.42844	17.0644	-48.60745	-128.66605	21.481482	-78.62513	0.0001577447	-78.62441	-78.62516	39000	-1.6887983e-08	281.27972	-0.0176524	-0.10409546	0.009785269	0.0	31.09212827682495
65	-75.244446	13.103376	-48.878563	-103.30637	21.142857	-78.65809	0.00016206464	-78.657364	-78.65812	39600	-3.695488e-08	183.17545	-0.024446484	-0.53700256	0.0073661003	0.0	31.53831934928894
66	-81.372116	17.352797	-54.107395	-124.62067	21.357143	-78.582794	0.00016359997	-78.58207	-78.58283	40200	7.549922e-09	301.56308	-0.023737635	-0.24078369	0.008137721	0.0	31.978756189346313
67	-76.34986	14.902681	-56.010162	-107.582184	21.25	-78.63089	0.00016381804	-78.63017	-78.630936	40800	-3.973643e-09	223.94713	-0.023885926	-0.29600525	0.009604584	0.0	32.41488003730774
68	-78.464935	17.56494	-45.80527	-127.14162	21.666666	-78.57463	0.00016087714	-78.573906	-78.57467	41400	1.3311704e-08	301.15073	-0.026641548	-0.003967285	0.008299848	0.0	32.87202715873718
69	-79.2646	16.317978	-51.187866	-115.47426	21.555555	-78.56253	0.0001593034	-78.56181	-78.56257	42000	-1.013279e-08	258.43347	-0.021222537	-0.014404297	0.009473455	0.0	33.336037158966064
70	-70.38495	13.611804	-43.721825	-103.21085	21.703703	-78.57604	0.00016089554	-78.57532	-78.57608	42600	8.742014e-09	246.34685	-0.014277087	-3.4512024	0.007885085	0.0	34.06580138206482
71	-70.286514	12.485969	-40.757713	-96.89453	21.518518	-78.35983	0.00016097451	-78.3591	-78.35986	43200	8.543332e-09	216.55402	-0.022525657	-3.9515686	0.009753392	0.0	34.51703715324402
72	-72.62242	10.997823	-46.863445	-94.676895	21.518518	-78.10862	0.00016245118	-78.10789	-78.10866	43800	-7.152557e-09	148.31308	-0.022478685	-1.958374	0.008888253	0.0	34.96735334396362
73	-77.11766	16.412329	-52.393444	-118.00254	21.555555	-77.92372	0.00016259593	-77.92298	-77.92375	44400	2.9802322e-10	264.74423	-0.02114693	-0.08074951	0.0073558474	1.0	35.46366763114929
74	-71.117424	16.415827	-46.916786	-120.84309	21.666666	-77.87719	0.00016410265	-77.87645	-77.87723	45000	5.5631002e-08	305.42853	-0.024214773	-3.0323486	0.009369003	0.0	35.95312285423279
75	-67.76175	14.648293	-40.195225	-103.96219	21.925926	-77.65505	0.00016422941	-77.654305	-77.65508	45600	-1.66893e-08	312.31525	-0.027913017	-6.670929	0.009101486	0.0	36.44180130958557
76	-74.45434	14.51044	-48.241592	-100.42105	21.592592	-77.307434	0.00016741872	-77.30667	-77.307465	46200	-6.9538753e-09	210.4962	-0.022157907	-0.8885498	0.008203458	0.0	36.940258741378784
77	-68.94442	16.862267	-34.958366	-112.32319	21.962963	-77.16147	0.00016746245	-77.16072	-77.161514	46800	3.208717e-08	353.34152	-0.021925056	-4.915619	0.008027864	0.0	37.39961338043213
78	-70.41516	15.278932	-42.744846	-103.16207	21.555555	-76.85682	0.00016907387	-76.85605	-76.85685	47400	-2.0662943e-08	268.70187	-0.02578425	-3.5516663	0.007783947	0.0	37.86488604545593
79	-69.9295	17.500883	-37.836876	-117.5763	22.037037	-76.579475	0.00016744914	-76.57871	-76.579506	48000	-4.967054e-09	345.35733	-0.02908295	-3.8502502	0.008740378	0.0	38.3312304019928
80	-67.61801	15.563052	-44.836597	-99.62567	21.62963	-76.28957	0.00016890223	-76.28881	-76.28961	48600	-3.218651e-08	314.0458	-0.01863548	-6.345886	0.008219181	2.0	39.060821294784546
81	-69.793564	14.3391695	-44.783745	-104.449066	21.777779	-75.91363	0.00017207935	-75.91285	-75.913666	49200	1.5894572e-09	237.65532	-0.029925914	-3.6645966	0.009156535	0.0	39.513684034347534
82	-66.82069	14.358631	-38.870884	-98.0605	21.703703	-75.61282	0.00017387768	-75.612045	-75.61287	49800	3.8544336e-08	281.8702	-0.021195004	-6.841095	0.0089490125	0.0	39.963541746139526
83	-69.76062	22.545246	-35.556717	-162.06143	21.88889	-75.20828	0.00017534306	-75.20749	-75.20832	50400	1.3311704e-08	569.9209	-0.02463519	-2.6011353	0.008212568	0.0	40.39770030975342
84	-65.41816	14.39323	-42.89136	-97.8423	21.444445	-74.939896	0.00017883323	-74.93908	-74.939926	51000	-3.6160152e-08	289.8165	-0.017680127	-8.790649	0.0069876425	0.0	40.839664697647095
85	-60.14752	13.306572	-38.50884	-82.19609	21.74074	-74.4682	0.0001818492	-74.46738	-74.46824	51600	4.371007e-09	380.60645	-0.016672239	-20.536224	0.009053039	0.0	41.294235706329346
86	-63.539974	21.022459	-40.406853	-143.35936	21.925926	-73.7272	0.00018502396	-73.72637	-73.72725	52200	7.152557e-09	566.9876	-0.018225372	-10.730774	0.008704329	0.0	41.74244689941406
87	-73.87059	18.911356	-37.780094	-131.98006	21.357143	-73.15787	0.00019313648	-73.15702	-73.15792	52800	-3.973643e-09	343.58957	-0.017903192	0.017181396	0.0067416383	1.0	42.19845509529114
88	-61.846508	18.074833	-32.446827	-100.19575	21.88889	-73.10718	0.00018985494	-73.106316	-73.107216	53400	5.086263e-08	452.81802	-0.026395427	-13.901886	0.007853495	0.0	42.62993884086609
89	-60.2882	13.615032	-36.0977	-90.928116	22.11111	-72.48626	0.00019143675	-72.48539	-72.4863	54000	2.9007595e-08	337.2512	-0.016093768	-18.323822	0.0064942245	1.0	43.059226751327515
90	-59.479317	15.589575	-31.842224	-104.67206	22.461538	-71.71987	0.00019450941	-71.71897	-71.71991	54600	-3.695488e-08	386.4795	-0.022070829	-17.495972	0.009398794	0.0	43.77193331718445
91	-72.41184	20.620216	-39.258396	-131.05327	21.357143	-70.952705	0.00020610195	-70.95179	-70.95275	55200	5.165736e-09	416.4507	-0.01966553	0.05532837	0.006669105	0.0	44.233208417892456
92	-61.932156	12.550744	-35.799515	-93.321106	21.851852	-70.9161	0.0002028147	-70.91519	-70.91615	55800	-4.2915346e-08	237.34271	-0.015248049	-9.931931	0.0056901695	0.0	44.7053165435791
93	-61.544163	15.97419	-36.00299	-100.74342	22.222221	-70.35237	0.00020543624	-70.351425	-70.35242	56400	1.6887983e-08	331.58224	-0.018371033	-11.244812	0.008459307	0.0	45.1579225063324
94	-61.749775	15.949682	-30.129993	-103.79785	21.777779	-69.701836	0.00021232461	-69.700874	-69.70188	57000	-8.940697e-09	314.0067	-0.02267214	-9.939636	0.0078057735	0.0	45.61952257156372
95	-60.721115	15.1504965	-33.49982	-98.38569	22.222221	-69.07648	0.00021498924	-69.075485	-69.07652	57600	7.7486035e-09	301.96875	-0.026870653	-10.038269	0.009922626	0.0	46.05363464355469
96	-59.454426	14.572947	-32.170815	-98.41793	22.11111	-68.43863	0.00022354366	-68.43762	-68.43868	58200	-3.6160152e-08	292.29953	-0.022955718	-13.049225	0.008742517	0.0	46.49741077423096
97	-60.233185	18.070772	-30.584278	-97.570244	22.148148	-67.70245	0.00023169736	-67.7014	-67.7025	58800	3.3775966e-09	389.60635	-0.023292653	-8.939941	0.008521337	0.0	46.93218779563904
98	-55.923954	15.126234	-29.823097	-112.81205	22.222221	-67.0697	0.00023387652	-67.06863	-67.069756	59400	5.165736e-09	363.675	-0.019558923	-19.890717	0.007941396	0.0	47.395933389663696
99	-63.5884	16.782747	-36.106125	-100.082756	21.814816	-66.13806	0.0002495263	-66.136925	-66.13811	60000	1.2318293e-08	278.90475	-0.01831751	-1.7086487	0.009382628	1.0	47.84919762611389
100	-64.15717	19.106726	-31.72834	-106.48985	21.925926	-65.81286	0.00025411745	-65.81171	-65.81291	60600	-1.8278758e-08	357.76407	-0.027895652	-0.9696045	0.008505972	0.0	48.60878372192383
101	-62.797188	17.952477	-37.740845	-94.23573	22.222221	-65.593254	0.0002512603	-65.5921	-65.593315	61200	-1.5894572e-09	330.3618	-0.016004154	-1.5332031	0.00849425	0.0	49.07678461074829
102	-61.642387	21.0135	-33.880386	-137.3097	22.074074	-65.317055	0.00025726977	-65.315895	-65.317116	61800	-1.291434e-08	431.87988	-0.018304775	-3.38208	0.0067367475	1.0	49.530882358551025
103	-63.00738	23.344265	-31.879957	-124.20261	22.384615	-64.90117	0.00025925483	-64.89997	-64.90122	62400	1.9868215e-10	549.92395	-0.025785487	-0.45056152	0.007465844	1.0	50.00861430168152
104	-54.5153	14.619654	-28.501345	-88.307526	22.461538	-64.72733	0.00026388606	-64.72612	-64.727394	63000	3.1789146e-08	310.1838	-0.025293538	-18.610504	0.008989688	0.0	50.446754693984985
105	-61.51995	20.27982	-29.155205	-118.04146	22.461538	-63.743736	0.00027808384	-63.74246	-63.7438	63600	2.7418137e-08	396.8459	-0.01343916	-1.4493713	0.005984695	1.0	50.89060997962952
106	-52.81054	17.492445	-28.54465	-91.746346	22.653847	-63.403072	0.00028440592	-63.401768	-63.40314	64200	-3.89417e-08	411.7726	-0.018383006	-21.73648	0.009490344	0.0	51.32483124732971
107	-49.73985	11.804177	-31.142576	-74.85309	22.384615	-62.296055	0.0003033955	-62.29466	-62.296124	64800	6.000201e-08	292.46567	-0.020367917	-33.482666	0.0074767605	0.0	51.778043031692505
108	-59.120304	18.46842	-28.114664	-104.94673	22.538462	-60.853237	0.00033736546	-60.851685	-60.853313	65400	-1.5497207e-08	338.40213	-0.019133631	-0.9364624	0.0075648213	0.0	52.22628474235535
109	-52.967678	16.338814	-26.319027	-100.21375	22.26923	-60.529987	0.000347633	-60.528393	-60.53007	66000	-8.742014e-09	307.83585	-0.017595056	-12.887207	0.0066526667	0.0	52.6707239151001
110	-51.379128	18.9639	-26.492895	-97.991165	22.923077	-59.63418	0.00037519282	-59.63245	-59.634262	66600	-3.6358834e-08	430.4209	-0.016071819	-15.4366455	0.009331357	0.0	53.38359475135803
111	-58.685265	17.013645	-28.131819	-94.03733	22.73077	-58.594986	0.00041404585	-58.59308	-58.595078	67200	-1.8278758e-08	283.153	-0.022587009	0.018554688	0.009066728	0.0	53.81602215766907
112	-57.722435	15.368825	-34.789314	-91.13361	22.615385	-58.499836	0.0004195615	-58.497913	-58.49994	67800	2.3841857e-09	237.8767	-0.015127047	-0.07107544	0.0065450426	1.0	54.25336813926697
113	-48.445736	13.349107	-30.565475	-86.6407	22.615385	-58.431362	0.0004236364	-58.42942	-58.431465	68400	-1.3510387e-08	276.99677	-0.012770037	-22.937729	0.008210461	0.0	54.708794355392456
114	-60.434727	17.697403	-30.119526	-98.34631	21.88889	-57.154915	0.0005016731	-57.152664	-57.155045	69000	-1.5099843e-08	310.20813	-0.019087384	-1.1680908	0.004237563	0.0	55.17509150505066
115	-58.0378	18.795359	-33.069916	-98.75938	22.185184	-57.383556	0.00047907757	-57.381393	-57.383667	69600	-1.07288365e-08	345.42627	-0.027080143	-0.0069885254	0.007525524	0.0	55.63751745223999
116	-57.444824	17.852055	-32.398563	-99.84822	22.11111	-57.4372	0.00047440827	-57.43505	-57.4373	70200	3.973643e-09	306.80997	-0.017924344	-0.07159424	0.005620573	1.0	56.188960313797
117	-49.140312	14.148769	-30.473429	-81.607	22.615385	-57.362316	0.00046630998	-57.360176	-57.362427	70800	-1.11262e-08	264.17996	-0.029057581	-18.806778	0.009699463	0.0	56.677393198013306
118	-48.71295	13.526284	-30.575989	-89.673676	22.807692	-56.116394	0.0005468956	-56.11389	-56.11653	71400	1.11262e-08	239.47057	-0.018157862	-16.18129	0.007877806	0.0	57.11673164367676
119	-48.342163	16.173452	-28.424103	-93.86316	22.653847	-54.875572	0.00067898625	-54.872456	-54.875732	72000	3.4570693e-08	300.01697	-0.01787994	-13.338837	0.0076887775	1.0	57.54817485809326
120	-50.52274	16.955252	-28.655998	-104.53136	23.0	-53.733677	0.00090193853	-53.729553	-53.733902	72600	3.973643e-09	307.8735	-0.020837426	-2.890442	0.008221767	0.0	58.290393114089966
121	-49.247276	14.071032	-29.451649	-78.498665	23.0	-53.162823	0.001167775	-53.157516	-53.163116	73200	-4.4703485e-09	212.4877	-0.015443853	-7.1857452	0.007345557	0.0	58.747363567352295
122	-55.911804	18.285225	-32.900578	-103.43841	22.423077	-52.066547	1.0013951	-49.370373	-52.446156	73800	-1.1920929e-09	333.7469	-0.020467559	-5.4774475	0.0064255004	1.0	59.21068263053894
123	-50.680973	20.12035	-26.439314	-112.59738	22.307692	-52.943268	0.0010076766	-52.938652	-52.943512	74400	3.5762786e-09	382.47818	-0.026276054	-2.2683716	0.008957298	0.0	59.67599844932556
124	-53.272095	16.518456	-30.236258	-95.24384	22.538462	-52.492672	0.0012481136	-52.486984	-52.49299	75000	-2.4636586e-08	258.51013	-0.0050150277	-0.053466797	0.006236356	3.0	60.14193034172058
125	-44.07292	9.81606	-28.856997	-75.5588	22.653847	-52.544754	0.0012321946	-52.539143	-52.545067	75600	1.11262e-08	165.30179	-0.01625736	-26.456558	0.0070563974	0.0	60.58379077911377
126	-46.03204	13.708585	-29.435663	-81.906395	22.692308	-50.79907	0.25716287	-49.126938	-50.893204	76200	-2.3841857e-09	205.19945	-0.020717988	-13.662003	0.008534283	0.0	61.043190002441406
127	-47.323215	20.812733	-25.89997	-103.22584	22.73077	-48.542385	1.6283821	-46.43452	-49.872322	76800	-5.2154064e-08	413.6208	-0.024865888	-8.891174	0.008239921	1.0	61.50246453285217
128	-45.069687	12.185197	-26.946577	-77.66185	22.692308	-47.266693	1.5541183	-46.133915	-49.548405	77400	6.7551933e-09	148.26192	-0.012335419	-5.4150085	0.004516897	0.0	61.94530200958252
129	-45.026848	13.396714	-26.8183	-72.60924	22.961538	-45.839855	0.005978587	-45.838547	-45.867397	78000	1.3510387e-08	178.8083	-0.02309193	-0.30923462	0.009411025	0.0	62.393144845962524
130	-44.038944	13.855231	-26.426708	-70.59924	23.16	-45.628506	0.004329429	-45.62757	-45.648846	78600	4.7683715e-09	188.7964	-0.0182621	-0.83158875	0.0075837467	0.0	63.15522885322571
131	-45.311497	12.867959	-27.657574	-81.364655	22.692308	-45.28828	0.002717255	-45.287678	-45.3008	79200	2.870957e-08	160.88882	-0.01856697	-7.6293945e-05	0.0089112995	0.0	63.59382724761963
132	-44.508015	10.0456295	-27.545483	-69.98815	22.923077	-45.25509	0.0026279173	-45.254517	-45.2672	79800	2.3841857e-09	103.04264	-0.019233234	-0.18429565	0.0061302288	0.0	64.03467178344727
133	-45.40641	13.7261715	-29.568687	-87.89017	22.692308	-45.093212	0.0020403462	-45.09276	-45.102608	80400	2.1457673e-08	180.58238	-0.02206514	-0.004119873	0.006488916	0.0	64.46240973472595
134	-42.426754	13.096857	-24.235378	-88.3601	22.73077	-45.111233	0.0022364983	-45.110737	-45.121536	81000	6.357829e-09	172.04369	-0.027892383	-3.5686798	0.0086327	1.0	64.90095114707947
135	-43.942764	13.640057	-26.674494	-74.88769	22.884615	-44.37089	0.00014818858	-44.370846	-44.37158	81600	-1.7285346e-08	187.3444	-0.019047968	-0.07841492	0.008256834	0.0	65.34545350074768
136	-43.62297	12.807835	-28.455826	-83.85561	22.653847	-44.216354	0.00068777916	-44.21319	-44.216587	82200	-1.2318293e-08	159.1708	-0.023396498	-0.23971558	0.008335149	0.0	65.81087565422058
137	-43.10372	9.322791	-28.69208	-60.93229	22.576923	-44.01273	0.0023094758	-44.002087	-44.01323	82800	2.2053719e-08	85.715164	-0.018354867	-0.5518265	0.0083359275	0.0	66.27278995513916
138	-42.37992	10.674774	-26.62981	-77.635826	22.961538	-43.687527	0.04001988	-43.503166	-43.69626	83400	-1.07288365e-08	116.43017	-0.01846175	-0.8930054	0.006646521	0.0	66.7319655418396
139	-45.51629	11.482147	-29.63423	-78.62725	22.692308	-43.251743	0.18265727	-42.41033	-43.29179	84000	3.417333e-08	135.75226	-0.019926516	-2.6773071	0.0074233944	0.0	67.18097949028015
140	-42.80294	12.324483	-28.367756	-73.96187	22.692308	-43.956802	0.0015001948	-43.956463	-43.96371	84600	9.735425e-09	156.02513	-0.020382548	-0.48692322	0.0084293075	0.0	67.9147846698761
141	-43.82641	16.061476	-26.959303	-85.59791	22.692308	-43.67892	0.00095527363	-43.67872	-43.683327	85200	-2.5133291e-08	246.83546	-0.022124829	-0.007888794	0.007267033	1.0	68.34471821784973
142	-46.475708	13.470066	-29.918125	-88.28384	22.76923	-43.619408	0.0010146807	-43.61918	-43.62408	85800	1.202027e-08	181.58516	-0.023414236	-4.066086	0.008561841	0.0	68.77987718582153
143	-44.401226	13.6643505	-24.948671	-91.99846	22.653847	-44.54557	0.0028137527	-44.544956	-44.558537	86400	1.6291937e-08	177.89633	-0.016938582	-0.03152466	0.0064476863	1.0	69.22976660728455
144	-41.293495	10.150942	-26.47318	-66.60792	22.73077	-44.493618	0.0028705948	-44.492996	-44.506844	87000	7.947286e-10	113.25875	-0.017595004	-6.005493	0.008317329	0.0	69.68989181518555
145	-51.948593	18.260508	-29.153452	-102.97421	22.73077	-43.318443	0.00080747955	-43.31827	-43.32217	87600	8.9406965e-10	403.48288	-0.022296011	-41.96112	0.0062669977	0.0	70.15043044090271
146	-41.17875	12.0702305	-26.27734	-78.66	23.0	-46.346985	0.025270129	-46.3415	-46.4634	88200	-6.357829e-09	170.82109	-0.008461521	-14.185547	0.003973949	0.0	70.6079728603363
147	-48.057735	15.939461	-24.375103	-88.863144	22.73077	-44.686455	0.0010763525	-44.686214	-44.691414	88800	1.7881394e-08	248.64479	-0.023286015	-4.6177826	0.007697805	0.0	71.08757853507996
148	-44.659695	17.507923	-27.59629	-101.37593	22.884615	-45.636536	0.001971525	-45.636112	-45.645626	89400	-6.9538753e-09	314.51697	-0.021033458	-0.3038025	0.0075707627	0.0	71.52643871307373
149	-43.215607	9.391829	-27.458324	-64.20534	23.16	-45.411934	0.0016140111	-45.411587	-45.419518	90000	9.139379e-09	89.468414	-0.017296059	-2.793808	0.007142922	0.0	71.96750473976135
150	-44.374405	12.55477	-25.851954	-67.557884	22.884615	-44.56495	0.0010028133	-44.564724	-44.56957	90600	-2.8411547e-08	155.00706	-0.018657029	-0.063827515	0.008858234	0.0	72.72207951545715
151	-41.434452	11.182243	-26.11841	-72.60936	22.807692	-44.399734	0.00093477074	-44.399513	-44.40404	91200	3.3577283e-08	131.59291	-0.016368352	-5.712883	0.008179478	1.0	73.1732325553894
152	-46.45868	13.047287	-26.156034	-70.22748	22.846153	-43.162693	0.00032038847	-43.162613	-43.16416	91800	-8.34465e-09	179.04034	-0.016465068	-6.7788086	0.0064181085	1.0	73.63342761993408
153	-38.51133	10.438106	-23.996496	-69.35901	23.0	-44.47821	0.0009703999	-44.477997	-44.482685	92400	-4.371007e-09	145.23297	-0.021541597	-22.819687	0.0074466276	0.0	74.07838249206543
154	-46.693356	15.293847	-28.742514	-78.29784	22.538462	-42.02857	0.00038746704	-42.026783	-42.028667	93000	-8.543332e-09	244.5898	-0.016057774	-11.878311	0.008789053	0.0	74.5253758430481
155	-39.476364	9.825105	-24.646322	-63.874672	22.76923	-43.744896	0.00070385536	-43.744736	-43.748135	93600	-1.11262e-08	113.8565	-0.023342581	-12.247498	0.0077097486	0.0	74.94728493690491
156	-40.755966	10.09871	-26.901524	-62.55948	23.038462	-41.966927	3.9770544e-05	-41.966908	-41.967106	94200	7.947286e-09	104.2556	-0.020325186	-0.9829407	0.007969544	1.0	75.38140416145325
157	-42.836773	12.134209	-28.063787	-76.7139	23.24	-41.354187	0.0003852126	-41.352375	-41.354267	94800	2.9404958e-08	150.51576	-0.015855683	-1.9822693	0.0072487686	1.0	75.81148838996887
158	-38.56962	9.266053	-26.52337	-61.520466	22.961538	-42.109882	3.8284055e-05	-42.10987	-42.11006	95400	1.390775e-09	98.97854	-0.015965654	-8.297295	0.006494689	1.0	76.2717809677124
159	-39.757683	8.052107	-28.072	-61.254814	22.692308	-40.54121	0.0031639833	-40.526638	-40.541904	96000	1.3113022e-08	65.660835	-0.017738432	-0.46992493	0.008241776	0.0	76.73838138580322
160	-37.227627	10.115725	-23.426867	-63.582535	22.884615	-40.0838	0.058188822	-39.815742	-40.096436	96600	-4.0233136e-08	109.71958	-0.016297106	-6.04953	0.0078135785	0.0	77.54165053367615
161	-38.465847	12.991443	-24.770294	-87.27941	23.038462	-38.589466	0.555114	-36.03222	-38.710556	97200	-3.1789145e-09	177.91418	-0.011870617	-0.002746582	0.0073946975	2.0	77.9961998462677
162	-38.34197	10.986886	-25.743711	-74.56724	23.076923	-38.575382	0.5422893	-36.03608	-38.700375	97800	-1.0530154e-08	125.03669	-0.0127452975	-0.012054443	0.0058425074	0.0	78.44233393669128
163	-41.431725	17.265858	-23.039316	-105.49054	22.76923	-38.51346	0.5518458	-35.9993	-38.64848	98400	-3.6160152e-08	287.99582	-0.00708387	-6.25943	0.008585001	0.0	78.87858867645264
164	-40.03963	12.142781	-24.950157	-65.98525	22.884615	-40.009758	0.003889948	-40.008915	-40.02768	99000	-1.9868216e-08	147.3715	-0.018828742	0.0035705566	0.008702831	0.0	79.3093774318695
165	-37.276768	11.108184	-23.139534	-70.14652	23.076923	-40.07051	0.004086222	-40.069637	-40.08971	99600	-2.8212865e-08	135.52211	-0.013318204	-5.5336914	0.00934175	1.0	79.74365186691284
166	-38.20275	9.681746	-25.172703	-62.436344	22.73077	-38.600277	0.0012005112	-38.60001	-38.60581	100200	1.7285346e-08	92.956665	-0.021132933	-0.16916656	0.009484172	0.0	80.20343279838562
167	-39.143635	13.47567	-25.181257	-78.8905	23.0	-38.292915	0.0010462708	-38.292686	-38.297737	100800	-3.33786e-08	185.25916	-0.016068207	-0.7231598	0.006503239	3.0	80.66452383995056
168	-35.026352	10.263647	-24.259148	-78.048096	22.884615	-38.838562	0.0012779778	-38.838276	-38.844448	101400	-1.847744e-08	114.35105	-0.010164418	-12.8396225	0.008437927	2.0	81.11357569694519
169	-40.716957	12.978649	-24.500809	-71.04058	23.16	-36.52282	0.0004784874	-36.522717	-36.52507	102000	-3.6557516e-08	184.29515	-0.015993455	-14.51413	0.009753236	0.0	81.55498433113098
170	-36.057827	6.601889	-23.426867	-46.324207	22.884615	-38.931072	0.0011893839	-38.93081	-38.93655	102600	5.165736e-09	51.667492	-0.01323731	-6.723175	0.009206872	0.0	82.34596085548401
171	-37.862206	14.749631	-22.402143	-81.60553	22.923077	-37.310936	0.00057653355	-37.310806	-37.31359	103200	-1.1523564e-08	212.15567	-0.020245936	-0.12150574	0.007050783	0.0	82.8093798160553
172	-39.174725	12.10482	-24.775707	-68.84072	22.807692	-37.49737	0.000649289	-37.49723	-37.500366	103800	9.536743e-09	144.5931	-0.019740282	-1.9908905	0.007704563	0.0	83.28593492507935
173	-40.33286	18.168554	-21.812382	-111.448875	23.36	-38.456924	0.0009895521	-38.456707	-38.46157	104400	2.78155e-09	348.60886	-0.01621116	-4.602539	0.007263063	1.0	83.7549455165863
174	-39.09188	14.9116535	-23.478472	-91.96082	22.884615	-39.944267	0.0016686307	-39.9439	-39.951954	105000	-1.66893e-08	234.19838	-0.014677002	-0.31811523	0.0074253487	1.0	84.22237849235535
175	-38.466087	10.940459	-23.418018	-74.19254	22.807692	-39.58472	0.001160937	-39.584465	-39.59007	105600	2.1060307e-08	121.69436	-0.00024819016	-1.2049179	0.0023309216	4.0	84.6826000213623
176	-37.626114	10.35539	-23.705276	-65.11821	22.923077	-38.798187	0.0008185207	-38.798008	-38.80196	106200	-1.8874804e-08	106.419945	-0.021374848	-1.484642	0.00943451	0.0	85.13841843605042
177	-33.56169	8.037379	-23.795155	-54.684	22.961538	-37.906868	0.0005986753	-37.906734	-37.909626	106800	2.0166238e-08	83.666214	-0.01199321	-16.661705	0.005710188	0.0	85.57993459701538
178	-33.640926	7.3890553	-23.206387	-54.821964	22.76923	-34.96804	1.21652365e-05	-34.967983	-34.96804	107400	2.1656355e-08	55.35569	-0.012782756	-1.7920647	0.006139306	0.0	86.01986908912659
179	-35.909966	12.378952	-23.6264	-85.14136	23.038462	-33.939377	0.00040641465	-33.937508	-33.93947	108000	-2.9802322e-08	160.87802	-0.013590481	-3.7404633	0.0063841706	1.0	86.46627140045166
180	-36.72771	12.909544	-22.925081	-65.87464	23.038462	-35.339676	0.000119548415	-35.33964	-35.340225	108600	-9.536743e-09	168.74588	-0.01757211	-1.7350311	0.006757428	1.0	87.2617359161377
181	-30.947378	8.527795	-22.402143	-56.268837	22.923077	-36.346893	0.00030533024	-36.34682	-36.3483	109200	2.592802e-08	101.78432	-0.008042485	-26.06427	0.007763324	0.0	87.7315366268158
182	-37.944782	12.07694	-25.286777	-76.60792	22.884615	-32.64484	0.0017982245	-32.63655	-32.645226	109800	1.5894573e-08	166.60207	-0.013429794	-23.05368	0.0055429754	4.0	88.1964943408966
183	-34.95522	14.111169	-22.634659	-90.06436	22.76923	-35.97539	0.00038287655	-35.975296	-35.97715	110400	-1.9669534e-08	184.25372	-0.0128298635	-1.4934692	0.008717983	0.0	88.65534806251526
184	-35.868465	11.46014	-22.886234	-65.05129	22.76923	-35.178078	0.00032742883	-35.178005	-35.17959	111000	6.2783556e-08	126.723724	-0.015378275	-0.21489716	0.0077902745	1.0	89.09441018104553
185	-32.731308	11.08655	-22.402143	-71.70043	23.076923	-35.49177	0.00039459788	-35.491684	-35.493626	111600	-1.0331472e-08	134.9686	-0.008521727	-6.1597137	0.004769259	0.0	89.5210976600647
186	-32.600704	8.515918	-23.158558	-57.269478	22.846153	-33.682495	0.00016935688	-33.68245	-33.68327	112200	-1.07288365e-08	71.82305	-0.008188464	-1.3031464	0.005440326	2.0	89.94889998435974
187	-33.09423	9.72967	-20.979292	-56.68588	23.076923	-32.798416	8.786565e-05	-32.798397	-32.798832	112800	9.934108e-09	95.9457	-0.012362151	-0.12137604	0.009085858	2.0	90.39028215408325
188	-37.37645	12.625133	-23.158558	-74.720894	22.884615	-33.0489	0.00010926827	-33.048866	-33.0494	113400	2.0563602e-08	173.25554	-0.021417387	-15.932205	0.007658576	2.0	90.84040880203247
189	-31.796253	6.8895335	-22.802187	-48.453278	23.28	-36.05602	0.0004784874	-36.055916	-36.05827	114000	1.00533164e-07	63.31533	-0.01854738	-14.771332	0.008578445	0.0	91.30236315727234
190	-32.204838	8.758008	-23.139534	-61.507088	22.923077	-33.25311	0.00011393137	-33.25308	-33.25363	114600	1.8676122e-08	75.04307	-0.015644211	-1.2236176	0.0072775222	1.0	92.14298033714294
191	-31.46898	8.105382	-23.736944	-57.232464	23.038462	-32.366184	3.4837885e-05	-32.366173	-32.366344	115200	7.947286e-09	66.96147	-0.008840517	-0.7054825	0.0076861503	0.0	92.5811014175415
192	-32.9493	11.6481085	-22.944185	-77.65891	23.08	-31.713923	4.773938e-05	-31.7137	-31.713934	115800	-1.66893e-08	135.17516	-0.009465559	-1.5195007	0.0099420305	0.0	93.01456069946289
193	-32.30851	8.262622	-22.402143	-53.833584	23.08	-32.65937	5.523764e-05	-32.65935	-32.65963	116400	-3.8743018e-09	66.99358	-0.009749792	-0.063705444	0.0055124704	0.0	93.46864604949951
194	-29.967716	5.204994	-22.402143	-39.887623	22.961538	-32.475044	2.5098852e-05	-32.47504	-32.475163	117000	-1.3510387e-08	33.253525	-0.015037151	-5.998255	0.0071653444	0.0	93.93018078804016
195	-29.564587	6.05866	-22.402143	-43.19505	23.038462	-30.52612	0.00035261567	-30.524496	-30.526197	117600	-1.9868216e-08	37.773968	-0.008138767	-0.85012054	0.0068334816	0.0	94.38940763473511
196	-31.116951	8.570015	-23.689766	-51.03032	22.884615	-29.75694	0.0011872508	-29.75147	-29.757198	118200	-9.934108e-11	73.7917	-0.015836041	-1.5663757	0.009192019	0.0	94.84684371948242
197	-33.378456	11.657454	-23.08249	-67.16714	22.692308	-30.77095	0.00015536403	-30.770237	-30.77099	118800	1.5894572e-09	133.16469	-0.014557265	-5.0516663	0.00381529	0.0	95.30318641662598
198	-31.293505	6.8948545	-21.380903	-46.47972	23.038462	-32.63263	0.00013685046	-32.632595	-32.63326	119400	3.5762786e-09	49.06965	-0.011563671	-1.7038269	0.008371113	0.0	95.74685978889465
199	-34.204647	6.480879	-25.98639	-51.534874	23.076923	-31.5666	4.6442015e-05	-31.56659	-31.566822	120000	5.920728e-08	48.4141	-0.008141425	-6.6940536	0.005191279	7.0	96.20591950416565
200	-31.960743	5.8730893	-25.172703	-44.291588	23.038462	-33.712486	0.00024676748	-33.71243	-33.713623	120600	5.165736e-09	37.55019	-0.0017985723	-2.9030151	0.0050967033	1.0	96.99316501617432
201	-30.874681	7.6212325	-23.861195	-48.97263	22.961538	-32.303123	0.00011798027	-32.30309	-32.30366	121200	-5.165736e-09	59.17892	-0.016377695	-2.0930862	0.008449105	0.0	97.42168879508972
202	-29.38078	5.59414	-22.37846	-49.408134	23.038462	-31.05789	1.2801279e-05	-31.057878	-31.057943	121800	5.761782e-08	34.63107	-0.01340245	-2.5985756	0.007952055	0.0	97.88550305366516
203	-35.84043	9.661402	-22.402143	-52.710056	22.807692	-29.662943	0.00019486842	-29.662045	-29.662985	122400	6.7154566e-08	126.80085	-0.021606987	-34.044403	0.008186975	0.0	98.34222412109375
204	-31.003252	7.8333716	-23.421787	-49.642612	23.038462	-34.422153	0.0004302419	-34.42206	-34.424137	123000	1.5894573e-08	72.412384	-0.0072598574	-11.018635	0.0062162764	1.0	98.80628514289856
205	-35.78107	9.930028	-22.402143	-56.78933	22.615385	-31.81589	0.00012931698	-31.815859	-31.816484	123600	-7.947286e-09	109.80672	-0.020934917	-12.8930435	0.008524399	0.0	99.26311779022217
206	-31.26488	7.570348	-23.158558	-55.07277	22.923077	-34.625557	0.00047374686	-34.625446	-34.627735	124200	-2.7815501e-08	67.503815	-0.0072677284	-10.838451	0.008330689	1.0	99.70991277694702
207	-33.163193	10.892852	-20.979292	-71.029	23.076923	-32.076874	0.00014235484	-32.076847	-32.07755	124800	2.78155e-09	116.047966	-0.015986796	-1.0061188	0.008365721	3.0	100.15644860267639
208	-31.986805	7.9812775	-23.17478	-53.821148	23.16	-32.835796	0.00020349899	-32.835754	-32.836754	125400	-1.8676122e-08	62.918255	-0.013361541	-0.5070305	0.009426304	0.0	100.58406233787537
209	-34.354164	14.830832	-22.402143	-95.83495	22.884615	-32.273712	0.00015427012	-32.273674	-32.274418	126000	1.1920929e-08	209.3015	-0.026211375	-3.1655884	0.008864393	0.0	101.01995611190796
210	-31.833504	7.748315	-23.421787	-57.33826	23.038462	-33.718723	0.000319538	-33.718647	-33.720192	126600	-1.5695889e-08	64.30826	-0.015520287	-3.2453918	0.009004776	2.0	101.82142043113708
211	-29.489746	6.7612586	-22.337492	-47.77974	23.076923	-32.251434	0.00016392046	-32.251396	-32.252205	127200	3.218651e-08	53.71871	-0.008895894	-7.1077995	0.008853984	1.0	102.27045893669128
212	-29.21423	4.3138146	-22.402143	-39.94386	23.0	-30.029335	1.824287e-05	-30.029327	-30.029419	127800	-4.45048e-08	19.282545	-0.011252509	-0.63689995	0.009278544	0.0	102.71396827697754
213	-33.61345	8.873708	-22.402143	-52.079273	22.961538	-29.337702	3.5945468e-05	-29.337543	-29.337715	128400	-4.251798e-08	95.89694	-0.012472492	-17.038269	0.006917776	0.0	103.17048573493958
214	-28.027279	5.2216134	-22.402143	-41.74935	22.961538	-32.736603	0.00020328471	-32.736557	-32.73754	129000	8.145968e-09	49.04293	-0.01022331	-21.112898	0.00881368	0.0	103.64708018302917
215	-27.790283	5.008747	-21.251493	-41.250202	23.0	-29.096905	3.364484e-05	-29.096752	-29.096914	129600	7.947286e-10	26.705492	-0.015133562	-1.649044	0.008126842	0.0	104.11893367767334
216	-29.466429	7.038607	-22.069971	-44.523266	23.0	-28.011078	0.00015573546	-28.010363	-28.011114	130200	4.7683715e-09	51.459618	-0.01196124	-2.0052643	0.005521006	0.0	104.59341168403625
217	-29.882366	9.968034	-22.877468	-68.510635	22.961538	-29.156199	1.5187095e-05	-29.156132	-29.156208	130800	-1.6093255e-08	94.31115	-0.006876447	-0.3491211	0.0023231255	0.0	105.05180239677429
218	-30.36535	8.298705	-22.402143	-59.78278	23.12	-29.660097	2.6777256e-05	-29.660084	-29.660217	131400	-2.7815501e-08	67.57114	-0.011707566	-0.49380493	0.003861775	0.0	105.52775049209595
219	-28.713552	7.8639336	-22.402143	-50.937042	23.16	-30.255814	5.600594e-05	-30.2558	-30.256079	132000	3.3775966e-09	62.578255	-0.015173115	-1.9217453	0.009476332	1.0	105.99294471740723
220	-29.823193	6.2217717	-22.925081	-45.9993	23.076923	-29.08065	1.7069793e-05	-29.08057	-29.080654	132600	1.4305114e-08	39.103214	-0.01492169	-0.5599899	0.006620029	0.0	106.83890128135681
221	-28.328533	5.53084	-22.873684	-48.498035	23.038462	-29.716146	2.104907e-05	-29.716137	-29.716242	133200	1.7881394e-08	32.14295	-0.015295048	-1.8724575	0.0044527836	4.0	107.28403687477112
222	-29.831627	8.3288555	-22.402143	-50.94539	22.884615	-28.526999	6.010358e-05	-28.526724	-28.527014	133800	2.404054e-08	68.610664	-0.023253443	-1.4029541	0.0061675	0.0	107.72466397285461
223	-29.382566	7.4122996	-22.382425	-54.54109	23.038462	-29.564056	2.7393648e-05	-29.564045	-29.56418	134400	-6.357829e-09	53.318314	-0.009871101	-0.06361389	0.0070346356	1.0	108.20067000389099
224	-30.69951	8.215643	-22.848728	-49.832497	22.961538	-29.345253	2.5098852e-05	-29.34525	-29.345371	135000	-2.026558e-08	68.70878	-0.0008440721	-1.7340393	0.0089296065	1.0	108.72196245193481
225	-28.25186	6.187455	-23.736944	-47.96902	23.038462	-30.534811	8.550285e-05	-30.534792	-30.535208	135600	6.7551933e-09	43.381596	-0.013040123	-5.0668297	0.0040091546	0.0	109.20206689834595
226	-27.298698	5.4784007	-22.07897	-44.24844	23.0	-28.500189	2.0000803e-05	-28.500101	-28.500196	136200	1.9868216e-09	31.424519	-0.010988852	-1.4191647	0.008360688	2.0	109.67368340492249
227	-32.274662	7.104616	-22.358076	-43.800663	22.923077	-27.400042	0.000120958386	-27.399485	-27.400068	136800	-1.2318293e-08	72.958305	-0.00073633785	-22.66996	0.0036098529	1.0	110.13212561607361
228	-29.789703	8.856038	-23.158558	-66.69714	23.0	-31.60651	0.00017482138	-31.606466	-31.607313	137400	-3.9339067e-08	77.525444	-0.014498816	-3.566452	0.008853265	0.0	110.59265232086182
229	-27.874153	5.3059206	-23.139534	-44.14909	23.16	-29.966438	8.6256594e-05	-29.966415	-29.966843	138000	1.4901161e-09	31.787994	-0.010692727	-3.7338696	0.0064974637	0.0	111.02992558479309
230	-30.672987	9.007754	-22.37846	-52.199795	23.038462	-28.237213	1.7397697e-05	-28.23721	-28.237293	138600	-3.4769375e-08	88.311646	-0.02042814	-6.063759	0.0069182604	0.0	111.85210061073303
231	-30.587635	8.152569	-22.37846	-46.437996	22.923077	-30.41572	9.4646304e-05	-30.415691	-30.416151	139200	-2.0662943e-08	65.52008	-0.009992912	-0.014770508	0.009008298	0.0	112.28088140487671
232	-29.678303	7.5750985	-22.402143	-48.74905	22.846153	-30.539349	0.00010282582	-30.539324	-30.539822	139800	-1.768271e-08	56.58766	-0.034144543	-0.89632034	0.006272699	0.0	112.7330253124237
233	-29.714294	7.934945	-22.804262	-52.308376	23.04	-29.67737	7.378752e-05	-29.677355	-29.677717	140400	1.947085e-08	61.482723	-0.0107248295	-0.006576538	0.0031777737	0.0	113.19415140151978
234	-28.798311	6.1867123	-22.886234	-45.51784	23.038462	-29.748365	7.438823e-05	-29.748344	-29.748707	141000	1.1523564e-08	39.00045	-0.004835818	-0.87716293	0.009061076	1.0	113.63646507263184
235	-31.57847	8.1566	-23.713078	-48.98355	22.884615	-28.875778	4.3531865e-05	-28.87577	-28.87598	141600	3.3477942e-08	72.310486	-0.011600931	-6.797241	0.008328136	1.0	114.08026075363159
236	-27.881832	4.184494	-22.402143	-41.03394	23.076923	-31.29692	0.00015302734	-31.296886	-31.29764	142200	-9.735425e-09	29.305052	-0.00935789	-11.310036	0.0076525277	1.0	114.54061722755432
237	-29.89734	8.73635	-21.59757	-57.929653	22.846153	-28.222288	1.0294972e-05	-28.222279	-28.222328	142800	-5.3246815e-08	77.54792	-0.013511657	-2.4634705	0.009712037	6.0	114.99413442611694
238	-30.604357	9.075735	-22.402143	-61.680798	23.038462	-29.653704	6.1728686e-05	-29.65369	-29.65399	143400	1.39077505e-08	84.13342	-0.013880415	-0.93963623	0.006882869	1.0	115.4626612663269
239	-28.485384	5.7464123	-22.873684	-44.97334	22.884615	-30.561274	9.338249e-05	-30.561255	-30.561707	144000	-2.0861625e-08	36.35608	-0.01936408	-4.529686	0.009937888	0.0	115.92175364494324
240	-27.811079	5.068693	-22.634659	-43.400105	23.038462	-28.580442	2.8198672e-05	-28.580435	-28.580574	144600	-1.1920929e-08	26.562002	-0.015726132	-0.5492687	0.009536835	1.0	116.78839254379272
241	-28.228598	5.1602645	-22.402143	-45.98663	22.961538	-27.876524	5.326935e-06	-27.876518	-27.876547	145200	2.4239222e-08	26.116491	-0.011489528	-0.102565765	0.0058213877	0.0	117.24325561523438
242	-28.35976	5.629536	-24.032942	-47.531723	23.16	-28.179733	1.7966913e-05	-28.179728	-28.179815	145800	1.2864669e-08	31.469133	-0.013815351	-0.06050682	0.007038765	2.0	117.69442534446716
243	-29.127066	6.3503737	-24.032942	-46.51899	22.923077	-28.416946	2.0237529e-05	-28.416939	-28.417038	146400	4.4107438e-08	39.777473	-0.01998734	-0.42563248	0.0074914615	1.0	118.12373399734497
244	-29.030357	5.388786	-24.032942	-43.145004	23.038462	-29.050365	4.2879867e-05	-29.050356	-29.050566	147000	7.3512396e-09	28.796747	-0.008847702	-0.00039863586	0.004702294	0.0	118.5487699508667
245	-30.99329	6.5799966	-23.558336	-52.121128	23.0	-29.031315	4.272525e-05	-29.031303	-29.031511	147600	-3.1789145e-09	45.751926	-0.013285642	-3.620758	0.008039734	1.0	119.01089715957642
246	-30.235847	6.5949574	-22.903091	-48.714046	23.12	-30.897337	0.00011225466	-30.897312	-30.897865	148200	2.9702981e-08	42.43396	-0.009209347	-0.36455154	0.008209361	0.0	119.46916198730469
247	-27.680815	4.577875	-23.17478	-41.497353	23.038462	-30.302464	8.2698505e-05	-30.302446	-30.302847	148800	-5.4637592e-08	27.946106	-0.014080244	-6.7281704	0.0065058675	1.0	119.93300676345825
248	-31.094164	7.856534	-22.37846	-53.358856	23.076923	-27.752718	2.4500337e-06	-27.75271	-27.75272	149400	-4.8478444e-08	73.90273	-0.02005729	-11.4675255	0.007471845	0.0	120.4012725353241
249	-26.292284	3.576486	-22.402143	-37.76111	23.0	-31.028353	0.00010996456	-31.028326	-31.02886	150000	3.6557516e-08	35.104233	-0.021836586	-22.164062	0.008996304	0.0	120.86285710334778
250	-32.10115	10.986744	-22.402143	-61.48733	23.12	-26.650179	4.8910508e-05	-26.64995	-26.65019	150600	-5.5631e-09	149.14851	-0.013795572	-28.506325	0.005668293	0.0	121.72474837303162
251	-30.428404	9.3069935	-22.127548	-58.143013	23.076923	-31.341742	0.00010254874	-31.341717	-31.342222	151200	-9.139379e-09	89.14295	-0.0076844837	-0.6685333	0.006809364	1.0	122.18419051170349
252	-28.069862	5.7948027	-22.867373	-48.90962	22.961538	-30.649906	6.330674e-05	-30.649889	-30.650198	151800	2.7020773e-08	39.272694	-0.011783371	-6.763691	0.009281734	0.0	122.60885739326477
253	-28.71153	6.054407	-22.127548	-46.18086	23.0	-28.341204	1.4327561e-05	-28.341198	-28.34127	152400	5.165736e-09	36.070633	-0.015038181	-0.117111206	0.00834712	0.0	123.04762864112854
254	-27.606285	4.977764	-21.523045	-47.258446	23.076923	-28.633972	2.0501706e-05	-28.633963	-28.634064	153000	-7.0532162e-09	26.46766	-0.010211542	-0.9465523	0.0036461544	0.0	123.49990272521973
255	-27.181175	4.628657	-22.873684	-48.66183	22.961538	-27.754473	7.089335e-06	-27.754475	-27.754501	153600	1.2715658e-08	20.952099	-0.019295176	-0.3652916	0.008329349	0.0	123.93994855880737
256	-28.956783	5.9415755	-24.032942	-42.225132	22.961538	-27.19549	3.6638971e-06	-27.195473	-27.19549	154200	-3.7749608e-08	37.86107	-0.0044594808	-2.9701653	0.0061088325	0.0	124.38911962509155
257	-29.161577	7.368588	-22.402143	-51.384995	23.076923	-28.785328	2.3313387e-05	-28.785322	-28.785437	154800	-8.543332e-09	55.190834	-0.017529577	-0.18148041	0.009333852	2.0	124.84921169281006
258	-30.83889	8.954266	-22.402143	-54.41332	23.0	-29.189247	2.8531602e-05	-29.189238	-29.189377	155400	1.5497207e-08	82.26794	-9.7153585e-05	-2.6471024	0.009540111	0.0	125.30886673927307
259	-31.851933	8.092572	-22.402143	-46.512505	22.923077	-30.71997	6.172191e-05	-30.719954	-30.720255	156000	-1.2318293e-08	65.39886	-0.006569629	-1.1000671	0.004812049	0.0	125.77382493019104
260	-28.366821	7.510483	-22.07897	-51.934315	22.884615	-31.718792	0.00011151092	-31.71877	-31.719307	156600	2.7020773e-08	66.20543	-0.016859332	-11.620121	0.0073933457	0.0	126.64532279968262
261	-26.347548	3.441892	-22.402143	-39.666153	23.0	-28.531387	1.3358251e-05	-28.531385	-28.53145	157200	-3.4570693e-08	16.56039	-0.008621687	-4.719434	0.0032520092	0.0	127.11672735214233
262	-27.297647	4.8979425	-21.795918	-41.644707	23.0	-26.48892	1.7383576e-05	-26.48884	-26.488924	157800	7.152557e-09	24.33164	-0.01587322	-0.6321125	0.006153313	0.0	127.58348441123962
263	-26.233227	4.96265	-22.402143	-46.833427	23.0	-27.234022	2.7220121e-06	-27.234013	-27.234024	158400	-1.2318293e-08	24.982773	-0.013603262	-1.034975	0.0070967064	0.0	128.03453373908997
264	-30.26801	9.438662	-22.402143	-56.821674	23.0	-26.267067	1.9759249e-05	-26.266975	-26.26707	159000	-3.8345654e-08	107.483635	-0.009052314	-16.30983	0.009267788	1.0	128.49391865730286
265	-28.37582	5.111176	-22.634853	-44.17445	23.12	-30.022272	3.9626975e-05	-30.022263	-30.022457	159600	-3.5266081e-09	28.269997	-0.0137712555	-2.3044777	0.008310239	0.0	128.94077825546265
266	-28.696302	6.56028	-22.402143	-45.88747	22.923077	-28.619114	1.4976027e-05	-28.619112	-28.619184	160200	-2.4835268e-08	42.30398	-0.010626024	-0.0010681152	0.009580534	2.0	129.38218760490417
267	-27.375223	5.2112813	-22.337492	-46.51899	23.038462	-28.645329	1.630588e-05	-28.645325	-28.645405	160800	-1.5099843e-08	28.230492	-0.012287443	-1.6303997	0.0067102727	0.0	129.8388066291809
268	-29.219187	6.540981	-22.17414	-51.153385	23.038462	-27.431654	3.2602088e-06	-27.431652	-27.43167	161400	-3.238519e-08	46.770077	-0.018864786	-3.3095894	0.0072271125	0.0	130.30621767044067
269	-28.521084	7.567411	-21.251493	-52.242558	23.12	-29.1645	2.102587e-05	-29.164492	-29.164598	162000	2.1855037e-08	57.712082	-0.01945217	-0.25579834	0.009094092	1.0	130.78158116340637
270	-27.91094	5.3214974	-22.402143	-42.43659	22.884615	-28.680914	1.34815955e-05	-28.680912	-28.680977	162600	-2.026558e-08	27.927135	-0.013180667	-0.6950226	0.008010277	2.0	131.74566507339478
271	-28.879467	6.020022	-23.159718	-47.531723	23.04	-27.870678	4.74926e-06	-27.870676	-27.870699	163200	-1.390775e-09	35.90416	-0.011383445	-0.9681244	0.008193328	1.0	132.21192574501038
272	-30.414608	7.8511143	-23.158558	-48.702065	22.961538	-28.831839	1.582065e-05	-28.831835	-28.831911	163800	-1.8676122e-08	62.19418	-0.013266927	-2.241211	0.0065874774	0.0	132.68949222564697
273	-29.207859	7.4897676	-22.402143	-48.43707	22.846153	-30.302591	4.0387178e-05	-30.302578	-30.302776	164400	1.9073486e-08	55.46711	-0.015356582	-1.4275436	0.0035519376	0.0	133.16405272483826
274	-29.423195	8.603436	-22.925081	-57.66229	22.884615	-29.124613	2.497753e-05	-29.124607	-29.12473	165000	-1.1920929e-08	72.50832	-0.0075524487	-0.0471344	0.0046662204	0.0	133.6214542388916
275	-27.64072	5.8537207	-22.402143	-49.31455	22.884615	-29.339792	3.2068332e-05	-29.339785	-29.339941	165600	5.5631e-09	36.335396	-0.0076489695	-3.009861	0.009047465	1.0	134.04104471206665
276	-27.134003	4.397257	-22.975262	-38.453175	23.0	-27.612839	1.0818215e-05	-27.612833	-27.612886	166200	-7.947286e-10	19.499928	-0.0181486	-0.2277565	0.008197476	2.0	134.4628598690033
277	-27.642418	7.132085	-22.37846	-49.620224	23.076923	-27.134554	5.6021095e-06	-27.134548	-27.134579	166800	-3.973643e-10	51.939777	-0.013729334	-0.31650925	0.008788061	2.0	134.90572714805603
278	-28.030209	6.455943	-22.402143	-48.98355	23.0	-27.70067	1.1104472e-05	-27.700666	-27.700722	167400	2.4437904e-08	41.35593	-0.006196155	-0.10285187	0.008163905	0.0	135.35718202590942
279	-29.177624	7.5063934	-22.903091	-49.655323	22.923077	-28.024921	1.5080725e-05	-28.024921	-28.024992	168000	-9.934108e-09	55.931015	-0.016550815	-1.1565285	0.0058714254	2.0	135.8254520893097
280	-28.040081	4.9804068	-23.17478	-44.315426	23.076923	-29.114971	2.9928158e-05	-29.114964	-29.115112	168600	-7.649263e-09	26.602388	-0.008754703	-1.0442715	0.00729604	0.0	136.7458426952362
281	-30.72683	8.804861	-22.402143	-55.473866	22.923077	-28.076845	1.4252885e-05	-28.076841	-28.07691	169200	-4.967054e-09	82.67407	-0.011591218	-6.640625	0.0054021543	0.0	137.21489930152893
282	-28.988365	7.2937627	-22.402143	-49.38014	22.923077	-30.683887	6.249645e-05	-30.683872	-30.684174	169800	1.768271e-08	55.024036	-0.016472707	-3.0316925	0.008217841	0.0	137.69298577308655
283	-26.815697	3.7534761	-22.127548	-38.983597	23.0	-28.922157	2.1848926e-05	-28.922157	-28.92226	170400	1.5298525e-08	18.522236	-0.008955343	-4.393795	0.0067478037	1.0	138.16404628753662
284	-29.902325	7.094659	-22.402143	-44.64841	23.076923	-26.804447	1.9073486e-06	-26.804445	-26.804445	171000	-2.3444494e-08	60.42255	-0.009376229	-9.831799	0.00736214	0.0	138.63524866104126
285	-26.12726	4.1854815	-22.402143	-44.16866	23.038462	-29.941557	3.798067e-05	-29.941547	-29.94173	171600	1.4225643e-07	32.29754	-0.012609876	-14.266935	0.006946149	0.0	139.10144448280334
286	-25.79961	3.370505	-22.402143	-39.93243	23.0	-26.236706	8.506433e-06	-26.236666	-26.236706	172200	2.22524e-08	11.512847	-0.008306509	-0.18977356	0.0073933126	1.0	139.5629608631134
287	-26.85129	6.5873804	-22.127548	-46.18086	22.923077	-25.804071	1.3358251e-05	-25.804008	-25.804071	172800	5.9604643e-10	43.108177	-0.015292342	-0.959816	0.0060629775	0.0	140.01292037963867
288	-29.239481	10.246677	-22.402143	-72.418144	23.0	-26.77641	3.7278785e-06	-26.776405	-26.776413	173400	-1.8676122e-08	116.61284	-0.00995702	-6.4714966	0.005173182	5.0	140.45246696472168
289	-25.461647	1.7228242	-22.402143	-29.100834	23.0	-29.29091	1.5784966e-05	-29.290909	-29.290985	174000	3.1789146e-08	17.57265	-0.008380713	-14.549454	0.0038451378	0.0	140.89693546295166
290	-26.830412	5.542881	-22.402143	-46.736652	23.0	-25.601896	1.6198994e-05	-25.601822	-25.6019	174600	-1.66893e-08	31.603714	-0.013905787	-1.4587669	0.009054644	0.0	141.78200840950012
291	-28.413515	8.04852	-22.877468	-51.055386	23.0	-26.77003	4.0662776e-06	-26.77001	-26.77003	175200	1.2318293e-08	67.86381	-0.0139719825	-2.7290955	0.006200593	4.0	142.252765417099
292	-25.884098	3.486835	-22.37846	-40.098194	22.961538	-28.381964	6.0043626e-06	-28.38196	-28.38199	175800	2.3841857e-09	18.10727	-0.017084649	-6.2896595	0.008682866	0.0	142.71816873550415
293	-25.051317	1.453034	-22.402143	-28.471807	23.0	-25.948906	9.3148155e-06	-25.948862	-25.948906	176400	4.4902166e-08	2.9072495	-0.0051850653	-0.79999185	0.008552286	2.0	143.18634963035583
294	-29.335745	7.2162867	-22.848728	-47.161938	23.038462	-25.071928	1.9251942e-05	-25.071844	-25.071936	177000	-4.331271e-08	70.24327	-0.009759735	-18.194717	0.005512195	1.0	143.6683497428894
295	-25.057178	2.550064	-22.402143	-35.359184	23.0	-29.125782	1.350384e-05	-29.125776	-29.125843	177600	-1.4702479e-07	22.979528	-0.009456752	-16.333807	0.00501435	5.0	144.10135078430176
296	-26.80298	4.82141	-22.402143	-41.710735	23.076923	-25.401762	7.375629e-06	-25.401728	-25.401764	178200	-2.5431316e-08	25.87613	-0.014792212	-2.0762978	0.007242532	1.0	144.52266454696655
297	-29.062954	8.94668	-22.402143	-52.562035	23.038462	-26.722904	8.092195e-07	-26.7229	-26.722904	178800	-3.536542e-08	86.36722	-0.017032905	-5.6150665	0.008130484	0.0	144.93564462661743
298	-27.066942	6.6105146	-22.372011	-44.383095	23.076923	-28.925865	7.771129e-06	-28.925863	-28.925901	179400	-1.39077505e-08	47.643356	-0.0059630796	-3.2485237	0.003505962	0.0	145.3476152420044
299	-28.235271	6.6483517	-22.402143	-45.82287	22.961538	-27.255962	2.5014642e-06	-27.255957	-27.25596	180000	-3.159046e-08	44.40706	-0.02284296	-0.8871956	0.0069748005	0.0	145.78569865226746
300	-27.451303	6.259973	-22.402143	-48.60774	22.961538	-28.134905	3.3905771e-06	-28.134903	-28.134918	180600	-9.139379e-09	38.54946	-0.014300971	-0.5255089	0.007275761	1.0	146.6979112625122
301	-26.0113	3.7164035	-22.402143	-36.415257	23.0	-27.44971	1.9073486e-06	-27.449709	-27.449713	181200	-1.1920929e-09	15.82774	-0.015163936	-2.051158	0.0055102087	0.0	147.1641833782196
302	-26.37248	4.6722965	-22.402143	-40.869114	23.0	-26.08011	6.611378e-06	-26.080093	-26.080116	181800	-8.742014e-09	21.85669	-0.012689535	-0.08501625	0.0067063426	0.0	147.64357256889343
303	-26.20062	4.7532926	-22.402143	-48.40057	22.961538	-26.35889	4.4486633e-06	-26.35888	-26.358894	182400	1.9073486e-08	21.733715	-0.0072643994	-0.037786484	0.0066728313	2.0	148.11466217041016
304	-26.843018	5.95029	-22.402143	-45.9993	22.923077	-26.170069	4.9591067e-06	-26.170048	-26.170067	183000	-7.947286e-10	34.584324	-0.0016971097	-0.37049484	0.005000939	1.0	148.57575798034668
305	-29.74784	6.567771	-22.402143	-45.421097	23.0	-26.76738	9.0473486e-07	-26.767376	-26.76738	183600	-2.6226044e-08	50.717285	-0.009994472	-8.557415	0.005035161	0.0	149.03348112106323
306	-28.375427	5.676334	-22.402143	-44.872707	22.961538	-29.616488	1.350384e-05	-29.616482	-29.616549	184200	1.66893e-08	33.27056	-0.019193303	-1.5911789	0.0085518705	0.0	149.49704003334045
307	-26.698933	4.332973	-22.402143	-41.461655	23.076923	-28.385921	6.368945e-06	-28.385918	-28.385946	184800	7.073084e-08	21.982569	-0.012169581	-2.701189	0.005153862	0.0	149.93860268592834
308	-26.93409	5.4094806	-22.402143	-42.610577	22.961538	-26.772305	2.0320201e-06	-26.7723	-26.772306	185400	3.5762786e-09	28.725046	-0.008549801	-0.017709732	0.009154437	3.0	150.39394617080688
309	-26.677668	6.410839	-21.296534	-47.73732	23.16	-26.902815	8.8782247e-07	-26.902811	-26.902815	186000	1.1225541e-08	40.768787	-0.012948045	-0.016353607	0.00961349	0.0	150.8400845527649
310	-26.266361	5.336551	-22.402143	-46.378033	22.923077	-26.775585	3.8146973e-06	-26.775581	-26.775589	186600	2.3841857e-09	27.694063	-0.00965275	-0.31680107	0.009807353	3.0	151.74901461601257
311	-26.313457	4.9033327	-22.127548	-42.300385	23.076923	-26.211805	3.595407e-06	-26.211788	-26.211805	187200	1.39077505e-08	24.751064	-0.0141992355	-0.023160934	0.0076747425	1.0	152.2240869998932
312	-25.075867	2.8153834	-22.402143	-36.0813	23.038462	-26.36499	4.63097e-06	-26.364977	-26.364994	187800	1.2715658e-08	9.713612	-0.0067575	-1.6092844	0.005131425	0.0	152.71593046188354
313	-27.278957	6.7806125	-22.402143	-47.531723	23.038462	-25.084211	1.01329115e-05	-25.084171	-25.084217	188400	-4.1921933e-08	51.082737	-0.011565395	-4.897644	0.0070264596	0.0	153.2066788673401
314	-26.772383	6.0568566	-22.402143	-44.35656	23.0	-27.313541	3.8146973e-06	-27.313545	-27.313545	189000	1.6291937e-08	37.01162	-0.010216949	-0.28544617	0.005375697	4.0	153.68067121505737
315	-25.011532	2.9191585	-22.402143	-37.844204	23.038462	-26.77321	1.8027556e-06	-26.773203	-26.77321	189600	-2.7020773e-08	11.790521	-0.002612038	-3.0179863	0.0092182895	2.0	154.15598559379578
316	-28.33497	7.207546	-22.402143	-45.044907	22.846153	-25.015596	8.51605e-06	-25.01556	-25.0156	190200	4.6094257e-08	60.713326	-0.014962377	-10.191235	0.0062608626	2.0	154.63105869293213
317	-25.746195	3.433426	-22.402143	-38.77859	22.961538	-28.213352	7.1226127e-06	-28.213356	-28.21338	190800	-8.056561e-08	17.629677	-0.008097669	-6.133209	0.008181165	0.0	155.07303929328918
318	-25.009502	3.5125778	-22.402143	-40.83851	22.961538	-25.745134	2.4276585e-06	-25.745123	-25.745134	191400	-2.8212865e-08	12.45674	-0.016610213	-0.5750685	0.0038205227	0.0	155.496591091156
319	-25.99126	5.2502604	-22.065502	-43.84791	22.961538	-24.984858	4.8252527e-06	-24.984837	-24.984856	192000	-7.549922e-09	27.8898	-0.014490833	-0.94400406	0.003911998	0.0	155.89375853538513
320	-25.817574	8.882595	-22.402143	-69.403564	22.923077	-25.962086	2.0320201e-06	-25.962082	-25.962088	192600	-8.34465e-09	72.367775	-0.007824613	-0.08337402	0.008063123	2.0	156.88884806632996
321	-25.601662	4.9672203	-22.402143	-42.19695	23.076923	-25.670244	7.9409256e-07	-25.67024	-25.670244	193200	-1.5894572e-09	25.297962	-0.010076119	-0.00041389465	0.008944351	2.0	157.34132075309753
322	-24.82798	3.4753277	-22.402143	-36.069355	23.038462	-25.649427	8.092195e-07	-25.649424	-25.649427	193800	3.973643e-10	12.891126	-0.012991432	-0.6419611	0.006900921	1.0	157.80575466156006
323	-24.663563	1.8417393	-22.402143	-28.739103	23.0	-24.834518	3.262068e-06	-24.834503	-24.834518	194400	1.0331472e-08	3.4098253	-0.00984714	-0.029018879	0.007668945	0.0	158.2543077468872
324	-26.50761	5.7675056	-22.402143	-45.218357	22.961538	-24.66083	4.681754e-06	-24.660816	-24.660833	195000	-1.4702479e-08	35.67864	-0.011720926	-3.2412758	0.0069011194	2.0	158.7287712097168
325	-24.867744	1.8428979	-22.402143	-28.556232	23.0	-26.495388	2.0320201e-06	-26.495386	-26.495392	195600	-4.3710074e-08	6.02534	-0.017188055	-2.630642	0.0074143014	0.0	159.187753200531
326	-26.589014	5.926872	-22.402143	-44.528748	23.12	-24.842438	3.3237523e-06	-24.842424	-24.84244	196200	0.0	37.960007	-0.008241351	-3.0807457	0.0050672456	0.0	159.65551233291626
327	-27.509224	7.54627	-22.402143	-57.825512	23.12	-26.630877	1.2555706e-06	-26.630875	-26.630882	196800	3.0795733e-09	57.35375	-0.014943974	-0.8666115	0.00880472	1.0	160.15156984329224
328	-26.483341	7.793792	-22.402143	-61.895855	23.038462	-27.580784	3.7351906e-06	-27.580782	-27.5808	197400	-1.1920929e-09	63.70362	-0.010487713	-1.0740623	0.0062709018	0.0	160.64102959632874
329	-25.681278	3.5598264	-22.402143	-40.570957	23.038462	-26.522709	1.9073486e-06	-26.522707	-26.52271	198000	-3.8544336e-08	13.664687	-0.00541573	-0.6642628	0.002342169	0.0	161.11606788635254
330	-28.268583	8.647016	-22.402143	-48.60774	22.807692	-25.689991	3.3905771e-06	-25.689978	-25.68999	198600	1.6887983e-08	77.820305	-0.020251215	-5.7805862	0.0075879255	0.0	162.01310443878174
331	-25.660984	3.8788145	-22.402143	-38.34121	23.0	-28.142715	5.247809e-06	-28.142712	-28.142738	199200	6.834666e-08	21.13348	-0.012731175	-6.1160154	0.0052238638	0.0	162.4625940322876
332	-25.882057	5.940516	-22.402143	-46.15453	23.038462	-25.625088	1.6664304e-06	-25.62508	-25.625088	199800	1.1920929e-08	35.13502	-0.036885306	-0.07086182	0.008018387	6.0	162.9226095676422
333	-26.59776	5.977692	-22.402143	-43.398003	22.961538	-25.89659	8.092195e-07	-25.896585	-25.89659	200400	-3.973643e-10	35.507427	-0.014457759	-0.4447441	0.0068606576	2.0	163.40049362182617
334	-26.106564	5.014491	-22.127548	-44.452724	23.038462	-26.57765	1.8639392e-06	-26.577648	-26.57765	201000	7.152557e-09	25.040997	-0.010145945	-0.21987915	0.004052301	0.0	163.86095643043518
335	-27.394588	5.8188896	-22.402143	-46.23295	22.961538	-26.098679	1.1444092e-06	-26.098675	-26.098679	201600	3.7352244e-08	34.473236	-0.0128132505	-1.5585632	0.005147079	0.0	164.32816910743713
336	-26.354168	4.408147	-22.402143	-38.094982	23.076923	-27.373873	7.099164e-06	-27.373878	-27.373894	202200	2.692143e-08	20.77762	-0.009956347	-0.9619293	0.008863143	1.0	164.79513883590698
337	-25.453306	3.1738462	-22.402143	-38.28469	23.038462	-26.372454	1.9073486e-06	-26.372452	-26.372452	202800	9.437402e-09	11.118252	-0.007377184	-0.80289364	0.009157416	0.0	165.2547152042389
338	-27.92076	5.742873	-22.402143	-43.0106	22.884615	-25.457537	1.618439e-06	-25.45753	-25.457537	203400	2.7616819e-08	37.90389	-0.004747559	-5.691307	0.008511631	2.0	165.70682168006897
339	-26.987831	5.8953304	-22.402143	-50.813454	23.038462	-27.893457	3.7351906e-06	-27.893456	-27.893473	204000	-4.4206776e-09	36.332043	-0.015279692	-0.74686813	0.007665914	0.0	166.11285424232483
340	-25.541908	2.2417746	-22.402143	-30.432398	23.0	-27.011276	2.1494727e-06	-27.011272	-27.01128	204600	2.8113524e-08	7.1606493	-0.019928826	-2.1437216	0.009044412	2.0	166.97583317756653
341	-26.396677	6.3238196	-22.402143	-51.415234	22.923077	-25.515915	3.7497718e-06	-25.515911	-25.515919	205200	1.4901161e-08	39.01903	-0.0151298605	-0.64933014	0.0057855784	0.0	167.3942539691925
342	-28.975447	10.325733	-22.402143	-72.389565	23.076923	-26.337984	2.213401e-06	-26.337986	-26.33799	205800	1.4305114e-08	116.95371	-0.012572157	-7.4203033	0.006393546	1.0	167.83365869522095
343	-27.040123	5.1608033	-22.402143	-41.497353	23.12	-29.119284	8.0621685e-06	-29.11928	-29.119318	206400	6.804864e-09	30.286182	-0.009187935	-3.752205	0.002755961	0.0	168.29293131828308
344	-25.844526	3.2726433	-22.402143	-37.844204	23.038462	-27.141796	1.9073486e-06	-27.141798	-27.141798	207000	-3.1789146e-08	12.5427	-0.009437298	-1.6251612	0.007228706	2.0	168.75310945510864
345	-28.87952	7.9521384	-22.402143	-48.97263	22.846153	-25.839397	3.0606855e-06	-25.839386	-25.8394	207600	3.1789146e-08	69.19265	-0.017817404	-8.338894	0.007503806	1.0	169.225727558136
346	-26.081102	5.3389044	-22.402143	-48.60774	22.961538	-28.780117	4.4547924e-06	-28.780119	-28.780136	208200	3.973643e-08	35.014084	-0.019120434	-7.4136086	0.0061450093	0.0	169.67950701713562
347	-26.008598	4.6845303	-22.402143	-47.758087	22.961538	-26.018461	2.7508172e-06	-26.018452	-26.01846	208800	-4.371007e-09	21.08409	-0.018392563	-0.0021209717	0.0066447263	0.0	170.1372413635254
348	-25.960377	3.733837	-22.402143	-37.844204	23.076923	-25.971613	2.4500337e-06	-25.971605	-25.971611	209400	-8.145968e-09	14.365055	-0.01380615	-0.00080394745	0.00656125	0.0	170.5897138118744
349	-24.344137	1.3980014	-22.402143	-27.599977	23.0	-26.000544	2.5660752e-06	-26.000536	-26.000542	210000	9.497007e-08	4.682425	-0.016633451	-2.7243867	0.009098166	2.0	171.05694556236267
350	-24.430687	1.4008927	-22.402143	-28.471807	23.0	-24.317568	4.8870575e-06	-24.317553	-24.317572	210600	4.1127205e-08	1.9687105	-0.005251576	-0.012704015	0.0033356328	0.0	171.97705960273743
351	-25.678867	5.419255	-22.372011	-47.531723	23.076923	-24.432543	4.373059e-06	-24.432531	-24.432547	211200	-3.1193096e-08	31.999659	-0.013376902	-1.696331	0.0054869126	0.0	172.4282259941101
352	-25.477049	3.9002645	-22.402143	-42.964413	22.961538	-25.762722	2.2243316e-06	-25.762716	-25.762724	211800	1.8676122e-08	14.749533	-0.0052527236	-0.098176956	0.007014327	3.0	172.91792106628418
353	-29.241606	6.847391	-22.402143	-43.73889	23.2	-25.442822	1.5881851e-06	-25.442814	-25.442822	212400	-3.33786e-08	60.05384	-0.017924631	-14.02269	0.009943253	1.0	173.36520981788635
354	-26.098398	4.123569	-22.402143	-40.570957	23.076923	-29.24249	4.9000673e-06	-29.242487	-29.242506	213000	9.278456e-08	27.1367	-0.014467692	-9.612045	0.00788497	0.0	173.80186223983765
355	-26.773996	5.6252933	-22.402143	-44.396614	23.12	-26.122175	1.5881851e-06	-26.122168	-26.122175	213600	-5.066395e-09	31.888805	-0.008429383	-0.4892807	0.0044649625	0.0	174.2699065208435
356	-25.954704	3.8217382	-22.402143	-38.22397	22.961538	-26.828663	2.2243316e-06	-26.828657	-26.828661	214200	2.1457673e-08	15.101832	-0.013758701	-0.79201984	0.0058753365	1.0	174.73918867111206
357	-27.691065	6.343127	-22.372011	-44.49924	23.12	-25.92683	2.7242388e-06	-25.92682	-25.926828	214800	-2.9901663e-08	43.07876	-0.01367182	-3.1608734	0.006088212	0.0	175.21067476272583
358	-25.694078	4.52747	-22.372011	-46.07747	22.961538	-27.72836	3.8146973e-06	-27.728355	-27.728355	215400	-4.5696895e-09	23.993004	-0.014690674	-4.235113	0.005948465	0.0	175.6898009777069
359	-25.333055	3.9500308	-22.372011	-40.413532	22.961538	-25.645874	2.063113e-06	-25.645864	-25.645874	216000	-3.973643e-10	15.284787	-0.014138017	-0.11313057	0.009036794	0.0	176.1471815109253
360	-27.392935	5.8823752	-22.402143	-44.023277	23.076923	-25.304321	2.3822777e-06	-25.30431	-25.304321	216600	-5.5631e-09	39.809204	-0.018701755	-4.5717125	0.007236754	0.0	177.0928521156311
361	-25.913883	3.4661295	-22.402143	-40.512096	23.038462	-27.471859	3.8146973e-06	-27.471855	-27.471855	217200	2.2649765e-08	14.676627	-0.011172812	-2.343629	0.009492505	0.0	177.5160038471222
362	-24.75523	3.5844023	-22.402143	-40.489582	22.961538	-25.91861	3.8146973e-06	-25.918606	-25.918613	217800	-1.39077505e-08	13.800218	-0.012401553	-1.4009981	0.008123633	1.0	177.93515253067017
363	-28.131313	7.366972	-22.402143	-43.76866	23.0	-24.715612	2.7508172e-06	-24.715603	-24.715614	218400	-4.06305e-08	65.577034	-0.016788721	-11.561806	0.0075315842	0.0	178.36631202697754
364	-24.527815	2.161615	-22.402143	-32.51811	23.0	-28.135006	8.092195e-07	-28.135006	-28.13501	219000	0.0	17.625471	-0.009194417	-12.923735	0.008490354	1.0	178.8021433353424
365	-25.27075	4.7172084	-22.402143	-37.844204	23.12	-24.578632	2.4500337e-06	-24.578625	-24.578634	219600	5.265077e-09	22.618986	-0.008403294	-0.5297127	0.005283195	0.0	179.27309226989746
366	-25.289165	4.3020105	-22.402143	-37.844204	23.076923	-25.300697	1.5881851e-06	-25.30069	-25.300697	220200	9.139379e-09	18.970198	-0.010672674	-0.0009212494	0.0056768926	0.0	179.73866152763367
367	-25.260857	4.734776	-22.402143	-44.364662	23.076923	-25.331282	1.2555706e-06	-25.331276	-25.331282	220800	-1.9073486e-08	23.16727	-0.008287441	-0.00037193298	0.006977334	1.0	180.19664669036865
368	-29.57542	12.18174	-22.402143	-82.35262	22.884615	-25.311628	2.7508172e-06	-25.311619	-25.311626	221400	9.536743e-09	154.79381	-0.012930053	-16.271667	0.007912975	1.0	180.66206455230713
369	-28.517416	7.183315	-22.402143	-43.753887	22.961538	-29.28528	2.2243316e-06	-29.285278	-29.285286	222000	1.4702479e-08	51.43994	-0.021434411	-0.63871	0.009288898	1.0	181.1339008808136
370	-28.78116	12.715443	-22.402143	-85.173065	22.884615	-28.496813	2.4685248e-06	-28.496815	-28.49682	222600	4.371007e-09	150.12514	-0.021310752	-0.004714966	0.0070237257	0.0	182.11208534240723
371	-26.823994	6.991381	-22.402143	-45.971542	22.923077	-28.565125	2.2243316e-06	-28.565119	-28.565126	223200	-1.1920929e-08	50.85233	-0.016043289	-3.2024117	0.002880122	0.0	182.5545654296875
372	-26.213278	5.8456173	-22.402143	-43.48413	22.884615	-26.779974	2.0320201e-06	-26.779976	-26.779978	223800	1.2119611e-08	33.26757	-0.011398829	-0.40830612	0.008636076	0.0	182.99433398246765
373	-26.394854	6.615163	-22.402143	-44.2985	23.076923	-26.13879	1.9073486e-06	-26.138788	-26.138788	224400	4.708767e-08	44.189106	-0.0073945397	-0.08859253	0.00982579	0.0	183.42153549194336
374	-25.780565	5.3815284	-22.402143	-41.333633	23.076923	-26.438763	1.9073486e-06	-26.438765	-26.438765	225000	-1.6987324e-08	29.86793	-0.012278765	-0.37530518	0.0056347465	0.0	183.84537744522095
375	-25.903627	8.714492	-22.402143	-68.4784	22.923077	-25.818758	0.0	-25.818758	-25.818758	225600	-2.3047129e-08	69.63026	-0.00048785764	-0.003326416	0.007688681	0.0	184.29674243927002
376	-24.876482	5.3328557	-22.402143	-43.765747	22.923077	-25.76025	1.9073486e-06	-25.760252	-25.760252	226200	1.9868215e-10	28.178457	-0.0123615945	-0.877285	0.003932527	0.0	184.74828839302063
377	-26.753819	7.1468143	-22.402143	-45.044907	22.961538	-24.806974	2.0320201e-06	-24.80697	-24.806973	226800	-2.026558e-08	53.811134	-0.014037645	-3.6139412	0.008710376	0.0	185.2060730457306
378	-24.9306	3.5688417	-22.402143	-41.03394	23.038462	-26.740404	8.092195e-07	-26.740404	-26.740408	227400	-9.934108e-09	16.299173	-0.008193486	-3.167346	0.003367897	0.0	185.66632342338562
379	-24.44438	3.047386	-22.402143	-37.7702	23.0	-24.930708	2.0320201e-06	-24.930704	-24.930706	228000	3.3775965e-08	9.491326	-0.01276155	-0.23484993	0.007762008	0.0	186.12449383735657
380	-24.220232	3.0303314	-22.402143	-37.844204	23.038462	-24.436762	2.0320201e-06	-24.436758	-24.43676	228600	-2.7517478e-08	9.498625	-0.007842787	-0.03741455	0.0030712232	0.0	187.08326172828674
381	-24.334116	3.4787176	-22.402143	-39.950924	23.038462	-24.239286	8.092195e-07	-24.239283	-24.239286	229200	-2.324581e-08	12.481523	-0.0062908623	-0.014548302	0.0038354278	2.0	187.52280855178833
382	-24.489458	4.343006	-22.402143	-41.333633	23.038462	-24.362545	4.0460975e-07	-24.362543	-24.362545	229800	1.5894572e-09	19.043756	-0.0068296734	-0.021310806	0.0068769525	0.0	187.9347279071808
383	-27.731192	8.069966	-22.402143	-52.075348	22.961538	-24.511702	1.8639392e-06	-24.511702	-24.511703	230400	-7.083019e-08	73.31554	-0.020547632	-9.878803	0.00988916	1.0	188.3485984802246
384	-25.591047	5.674232	-22.402143	-44.884766	23.038462	-27.714434	2.0275395e-06	-27.71443	-27.714436	231000	1.847744e-08	36.434006	-0.011254863	-4.455574	0.0038664213	0.0	188.7563192844391
385	-27.3845	9.253053	-22.402143	-63.38111	23.038462	-25.565538	3.8146973e-06	-25.565542	-25.565542	231600	5.761782e-08	85.05174	-0.012746568	-3.1064072	0.008256747	0.0	189.17353796958923
386	-25.779985	5.598024	-22.402143	-48.926987	23.0	-27.359665	3.7278785e-06	-27.359661	-27.359665	232200	9.536743e-09	33.128414	-0.017136535	-2.5364475	0.0069577466	0.0	189.60430812835693
387	-24.060291	3.8472974	-22.402143	-41.03394	23.038462	-25.737974	1.9073486e-06	-25.737972	-25.737972	232800	-5.9604646e-09	17.947514	-0.0055001574	-2.7103558	0.0026003984	0.0	190.04539895057678
388	-27.168135	7.797342	-22.402143	-49.941162	23.038462	-24.06134	1.8639392e-06	-24.06134	-24.061342	233400	-1.1324882e-08	69.60888	-0.007171008	-9.58403	0.008227474	0.0	190.49257946014404
389	-26.48575	7.334623	-22.402143	-47.161938	23.0	-27.192293	8.092195e-07	-27.192293	-27.192297	234000	4.7683715e-09	53.338417	-0.012882863	-0.5313797	0.002877235	0.0	190.95395970344543
390	-23.639946	1.4659518	-22.402143	-26.263216	23.0	-26.452787	1.9073486e-06	-26.452785	-26.45279	234600	-2.324581e-08	10.027544	-0.0077965152	-7.8588476	0.0043572355	2.0	191.91965007781982
391	-25.61559	5.816524	-22.402143	-41.03394	23.16	-23.625671	0.0	-23.625671	-23.625671	235200	-2.2053719e-08	37.732975	-0.011320121	-4.0283012	0.0032073262	0.0	192.36978006362915
392	-23.873728	3.8233976	-22.402143	-41.955215	23.038462	-25.647188	0.0	-25.647188	-25.647188	235800	2.78155e-09	18.147572	-0.009652327	-3.028698	0.009406403	0.0	192.8387634754181
393	-23.538605	3.6827173	-22.402143	-41.497353	23.038462	-23.893646	8.092195e-07	-23.893642	-23.893646	236400	1.480182e-08	14.15932	-0.0011519874	-0.10530281	0.008937413	7.0	193.2924144268036
394	-29.230703	9.988923	-22.402143	-68.202065	23.16	-23.565205	1.9073486e-06	-23.565203	-23.565207	237000	4.629294e-08	121.77891	-0.021407958	-29.382149	0.0061513907	2.0	193.74974703788757
395	-30.860172	13.742125	-22.402143	-89.06228	23.0	-28.811306	4.0640402e-06	-28.811302	-28.811314	237600	1.9073486e-08	180.45642	-0.026361283	-3.4823456	0.009083973	1.0	194.17753291130066
396	-24.133291	3.6314895	-22.402143	-41.03394	23.038462	-30.613314	0.035620082	-30.605576	-30.777401	238200	1.5695889e-08	55.173553	-0.011001237	-40.984474	0.009108143	0.0	194.6026713848114
397	-23.353395	1.2511739	-22.402143	-25.913939	23.0	-24.880035	2.8322681e-06	-24.880035	-24.880049	238800	-7.390976e-08	3.8830848	-0.012669274	-2.2969444	0.0057518804	0.0	195.03014969825745
398	-23.504978	3.8152366	-22.402143	-40.197853	23.08	-23.493317	1.1911388e-06	-23.493317	-23.493322	239400	4.2319297e-08	14.512509	-0.008435088	-0.0025777817	0.005654758	0.0	195.48667311668396
399	-25.018278	6.1400185	-21.523045	-50.70665	23.12	-23.533285	7.9409256e-07	-23.533285	-23.533289	240000	-1.7484028e-08	41.04499	-0.012723266	-2.344841	0.0092910305	0.0	195.93828344345093
400	-24.882425	4.403208	-22.402143	-40.570957	23.076923	-24.932106	3.5734165e-06	-24.932106	-24.932123	240600	-6.7551933e-09	20.011562	-0.00593132	3.0517578e-05	0.0052668224	5.0	196.9364309310913
401	-28.738155	8.3090925	-22.402143	-48.100883	22.807692	-24.936768	3.236878e-06	-24.936768	-24.936783	241200	-1.11262e-08	79.94251	-0.02004701	-13.029556	0.007404901	0.0	197.3754506111145
402	-25.235683	6.092084	-22.402143	-45.98663	22.923077	-28.226015	5.9465247e-06	-28.22601	-28.226025	241800	-2.78155e-09	45.127045	-0.017932693	-9.074238	0.007368739	0.0	197.81339359283447
403	-25.654697	5.2805142	-22.402143	-50.050144	22.961538	-25.525455	4.090807e-06	-25.525457	-25.525473	242400	-2.2848447e-08	26.805098	-0.012173615	-0.0071525574	0.008900104	1.0	198.2435965538025
404	-26.078718	5.464188	-22.402143	-47.058483	23.0	-25.589342	3.236878e-06	-25.589342	-25.589357	243000	8.742014e-09	30.451757	-0.010996849	-0.24912071	0.005543541	0.0	198.65810227394104
405	-25.963116	4.8136353	-22.402143	-40.365486	23.038462	-26.05106	3.236878e-06	-26.05106	-26.051075	243600	7.549922e-09	23.22364	-0.0018569025	-0.0051612854	0.008422695	1.0	199.07318019866943
406	-25.859951	4.631355	-22.402143	-46.328934	22.961538	-25.985502	4.4486633e-06	-25.985498	-25.985514	244200	-4.5696895e-09	20.703905	-0.013117827	-0.025224686	0.008720268	0.0	199.479229927063
407	-24.226454	1.4527564	-22.402143	-26.500393	23.0	-25.835083	4.0640402e-06	-25.83508	-25.83509	244800	-6.477038e-08	4.6825194	-0.014087178	-2.5640645	0.0065558753	1.0	199.9079475402832
408	-24.61065	3.7433589	-22.402143	-41.178055	23.038462	-24.311768	3.236878e-06	-24.311768	-24.311783	245400	2.4239222e-08	14.5291815	-0.0050357645	-0.106007576	0.002503368	2.0	200.33952617645264
409	-25.656017	4.9067	-22.402143	-37.844204	23.12	-24.621412	4.426802e-06	-24.621408	-24.621424	246000	-1.41064325e-08	24.924067	-0.013194485	-1.1133442	0.006435762	0.0	200.78168725967407
410	-24.625002	5.0660415	-22.402143	-42.031124	23.0	-25.643406	4.090807e-06	-25.643408	-25.643423	246600	3.1193096e-08	26.573486	-0.012519126	-1.0320282	0.005038883	3.0	201.76605582237244
411	-23.732027	3.0515816	-22.402143	-37.844204	23.038462	-24.654343	3.0606855e-06	-24.65434	-24.654354	247200	1.40070915e-08	10.418893	-0.006761811	-0.80482674	0.0068999813	0.0	202.2276782989502
412	-27.774214	9.209017	-22.402143	-61.4767	22.846153	-23.772583	3.0606855e-06	-23.772581	-23.772594	247800	1.947085e-08	96.92431	-0.010756792	-14.787849	0.0078076217	1.0	202.68268585205078
413	-27.251528	6.5974836	-22.402143	-43.76866	22.961538	-27.469576	7.146833e-06	-27.469582	-27.469597	248400	-3.8345654e-08	42.98634	-0.02532337	-0.0595932	0.0074879266	0.0	203.14927458763123
414	-23.911642	3.0179358	-22.402143	-37.7702	23.0	-27.238909	3.3905771e-06	-27.238907	-27.238922	249000	3.8743018e-08	20.111376	-0.013301908	-10.97527	0.008405448	0.0	203.60184288024902
415	-25.550875	9.219635	-22.402143	-68.948875	23.076923	-24.070208	4.0310842e-06	-24.07021	-24.070225	249600	-1.07288365e-08	90.57636	-0.0076248054	-2.4705658	0.005888049	0.0	204.05808782577515
416	-25.151543	5.408541	-22.402143	-40.455795	22.923077	-25.571354	4.090807e-06	-25.571356	-25.571371	250200	-2.8212865e-08	28.596458	-0.019311547	-0.21858406	0.008755787	0.0	204.49447798728943
417	-23.607145	1.7145108	-22.402143	-28.34412	23.0	-25.121674	3.3905771e-06	-25.121672	-25.121687	250800	3.5762786e-09	5.21589	-0.008350045	-2.2767928	0.0057449653	2.0	204.92614150047302
418	-23.995777	3.1479585	-22.402143	-37.844204	23.038462	-23.65372	3.7351906e-06	-23.653723	-23.653736	251400	3.1789145e-09	10.328841	-0.007404938	-0.13283443	0.006575648	0.0	205.3611032962799
419	-26.28163	6.3454523	-22.402143	-41.258507	22.884615	-24.009571	3.0606855e-06	-24.00957	-24.009583	252000	-1.768271e-08	44.012997	-0.02457298	-4.773472	0.0072107203	0.0	205.7942397594452
420	-24.383427	5.2540383	-22.402143	-43.765747	22.923077	-26.15056	2.7508172e-06	-26.150558	-26.15057	252600	3.417333e-08	29.76703	-0.013476105	-3.290842	0.005368257	0.0	206.79419612884521
421	-22.723665	0.8309764	-22.402143	-25.537212	23.0	-24.372799	3.3905771e-06	-24.372797	-24.372812	253200	-2.2649765e-08	3.3988025	-0.008142531	-2.7009006	0.0041650087	0.0	207.25660586357117
422	-23.969069	3.8084967	-22.402143	-37.7702	23.0	-22.754602	3.3905771e-06	-22.7546	-22.754616	253800	1.947085e-08	15.926309	-0.0066543655	-1.464881	0.005242287	0.0	207.7097544670105
423	-24.048706	3.6403642	-22.402143	-40.455795	22.961538	-23.949924	3.3905771e-06	-23.949923	-23.949938	254400	2.6424726e-08	12.76373	-0.015419363	-0.0050344467	0.0056273835	0.0	208.14571142196655
424	-22.982454	1.5230993	-22.402143	-28.887617	23.0	-24.021105	3.236878e-06	-24.021105	-24.02112	255000	-4.7683717e-08	3.387301	-0.008865806	-1.0716178	0.0030175739	0.0	208.5760772228241
425	-22.833881	1.0344468	-22.402143	-25.913939	23.0	-22.98579	3.3905771e-06	-22.985788	-22.985804	255600	-1.8378099e-08	1.0895114	-0.0066884994	-0.02292037	0.0060384343	1.0	209.00586485862732
426	-24.782274	4.485076	-22.402143	-40.455795	22.961538	-22.833368	3.3905771e-06	-22.833366	-22.833382	256200	-1.4702479e-08	23.31683	-0.014234204	-3.6596088	0.0038152544	0.0	209.4374861717224
427	-23.344357	4.711067	-22.402143	-46.899693	22.961538	-24.756952	3.0606855e-06	-24.75695	-24.756964	256800	1.8278758e-08	23.291746	-0.019883614	-2.0872955	0.004468881	0.0	209.84908270835876
428	-24.176115	3.222141	-22.402143	-37.844204	23.038462	-23.30166	3.3905771e-06	-23.301659	-23.301674	257400	-3.973643e-09	11.462183	-0.0027552017	-0.8023262	0.007270418	1.0	210.28748393058777
429	-22.97581	1.5091021	-22.402143	-28.867216	23.0	-24.207087	3.3905771e-06	-24.207085	-24.2071	258000	-2.6623407e-08	3.7807963	-0.0065690028	-1.5057096	0.0076425713	0.0	210.71256351470947
430	-23.265287	2.7505717	-22.402143	-36.227684	23.0	-22.964003	4.241439e-06	-22.963999	-22.964012	258600	-2.1060307e-08	7.6308985	-0.015228848	-0.09014225	0.0067842333	0.0	211.6910321712494
431	-26.254784	7.52207	-22.402143	-47.161938	22.923077	-23.26918	3.0606855e-06	-23.269178	-23.269192	259200	-5.1458677e-08	63.60872	-0.009353238	-8.416779	0.004180075	4.0	212.1506371498108
432	-24.566744	4.1744385	-22.402143	-37.844204	23.038462	-26.199467	2.8322681e-06	-26.199467	-26.19948	259800	3.1391778e-08	20.25075	-0.008807381	-2.5849571	0.0064571537	1.0	212.61062335968018
433	-24.453846	4.217209	-22.402143	-43.765747	22.961538	-24.574404	4.4547924e-06	-24.574406	-24.574423	260400	6.357829e-09	17.12621	-0.01979863	-0.023143768	0.0070778388	1.0	213.06973099708557
434	-24.123417	3.692818	-22.402143	-41.497353	23.038462	-24.420044	3.7351906e-06	-24.420042	-24.42006	261000	-1.0331472e-08	14.165195	-0.0073661273	-0.071359634	0.004144713	0.0	213.5274143218994
435	-24.495028	4.630391	-22.402143	-37.7702	23.0	-24.14819	3.3905771e-06	-24.148188	-24.148203	261600	-1.9868216e-08	21.488958	-0.019464606	-0.11945343	0.0055579385	0.0	213.9859540462494
436	-23.147236	1.3564531	-22.402143	-26.819931	23.0	-24.500639	4.681754e-06	-24.500635	-24.500652	262200	-1.2715658e-08	3.6594272	-0.012005118	-1.8187792	0.008115306	0.0	214.44878840446472
437	-23.449894	1.5946823	-22.402143	-29.009789	23.0	-23.124727	4.4486633e-06	-23.124723	-23.124739	262800	2.1855036e-09	2.6399198	-0.0049125995	-0.10498762	0.0058699134	0.0	214.89464139938354
438	-23.954084	4.0237236	-22.402143	-42.930534	22.961538	-23.455544	2.8322681e-06	-23.455544	-23.455557	263400	-4.251798e-08	15.751972	-0.01448739	-0.21558571	0.00454262	3.0	215.34446096420288
439	-24.963148	4.8058624	-22.402143	-41.402065	22.961538	-23.929968	3.7351906e-06	-23.92997	-23.929983	264000	2.7616819e-08	23.602337	-0.02239437	-1.0024052	0.007152138	0.0	215.77087926864624
440	-23.168867	1.1268883	-22.402143	-25.537212	23.0	-24.952728	4.4486633e-06	-24.952724	-24.95274	264600	3.1193096e-08	4.4371843	-0.006091789	-3.159575	0.002003022	0.0	216.7559893131256
441	-23.098024	1.2543561	-22.402143	-27.8855	23.0	-23.137484	3.236878e-06	-23.137484	-23.137499	265200	1.2516975e-08	1.5697174	-0.010559539	-0.0015466213	0.007467143	0.0	217.2011444568634
442	-23.250792	2.9945471	-22.402143	-37.844204	23.038462	-23.096914	3.236878e-06	-23.096914	-23.09693	265800	1.4503797e-08	9.323493	-0.0017786843	-0.031650543	0.0040488923	5.0	217.66393756866455
443	-23.387379	3.6604161	-22.402143	-41.402065	23.0	-23.27832	4.4486633e-06	-23.278316	-23.278332	266400	3.8146972e-08	13.365847	-0.012789871	-0.011817932	0.0077907164	1.0	218.11718153953552
444	-24.40635	3.5132651	-22.402143	-40.570957	23.038462	-23.388994	3.236878e-06	-23.388994	-23.38901	267000	-4.336238e-08	13.825488	-0.00803201	-1.0867281	0.005868381	0.0	218.554767370224
445	-24.289959	4.0122285	-22.402143	-37.7702	23.0	-24.448748	3.236878e-06	-24.448748	-24.448763	267600	4.9273172e-08	16.06946	-0.013796399	-0.025075912	0.0047516464	2.0	218.9950680732727
446	-23.074419	1.1349651	-22.402143	-25.801394	23.0	-24.28868	4.4486633e-06	-24.288675	-24.28869	268200	-1.0251999e-07	2.7533646	-0.012607499	-1.4643618	0.0051883142	1.0	219.4213147163391
447	-24.763882	7.2192574	-22.402143	-55.737423	23.076923	-23.062561	4.426802e-06	-23.062557	-23.062572	268800	1.390775e-09	57.17459	-0.011832914	-3.1706924	0.009041458	1.0	219.84260535240173
448	-26.598042	6.530167	-22.402143	-40.886475	22.961538	-24.869022	3.6414876e-06	-24.869022	-24.86904	269400	-5.364418e-08	45.05288	-0.019072697	-2.8775482	0.0046009	0.0	220.2842206954956
449	-23.612318	3.5036664	-22.402143	-40.365486	22.961538	-26.593203	3.236878e-06	-26.593203	-26.593218	270000	5.165736e-09	20.77468	-0.019276412	-8.959794	0.005632724	2.0	220.71769261360168
450	-24.268887	3.9612598	-22.402143	-37.7702	23.038462	-23.538988	3.3905771e-06	-23.538986	-23.539001	270600	1.1523564e-08	16.458643	-0.012678036	-0.5613642	0.0030638885	0.0	221.702086687088
451	-23.103624	1.7399232	-22.402143	-30.617222	23.0	-24.30295	3.3905771e-06	-24.302948	-24.302963	271200	-5.086263e-08	4.450825	0.0	-1.4282475	6.6341377e-09	9.0	222.1549527645111
452	-23.064548	0.9395912	-22.402143	-25.537212	23.0	-23.08405	3.7351906e-06	-23.084047	-23.084064	271800	-4.5696893e-08	0.88026744	-0.0046447515	-0.00037688017	0.00986053	0.0	222.59027576446533
453	-25.20525	5.4392414	-22.402143	-37.7702	23.0	-23.063868	3.3905771e-06	-23.063866	-23.06388	272400	2.5431316e-08	34.057007	-0.029693604	-4.5532837	0.00813121	0.0	223.04749941825867
454	-23.958008	4.018489	-22.402143	-37.844204	23.076923	-25.240107	3.3473832e-06	-25.240105	-25.24012	273000	7.7486035e-09	18.238062	-0.006829686	-1.5291061	0.004213818	0.0	223.50909852981567
455	-22.76952	0.80287486	-22.402143	-26.153553	23.0	-23.979782	4.681754e-06	-23.979778	-23.979795	273600	1.9868216e-08	2.1023092	-0.0014783482	-1.4544398	0.0029276423	0.0	223.96875858306885
456	-23.08369	1.2405163	-22.402143	-27.826635	23.0	-22.750217	3.236878e-06	-22.750217	-22.750233	274200	-3.2782555e-08	1.644587	-0.018505268	-0.11043823	0.0044477535	0.0	224.427161693573
457	-23.244656	1.0552825	-22.402143	-26.042494	23.0	-23.087904	3.236878e-06	-23.087904	-23.08792	274800	-1.8080076e-08	1.1343976	-0.0025999642	-0.024401665	0.0029951073	0.0	224.88224291801453
458	-23.523731	2.9878197	-22.402143	-37.7702	23.0	-23.246569	3.236878e-06	-23.246569	-23.246584	275400	0.0	8.973874	-0.014850111	-0.07629967	0.008961453	0.0	225.33309721946716
459	-23.693386	3.0265763	-22.402143	-37.844204	23.038462	-23.526197	3.236878e-06	-23.526197	-23.526213	276000	-3.596147e-08	9.499162	-0.005765074	-0.036283493	0.002031862	0.0	225.76714849472046
460	-23.230843	1.1564047	-22.402143	-26.153553	23.0	-23.718493	3.236878e-06	-23.718493	-23.718508	276600	2.404054e-08	1.5698287	-0.020018045	-0.2362169	0.008921526	0.0	226.78228545188904
461	-23.869162	4.0863657	-22.402143	-37.844204	23.076923	-23.229633	4.0310842e-06	-23.229635	-23.22965	277200	4.0133795e-08	17.762314	-0.008316635	-0.4707451	0.0041843085	2.0	227.22419691085815
462	-25.411167	5.400632	-22.402143	-38.28898	23.0	-23.917952	4.4486633e-06	-23.917948	-23.917963	277800	-4.5696895e-09	31.291855	-0.02438408	-2.2148113	0.008314577	0.0	227.66206455230713
463	-24.425985	5.0611243	-22.402143	-41.497353	23.0	-25.413113	3.7351906e-06	-25.41311	-25.413128	278400	-1.9868216e-08	26.531355	-0.0023854924	-0.9660225	0.0052725244	6.0	228.124253988266
464	-23.792376	3.7086449	-22.402143	-41.461655	23.038462	-24.427536	4.681754e-06	-24.427532	-24.42755	279000	1.7484028e-08	14.593874	-0.0013011883	-0.36559963	0.006578895	1.0	228.5807192325592
465	-24.230669	4.0233994	-22.402143	-37.7702	23.0	-23.822308	3.3905771e-06	-23.822306	-23.82232	279600	1.4305114e-08	16.299978	-0.02009928	-0.16563225	0.008454748	1.0	229.02409148216248
466	-23.294699	3.2683256	-22.402143	-39.292202	22.961538	-24.22815	3.236878e-06	-24.22815	-24.228165	280200	2.4239222e-08	11.136558	-0.024032105	-0.91285706	0.0047880337	0.0	229.4707407951355
467	-25.302685	6.118329	-22.402143	-41.56866	23.12	-23.27646	5.1662983e-06	-23.276464	-23.276478	280800	2.1855036e-09	41.48172	-0.015685359	-4.134102	0.006563824	1.0	229.89970016479492
468	-22.93962	1.2158507	-22.402143	-26.722786	23.0	-25.313297	4.090807e-06	-25.313295	-25.313314	281400	6.000201e-08	7.088928	-0.011179451	-5.5963655	0.0031038746	0.0	230.33394765853882
469	-23.551348	3.6828766	-22.402143	-41.497353	23.038462	-22.925644	3.236878e-06	-22.925644	-22.92566	282000	1.5099843e-08	14.483415	-0.004968082	-0.4284439	0.0068070856	1.0	230.7643609046936
470	-24.583536	5.1033745	-22.402143	-41.56866	23.076923	-23.584366	4.426802e-06	-23.584362	-23.584377	282600	-3.774961e-09	28.030767	-0.014940263	-1.1146526	0.007835287	1.0	231.82318258285522
471	-23.925894	3.3997388	-22.402143	-37.844204	23.038462	-24.647005	3.236878e-06	-24.647005	-24.64702	283200	-4.708767e-08	12.328234	-0.015079946	-0.48539162	0.006040356	0.0	232.24609231948853
472	-23.298744	1.3836476	-22.402143	-26.722786	23.0	-23.94792	4.4486633e-06	-23.947916	-23.947931	283800	1.11262e-08	2.3281116	-0.009070325	-0.41861212	0.0034353102	0.0	232.66616940498352
473	-22.643084	0.6098327	-22.402143	-25.172703	23.0	-23.299896	4.4486633e-06	-23.299892	-23.299908	284400	-4.7286353e-08	0.80062467	-0.014323817	-0.428535	0.0060888636	2.0	233.11256790161133
474	-23.477581	3.726379	-22.402143	-41.56866	23.038462	-22.645922	3.236878e-06	-22.645922	-22.645937	285000	9.735425e-09	15.125753	-0.012110207	-0.74031353	0.0050735543	1.0	233.54763770103455
475	-23.024157	1.454413	-22.402143	-29.115767	23.0	-23.503658	3.7351906e-06	-23.503656	-23.503674	285600	-1.013279e-08	2.337422	-0.011690249	-0.22838426	0.0032647534	4.0	234.00577807426453
476	-23.558105	4.238258	-22.402143	-44.14141	22.961538	-23.028625	4.4486633e-06	-23.028622	-23.028637	286200	1.3113022e-08	17.439447	-0.010290666	-0.24255371	0.0010451549	0.0	234.46748161315918
477	-23.254444	3.0114095	-22.402143	-37.844204	23.038462	-23.517012	3.6414876e-06	-23.517012	-23.517029	286800	3.5564106e-08	9.449184	-0.006923854	-0.05654812	0.004164419	0.0	234.9156186580658
478	-22.994656	2.2140684	-22.402143	-33.78959	23.038462	-23.281832	5.5016344e-06	-23.281836	-23.28185	287400	5.9604643e-10	5.1519785	-0.016334776	-0.072193146	0.0023667144	0.0	235.36923384666443
479	-23.102327	1.1222265	-22.402143	-26.20285	23.0	-23.01668	4.090807e-06	-23.016682	-23.016697	288000	8.8214875e-08	1.2625054	-0.011793835	-0.007285118	0.0071296836	0.0	235.8153989315033
480	-22.920412	1.0312366	-22.402143	-25.913939	23.0	-23.100746	3.236878e-06	-23.100746	-23.100761	288600	0.0	1.0923171	-0.010472509	-0.0322963	0.009149628	2.0	236.85381507873535
481	-24.799395	5.2714186	-22.402143	-41.402065	23.0	-22.923956	3.7351906e-06	-22.923958	-22.923971	289200	-7.947286e-09	31.200762	-0.016868886	-3.4932556	0.007371251	1.0	237.29026651382446
482	-24.18379	4.9536147	-22.402143	-43.67704	22.961538	-24.769056	3.3905771e-06	-24.769054	-24.76907	289800	8.3843865e-08	24.202065	-0.014486926	-0.3779602	0.004175059	0.0	237.7148082256317
483	-24.81491	7.248904	-22.402143	-57.846844	23.0	-24.163036	3.7351906e-06	-24.163034	-24.163052	290400	-3.3775966e-09	51.21595	-0.002242175	-0.3798294	0.00017491226	6.0	238.15542602539062
484	-23.184597	3.0811415	-22.402143	-38.28898	23.0	-24.769897	3.236878e-06	-24.769897	-24.769913	291000	8.145968e-09	11.966599	-0.016966544	-2.4960108	0.0076917075	3.0	238.61159706115723
485	-23.13189	1.238948	-22.402143	-26.211214	23.0	-23.21083	4.241439e-06	-23.210827	-23.21084	291600	7.947286e-09	1.5360856	-0.010637974	-0.0061889887	0.0019372809	0.0	239.0667905807495
486	-22.563713	0.603977	-22.402143	-25.321053	23.0	-23.133347	4.681754e-06	-23.133343	-23.13336	292200	-3.0199686e-08	0.6869738	-0.00697961	-0.32224026	0.004380512	3.0	239.50326323509216
487	-23.557814	3.0022018	-22.402143	-37.844204	23.038462	-22.574753	4.4486633e-06	-22.574749	-22.574764	292800	-4.897515e-08	10.334942	-0.002308348	-1.0102215	0.0054034083	4.0	239.9387583732605
488	-22.76262	0.80439883	-22.402143	-25.165516	23.0	-23.56377	3.236878e-06	-23.56377	-23.563786	293400	3.9339067e-08	1.2846098	-0.012226328	-0.6374028	0.007538221	1.0	240.3668975830078
489	-23.49575	3.0586715	-22.402143	-38.28898	23.0	-22.778496	3.6414876e-06	-22.778496	-22.778513	294000	-3.9935113e-08	9.837018	-0.011437682	-0.5108757	0.0028161458	0.0	240.79934096336365
490	-23.020832	0.77360415	-22.402143	-25.344679	23.0	-23.481276	3.236878e-06	-23.481276	-23.48129	294600	5.9604645e-08	0.8077702	-0.011132969	-0.21053481	0.0035263253	0.0	241.84141945838928
491	-22.887268	0.69186705	-22.402143	-24.865019	23.0	-23.030247	3.3905771e-06	-23.030245	-23.03026	295200	-2.3841858e-08	0.4974594	-0.007463094	-0.020301461	0.002536767	0.0	242.28635144233704
492	-23.11792	2.530557	-22.402143	-35.31347	23.0	-22.890095	4.090807e-06	-22.890097	-22.890112	295800	-4.967054e-09	6.434103	-0.021226855	-0.051542282	0.005914121	1.0	242.72832798957825
493	-22.51417	0.3910728	-22.402143	-24.032942	23.0	-23.113544	4.090807e-06	-23.113546	-23.113562	296400	-5.5631002e-08	0.51048267	-0.006819738	-0.3567814	0.0011771177	0.0	243.16292476654053
494	-22.599356	0.46249813	-22.402143	-23.684008	23.0	-22.525097	3.3905771e-06	-22.525095	-22.52511	297000	-1.3510387e-08	0.21868655	-0.01008842	-0.005475357	0.0050277114	0.0	243.59197092056274
495	-23.270826	3.5189474	-22.402143	-40.570957	23.038462	-22.598022	4.681754e-06	-22.598019	-22.598036	297600	1.9768875e-08	13.331257	-0.0069667934	-0.49066925	0.002646742	0.0	244.03598856925964
496	-23.629408	4.1081715	-22.402143	-37.844204	23.076923	-23.290176	4.0310842e-06	-23.290174	-23.290194	298200	-2.2649765e-08	17.641556	-0.0046680835	-0.14941788	0.00036515645	0.0	244.47295761108398
497	-23.327055	3.0954967	-22.402143	-37.844204	23.038462	-23.673151	3.7351906e-06	-23.67315	-23.673166	298800	2.3394824e-08	10.00425	-0.0075350325	-0.103245735	0.0034822123	0.0	244.93764090538025
498	-22.704638	0.90245026	-22.402143	-26.042494	23.0	-23.354265	3.236878e-06	-23.354265	-23.35428	299400	7.073084e-08	1.2323159	-0.0017359726	-0.4191985	0.0002726532	5.0	245.40937113761902
499	-22.540163	0.38436463	-22.402143	-23.684008	23.0	-22.710524	3.3905771e-06	-22.710522	-22.710537	300000	-2.3444494e-08	0.17617008	-0.004804736	-0.028829888	0.0015976703	0.0	246.47069430351257
