Epoch	AverageEpRet	StdEpRet	MaxEpRet	MinEpRet	EpLen	AverageVVals	StdVVals	MaxVVals	MinVVals	TotalEnvInteracts	LossPi	LossV	DeltaLossPi	DeltaLossV	Entropy	KL	Time
0	-839.5844	67.14593	-645.2896	-886.4	11.384615	2.307482	0.7437662	3.0771244	0.0	600	-0.009393692	586989.6	-0.001245562	-5642.9375	2.693246	-0.0007708877	0.7299404144287109
1	-836.1248	62.634197	-685.72723	-898.1644	12.369565	-1.3850497	0.2649637	-0.6551682	-1.8493606	1200	-0.06807438	601981.3	-0.0011606812	-8000.5	2.6577342	0.0006707704	1.1300058364868164
2	-839.27234	56.393803	-703.6161	-902.7688	11.764706	-6.7753477	1.6614072	-1.4789045	-7.7697363	1800	-0.039010342	611270.3	-0.0013384409	-4705.375	2.6525	-4.7845046e-05	1.5195283889770508
3	-828.77344	65.42255	-664.0028	-886.4	13.227273	-9.880327	2.0065713	-2.8709497	-10.511961	2400	-0.0075410684	566856.0	-0.0009119413	-3914.4375	2.6460905	3.1615098e-05	1.9283342361450195
4	-837.1972	70.12762	-639.9051	-886.4	11.725491	-12.430028	2.4248598	-4.5761185	-13.209211	3000	-0.04108591	569576.1	-0.00065239146	-4015.25	2.6469634	-0.00031674287	2.3531644344329834
5	-837.72003	62.378845	-670.9406	-887.28467	10.81132	-15.082544	2.6026707	-6.809423	-15.91398	3600	-0.05980367	566868.25	-0.00074872375	-3883.375	2.645932	0.0004800882	2.7881743907928467
6	-848.2271	58.514942	-678.2366	-887.72516	10.381818	-17.706543	2.674249	-9.37197	-18.570347	4200	-0.019277623	553602.4	-0.000833923	-3832.375	2.654817	-0.00048672975	3.2155649662017822
7	-840.08746	62.367706	-705.9661	-898.30676	11.490196	-20.416845	2.538416	-12.176635	-21.203144	4800	-0.07414737	582153.44	-0.00061363727	-4139.6875	2.61298	0.0005474265	3.632538080215454
8	-838.2706	63.073944	-660.6078	-886.4	12.723404	-23.234573	2.400235	-15.095125	-23.944698	5400	-0.041886013	577694.5	-0.0004671961	-4214.5	2.6813889	-5.717993e-05	4.057441234588623
9	-843.05255	59.71007	-706.163	-910.1441	15.052631	-26.15325	2.1304677	-18.073101	-26.71651	6000	-0.00051769573	568642.75	-0.000415624	-3984.625	2.6326375	-7.4634554e-05	4.473953008651733
10	-831.8594	65.0449	-681.451	-886.4	14.390244	-28.828041	2.1660588	-20.93293	-29.424088	6600	-0.038028337	570855.9	-0.00043450668	-4106.25	2.6237137	4.8983097e-06	5.041098117828369
11	-842.197	60.703583	-650.0797	-903.7764	11.18868	-31.415657	2.3470337	-23.952858	-32.15745	7200	-0.030408356	561607.25	-0.0010978244	-4099.25	2.6694746	0.00034751414	5.439474105834961
12	-838.8535	74.99055	-545.7997	-886.4	9.645162	-34.054474	2.3374677	-27.262196	-34.863785	7800	-0.11247113	525395.5	-0.0013672635	-3891.5938	2.6518416	-0.00016092579	5.828937768936157
13	-816.8274	84.26151	-618.9345	-903.4334	18.75	-37.11886	1.5456808	-30.606842	-37.486595	8400	-0.012534911	536464.25	-0.00041144807	-3901.8125	2.6366498	-0.00015142461	6.234274387359619
14	-821.05493	72.78209	-669.3651	-927.07306	16.314285	-39.758846	1.5938274	-33.45037	-40.162598	9000	0.010959864	510728.97	-0.00078794826	-3588.2812	2.5987103	-6.314834e-05	6.642614364624023
15	-849.87854	47.842068	-729.4131	-886.4	11.68	-42.184216	1.8117467	-36.23999	-42.737507	9600	-0.056766994	570684.06	-0.00051003695	-4098.5	2.6361532	0.0003730468	7.040154457092285
16	-838.8736	64.800766	-638.0442	-902.0716	13.25	-45.000977	1.5898788	-39.417526	-45.454296	10200	-0.020744095	530936.94	-0.00073405355	-3820.375	2.644489	0.00042478938	7.461386203765869
17	-832.6976	70.1432	-662.19794	-906.4382	14.775	-47.710815	1.4306484	-42.42827	-48.09915	10800	-0.04030353	527316.7	-0.00075351074	-3819.4062	2.601381	0.00032622935	7.871406555175781
18	-823.6476	72.1662	-648.08417	-886.4	16.0	-50.402992	1.3121963	-45.356686	-50.744743	11400	-0.066305235	510844.16	-0.00065969676	-3716.4688	2.6158545	-2.6414196e-05	8.261055707931519
19	-828.3172	77.90995	-613.5041	-891.874	14.95	-53.009068	1.3003584	-48.207584	-53.361694	12000	-0.069021374	514737.97	-0.00044617057	-3764.4375	2.5918856	4.694899e-05	8.662185668945312
20	-812.28845	68.91696	-648.8215	-886.4	17.666666	-55.714108	1.1312311	-51.098625	-55.992004	12600	-8.846919e-05	501922.1	-0.00062272075	-3608.1875	2.6325047	0.00017875573	9.249751091003418
21	-821.8001	80.265816	-617.38904	-886.6639	14.261905	-58.240997	1.2151479	-53.86758	-58.57907	13200	-0.03245917	478362.12	-0.00048324093	-3538.875	2.651583	-0.000111092726	9.64046597480774
22	-832.361	79.89048	-528.07996	-886.4	13.5	-60.81815	1.1467805	-56.690796	-61.137177	13800	-0.016559074	470402.62	-0.0007953234	-3305.8125	2.6147668	-7.115742e-05	10.046315670013428
23	-821.84607	80.380646	-631.0628	-890.5904	15.025641	-63.33944	1.0425631	-59.43853	-63.618336	14400	-0.054268558	470554.28	-0.0004806891	-3423.625	2.647013	9.565413e-05	10.435734272003174
24	-824.2483	78.97736	-654.28516	-895.56384	13.5	-65.84795	1.044205	-62.180843	-66.14568	15000	-0.053854715	468436.97	-0.0005194321	-3477.5625	2.6589873	7.348438e-05	10.820745468139648
25	-820.56934	77.653725	-604.0244	-886.4	15.333333	-68.44846	0.93020374	-64.96798	-68.69745	15600	-0.02409518	466486.5	-0.00035584345	-3496.2188	2.5885382	-7.820944e-05	11.228660106658936
26	-820.5398	70.876884	-676.56433	-886.4	16.171429	-71.051094	0.8416196	-67.71989	-71.26422	16200	-0.04402007	458522.47	-0.00042768568	-3281.5625	2.5766592	7.7361066e-05	11.608894109725952
27	-804.10944	93.88086	-513.44904	-886.4	17.085714	-73.55909	0.80622184	-70.36798	-73.76323	16800	0.016765207	441216.47	-0.0007315483	-3305.75	2.632404	-0.00021607678	12.01431393623352
28	-802.56525	82.9649	-636.38226	-886.4	20.206896	-76.10956	0.7102161	-73.0138	-76.27268	17400	-0.0012797499	451223.53	-0.0006571992	-3337.875	2.6704533	2.856493e-05	12.415289163589478
29	-808.1666	83.881096	-634.05206	-886.4	16.542856	-78.6119	0.7508943	-75.6398	-78.802	18000	-0.028030427	426478.94	-0.00036598928	-3154.0312	2.6574602	8.0959995e-05	12.834990739822388
30	-814.64667	96.72517	-551.42285	-915.47504	18.09375	-81.10284	0.69101864	-78.238495	-81.26962	18600	-0.07031742	432316.22	-0.000628531	-3171.0312	2.7029412	-0.0004904765	13.41757583618164
31	-807.85803	80.69323	-637.0479	-891.3222	20.5	-83.60574	0.6252354	-80.8314	-83.74683	19200	0.010919201	439529.28	-0.00042654853	-3238.9062	2.6175544	-6.254156e-05	13.868396282196045
32	-836.6102	64.40647	-678.00244	-886.4	13.333333	-86.04492	0.7446212	-83.4299	-86.25718	19800	-0.058744386	472635.72	-0.00044013187	-3647.875	2.5527525	0.00020592252	14.285424947738647
33	-814.8412	99.25269	-499.37704	-886.4	13.860465	-88.71538	0.69192946	-86.25573	-88.91032	20400	-0.030016728	400383.0	-0.0010367781	-3081.625	2.6087127	-0.0001097389	14.738126993179321
34	-818.30774	77.62557	-663.5862	-886.4	16.027027	-91.21545	0.6082298	-88.87637	-91.373825	21000	-0.039595008	429976.72	-0.0006213337	-3303.6562	2.6314414	3.1757158e-05	15.146727085113525
35	-830.9946	76.81465	-637.08014	-886.4	11.979167	-93.71931	0.6520049	-91.53292	-93.91401	21600	-0.15603116	422114.66	-0.0005312413	-3171.0938	2.5632756	0.00045930603	15.592397928237915
36	-819.94446	93.20165	-529.25793	-886.4	12.543478	-96.238464	0.59880316	-94.18448	-96.41327	22200	-0.10114163	372023.72	-0.000381656	-2821.4375	2.5794961	-0.00034333926	16.0120792388916
37	-814.46716	76.463974	-629.9058	-886.4	17.142857	-98.66209	0.4906456	-96.690765	-98.7843	22800	-0.005413566	435175.03	-0.0005493164	-3404.1562	2.6063688	0.00019682864	16.428303718566895
38	-808.9893	92.357895	-617.54834	-886.4	16.571428	-101.2553	0.47762042	-99.36482	-101.37609	23400	-0.023906015	378071.47	-0.00034450367	-2923.0938	2.618775	-0.00013069411	16.835206508636475
39	-816.92487	76.52773	-654.3572	-886.4	17.264706	-103.69524	0.45324066	-101.874214	-103.80824	24000	-0.0032318307	416744.5	-0.0005351256	-3233.0	2.6285796	9.7064774e-05	17.25368046760559
40	-822.31854	89.83168	-561.31464	-886.4	14.325	-106.2243	0.47009936	-104.48848	-106.351685	24600	-0.021897351	390270.44	-0.001485914	-2974.3438	2.6352153	0.00035378576	17.857450008392334
41	-797.8713	92.66531	-521.644	-886.4	20.571428	-108.72376	0.38089004	-107.033646	-108.80969	25200	-0.021301396	392132.1	-0.0005996786	-3005.4688	2.6361856	3.790597e-05	18.287813663482666
42	-815.51074	80.97818	-638.93195	-886.4	16.108109	-111.17258	0.42040083	-109.555824	-111.28202	25800	-0.044604663	402854.66	-0.00047350675	-3221.875	2.593461	0.00020457724	18.711434841156006
43	-808.0442	91.86234	-604.4028	-886.4	15.421053	-113.73351	0.40848035	-112.184265	-113.841324	26400	-0.05009594	365652.8	-0.00074230507	-2903.8438	2.61347	-8.5805455e-05	19.125033140182495
44	-818.08136	85.071655	-649.34973	-886.4	14.15	-116.18044	0.3998903	-114.70388	-116.28883	27000	-0.06466313	359605.6	-0.00036034733	-2777.2812	2.6325748	-0.00040102203	19.514381647109985
45	-807.535	112.156	-488.99844	-886.4	13.952381	-118.5768	0.38946658	-117.17508	-118.685165	27600	-0.011163675	330637.0	-0.0007032696	-2617.4688	2.6428797	-0.0003897667	19.936795949935913
46	-796.75055	103.35368	-478.77405	-886.4	15.025641	-120.92651	0.3580608	-119.58676	-121.02232	28200	-0.05627837	335106.62	-0.00057511404	-2678.25	2.7077448	2.2194385e-05	20.35324740409851
47	-825.9057	88.49274	-600.7443	-886.4	10.814815	-123.26569	0.39616832	-122.01861	-123.39166	28800	-0.08059633	349994.0	-0.0008132681	-2824.6562	2.598802	0.00022173146	20.777233123779297
48	-809.2975	88.04987	-647.4032	-886.4	16.216217	-125.74954	0.30904415	-124.54402	-125.82884	29400	-0.048641626	366817.0	-0.0004928708	-3063.0312	2.5843444	-0.00023168385	21.17945885658264
49	-813.2042	85.00884	-645.6351	-886.4	14.947369	-128.2932	0.30394036	-127.14043	-128.3734	30000	-0.052967884	348918.12	-0.00019076839	-2798.2812	2.5793552	-9.620329e-05	21.578299045562744
50	-811.63184	90.30916	-627.54675	-886.4	16.171429	-130.75247	0.28123108	-129.63933	-130.82361	30600	-0.022335658	352581.72	-0.00069665536	-2795.7812	2.6123335	0.0004440546	22.184240579605103
51	-787.7085	104.88796	-544.9272	-886.4	18.03125	-133.21016	0.2603824	-132.13084	-133.27303	31200	-0.075035326	312672.47	-0.00046991557	-2563.5	2.6269426	8.49084e-05	22.575737237930298
52	-813.68884	88.631805	-618.67096	-886.4	14.225	-135.5581	0.2793846	-134.5265	-135.63383	31800	0.015059951	325997.75	-0.000119333155	-2655.4688	2.6019979	-0.00011720121	22.977275133132935
53	-782.0454	108.46852	-503.592	-886.4	18.59375	-137.97754	0.24187765	-136.97493	-138.03593	32400	-0.039629612	308393.6	-0.00081480667	-2631.6562	2.5760527	-7.574956e-05	23.373664379119873
54	-822.8716	77.13021	-672.1787	-886.4	14.02439	-140.36804	0.26234725	-139.41182	-140.4401	33000	-0.10283208	351404.97	-0.00056138635	-2923.6875	2.5722733	0.00027691343	23.7572124004364
55	-785.2926	100.412704	-544.50806	-886.4	18.71875	-142.91663	0.2243245	-141.98679	-142.97081	33600	-0.07899361	324314.3	-0.00033441186	-2813.0312	2.6446671	0.00018592337	24.14117431640625
56	-793.64984	100.69987	-608.97906	-886.4	18.935484	-145.4187	0.21430182	-144.51581	-145.46957	34200	-0.083192974	318136.16	-0.0005801916	-2722.125	2.6069388	-5.5267017e-05	24.519709825515747
57	-800.0104	102.3307	-572.6281	-886.4	15.405405	-147.87416	0.22559135	-147.00659	-147.93285	34800	-0.12715894	287176.9	-0.00033660233	-2419.9062	2.628608	-9.0881986e-05	24.89522910118103
58	-786.848	118.87919	-477.20972	-886.4	16.67647	-150.21764	0.20885232	-149.37848	-150.26962	35400	-0.029765422	270695.03	-0.00037522241	-2250.6562	2.6189544	-0.000104213555	25.285183668136597
59	-794.8321	119.30275	-481.49905	-886.4	14.868421	-152.47554	0.21205708	-151.67128	-152.53152	36000	-0.06460283	265437.8	-0.000754185	-2210.7188	2.6117618	-0.00040120303	25.652493000030518
60	-789.8235	105.06815	-603.5401	-896.7218	18.71875	-154.73653	0.18831053	-153.95596	-154.782	36600	-0.067529656	310713.0	-0.0006980896	-2756.7812	2.5016584	-0.00013260286	26.237143754959106
61	-742.0649	119.31723	-501.48312	-886.4	22.923077	-157.25159	0.16593097	-156.4872	-157.28764	37200	-0.028289502	262233.44	-0.00070413016	-2376.6406	2.5668087	-0.00024760643	26.641554832458496
62	-794.27405	93.82893	-644.0022	-886.4	18.15625	-159.60469	0.17857733	-158.86446	-159.6478	37800	0.0049403603	293446.2	-0.00081546465	-2612.6562	2.5918844	0.0002972102	27.01442813873291
63	-770.8248	120.6064	-351.91104	-886.4	19.51724	-162.04745	0.6329983	-147.0945	-162.1107	38400	-0.0157615	280999.03	-0.0009031184	-2408.8438	2.601892	0.000357821	27.42372965812683
64	-825.41943	89.77099	-523.4049	-886.4	12.104167	-164.43181	0.2022993	-163.75342	-164.49216	39000	-0.10624883	309410.28	-0.00030439347	-2739.2188	2.6009917	-0.00013965448	27.82593297958374
65	-779.0016	120.307495	-448.26822	-886.4	18.4375	-166.98639	0.15931162	-166.32602	-167.02484	39600	-0.059117805	267400.47	-0.00077236444	-2431.2812	2.5575554	-0.00021422683	28.238186359405518
66	-793.3904	88.04984	-622.31415	-886.4	19.466667	-169.402	0.14947262	-168.76163	-169.43694	40200	0.0033122909	305408.12	-0.0003109416	-2768.5312	2.6352694	0.0003778402	28.69664716720581
67	-763.4931	143.44135	-327.0747	-886.4	19.965517	-171.96388	0.14297827	-171.34065	-171.9967	40800	-0.029236266	255924.5	-0.00083830394	-2250.7344	2.6108325	-8.1136226e-05	29.097182273864746
68	-805.8872	97.36153	-573.6273	-886.4	16.277779	-174.29701	0.15356462	-173.69798	-174.33641	41400	-0.07226372	287953.38	-0.00029926002	-2634.75	2.50441	9.387433e-05	29.504148721694946
69	-750.6364	134.75574	-320.41772	-886.4	20.964285	-176.81633	0.13181467	-176.23143	-176.84607	42000	-0.051302314	248761.66	-0.00082034245	-2267.5469	2.589155	-6.4336855e-05	29.90269708633423
70	-763.1414	115.08529	-512.6953	-886.4	20.689655	-179.17583	0.12833259	-178.60637	-179.20477	42600	-0.018524572	258816.8	-0.0008212328	-2440.7969	2.5847135	-8.59191e-05	30.48556900024414
71	-783.87415	139.61256	-389.9003	-886.4	14.45	-181.60297	0.14697681	-181.06027	-181.6428	43200	-0.04123338	218005.23	-0.00046338886	-1970.0938	2.6059194	-0.00016364118	30.864293098449707
72	-805.60016	109.26522	-498.12054	-886.4	13.088889	-183.82037	0.14832307	-183.30563	-183.86314	43800	-0.08305048	247025.05	-0.0006387085	-2315.9219	2.601528	0.00047512312	31.25807499885559
73	-783.4695	123.0756	-503.0001	-886.4	16.027779	-186.22057	0.12722912	-185.72429	-186.25322	44400	-0.047561165	221547.55	-0.0009552911	-2082.75	2.6640499	8.085012e-05	31.664005994796753
74	-779.8838	137.86751	-302.44876	-886.4	16.472221	-188.51805	0.12225979	-188.04112	-188.5494	45000	-0.012835048	237625.5	-0.0011440339	-2226.7812	2.5874057	1.2282332e-05	32.072951793670654
75	-788.83844	119.898865	-532.10254	-886.4	15.888889	-190.89058	0.117789656	-190.43114	-190.92082	45600	0.0038195427	223387.14	-0.0007739044	-2113.375	2.609649	-1.733164e-05	32.460033655166626
76	-816.103	108.194244	-553.0412	-886.4	12.145833	-193.21121	0.12907533	-192.77837	-193.24971	46200	-0.07379863	238001.47	-0.0005497262	-2286.0781	2.5731535	0.00022284329	32.847954511642456
77	-799.0501	112.52677	-512.17224	-886.4	14.45	-195.63992	0.11260879	-195.22414	-195.67046	46800	-0.0833886	230159.33	-0.00074471533	-2228.0781	2.6042607	0.00018035015	33.228265047073364
78	-747.7574	105.06355	-568.6044	-886.4	25.217392	-198.05934	0.08368483	-197.64937	-198.07643	47400	0.042233724	237446.53	-0.0007641576	-2332.2344	2.5537612	0.0003601972	33.61079239845276
79	-786.25604	97.119705	-607.6352	-886.4	17.424242	-200.51666	0.09683755	-200.12155	-200.5404	48000	-0.039103072	239934.5	-0.00034871697	-2368.1562	2.579235	0.0005278434	33.99328088760376
80	-775.40125	121.352615	-492.51685	-886.4	17.30303	-203.00822	0.09391733	-202.62503	-203.03125	48600	-0.048182096	203708.88	-0.0005436875	-2007.3594	2.5943162	4.496813e-05	34.59756851196289
81	-758.7345	144.07155	-299.2052	-886.4	18.6875	-205.32396	0.089617826	-204.9525	-205.34561	49200	-0.036183443	204759.39	-0.001216229	-2036.4375	2.585538	-5.1353377e-06	34.99914884567261
82	-769.1305	139.77948	-270.98004	-886.4	18.46875	-207.65318	0.08693428	-207.29285	-207.6742	49800	-0.020030903	216742.17	-0.0006978642	-2146.3594	2.586136	-0.00015364091	35.39984583854675
83	-781.0085	119.277084	-493.8782	-886.4	17.114286	-210.05005	0.087821424	-209.70245	-210.07227	50400	-0.09613438	216773.66	-0.0007757917	-2251.5156	2.6438296	-0.00011904239	35.813151359558105
84	-765.35724	124.382866	-500.5535	-886.4	18.387096	-212.51672	0.08022001	-212.17874	-212.53577	51000	-0.10299337	188335.6	-0.00021033734	-1909.3906	2.5587716	0.00025834065	36.2150661945343
85	-780.5761	119.46253	-560.21155	-886.4	16.4	-214.80771	0.08221342	-214.4823	-214.82849	51600	-0.060018398	191061.62	-0.0004226379	-1956.0781	2.554121	-7.189055e-05	36.60140037536621
86	-739.1526	138.90033	-444.25208	-886.4	20.275862	-217.12924	0.07279688	-216.81195	-217.14598	52200	-0.029080369	177947.6	-0.0008743219	-1844.6406	2.6234965	-0.00034528752	37.026806116104126
87	-729.8773	154.99992	-416.59955	-886.4	21.178572	-219.39862	0.06971742	-219.08928	-219.41435	52800	-0.0774973	166988.31	-0.000842832	-1733.5625	2.535911	-0.00014383515	37.40800905227661
88	-758.63544	131.8718	-459.73474	-886.4	18.766666	-221.6096	0.07019431	-221.30891	-221.62604	53400	-0.097659074	173681.73	-0.00083040446	-1779.2812	2.578403	0.00022124211	37.87591505050659
89	-781.86584	132.77321	-337.55203	-886.4	16.527779	-223.85466	0.074093685	-223.56564	-223.87369	54000	-0.08508675	199641.97	-0.00039113313	-2120.0938	2.5398076	0.00011951208	38.337090730667114
90	-796.5013	114.8131	-444.59958	-886.4	14.794871	-226.3065	0.074009135	-226.0296	-226.32632	54600	-0.04902908	202106.36	-0.00077441335	-2144.375	2.5637388	0.0003032458	39.01293683052063
91	-736.73865	130.14447	-436.54758	-886.4	22.185184	-228.79729	0.059939165	-228.5264	-228.81058	55200	-0.01528775	177969.97	-0.00028765202	-1989.6562	2.5576315	6.666839e-05	39.40041732788086
92	-740.24133	132.82156	-415.28418	-886.4	21.814816	-231.20375	0.05843588	-230.93962	-231.21667	55800	-0.022001913	175138.88	-0.0006547291	-1926.8281	2.6027465	-7.840673e-05	39.79596495628357
93	-805.4629	128.57347	-356.69556	-886.4	12.1875	-233.56796	0.07406122	-233.3196	-233.59004	56400	-0.102007814	180441.14	-0.0005016178	-1925.5469	2.603587	-1.50456035e-05	40.19301891326904
94	-757.22235	132.92459	-535.73804	-886.4	17.647058	-235.9546	0.059224214	-235.71295	-235.96912	57000	-0.12509483	158093.86	-0.0005425066	-1819.2188	2.6114168	-1.7114678e-05	40.571232080459595
95	-757.473	146.12407	-394.73926	-886.4	18.121212	-238.28177	0.057101928	-238.0488	-238.29578	57600	-0.10717603	166020.52	-0.0008289367	-1839.5469	2.5867608	2.7851065e-05	40.960609436035156
96	-753.0714	162.2392	-322.99237	-886.4	17.647058	-240.62726	0.0552732	-240.40175	-240.64082	58200	-0.029164223	162824.03	-0.0008577239	-1750.0312	2.6157923	0.00016991675	41.34292244911194
97	-767.1458	161.1338	-276.21182	-886.4	15.0	-242.92766	0.05766854	-242.71185	-242.94305	58800	-0.10848558	163794.64	-0.0010834336	-1684.9062	2.6125128	-4.4462282e-05	41.734288454055786
98	-759.30334	120.07009	-521.97186	-886.4	20.413794	-245.20139	0.048388686	-244.99048	-245.21251	59400	-0.042778328	173476.34	-0.00037093833	-2029.1562	2.5014527	0.00018774271	42.15106678009033
99	-763.4851	142.24861	-469.10294	-886.4	17.272728	-247.68385	0.049893804	-247.48027	-247.69608	60000	-0.022526413	150705.27	-0.00058256276	-1669.0469	2.5536397	0.00016198416	42.565735816955566
100	-728.40686	156.13448	-389.89227	-886.4	20.285715	-249.97333	0.04478011	-249.77463	-249.98343	60600	-0.06055463	131150.95	-0.0006122142	-1448.8438	2.6020174	-0.0001169767	43.19352698326111
101	-757.3757	152.59866	-404.54535	-886.4	16.705883	-252.11128	0.047691446	-251.91966	-252.12315	61200	-0.07297533	135230.67	-0.0006914884	-1487.875	2.6136827	-6.1909755e-05	43.61115503311157
102	-724.7951	171.8226	-326.09122	-886.4	19.35484	-254.28516	0.04351943	-254.09871	-254.29532	61800	-0.06392086	121290.945	-0.00054587424	-1402.4141	2.5506039	-0.00031862198	44.00463390350342
103	-744.6497	152.85992	-409.45853	-886.4	18.483871	-256.41458	0.042903263	-256.2338	-256.42474	62400	-0.10649663	129940.6	-0.0009317249	-1486.2266	2.5673916	0.00035140774	44.392916679382324
104	-780.7491	136.91454	-465.72565	-886.4	15.405405	-258.61148	0.045110017	-258.438	-258.6232	63000	-0.07672568	142019.92	-0.00035022944	-1662.6094	2.5364718	-4.8814018e-05	44.77096247673035
105	-776.1111	146.19301	-265.498	-886.4	15.263158	-260.9454	0.043882687	-260.77896	-260.95697	63600	-0.040600017	145959.81	-0.00065981597	-1702.7969	2.5710974	-4.4457713e-05	45.14610314369202
106	-708.0391	151.23898	-421.63037	-886.4	23.76	-263.3268	0.034776926	-263.16342	-263.33423	64200	-0.03380384	128554.11	-0.00079699606	-1589.0703	2.5354912	0.00010280788	45.53095555305481
107	-749.3973	149.38226	-394.0995	-886.4	17.575758	-265.63757	0.03863565	-265.47995	-265.64706	64800	-0.07746554	121856.51	-0.0007352233	-1490.5234	2.5624328	-9.2963376e-07	45.924447774887085
108	-705.0744	169.66078	-403.5077	-886.4	21.428572	-267.89038	0.0341277	-267.73615	-267.89795	65400	-0.07381126	110409.43	-0.00094650686	-1356.8828	2.5646658	-0.00050266227	46.29661178588867
109	-713.3014	170.18349	-324.89597	-886.4	19.533333	-270.05292	0.034936726	-269.90323	-270.06107	66000	-0.06587583	104581.76	-0.00072249025	-1257.7188	2.542649	-9.11365e-05	46.69332027435303
110	-753.1713	148.93031	-316.24844	-886.4	18.75	-272.14926	0.034504436	-272.0039	-272.15747	66600	-0.06504154	144339.86	-0.0009899139	-1797.4531	2.5306468	0.00072138885	47.31736469268799
111	-766.58923	154.53822	-383.09647	-886.4	15.052631	-274.63486	0.036674865	-274.49576	-274.64453	67200	-0.13220298	121532.28	-0.0010276884	-1467.1484	2.5512528	0.00019915025	47.71985387802124
112	-751.78265	151.56718	-376.21655	-886.4	17.78125	-276.92938	0.0325458	-276.79443	-276.9372	67800	-0.1174387	116156.43	-0.00052176416	-1446.2578	2.530396	-0.00045643348	48.095287799835205
113	-767.43585	135.34363	-523.2776	-886.4	16.742857	-279.20178	0.03279406	-279.072	-279.21008	68400	-0.050399214	121713.28	-0.00039448962	-1630.6953	2.608481	0.00022084634	48.469950675964355
114	-685.1906	193.75734	-265.43262	-886.4	20.964285	-281.61865	0.0285486	-281.49197	-281.6251	69000	-0.05795344	91761.16	-0.00076695904	-1072.4766	2.5618186	-1.1166931e-05	48.85796761512756
115	-734.053	183.90053	-386.7572	-886.4	16.555555	-283.62277	0.031220436	-283.50095	-283.63074	69600	-0.104632415	88772.21	-0.00048804283	-1095.6406	2.5169792	-0.00028847833	49.2671000957489
116	-720.2498	184.86098	-227.20796	-886.4	18.5625	-285.63736	0.02854389	-285.51907	-285.6443	70200	-0.07757678	99024.11	-0.0011587664	-1225.8594	2.5074313	-0.0003080803	49.65650415420532
117	-755.8729	164.21063	-417.25998	-886.4	15.513514	-287.76233	0.059729304	-286.49207	-287.77216	70800	-0.098965555	96430.836	-0.00042562932	-1232.5625	2.5742993	-0.00018409808	50.0530309677124
118	-751.0956	161.08179	-412.78433	-886.4	17.151516	-289.93353	0.0269669	-289.8235	-289.94012	71400	-0.10754477	99883.19	-0.0003765896	-1294.6484	2.5841224	0.00034220895	50.47464323043823
119	-737.0728	169.74214	-348.08765	-886.4	17.242424	-292.13522	0.7097264	-274.88626	-292.1737	72000	-0.10947033	86639.3	-0.00091766566	-1146.5469	2.564698	9.06984e-06	50.922146797180176
120	-752.49225	164.41168	-342.06714	-886.4	16.0	-294.29022	0.026214382	-294.188	-294.29697	72600	-0.11439473	94583.2	-0.0007526651	-1250.0	2.5761576	0.00043798567	51.650227069854736
121	-762.0348	159.62596	-346.45984	-886.4	15.307693	-296.51025	0.026208427	-296.41217	-296.51724	73200	-0.028710231	102280.52	-0.00043502823	-1415.2578	2.5296795	5.903979e-05	52.13124060630798
122	-707.86456	187.44406	-192.86809	-886.4	20.214285	-298.76135	1.4559573	-281.01013	-298.88925	73800	-0.07575243	87879.016	-0.0006253347	-1146.8438	2.5994253	8.5975924e-05	52.558436155319214
123	-663.2316	192.53555	-277.57538	-886.4	23.36	-300.57016	2.9615395	-265.61954	-301.0242	74400	-0.0129474355	72967.3	-0.0005239388	-974.91406	2.5353942	-2.1594366e-05	52.97336530685425
124	-756.0244	164.08963	-202.26254	-886.4	16.11111	-302.98447	0.14271805	-299.53796	-302.99622	75000	-0.110003814	98125.3	-0.00036594272	-1399.4141	2.5850449	0.00018035075	53.405654191970825
125	-713.371	189.59912	-266.33862	-886.4	18.766666	-304.55066	3.6632707	-287.06573	-305.33694	75600	-0.034968223	71953.336	-0.0006567165	-1048.4844	2.569663	3.27456e-05	53.819218158721924
126	-752.7264	166.3689	-348.0621	-886.4	16.342857	-307.35803	0.02151576	-307.27283	-307.36343	76200	-0.06810779	85383.86	-0.00038030744	-1188.9922	2.4932804	-0.00020280381	54.23238182067871
127	-683.8583	212.25333	-151.4366	-886.4	20.714285	-309.46576	1.5028452	-290.8694	-309.60364	76800	-0.055511385	78434.84	-0.00067651644	-1086.1719	2.5015666	-0.00019086082	54.642685413360596
128	-712.0492	201.1016	-350.29745	-886.4	16.971428	-311.0507	3.379649	-274.36212	-311.6395	77400	-0.1238898	58439.273	-0.00037048012	-867.9883	2.5323286	-6.467462e-05	55.038705587387085
129	-699.875	167.14508	-295.26364	-886.4	22.68	-313.49313	0.016846502	-313.41403	-313.49673	78000	-0.049178746	82647.4	-0.0004959069	-1183.0	2.5330956	0.00039060315	55.4365508556366
130	-732.54443	172.31656	-319.4952	-886.4	17.454546	-315.7693	0.018718045	-315.69305	-315.774	78600	-0.14163303	82733.914	-0.00084862113	-1170.3047	2.553978	9.345889e-05	56.07965111732483
131	-711.75226	189.3547	-344.7622	-886.4	18.71875	-318.07397	0.017878132	-317.99985	-318.07828	79200	-0.15742788	69976.016	-0.0009300411	-1005.3906	2.567528	-7.3856114e-05	56.5092830657959
132	-734.50183	179.32985	-371.9915	-886.4	16.67647	-320.2301	0.01784125	-320.1585	-320.23462	79800	-0.09281441	65922.37	-0.00040430576	-956.9336	2.5581336	-3.7029386e-05	56.91171193122864
133	-767.81287	151.82484	-373.43637	-886.4	14.439024	-322.34103	0.018732546	-322.27277	-322.3462	80400	-0.08929559	85057.34	-0.00023308396	-1356.0078	2.550904	0.000120449666	57.319918632507324
134	-717.34985	205.10506	-210.88321	-886.4	16.666666	-324.83902	0.016885292	-324.77298	-324.84338	81000	-0.13381627	69265.09	-0.00056801736	-989.0703	2.4945004	-0.00016577721	57.70695781707764
135	-763.0459	172.06175	-375.79352	-886.4	13.857142	-326.70926	1.9694116	-307.36444	-326.94693	81600	-0.13040723	66472.9	-0.00046010315	-1022.47266	2.5333593	-1.3310512e-05	58.104270935058594
136	-749.3628	168.31375	-323.1885	-886.4	15.972222	-329.12103	0.015821299	-329.06042	-329.1253	82200	-0.15327004	73790.57	-0.0004222542	-1124.6875	2.5370748	0.0002838711	58.490907430648804
137	-698.0294	216.90645	-259.23682	-886.4	16.583334	-331.42294	0.6473368	-315.58395	-331.4533	82800	-0.13834661	41850.51	-0.000858292	-529.91406	2.5583155	-9.3835595e-05	58.88979768753052
138	-639.52124	212.17595	-340.05023	-886.4	22.153847	-333.0614	0.81224835	-313.19882	-333.09995	83400	-0.13017026	39033.812	-0.0005173832	-499.97266	2.488357	7.123391e-05	59.281782150268555
139	-735.9523	196.71144	-277.46725	-886.4	15.75	-334.57697	1.3736591	-314.6379	-334.68942	84000	-0.12571068	59961.0	-0.00067950785	-827.39844	2.5146651	0.00011702299	59.677292823791504
140	-749.15875	189.5856	-357.787	-886.4	14.02439	-336.21115	2.9764504	-316.5206	-336.6941	84600	-0.075408	50199.293	-0.00032302737	-780.6289	2.5017252	-0.00026523432	60.38168001174927
141	-673.96234	205.44495	-326.82785	-886.4	19.733334	-338.66296	0.012793588	-338.61148	-338.66632	85200	-0.093776114	44137.793	-0.0004684478	-638.52734	2.4867053	-0.00011372586	60.769463777542114
142	-719.7488	168.6275	-447.59274	-886.4	19.62069	-340.52194	0.011632368	-340.4713	-340.5247	85800	-0.037414838	57815.188	-0.00020356104	-1016.6953	2.5008326	0.00032000322	61.269524574279785
143	-654.8803	222.92784	-158.26704	-886.4	20.75	-342.71378	1.5967221	-321.83322	-342.84692	86400	-0.038189914	40957.203	-0.00044979528	-705.10156	2.4934762	-0.00014976879	61.77382707595825
144	-704.82556	224.65189	-267.4272	-886.4	15.756757	-343.21524	6.018037	-303.2989	-344.60367	87000	-0.070074104	42877.234	-0.0007981509	-482.72656	2.5311763	-0.0002022471	62.16240310668945
145	-697.6638	201.24594	-357.9985	-886.4	18.71875	-345.8627	2.576415	-325.47495	-346.23007	87600	-0.13619383	49597.027	-0.00046418607	-766.85547	2.5161304	-3.1440853e-05	62.56014704704285
146	-668.86597	220.14714	-210.37498	-886.4	20.068966	-348.05112	2.6510224	-306.5161	-348.26526	88200	-0.06292613	43728.92	-0.0009836406	-671.6875	2.5146985	-1.5980402e-05	62.96227717399597
147	-661.8683	227.91554	-172.42207	-886.4	19.827587	-348.6864	6.736189	-308.13324	-350.10815	88800	-0.104927674	41836.98	-0.0012275726	-609.03906	2.5195866	0.000471527	63.364797592163086
148	-723.0173	196.77998	-306.66898	-886.4	16.162163	-350.7126	4.982784	-309.6585	-351.84973	89400	-0.11407759	46784.086	-0.0005949214	-824.9258	2.5024192	0.00018805663	63.7778160572052
149	-579.4035	238.30391	-136.93488	-886.4	24.695652	-353.38483	4.3002048	-311.52335	-353.97186	90000	-0.10548056	32953.332	-0.000841707	-973.63477	2.4643729	0.00023999413	64.22359371185303
150	-625.6269	226.35478	-235.57918	-886.4	22.076923	-351.68628	9.750693	-312.78967	-355.4315	90600	-0.062150422	32590.994	-0.0010075532	-514.7383	2.5077267	-0.00046105604	64.89972305297852
151	-694.44116	226.24051	-256.61346	-886.4	16.277779	-353.5285	8.450648	-314.14548	-356.9837	91200	-0.15711321	35533.832	-0.0008429587	-519.1914	2.4698534	-4.2695403e-05	65.29065108299255
152	-701.208	209.89662	-266.4517	-886.4	16.942858	-357.62296	4.9992943	-315.58203	-358.62384	91800	-0.07651855	37168.85	-0.0007925555	-600.16016	2.4870112	5.0316852e-05	65.69127774238586
153	-685.8124	218.99033	-294.4195	-886.4	17.382353	-359.2557	6.1689167	-317.25995	-360.53375	92400	-0.12855095	34210.71	-0.0009891242	-481.16406	2.5283508	0.00013100704	66.08794951438904
154	-653.52325	238.2612	-258.43857	-886.4	18.612904	-359.93137	8.728433	-318.8393	-362.33115	93000	-0.14449972	29409.047	-0.00069344044	-389.76953	2.4720864	-0.00022985478	66.48688006401062
155	-707.0471	252.31729	-183.67374	-886.4	12.555555	-357.24323	12.3261795	-320.11508	-363.7882	93600	-0.16040254	28608.744	-0.0009200871	-659.2539	2.5080383	-0.00047845702	66.87292194366455
156	-635.7196	193.93253	-303.7147	-886.4	24.791666	-362.3951	8.253476	-320.93958	-364.77625	94200	-0.018386062	34632.664	-0.0014453512	-850.83594	2.602591	0.0006637023	67.27675151824951
157	-628.9162	211.39954	-315.27228	-886.4	23.24	-366.29974	3.3453736	-344.84372	-366.9177	94800	-0.10395798	29038.166	-0.00048106164	-518.1133	2.501474	0.00023715476	67.66045475006104
158	-710.9284	212.08772	-334.043	-886.4	15.972973	-367.36072	5.2905674	-346.65616	-368.84628	95400	-0.12004692	35685.89	-0.0006920621	-549.4883	2.4548578	0.00037220697	68.0574119091034
159	-672.82715	242.08061	-168.08476	-886.4	16.970589	-368.0635	7.181565	-348.57767	-370.8895	96000	-0.12890917	28407.547	-0.0009815693	-355.50977	2.526707	-0.00025990873	68.45916533470154
160	-717.38727	238.07346	-124.94728	-886.4	13.318182	-368.56958	8.0763035	-349.92593	-372.33835	96600	-0.17312582	32987.824	-0.0010862648	-291.66016	2.490116	-0.00023858408	69.14949989318848
161	-687.4874	241.84012	-84.19098	-886.4	15.888889	-368.38132	9.06111	-350.9707	-373.75208	97200	-0.088418975	35298.79	-0.0010007694	-890.59766	2.560198	0.00017144204	69.56438279151917
162	-643.74304	239.75539	-208.9081	-886.4	19.586206	-370.14938	14.545905	-307.51425	-375.3602	97800	-0.11311839	30004.373	-0.0009274557	-572.25	2.4711902	3.9949813e-05	69.95619034767151
163	-608.60767	231.33566	-166.81738	-886.4	23.12	-371.19577	15.21079	-308.8141	-376.9865	98400	-0.074530095	24091.303	-0.0010542497	-344.80273	2.4614127	-0.00012353281	70.36529326438904
164	-679.41895	228.33783	-290.41202	-886.4	16.6	-372.13208	14.170106	-310.13297	-378.61438	99000	-0.17855327	23031.002	-0.00090557337	-407.54297	2.4671826	-4.3621858e-05	70.88333582878113
165	-591.54816	258.5629	-160.56152	-886.4	20.310345	-374.70197	11.646775	-334.22754	-380.13382	99600	-0.13026498	16314.285	-0.0011799783	-146.83301	2.4475563	-0.00020552338	71.37292194366455
166	-557.6208	233.89198	-177.6714	-886.4	25.0	-376.34763	11.735397	-334.7996	-380.82724	100200	-0.08822342	21895.73	-0.00082654506	-233.32422	2.5316153	-0.00024248779	71.76149797439575
167	-590.6082	208.12914	-287.0498	-886.4	26.09091	-378.54	9.300542	-335.79553	-381.99902	100800	-0.043124467	25941.748	-0.0010169148	-464.50195	2.5022697	0.00017725189	72.19591546058655
168	-666.94604	232.05031	-264.20154	-886.4	17.545454	-380.6993	9.977896	-337.55237	-384.00095	101400	-0.1612733	16200.071	-0.00094108284	-229.23438	2.4690504	0.0003784706	72.60710144042969
169	-679.8356	213.23245	-300.5721	-886.4	19.633333	-382.02167	9.922506	-338.86438	-385.49652	102000	-0.090189755	33314.613	-0.00042933226	-642.33984	2.5236425	0.00045424284	73.01106309890747
170	-591.7283	255.47734	-212.37415	-886.4	20.51724	-378.95282	13.847878	-341.04916	-387.98285	102600	-0.12835525	16241.44	-0.000709787	-367.00684	2.5078974	-0.00017186005	73.70401668548584
171	-634.5014	267.42172	-170.16774	-886.4	17.294117	-376.97168	13.931038	-341.80704	-388.8852	103200	-0.11590187	20973.354	-0.00091579556	-1111.2637	2.4878256	-0.00080801547	74.11326813697815
172	-656.9142	263.4477	-252.86452	-886.4	15.763158	-367.50665	25.87594	-319.0446	-389.70166	103800	-0.16717173	16312.655	-0.0008523762	-246.08008	2.4259322	-0.00056390505	74.50568461418152
173	-589.90796	251.29108	-167.96973	-886.4	21.76923	-371.04376	24.08735	-319.5986	-390.43524	104400	-0.114852905	19941.24	-0.00093431026	-445.9961	2.475257	-0.00012040973	74.90981650352478
174	-633.0268	270.58963	-210.79587	-886.4	16.657143	-365.51288	27.39399	-320.51996	-391.63626	105000	-0.13697037	15607.25	-0.00061270595	-364.91016	2.4029891	-0.00022289653	75.29770588874817
175	-598.931	273.23248	-89.588806	-886.4	19.0	-367.1556	26.567137	-320.9966	-392.3138	105600	-0.10645129	13805.403	-0.0006011352	-264.03906	2.4231884	-0.00035425066	75.7018506526947
176	-604.25256	263.36664	-150.98567	-886.4	19.633333	-370.71707	25.81376	-321.20074	-392.70386	106200	-0.10487667	17134.688	-0.00082380325	-280.89258	2.4445007	-0.0001599143	76.09637331962585
177	-618.82745	236.06535	-242.63448	-886.4	21.296297	-379.26508	24.60177	-321.9558	-393.70105	106800	-0.13535602	16120.655	-0.0008998513	-369.00488	2.430237	-0.00010916988	76.49898838996887
178	-565.56354	278.1849	-222.86234	-886.4	19.827587	-368.29385	26.066578	-323.2052	-395.2306	107400	-0.12546763	11262.627	-0.0007224083	-586.751	2.3969393	-0.00024041811	76.90376687049866
179	-623.15466	269.18857	-116.75581	-886.4	17.757576	-364.09943	29.642206	-323.31418	-395.49472	108000	-0.084291905	16698.787	-0.000886105	-533.27344	2.5093834	0.00018556655	77.30568194389343
180	-565.6818	285.5988	-61.525276	-886.4	19.965517	-369.89603	31.891993	-323.90094	-396.33698	108600	-0.14837651	17192.494	-0.0010885447	-529.50195	2.4244108	-0.0002680409	77.98313999176025
181	-555.94495	285.61316	-160.62717	-886.4	20.464285	-361.238	32.355595	-323.76083	-396.47415	109200	-0.11283302	17223.79	-0.0013576895	-115.47656	2.3807926	-7.092357e-05	78.37440991401672
182	-578.60333	274.24774	-219.96924	-886.4	20.172413	-365.04797	32.948402	-323.72623	-396.72467	109800	-0.10562175	16708.166	-0.0010682493	-258.14648	2.425628	0.00016784052	78.77598023414612
183	-620.22473	283.777	-112.72132	-886.4	17.088236	-359.26407	31.999918	-324.19315	-397.47806	110400	-0.16023527	19826.113	-0.0014906675	-641.55273	2.4547143	-0.0002752473	79.16909170150757
184	-594.7075	279.5617	-155.61046	-886.4	18.838709	-365.35226	33.364876	-324.5211	-398.1956	111000	-0.19769868	16012.747	-0.0010878295	-128.54004	2.4587455	-0.00031836887	79.62372732162476
185	-615.2289	307.50052	-63.437843	-886.4	14.875	-354.52667	32.218605	-324.66632	-398.61957	111600	-0.13670623	19540.873	-0.0006380975	-503.44727	2.435058	-0.00092415255	80.01433157920837
186	-612.99	300.28018	-178.7662	-886.4	15.777778	-351.85126	33.885754	-323.5578	-397.84207	112200	-0.12935933	18286.42	-0.00077961385	-165.07812	2.3624024	-0.00032357275	80.40316152572632
187	-609.1202	284.5172	-143.3744	-886.4	17.545454	-357.53287	34.114567	-322.75748	-397.4096	112800	-0.19903374	20199.01	-0.0012184381	-183.45312	2.445638	-2.1502772e-05	80.79207682609558
188	-556.2247	280.66815	-146.93799	-886.4	21.518518	-361.46423	36.065502	-323.0717	-398.06015	113400	-0.15091068	23571.982	-0.001688838	-399.31836	2.4405189	0.00068209687	81.17851328849792
189	-630.7248	277.9537	-173.8779	-886.4	16.054054	-365.363	34.936974	-323.68286	-399.0702	114000	-0.16002694	20865.414	-0.0012797266	-240.23633	2.4031434	0.00021022955	81.59525513648987
190	-627.91675	291.4382	-117.58366	-886.4	15.72973	-362.74338	34.05174	-323.93875	-399.66324	114600	-0.15645577	17342.412	-0.00084097683	-98.69141	2.3993592	-0.00033441783	82.29215359687805
191	-490.15924	280.0747	-125.72095	-886.4	22.76923	-357.04895	34.90536	-323.50882	-399.57562	115200	-0.09890968	12815.396	-0.0010068789	-190.77637	2.379422	-0.00020967961	82.68873739242554
192	-692.4769	265.20224	-163.11078	-886.4	13.043478	-361.97485	34.838676	-322.44498	-398.78445	115800	-0.18599147	23741.2	-0.0007279515	-443.23438	2.4985223	0.0004846543	83.09120440483093
193	-571.3688	294.00378	-129.53658	-886.4	18.151516	-358.5917	31.735048	-323.5198	-400.2836	116400	-0.17874108	15714.854	-0.0012194067	-285.54004	2.3823764	0.0001355799	83.47517538070679
194	-621.96735	285.4969	-184.3781	-886.4	16.13889	-355.65036	32.907913	-322.80972	-399.85898	117000	-0.19328547	16130.165	-0.0009911358	-252.66797	2.4262185	-0.00015495876	83.85013508796692
195	-610.5462	290.87637	-119.31314	-886.4	17.117647	-359.8046	36.144455	-322.69028	-400.06177	117600	-0.16334523	20786.023	-0.0010197759	-209.16406	2.4327617	0.00017198225	84.22117114067078
196	-552.6157	298.262	-126.557335	-886.4	19.35484	-351.2312	33.561024	-322.70654	-400.4755	118200	-0.17165451	17173.344	-0.0013833493	-125.25	2.4193323	-0.00010009964	84.7015450000763
197	-510.75406	317.63702	-65.15708	-886.4	19.366667	-345.56744	31.981953	-321.73438	-399.84076	118800	-0.16966902	18623.744	-0.0010364503	-695.2617	2.3966558	-0.0005400598	85.22816610336304
198	-552.69745	293.86957	-132.29555	-886.4	19.35484	-343.9723	33.361397	-318.9616	-397.48584	119400	-0.15273708	13390.7	-0.0013315678	-210.02051	2.3761873	-0.00013073822	85.69487929344177
199	-636.5766	291.5351	-130.10342	-886.4	14.846154	-347.54037	33.743484	-317.88403	-396.7159	120000	-0.18570626	16077.597	-0.0006700605	-159.87695	2.4296744	0.0001543961	86.2447018623352
200	-554.6254	296.3887	-142.77188	-886.4	19.655172	-346.81903	35.286682	-317.40073	-396.5592	120600	-0.17350337	19981.203	-0.0011511147	-331.0957	2.4192822	0.00029234707	87.0844955444336
201	-601.47296	300.24524	-194.45062	-886.4	16.555555	-344.40173	32.92358	-317.12354	-396.76263	121200	-0.18760937	21185.174	-0.0012952536	-149.87305	2.4844327	0.00014512638	87.57155847549438
202	-618.91925	297.06284	-134.6835	-886.4	15.324325	-346.6324	34.83738	-316.69592	-396.81525	121800	-0.16870454	15109.077	-0.0008844882	-249.80371	2.4235108	0.00055977056	88.08104538917542
203	-608.70764	314.58667	-65.20759	-886.4	14.75	-344.89984	33.98044	-315.6227	-396.05246	122400	-0.19178677	20636.99	-0.00077180564	-683.2969	2.405701	-3.2648445e-06	88.58542919158936
204	-489.4982	307.5043	-129.9998	-886.4	20.821428	-334.22763	30.977312	-313.41318	-394.25388	123000	-0.11002037	17062.236	-0.0008217916	-493.52344	2.2971861	0.00035662513	89.13189315795898
205	-527.6928	335.9872	-61.26657	-886.4	17.60606	-328.89694	31.668608	-310.76184	-392.06683	123600	-0.13699155	24431.938	-0.00073085725	-756.19336	2.3151326	-0.0004750382	89.66814064979553
206	-562.318	332.5176	-62.201035	-886.4	16.11111	-324.63007	27.593029	-306.96323	-388.82217	124200	-0.12888245	23592.76	-0.00087711215	-1091.5918	2.3695748	-0.000394276	90.16062641143799
207	-489.93155	303.27286	-74.48892	-886.4	21.142857	-322.0484	31.715784	-303.86462	-386.3219	124800	-0.13078582	15069.946	-0.00077195466	-417.3916	2.3595781	-5.0855677e-05	90.68814778327942
208	-536.2477	300.8643	-56.437786	-886.4	19.8	-328.77448	33.848454	-301.69562	-384.50702	125400	-0.12101163	16549.113	-0.0008263141	-482.96973	2.3726301	0.00035647472	91.20486402511597
209	-468.77716	309.03214	-31.224773	-886.4	21.333334	-328.87408	35.479893	-300.81046	-383.9687	126000	-0.1707166	16020.113	-0.0014595389	-406.61035	2.3114266	-3.4671128e-05	91.728266954422
210	-589.1614	325.93405	-98.98341	-886.4	14.948718	-322.11176	30.345304	-298.1206	-381.6369	126600	-0.16525117	19147.467	-0.00085408986	-1042.918	2.3593018	-0.00040621302	92.6624014377594
211	-563.884	328.00995	-101.218796	-886.4	16.277779	-310.17178	24.131704	-295.4902	-379.45407	127200	-0.20563559	22068.006	-0.0010239184	-315.50586	2.342061	0.00017133474	93.17376065254211
212	-417.84402	317.51736	-35.18742	-886.4	22.148148	-307.4463	21.812342	-293.27603	-377.74432	127800	-0.12004088	21407.21	-0.0013695434	-2860.961	2.3226454	-0.0008958163	93.6813108921051
213	-600.77637	320.50787	-102.71219	-886.4	14.75	-283.86615	29.265461	-268.0033	-374.3393	128400	-0.18133722	17620.25	-0.00074389577	-179.33984	2.3871965	0.0002993991	94.19271278381348
214	-488.84576	314.4822	-40.44339	-886.4	20.892857	-285.3304	26.88935	-267.38187	-374.98438	129000	-0.13070546	20168.865	-0.0014623553	-250.99219	2.321508	0.0006293837	94.70422410964966
215	-531.95764	342.0257	-115.606224	-886.4	16.61111	-280.8228	27.563635	-267.54007	-374.70602	129600	-0.15212296	20609.203	-0.0007828921	-1139.9258	2.337472	-0.0003407059	95.22049880027771
216	-485.35287	318.09286	-108.85058	-886.4	19.758621	-278.3913	30.17736	-265.2485	-372.98755	130200	-0.13685623	10017.6455	-0.00048688054	-137.14355	2.3176966	9.355297e-05	95.69712209701538
217	-482.61795	326.67172	-54.06164	-886.4	19.655172	-281.38147	31.022593	-263.62454	-371.70157	130800	-0.15533365	15097.563	-0.000924021	-873.4033	2.3325326	0.00020371367	96.17847180366516
218	-497.0415	341.97375	-58.49412	-886.4	18.09091	-287.89282	37.19542	-261.39304	-369.96002	131400	-0.13924684	18190.27	-0.0017497092	-3884.6562	2.382154	-0.00017809818	96.69303488731384
219	-537.87286	343.11456	-23.503834	-886.4	16.054054	-254.71417	47.76137	-215.11595	-368.35342	132000	-0.16891317	13939.99	-0.0010342151	-669.0654	2.3134203	-7.686118e-06	97.19722843170166
220	-502.57355	296.58588	-114.66529	-886.4	21.214285	-253.31151	37.976536	-214.04572	-367.81296	132600	-0.09612372	13957.939	-0.0009557381	-2179.707	2.3401399	0.0010377701	98.13918733596802
221	-450.14813	352.9974	-51.526245	-886.4	18.67742	-249.88083	45.0127	-215.83665	-369.83368	133200	-0.15697192	15064.582	-0.0012651682	-959.4658	2.26839	-0.0004444752	98.6698989868164
222	-536.3954	336.50253	-71.898865	-886.4	16.63889	-242.00388	44.713135	-213.36044	-368.06857	133800	-0.1808092	15225.094	-0.0007696003	-683.89355	2.3291984	0.0004186959	99.23115634918213
223	-452.5313	312.60446	-85.40258	-886.4	21.074074	-256.37338	43.88654	-212.70473	-368.06662	134400	-0.16549766	8436.047	-0.0012288243	-207.4414	2.3198888	0.00061107514	99.79117035865784
224	-556.5478	361.63815	-32.199463	-886.4	14.023809	-244.72162	45.298805	-212.35518	-367.9221	135000	-0.18258186	21610.455	-0.0010884702	-571.1328	2.2718577	-0.00035939744	100.36643195152283
225	-561.5037	359.5954	-27.298306	-886.4	13.904762	-231.88333	43.11553	-209.81201	-366.6666	135600	-0.18718453	19019.242	-0.00062114	-414.74805	2.265994	0.00029320855	100.93127012252808
226	-531.95636	331.1925	-74.775246	-886.4	17.484848	-242.09578	45.981518	-207.40176	-365.5978	136200	-0.16911586	15081.977	-0.0009919107	-413.39355	2.3655348	0.0007870744	101.50013995170593
227	-501.82175	336.0135	-74.87643	-886.4	18.181818	-252.06714	45.796177	-207.92044	-366.67212	136800	-0.16787103	11561.69	-0.0011184812	-122.06055	2.2568963	-1.7299255e-05	101.92711305618286
228	-567.5138	350.74335	-56.49309	-886.4	14.634147	-248.9902	48.28401	-206.93358	-366.23535	137400	-0.15379743	18896.514	-0.0013929904	-410.15625	2.3494663	0.00086043886	102.3965585231781
229	-368.14767	333.22525	-39.810257	-886.4	21.428572	-235.43484	46.0629	-205.0775	-365.45667	138000	-0.13100852	12706.105	-0.0011719018	-1316.6357	2.2147243	-0.0007508989	102.96143937110901
230	-503.6399	346.79596	-54.56122	-886.4	17.441177	-226.38739	42.05136	-201.57478	-362.62122	138600	-0.12511078	14024.094	-0.00091584027	-670.5371	2.2935312	-0.0002627474	104.07807350158691
231	-548.95654	341.57285	-35.333355	-886.4	16.11111	-238.68896	43.51368	-200.3108	-362.07693	139200	-0.18689767	17622.154	-0.0007905513	-710.90625	2.3094661	5.1255724e-05	104.66212821006775
232	-454.96362	361.89685	-37.15311	-886.4	18.0625	-228.40079	45.58911	-200.27042	-362.75867	139800	-0.13672358	14403.175	-0.0008918792	-531.0537	2.1806946	-0.00035904616	105.19410181045532
233	-488.76407	365.5202	-33.91546	-886.4	16.485714	-216.80774	41.20727	-197.22513	-360.55878	140400	-0.1477887	14763.134	-0.00079371035	-286.5586	2.236361	0.00014316828	105.71023368835449
234	-454.43314	350.7093	-21.443148	-886.4	19.161291	-221.78088	42.1901	-194.37584	-358.6937	141000	-0.15607162	18767.926	-0.0011606067	-476.38672	2.2324276	0.000822469	106.25873708724976
235	-434.28235	370.8433	-27.932703	-886.4	18.151516	-220.01854	44.034622	-192.69568	-358.00308	141600	-0.12612848	17455.508	-0.00096197426	-983.6367	2.1662123	-0.00036051363	106.77466440200806
236	-469.9689	365.10025	-23.632896	-886.4	17.142857	-207.59016	42.189823	-188.80965	-354.9938	142200	-0.15284911	14348.8	-0.0010450929	-301.6748	2.2453647	0.00023386767	107.28290128707886
237	-484.90927	374.86465	-49.151066	-886.4	16.135136	-207.30083	43.751553	-186.20668	-353.16763	142800	-0.17368637	16908.29	-0.0009813905	-286.89258	2.264486	0.00041259595	107.77881956100464
238	-510.7894	350.5993	-34.399418	-886.4	16.8	-213.2745	44.25271	-183.11188	-351.26413	143400	-0.16156375	13947.298	-0.00094255805	-450.88672	2.3112707	0.00029704848	108.28113722801208
239	-476.39047	380.56805	-43.140522	-886.4	16.054054	-207.04852	47.499752	-182.47316	-351.38754	144000	-0.1738893	16718.393	-0.0007279217	-1037.9961	2.1575906	-0.00073153304	108.78715443611145
240	-380.72632	345.85852	-23.658026	-886.4	20.551723	-191.88	38.744823	-179.19893	-348.9782	144600	-0.11268211	12431.956	-0.0012738332	-594.86914	2.2697084	-0.00012915602	109.82949328422546
241	-468.81454	366.3347	-60.346004	-886.4	17.636364	-200.7419	42.118225	-176.90572	-347.25677	145200	-0.1925929	16066.983	-0.000889048	-708.29004	2.2199678	0.00053741364	110.34880185127258
242	-409.9479	360.2722	-27.556442	-886.4	19.225807	-200.55128	43.62962	-175.10794	-346.28204	145800	-0.14488386	13836.801	-0.0008408278	-235.70508	2.1486948	0.00032031935	110.97472858428955
243	-526.8439	379.95447	-31.000738	-886.4	14.285714	-197.32068	46.01554	-172.47835	-344.57663	146400	-0.19464104	18106.48	-0.0007901788	-325.48633	2.2420619	-0.00086503854	111.57843399047852
244	-591.00116	358.25	-30.748007	-886.4	12.891304	-195.994	47.466156	-169.72447	-343.1157	147000	-0.25162515	22423.477	-0.0009134412	-738.7656	2.2907612	0.00074154726	112.15486979484558
245	-507.91074	374.35193	-40.00129	-886.4	15.621622	-199.33728	46.530357	-169.6574	-344.43887	147600	-0.19273369	18559.086	-0.0011890829	-111.140625	2.2266054	-0.0004020857	112.72559833526611
246	-440.53107	377.6302	-27.456745	-886.4	17.470589	-196.39435	46.028385	-168.26622	-344.1018	148200	-0.18081723	17767.217	-0.001211077	-352.95312	2.2433698	-0.0008159153	113.26820516586304
247	-487.00095	391.19226	-40.58692	-886.4	14.897436	-186.48335	46.834152	-165.12129	-342.05698	148800	-0.14719611	17351.55	-0.0005761683	-759.84766	2.2113433	-0.0005979209	113.73938417434692
248	-451.66644	376.43124	-35.321045	-886.4	17.212122	-179.4117	42.93042	-161.40024	-339.564	149400	-0.13088265	12872.153	-0.00051403046	-247.04199	2.2175777	0.0002597032	114.21565175056458
249	-472.1601	368.97708	-40.617416	-886.4	16.852942	-179.53854	42.92431	-159.1179	-338.0889	150000	-0.18192308	13289.53	-0.0008902401	-128.69531	2.1782625	-0.00016237795	114.71399402618408
250	-347.48544	327.5437	-32.651962	-886.4	23.0	-181.77754	40.396435	-158.192	-337.89417	150600	-0.082096525	22116.756	-0.0009841397	-1853.4023	2.301327	0.0005100157	115.6049702167511
251	-513.23047	386.68665	-20.645458	-886.4	14.717949	-186.87643	48.757145	-158.7641	-338.71304	151200	-0.17997478	18409.648	-0.00054237247	-442.17773	2.2066524	-0.0004879258	116.12411594390869
252	-356.48984	358.3902	-30.721308	-886.4	19.896551	-172.01747	42.015923	-156.37062	-337.15094	151800	-0.11389299	10268.82	-0.0003375262	-302.10352	2.0929708	-0.0005585918	116.63947677612305
253	-538.02954	379.3586	-32.694313	-886.4	14.02439	-176.27068	48.544617	-153.31946	-334.74606	152400	-0.18383893	18608.244	-0.00066432357	-494.85156	2.300018	0.0002252086	117.17021632194519
254	-462.83667	393.18845	-31.552664	-886.4	15.8918915	-175.92154	47.81846	-151.72289	-334.17877	153000	-0.17065075	16413.117	-0.00068986416	-454.23535	2.081356	-0.00062621397	117.68309116363525
255	-347.69244	346.39056	-22.154686	-886.4	21.321428	-171.32547	44.51674	-148.23358	-331.7336	153600	-0.06231711	10216.807	-0.0011417121	-349.83203	2.135555	-0.00039403976	118.20311427116394
256	-420.25323	379.79187	-21.431416	-886.4	17.90909	-169.51797	46.75209	-145.78752	-329.69095	154200	-0.16333011	13104.953	-0.00078734756	-306.76953	2.1079524	-0.00012470712	118.71400880813599
257	-448.0656	374.45895	-22.236921	-886.4	17.647058	-172.4064	48.230423	-143.27028	-328.00705	154800	-0.1570995	15356.059	-0.0006775111	-133.68848	2.231466	0.00022286842	119.22331500053406
258	-399.12302	380.7065	-29.197742	-886.4	18.03125	-162.96057	45.819496	-142.25722	-327.81256	155400	-0.14397587	12670.035	-0.0007805824	-236.00293	2.1602507	0.000159988	119.74597573280334
259	-504.5372	384.3586	-33.88332	-886.4	14.775	-167.63377	49.747986	-139.54492	-325.90625	156000	-0.20222819	15329.809	-0.0007675141	-86.15234	2.1551106	-0.00026332925	120.2655439376831
260	-458.80722	396.0676	-21.992233	-886.4	15.675675	-157.70688	47.586254	-138.04396	-325.38254	156600	-0.16169226	15043.469	-0.0006365031	-337.6709	2.1124654	-0.00039959152	121.1751766204834
261	-452.48325	389.58636	-31.821909	-886.4	16.277779	-153.848	46.433384	-135.13927	-323.4741	157200	-0.19232012	15627.707	-0.0006747693	-163.30664	2.1278577	0.00021921059	121.66569900512695
262	-409.91675	386.70154	-26.809685	-886.4	17.636364	-148.96333	44.630398	-133.14226	-322.47354	157800	-0.11801379	12511.253	-0.00039815903	-177.3584	2.091513	0.00010203073	122.18169951438904
263	-468.92584	405.1008	-34.34767	-886.4	14.536586	-146.2918	49.035904	-130.60788	-320.81308	158400	-0.16173178	18706.924	-0.00055606663	-345.54102	2.1106129	-0.000676346	122.76818418502808
264	-428.7107	384.55295	-22.447132	-886.4	17.205883	-142.3742	46.003555	-127.09326	-318.78467	159000	-0.14645347	13415.609	-0.00067994	-263.1006	2.1388118	0.0003020811	123.3203957080841
265	-280.52988	310.69955	-22.439106	-886.4	23.16	-146.02597	40.375977	-125.39597	-317.85522	159600	-0.073414244	8723.506	-0.0007790029	-107.02734	2.1837132	0.00010297358	123.88144874572754
266	-525.43756	396.2052	-28.85358	-886.4	13.409091	-149.6643	50.78191	-124.64036	-317.20175	160200	-0.20674661	19102.717	-0.00061042607	-192.14258	2.1116405	-0.0003609239	124.43525195121765
267	-248.08812	315.52405	-22.107748	-886.4	22.807692	-138.28322	41.284878	-122.83088	-316.58374	160800	-0.051527772	7908.95	-0.0006411597	-183.18262	2.039981	-3.7349462e-05	124.94692611694336
268	-469.75955	387.88492	-25.250666	-886.4	16.054054	-144.12442	47.618755	-120.110374	-314.374	161400	-0.15959077	14990.866	-0.0003694296	-74.2959	2.0941584	0.00016205112	125.45983290672302
269	-373.89554	367.0884	-34.22107	-886.4	19.466667	-143.72563	43.716637	-119.29867	-314.30948	162000	-0.10961019	10872.191	-0.0005143583	-60.904297	2.1032376	-1.8963516e-05	125.99498987197876
270	-434.89413	392.59708	-34.524967	-886.4	16.62857	-141.14032	46.870148	-118.4613	-313.91434	162600	-0.1359413	12341.17	-0.00044441223	-138.05664	2.0552406	5.852779e-06	126.98209190368652
271	-463.52618	392.32834	-32.374916	-886.4	15.810811	-138.0639	48.1115	-116.42015	-312.65564	163200	-0.1551082	13915.071	-0.0004634112	-36.793945	2.1408644	5.3296884e-05	127.47742652893066
272	-432.46692	382.27002	-35.9881	-886.4	17.117647	-136.29918	46.63226	-115.211105	-312.2651	163800	-0.13267313	11530.942	-0.0004644394	-36.54785	2.1274662	2.930363e-05	128.03085112571716
273	-431.67868	398.56693	-36.14642	-886.4	16.135136	-133.1647	48.46841	-114.806366	-312.32892	164400	-0.1513	13613.81	-0.0004620403	-197.10059	2.0037475	-0.00035254547	128.60273623466492
274	-378.78824	380.11002	-27.126848	-886.4	18.580645	-131.57669	45.1706	-112.33368	-310.80307	165000	-0.10214722	11140.644	-0.00037855655	-181.61719	2.0938196	0.0001839748	129.16773462295532
275	-313.24893	357.6263	-35.97128	-886.4	20.586206	-129.1101	44.14744	-110.67731	-309.82755	165600	-0.08129327	9539.161	-0.00058087707	-95.875	2.1046333	-2.4784604e-06	129.73181676864624
276	-417.99606	391.84296	-26.477781	-886.4	16.941177	-126.71556	47.154972	-108.628365	-308.17303	166200	-0.14521664	12014.287	-0.00038915873	-115.16406	2.0391855	-3.5874942e-05	130.28483414649963
277	-466.48398	400.0858	-20.061605	-886.4	15.184211	-124.417656	49.692368	-107.08994	-307.39862	166800	-0.16651139	16315.691	-0.00048680604	-502.7744	2.091802	-3.4381053e-05	130.85219526290894
278	-368.70316	375.9631	-21.823019	-886.4	18.71875	-128.26477	46.644608	-105.45894	-306.9116	167400	-0.11222985	11072.125	-0.000447385	-158.84961	1.9961113	-0.00031487673	131.39910054206848
279	-479.05222	388.0208	-35.56993	-886.4	15.473684	-128.8863	50.28058	-104.24378	-306.27533	168000	-0.19742964	16820.836	-0.0005931109	-123.759766	2.1329703	-8.877834e-05	131.96301198005676
280	-395.50836	382.5367	-33.883137	-886.4	17.9375	-129.79364	46.69402	-105.11891	-307.67368	168600	-0.09778193	10271.281	-0.00041461736	-58.76172	2.0803132	-0.0002424415	132.94291996955872
281	-565.85767	399.4497	-29.040428	-886.4	11.3529415	-127.81961	56.834366	-104.0124	-307.1417	169200	-0.2124877	21488.605	-0.00038205087	-470.02148	2.084748	-0.00019000242	133.37112593650818
282	-364.0783	380.77512	-19.228962	-886.4	18.75	-114.55684	46.4348	-102.16534	-306.84204	169800	-0.08049599	11276.448	-0.00043904036	-774.1914	1.985201	-0.00064305455	133.8537998199463
283	-420.33972	391.989	-31.536839	-886.4	17.029411	-121.65867	48.502502	-100.526	-305.84137	170400	-0.12336573	11552.664	-0.0004145205	-34.817383	2.054519	6.0855647e-05	134.34429740905762
284	-481.80176	387.29443	-30.905127	-886.4	15.236842	-122.95257	50.727207	-99.2976	-305.22742	171000	-0.17272653	16226.257	-0.00048740208	-117.836914	2.0470412	-8.992652e-05	134.85283970832825
285	-383.30457	390.6684	-29.663988	-886.4	17.96875	-121.06625	47.494995	-101.56825	-307.7054	171600	-0.1741499	11953.867	-0.0005735606	-245.99219	2.049046	8.195331e-05	135.3729019165039
286	-267.14075	334.25485	-28.35536	-886.4	22.222221	-119.40401	44.142788	-99.44794	-306.42557	172200	-0.06418054	7417.949	-0.00056979805	-107.9834	2.0548487	0.00019990027	135.87478041648865
287	-323.47772	370.53223	-29.92468	-886.4	19.633333	-114.65137	46.674335	-97.12129	-304.5577	172800	-0.083223976	8998.364	-0.00047466904	-113.05469	2.0229764	-0.00022367497	136.3731234073639
288	-411.67728	386.8852	-35.06929	-886.4	17.575758	-115.9682	49.01575	-94.63422	-302.59824	173400	-0.13095553	13190.18	-0.0002695918	-152.66504	2.047207	1.0574858e-05	136.87920904159546
289	-493.35608	402.34894	-34.482338	-886.4	14.121951	-116.18406	53.161972	-94.997086	-303.226	174000	-0.16941144	15639.007	-0.00038027763	-203.47656	2.117616	-8.4192056e-05	137.38371181488037
290	-470.7624	396.59198	-23.341978	-886.4	15.263158	-116.721954	52.77994	-94.37507	-303.64194	174600	-0.16613874	14503.13	-0.00042267144	-368.85645	2.042865	0.000121894576	138.51914238929749
291	-400.80148	385.45724	-29.718828	-886.4	17.5	-119.554115	49.96522	-94.20559	-304.19586	175200	-0.116576105	12202.106	-0.0005377829	-68.17285	2.04775	-0.00028529874	139.1027636528015
292	-439.9097	402.1937	-20.800133	-886.4	15.789474	-117.23904	51.514595	-94.39656	-304.72348	175800	-0.17927374	14504.037	-0.00041139126	-191.7207	2.0410612	-0.00012149374	139.75795316696167
293	-424.33575	404.18256	-36.29462	-886.4	16.108109	-111.78318	52.078163	-92.819275	-304.04926	176400	-0.14095874	12615.309	-0.0003309101	-165.63184	2.083826	-4.1029154e-05	140.3280210494995
294	-331.90018	364.6456	-37.00189	-886.4	19.966667	-112.28453	47.826122	-89.999374	-302.31598	177000	-0.076033585	8009.2314	-0.00033050776	-44.22998	2.0289092	0.00019376408	140.88194704055786
295	-411.3667	402.45694	-31.794792	-886.4	16.472221	-107.476074	51.4039	-89.04139	-301.61108	177600	-0.13640098	12056.054	-0.00028043985	-123.63281	1.9646814	1.8222232e-05	141.47169017791748
296	-380.77994	382.52985	-19.47153	-886.4	18.0	-106.58289	49.803715	-86.96783	-300.37656	178200	-0.10406039	11043.823	-0.00028713048	-120.796875	2.0172405	1.46522625e-05	142.0931465625763
297	-401.47476	396.9147	-28.638474	-886.4	17.0	-106.617256	51.344707	-87.16337	-300.88486	178800	-0.13957998	11044.706	-0.00037623942	-71.99902	2.022208	-0.0001113539	142.68698358535767
298	-416.13202	396.44266	-30.132214	-886.4	16.416666	-104.78994	51.981415	-85.7478	-300.13715	179400	-0.18935052	13585.771	-0.00038690865	-223.25488	2.0061312	0.00014472147	143.2823052406311
299	-291.32657	343.61578	-31.8468	-886.4	21.178572	-107.17184	48.061386	-85.5673	-300.6449	180000	-0.10759604	7622.65	-0.00039001554	-113.77051	2.0183132	0.00011011362	143.9147458076477
300	-410.8553	390.31815	-32.57353	-886.4	17.028572	-107.796234	52.330933	-85.30541	-300.40387	180600	-0.07800152	11830.565	-0.0002706349	-120.05371	1.9779317	8.72841e-05	145.42479848861694
301	-450.21283	405.4202	-24.506784	-886.4	15.358974	-109.52044	53.87742	-86.142525	-301.47845	181200	-0.15620863	14121.953	-0.00034061074	-53.51953	2.085002	5.437056e-05	146.07826566696167
302	-397.0843	400.75357	-28.58342	-886.4	16.571428	-102.91585	51.671932	-84.64648	-301.122	181800	-0.11793963	11701.691	-0.0002635494	-147.29297	1.9842365	-1.3567457e-05	146.77503180503845
303	-458.36005	406.76248	-24.901129	-886.4	15.0	-101.90698	54.39011	-82.478775	-299.75394	182400	-0.17254893	14588.236	-0.00037696958	-79.84961	2.0164912	0.0001165766	147.4591236114502
304	-375.23395	388.09912	-25.003773	-886.4	17.666666	-100.17753	51.126595	-81.54433	-299.91168	183000	-0.0886157	10306.9795	-0.00035892427	-19.43164	2.0301573	0.00023062249	148.15771460533142
305	-339.6417	376.9351	-24.852257	-886.4	19.0	-99.114944	49.896244	-81.60912	-300.3729	183600	-0.11676806	9408.996	-0.0003470853	-34.50293	1.954819	-0.00019942448	148.82960200309753
306	-360.51437	381.47943	-35.791874	-886.4	18.3125	-98.42513	50.523655	-80.9264	-299.94543	184200	-0.06965398	9000.04	-0.00026655197	-20.683594	2.0069377	-0.0002189967	149.50502109527588
307	-438.42825	403.62302	-31.680666	-886.4	15.421053	-99.57241	54.245575	-81.00525	-300.18546	184800	-0.12682813	12500.18	-0.00020591915	-57.177734	1.9633342	-9.27716e-05	150.16979503631592
308	-401.72513	397.77283	-19.216152	-886.4	17.0	-98.35814	52.619022	-80.96944	-300.89774	185400	-0.08095537	12276.103	-0.00029453635	-95.899414	1.971333	0.00011895026	150.84103894233704
309	-425.8602	403.04916	-23.08234	-886.4	16.135136	-99.12833	54.01814	-80.56477	-301.11957	186000	-0.14079228	12440.33	-0.000254035	-43.328125	2.0174124	9.623716e-06	151.45688223838806
310	-318.0303	374.58112	-29.512985	-886.4	19.3	-94.989	49.46075	-80.00376	-301.32288	186600	-0.093527906	9407.535	-0.00032249093	-102.240234	1.9802572	-8.7741166e-05	152.84121942520142
311	-435.9206	394.3032	-22.61789	-886.4	15.837838	-96.57113	54.201744	-78.492714	-300.3005	187200	-0.13506287	12224.153	-0.00029547513	-296.4756	1.926134	-1.0659943e-05	153.500629901886
312	-471.48648	405.80817	-30.256512	-886.4	14.268292	-101.819046	56.785183	-80.80487	-302.9192	187800	-0.15185252	14603.275	-0.00025214255	-86.62891	1.9718754	-0.00013105487	154.43117690086365
313	-513.3323	407.63632	-21.64534	-886.4	12.956522	-103.55586	59.89839	-81.50502	-304.60318	188400	-0.1849105	17364.447	-0.00026901066	-71.71094	1.932096	-2.9076139e-06	155.60364651679993
314	-484.05338	401.66083	-30.99557	-886.4	14.214286	-102.99759	58.030243	-80.91034	-305.57584	189000	-0.26723543	17995.576	-0.0005723238	-476.78906	2.0307589	-0.00028483887	156.3679974079132
315	-434.4484	404.62787	-25.420488	-886.4	15.368421	-102.64095	56.415848	-83.29928	-308.908	189600	-0.17303859	14831.997	-0.00032813847	-391.9004	1.9794228	-0.00014012138	157.38691520690918
316	-509.3167	404.018	-20.55776	-886.4	13.244445	-105.50993	61.648438	-82.10025	-309.21967	190200	-0.16373321	16934.197	-0.0002771616	-257.96094	1.9638916	-0.00011267647	158.36922192573547
317	-492.54077	405.6062	-26.089767	-886.4	14.219512	-105.26588	58.269302	-82.97343	-310.81854	190800	-0.16797486	16357.257	-0.00028255582	-45.426758	1.9377695	6.366819e-06	159.32701683044434
318	-399.49942	398.33972	-35.227886	-886.4	16.885714	-102.26443	54.769943	-83.79837	-312.71848	191400	-0.1252713	10820.129	-0.00030316412	-72.25195	1.966488	0.00013697664	160.04755926132202
319	-425.62784	402.28668	-27.32381	-886.4	15.945946	-101.75646	56.256245	-81.693634	-311.45074	192000	-0.12995481	13182.922	-0.0002309233	-202.67871	2.0067408	7.115294e-05	160.79915285110474
320	-405.34567	402.74475	-30.670267	-886.4	16.277779	-98.72142	56.772366	-80.377945	-311.0071	192600	-0.1300017	14095.48	-0.00032442808	-258.9834	1.9806366	-0.00012230813	162.0811746120453
321	-364.7854	395.13354	-26.207819	-886.4	17.818182	-94.24422	55.041687	-78.406364	-309.9239	193200	-0.08209409	10132.506	-0.00027132034	-200.63184	1.9119698	2.1847785e-05	162.81169366836548
322	-320.9219	369.85782	-23.74375	-886.4	19.3	-90.24505	51.792492	-75.58255	-307.78992	193800	-0.07264239	8933.93	-0.00031666458	-108.55957	1.9251312	-7.736931e-06	163.67758750915527
323	-384.995	395.62604	-33.114998	-886.4	17.205883	-92.76841	55.00815	-75.99438	-308.15765	194400	-0.082787864	10695.895	-0.00026833266	-175.38379	1.9472187	8.726408e-05	164.41068625450134
324	-355.06467	385.66977	-21.90799	-886.4	18.125	-92.647255	53.59021	-75.226776	-307.79745	195000	-0.06798691	9422.65	-0.0002829209	-42.27246	1.8770776	-0.00013556793	165.20973682403564
325	-417.8874	409.7705	-21.746037	-886.4	15.837838	-94.088	56.971664	-74.95156	-307.76126	195600	-0.13537697	12387.286	-0.0002552271	-74.38965	1.9594841	1.2205839e-05	166.11574864387512
326	-421.9455	395.21555	-34.608177	-886.4	16.5	-91.89077	56.560402	-71.99875	-305.88187	196200	-0.110500485	13571.697	-0.00027834624	-175.97461	1.9007663	-2.3673474e-05	167.01848721504211
327	-534.3993	407.03864	-27.67349	-886.4	12.204082	-100.29874	64.53282	-76.05399	-309.9804	196800	-0.21261956	18754.135	-0.00031749904	-65.88281	2.0324702	3.8288184e-05	167.8201789855957
328	-252.08907	340.81485	-26.494497	-886.4	21.25926	-91.894875	50.30716	-76.617035	-312.1658	197400	0.0061247586	6819.1416	-0.00030290103	-65.94824	1.9190438	-0.00026279155	168.54019784927368
329	-460.48148	394.65842	-42.903004	-886.4	15.567568	-97.68166	57.670628	-73.948395	-309.84808	198000	-0.18371281	13457.782	-0.00033053756	-400.19238	2.0406847	9.524822e-05	169.28177642822266
330	-382.71286	382.2186	-30.700829	-886.4	17.636364	-100.69315	55.066975	-77.313034	-313.46014	198600	-0.08811688	9791.429	-0.00030761212	-123.06348	1.9191307	0.000108389606	170.79965734481812
331	-471.7247	405.9201	-22.969244	-886.4	14.390244	-102.66451	60.326637	-79.97417	-316.02078	199200	-0.14597976	14949.15	-0.00033649802	-173.91699	1.8945174	0.00013146659	171.40766501426697
332	-415.01373	399.84576	-23.39709	-886.4	16.61111	-98.10896	57.195724	-80.61684	-317.4656	199800	-0.09113483	12098.616	-0.0002747923	-297.35742	2.0389843	0.00012407616	172.04232835769653
333	-412.87244	400.97696	-35.021557	-886.4	16.13889	-98.896774	57.685017	-80.11065	-317.6916	200400	-0.094809495	11322.38	-0.00024474412	-43.39746	1.9338667	-0.00014548436	172.8972086906433
334	-317.47418	374.24014	-23.119919	-886.4	19.466667	-98.29627	53.390965	-78.90159	-317.2711	201000	-0.05842125	8702.24	-0.00029809028	-73.10547	1.9914522	-4.688437e-05	173.5875120162964
335	-438.58047	403.8423	-21.979761	-886.4	15.473684	-97.91794	59.129402	-76.05732	-314.99417	201600	-0.111712314	12534.8	-0.00029622763	-12.986328	1.9691631	-2.4009496e-05	174.18914103507996
336	-463.36493	403.22784	-35.749153	-886.4	14.675	-97.90429	60.58462	-75.99475	-315.6708	202200	-0.11818137	13694.35	-0.00027190894	-134.7627	1.9637903	-0.00018385565	174.75249457359314
337	-519.8534	402.68597	-24.663738	-886.4	13.159091	-98.271194	63.386105	-78.073006	-318.3253	202800	-0.18760616	16910.256	-0.0003130138	-670.3926	1.8983175	4.0291798e-05	175.34219884872437
338	-469.52997	398.50198	-22.09175	-886.4	14.95	-104.98981	60.959557	-79.972824	-321.4138	203400	-0.15315996	14607.297	-0.00030596554	-211.74902	2.0243537	9.995301e-06	175.98157167434692
339	-383.9546	396.25473	-29.128954	-886.4	17.058823	-102.96689	57.19832	-82.55863	-324.6404	204000	-0.102080725	10431.008	-0.00027355552	-77.41406	2.0132828	-2.3157696e-05	176.56980204582214
340	-356.0349	384.73465	-36.104153	-886.4	18.0625	-97.37334	55.745403	-80.26625	-323.23062	204600	-0.06584122	9094.5625	-0.0003078431	-90.21094	1.9116721	9.315888e-05	177.86234211921692
341	-194.20013	296.43698	-29.67392	-886.4	22.923077	-91.86146	50.687176	-79.426125	-322.71713	205200	0.06387319	5649.462	-0.0001489073	-118.29932	1.9491028	-2.885302e-05	178.44628024101257
342	-491.32413	401.9873	-31.700087	-886.4	13.930233	-95.954155	63.52296	-75.776306	-319.28662	205800	-0.1821917	18485.807	-0.00033073127	-308.70117	1.9728203	2.7059665e-05	179.03913855552673
343	-282.1343	350.54282	-37.213947	-886.4	21.035715	-102.559166	53.146477	-77.972595	-322.20383	206400	-0.034701373	7204.3184	-0.0002571866	-137.54248	1.979046	3.094206e-05	179.6325981616974
344	-514.8548	396.78748	-41.9584	-886.4	13.266666	-103.924614	64.97066	-76.955605	-321.37845	207000	-0.20249495	17428.693	-0.0002963096	-490.66406	1.9583138	-0.00014847249	180.2292037010193
345	-413.46014	399.9418	-33.71376	-886.4	16.38889	-103.69086	59.185196	-79.86101	-325.0969	207600	-0.13138893	13010.899	-0.0004490763	-268.7998	1.9731914	-0.00021791573	180.8095362186432
346	-451.87332	401.4168	-32.95158	-886.4	15.540541	-98.4413	60.127064	-79.81157	-325.78635	208200	-0.11826769	12125.837	-0.00030258298	-160.65234	2.0662959	0.00024990598	181.38264513015747
347	-335.44763	381.2265	-22.902878	-886.4	18.774193	-98.04254	56.012936	-80.1633	-326.95078	208800	-0.055807628	8628.292	-0.0002376549	-46.54004	1.9636837	4.503116e-05	181.95203185081482
348	-402.67615	396.58096	-20.120459	-886.4	16.885714	-98.88803	59.155235	-77.982956	-325.49774	209400	-0.10406283	11405.544	-0.00024785846	-85.80762	1.9892195	-0.00024700342	182.5319800376892
349	-484.55515	402.6724	-46.698574	-886.4	14.095238	-103.43331	63.960426	-77.13168	-325.39746	210000	-0.14438383	14609.373	-0.00026728213	-217.85645	1.9943234	-3.6536305e-05	183.12210845947266
350	-290.1741	368.63605	-22.17014	-886.4	20.068966	-93.77417	54.593533	-79.03492	-328.0324	210600	-0.037347972	7721.6	-0.00022864714	-110.15918	1.9681449	0.00011995936	184.43105936050415
351	-436.13806	395.23447	-28.248951	-886.4	16.216217	-96.681496	60.454136	-75.6857	-325.55484	211200	-0.14089473	15654.997	-0.0003194809	-251.59082	1.998507	9.4519455e-05	185.06848764419556
352	-247.18665	335.6854	-22.753906	-886.4	21.321428	-94.794365	54.156628	-79.0374	-328.78738	211800	0.03992504	7158.025	-0.00030097738	-121.78418	1.9195594	-0.00014976501	185.65196418762207
353	-459.83432	396.51077	-28.489347	-886.4	15.153846	-100.38862	62.56288	-77.05078	-326.99146	212400	-0.1104156	13317.283	-0.00026269257	-211.45312	1.9944572	-0.00010682414	186.46555089950562
354	-416.22696	400.55106	-27.786661	-886.4	16.444445	-103.3558	60.551376	-79.35213	-329.53558	213000	-0.14604239	16820.379	-0.00042954087	-340.5918	1.9946802	2.2288015e-05	187.2003161907196
355	-417.71872	397.84677	-25.057716	-886.4	16.36111	-101.724075	61.0441	-80.55805	-331.2879	213600	-0.11539995	12053.003	-0.00031912327	-154.94629	1.9356747	0.0002627483	187.80293893814087
356	-306.85242	361.16376	-29.48137	-886.4	20.448277	-106.411896	55.619167	-80.462135	-331.9782	214200	-0.08004059	9073.06	-0.00047184527	-137.45117	2.0341182	6.904791e-05	188.4728283882141
357	-436.87146	405.10376	-23.559473	-886.4	15.368421	-100.21615	62.31975	-79.80795	-331.4966	214800	-0.122840956	12161.435	-0.0003402233	-52.493164	1.9461092	-1.9240875e-05	189.14221048355103
358	-444.68784	409.3529	-27.886814	-886.4	14.820513	-97.88386	63.205368	-78.726006	-331.58408	215400	-0.11982511	12686.792	-0.00026893616	-105.12207	2.0135388	-0.00014334942	189.74052214622498
359	-381.81995	382.98343	-26.212608	-886.4	17.60606	-93.511345	59.050087	-76.834984	-331.2403	216000	-0.0695385	10194.414	-0.00021927804	-298.56445	1.9423852	-0.00013799722	190.31129789352417
360	-420.7942	396.34015	-33.868736	-886.4	16.583334	-104.822815	61.45647	-79.073074	-333.17734	216600	-0.10434475	12913.6455	-0.00036403537	-37.98047	2.0087163	0.000118519616	191.6172661781311
361	-327.1086	367.63483	-24.78273	-886.4	19.2	-100.214294	57.09436	-80.22449	-334.75577	217200	-0.027293015	8241.79	-0.00022554584	-21.55957	1.931894	-0.0001791741	192.1950192451477
362	-311.92572	356.97443	-34.952145	-886.4	20.172413	-100.4653	56.19967	-80.24526	-334.63837	217800	0.013734792	8304.605	-0.00029150397	-45.660156	1.9785585	0.00018043559	192.7796187400818
363	-403.79276	393.80264	-29.134659	-886.4	16.657143	-100.59242	60.54946	-81.18418	-334.94095	218400	-0.093284644	11551.132	-0.00024534017	-59.708984	1.909235	-3.8411767e-05	193.364732503891
364	-412.63858	397.9058	-32.25719	-886.4	16.527779	-99.22099	61.233574	-81.76186	-335.73642	219000	-0.13507901	13978.722	-0.0003566742	-904.9424	1.9657754	7.872934e-05	193.93632292747498
365	-317.61066	373.9358	-30.178675	-886.4	19.433332	-97.11743	57.309723	-81.768394	-336.5971	219600	-0.04477591	8861.302	-0.00025540963	-476.17383	2.0022619	-6.530285e-05	194.53202748298645
366	-421.99295	405.88882	-21.812895	-886.4	15.675675	-98.4082	63.17246	-79.06561	-334.5795	220200	-0.11781649	11802.765	-0.00030399114	-253.4209	1.9234147	-6.7422785e-05	195.19688868522644
367	-438.28052	404.1443	-25.516792	-886.4	15.421053	-94.83289	63.3907	-76.82644	-333.6616	220800	-0.117738076	12472.922	-0.00018112361	-23.973633	2.0457416	0.00021425371	195.8134298324585
368	-517.8626	401.97308	-28.714752	-886.4	12.847826	-98.37784	69.2417	-77.26645	-334.8943	221400	-0.1822422	17230.514	-0.00041611493	-129.38281	2.016478	2.2739569e-05	196.43904089927673
369	-337.04382	380.5568	-22.45543	-886.4	18.903225	-95.90511	58.43387	-80.20292	-339.1064	222000	-0.022603003	9176.642	-0.00021228753	-98.03418	2.0141585	-0.00020415976	197.0317189693451
370	-348.11392	381.49805	-20.886673	-886.4	18.121212	-95.97181	60.239117	-78.88279	-338.36765	222600	-0.029865077	9190.175	-0.00024543516	-40.081055	1.8630912	-0.00013462464	198.38173699378967
371	-420.4569	395.50198	-33.665253	-886.4	16.36111	-96.26986	62.574394	-78.27649	-337.87088	223200	-0.107783735	11994.592	-0.0002894327	-333.6416	2.0922775	-0.00014437894	199.00276136398315
372	-382.91776	396.81595	-32.2528	-886.4	16.941177	-101.86069	61.36974	-79.1058	-339.18784	223800	-0.075803734	10327.497	-0.0003534183	-343.23828	1.9116136	9.155999e-05	199.6047761440277
373	-280.64343	342.80566	-22.040104	-886.4	20.51724	-91.4631	57.05541	-77.193016	-338.21768	224400	0.030109348	7051.906	-0.00023305789	-57.5791	1.8579327	-6.50228e-05	200.20130276679993
374	-401.13922	397.06644	-29.217134	-886.4	16.428572	-94.7186	61.767532	-78.72209	-338.69122	225000	-0.0889239	10601.85	-0.00021488965	-41.77539	1.910907	0.0001664477	200.77990293502808
375	-331.17688	383.87918	-26.248781	-886.4	18.967741	-94.88608	58.675423	-79.186165	-339.48926	225600	-0.049268607	8711.105	-0.00018582866	-85.615234	2.0297282	-1.654168e-05	201.3663284778595
376	-423.76996	404.33905	-31.291035	-886.4	15.567568	-93.24075	63.654793	-75.88917	-337.03143	226200	-0.099338695	11403.472	-0.00025610626	-24.60254	1.8779106	1.1569063e-05	201.9675977230072
377	-374.92242	389.693	-19.284025	-886.4	17.575758	-91.55749	60.783386	-75.20649	-337.28403	226800	-0.07920144	11918.913	-0.00033016503	-534.5547	1.9599134	0.00012792672	202.68854141235352
378	-277.0246	352.99396	-23.928234	-886.4	20.75	-95.06838	56.976704	-76.32789	-338.5473	227400	-0.029114237	7187.9883	-0.0003001243	-68.54346	2.008328	3.2909513e-05	203.34940695762634
379	-389.86108	392.091	-32.615475	-886.4	16.970589	-94.89355	61.94001	-73.63961	-336.11273	228000	-0.07646004	10340.588	-0.00031840056	-93.79492	1.8935746	0.00020798553	204.02185893058777
380	-339.4102	376.51547	-26.271095	-886.4	19.258064	-102.144196	59.514652	-74.10805	-336.6738	228600	-0.12552239	10934.014	-0.00041243434	-103.13867	2.0456746	0.00022002324	205.55509853363037
381	-372.2639	389.204	-29.242434	-886.4	17.727272	-97.49181	61.334507	-73.62907	-336.44702	229200	-0.09021685	9281.225	-0.00022526085	-116.07129	1.8972579	-0.00013819689	206.31080436706543
382	-258.93573	336.7484	-24.892097	-886.4	21.592592	-90.225426	56.05108	-73.8943	-336.68475	229800	0.010865059	6630.5186	-0.00017662626	-16.081055	2.0054564	7.34432e-05	206.95518589019775
383	-327.6961	377.66827	-29.782553	-886.4	18.625	-89.63146	59.851997	-73.910706	-335.68762	230400	-0.035848446	8834.227	-0.0003714338	-35.81836	1.922818	1.358817e-05	207.5455620288849
384	-403.26846	393.0963	-35.473057	-886.4	16.457144	-90.01931	62.21345	-73.21735	-334.65958	231000	-0.12387405	12345.424	-0.0004068613	-97.518555	1.9077295	6.406968e-05	208.1661446094513
385	-379.35175	385.01068	-38.130596	-886.4	17.878788	-93.80649	60.678123	-76.79266	-337.90247	231600	-0.0785962	10457.995	-0.00022578984	-771.6963	1.9979484	0.00011019563	208.93152236938477
386	-369.08725	392.28528	-21.5075	-886.4	17.787878	-104.48003	60.917206	-78.688774	-339.74313	232200	-0.07792146	9988.971	-0.00026103854	-212.98535	2.0013807	4.8324815e-05	209.55309104919434
387	-314.89157	374.96906	-24.430323	-886.4	19.2	-94.427	58.66786	-75.763336	-338.04694	232800	-0.02485134	8211.378	-0.00017247535	-169.71289	2.0062141	0.00010193373	210.3823664188385
388	-445.4535	397.70996	-25.29041	-886.4	15.605263	-91.53016	64.880295	-72.88412	-335.63495	233400	-0.1153403	12392.422	-0.0002617836	-154.4668	1.9942123	-3.753548e-05	211.17953991889954
389	-439.2479	400.8474	-35.985413	-886.4	15.578947	-95.98855	64.8378	-77.20862	-339.67328	234000	-0.15397583	13965.144	-0.00026114285	-454.25488	1.9773295	-8.31831e-05	211.84038376808167
390	-396.12814	400.89127	-24.417704	-886.4	16.885714	-96.67341	62.815044	-79.12229	-342.3267	234600	-0.10089169	10619.369	-0.00023821741	-100.28613	2.022232	-4.4211545e-05	214.08280754089355
391	-423.67905	404.59192	-25.591726	-886.4	15.648648	-95.12406	64.57002	-77.12282	-341.71823	235200	-0.07722671	11620.335	-0.00022470951	-17.901367	1.9683472	1.613001e-05	214.8389174938202
392	-375.04572	387.98572	-32.27775	-886.4	17.424242	-91.59986	61.568565	-75.94533	-341.96564	235800	-0.041261457	10112.675	-0.0002482757	-34.239258	1.9189547	-1.5978167e-05	215.64125418663025
393	-429.64	399.37003	-24.225212	-886.4	15.864865	-95.198074	64.81511	-77.48661	-343.3442	236400	-0.10299904	11308.042	-0.00023486465	-27.164062	1.9435852	-3.2938024e-05	216.67554259300232
394	-347.11694	389.3479	-22.974579	-886.4	18.25	-95.25754	60.85895	-79.188805	-345.3548	237000	-0.105143815	10392.913	-0.00032287836	-66.37793	1.9264066	7.596935e-05	217.58426547050476
395	-348.3692	372.97156	-27.463516	-886.4	19.161291	-91.40048	60.198204	-76.173134	-343.4954	237600	-0.07460627	9432.229	-0.00032795966	-844.1201	2.034746	-3.0011981e-05	218.42696738243103
396	-434.47147	407.4403	-33.609695	-886.4	15.184211	-99.10355	65.87966	-78.17194	-344.71283	238200	-0.09900223	12530.082	-0.00038322806	-175.48438	1.911322	-2.594168e-05	219.18779158592224
397	-346.8514	391.35794	-23.499384	-886.4	18.15625	-91.53779	61.128834	-76.229805	-344.21585	238800	-0.05699103	9367.715	-0.00044827163	-69.88672	1.938375	0.00015889446	219.8111207485199
398	-337.53647	379.91876	-32.168835	-886.4	18.741936	-88.901596	60.614857	-73.14342	-342.191	239400	-0.007238051	8782.405	-0.00021986198	-0.5878906	1.9113798	-2.1321077e-06	220.41851663589478
399	-333.78403	363.63406	-36.960114	-886.4	19.633333	-89.452065	59.859047	-73.13577	-341.98227	240000	-0.07720141	11400.566	-0.000376679	-684.3701	1.962172	2.9853234e-05	221.02180218696594
400	-427.7026	401.78906	-23.041586	-886.4	15.594595	-100.133644	65.411385	-77.635475	-344.89804	240600	-0.1132636	12356.561	-0.00030902773	-166.45703	1.9833622	-4.860878e-05	223.00942492485046
401	-525.9744	401.94815	-26.746508	-886.4	12.531915	-101.849075	72.649284	-78.72583	-346.5111	241200	-0.18847641	16799.344	-0.00036345422	-85.79297	1.965706	-4.5063196e-05	223.71311211585999
402	-450.8579	404.05542	-27.008299	-886.4	14.974359	-101.3255	67.38734	-80.60493	-350.05237	241800	-0.12320404	12638.395	-0.00031166524	-22.533203	1.9546725	-1.8336525e-05	224.32274866104126
403	-331.08676	375.76688	-26.338526	-886.4	18.75	-97.00291	61.065525	-80.28713	-350.95203	242400	-0.02609731	8980.252	-0.00025107898	-35.27832	1.943442	-2.6786476e-05	225.02432942390442
404	-450.3107	394.91272	-37.938965	-886.4	15.789474	-104.95603	67.079315	-79.00689	-349.97388	243000	-0.16275278	13445.702	-0.00039598346	-352.76953	1.993285	7.177944e-05	225.86212420463562
405	-334.86118	382.0427	-30.801157	-886.4	18.709677	-102.80113	61.597706	-81.82414	-353.04968	243600	-0.060695596	9246.145	-0.00038207322	-118.08496	2.0166428	2.0707399e-05	226.4853000640869
406	-334.57516	382.34003	-21.130283	-886.4	18.516129	-96.529594	61.553024	-78.63914	-350.80505	244200	-0.027131462	9409.877	-0.0002767779	-105.60742	1.9805974	0.00019260024	227.26939415931702
407	-294.02734	366.3968	-22.327059	-886.4	19.931034	-92.953514	59.898705	-76.07772	-348.8026	244800	-0.03143725	7666.8833	-0.0002507344	-80.2207	1.915943	9.211848e-06	227.98455715179443
408	-282.98892	349.76028	-39.451385	-886.4	20.428572	-89.598625	58.95943	-73.70146	-346.5631	245400	-0.0120686535	7314.6924	-0.00028228108	-28.486328	1.9184167	0.000358487	228.7980124950409
409	-370.98138	390.15225	-39.31925	-886.4	17.39394	-90.93469	63.026226	-74.174446	-346.037	246000	-0.066328295	9174.826	-0.00020714849	-6.423828	2.006899	-9.995595e-05	229.49680304527283
410	-361.5871	397.3276	-24.881641	-886.4	17.575758	-91.71083	63.02596	-74.63406	-346.3165	246600	-0.07922473	9734.67	-0.00027709454	-67.5293	1.881531	5.2191666e-05	230.8802366256714
411	-268.84845	356.94794	-35.197147	-886.4	20.535715	-86.16568	58.714333	-71.673004	-344.42398	247200	-0.0037173461	6828.796	-0.0001823171	-75.15088	1.9415605	5.124539e-05	231.4593961238861
412	-363.2111	396.3008	-27.794758	-886.4	17.30303	-85.00625	63.185436	-68.723366	-341.5809	247800	-0.06946935	9731.125	-0.00023993105	-13.384766	1.9168192	-3.685057e-05	232.0598850250244
413	-413.33945	398.08682	-45.00462	-886.4	16.055555	-85.040146	65.845726	-67.32271	-340.73383	248400	-0.12477005	12659.596	-0.00029530376	-80.819336	2.0090613	2.2851924e-05	232.64200377464294
414	-379.61896	384.60883	-37.646667	-886.4	17.575758	-87.13211	63.281033	-70.32996	-343.544	249000	-0.027813137	10413.852	-0.00027717464	-555.02344	1.9060783	-6.5333494e-05	233.3312692642212
415	-426.3672	405.03177	-35.46517	-886.4	15.307693	-94.69845	68.106285	-73.483345	-345.95227	249600	-0.095882915	12296.362	-0.00026791543	-216.59668	1.9417483	-5.7224977e-05	233.99919891357422
416	-325.41342	379.29663	-25.416979	-886.4	18.625	-89.64312	62.465794	-73.400154	-346.7841	250200	-0.017223733	9038.773	-0.00031041913	-77.02637	1.917834	0.000112078385	234.87416625022888
417	-448.5315	407.01358	-22.362814	-886.4	14.974359	-91.4766	68.32109	-72.051216	-345.58606	250800	-0.15278763	14104.316	-0.00022724271	-27.938477	1.9248122	-3.1330187e-06	235.9930067062378
418	-357.57333	391.39667	-31.831621	-886.4	17.558823	-89.4826	64.31189	-73.22734	-347.5326	251400	-0.050279323	9795.9	-0.00025855005	-7.8632812	1.9790287	0.00014156093	237.06627082824707
419	-416.84924	397.41412	-39.08244	-886.4	16.444445	-90.4056	66.34725	-72.26607	-347.1044	252000	-0.07790817	10729.3	-0.00023307651	-68.021484	1.9771631	-1.5167395e-05	237.92046999931335
420	-342.39124	376.77496	-30.954165	-886.4	18.935484	-90.16266	61.801594	-74.59527	-349.2133	252600	-0.084429905	9044.86	-0.00026787072	-28.957031	1.9902283	-6.1272236e-05	239.43001675605774
421	-343.26874	376.33212	-37.6558	-886.4	18.612904	-91.85659	61.55029	-76.70514	-350.28638	253200	-0.062903725	9135.8545	-0.00027700514	-20.36914	2.010209	3.607447e-05	240.36711478233337
422	-289.58832	369.5433	-19.102678	-886.4	19.793104	-92.68113	59.507545	-78.50281	-351.1293	253800	0.011459999	8282.303	-0.00021355879	-132.38428	1.9511826	-5.2232197e-05	241.40708231925964
423	-420.16376	405.8355	-32.16616	-886.4	15.864865	-92.14608	66.635315	-74.42242	-347.8958	254400	-0.12577562	13229.446	-0.00033318996	-269.50586	1.9584745	-1.351118e-05	242.41062879562378
424	-409.8824	403.21964	-23.201017	-886.4	16.083334	-91.34471	66.25987	-73.22238	-348.25674	255000	-0.08964418	10783.047	-0.00023578852	-7.3847656	2.006056	-7.533103e-05	243.1480736732483
425	-351.8673	387.45724	-37.19236	-886.4	17.9375	-88.56058	63.018463	-72.55082	-348.54196	255600	-0.047492128	8817.74	-0.00020931289	-8.131836	1.9041923	-0.00011349971	243.75977969169617
426	-362.3233	397.01303	-19.567535	-886.4	17.545454	-88.30097	63.91589	-72.04679	-348.19073	256200	-0.06753202	9872.242	-0.00021655113	-40.723633	1.9165736	-1.0270575e-05	244.36321234703064
427	-273.58994	346.43222	-31.77436	-886.4	20.655172	-84.92788	60.730453	-69.73038	-346.8152	256800	0.025661834	7001.794	-0.00021439418	-21.860352	1.858561	-5.3329517e-05	244.94866585731506
428	-325.40695	379.38763	-25.594492	-886.4	18.75	-86.265495	62.09173	-70.71096	-346.50235	257400	-0.025745697	8938.596	-0.0002655536	-6.182617	1.9531941	4.8817794e-05	245.53615140914917
429	-378.96582	400.2275	-24.62423	-886.4	17.147058	-87.0591	64.66123	-70.20589	-345.7579	258000	-0.07498057	10512.806	-0.00028209388	-241.14258	1.9889972	-6.4299005e-05	246.10945010185242
430	-458.7365	406.43893	-29.673416	-886.4	14.875	-93.20689	69.924194	-68.302284	-344.74155	258600	-0.15554936	13933.835	-0.00036549568	-75.75293	1.9331815	3.4696857e-06	247.49092721939087
431	-276.33047	353.3681	-22.62133	-886.4	20.714285	-87.58997	60.148	-69.68877	-347.2048	259200	-0.012365951	7277.32	-0.00030893367	-58.79834	1.90167	9.362375e-05	248.08840489387512
432	-366.9204	393.78348	-41.011673	-886.4	17.69697	-86.8465	64.21999	-69.24872	-346.15405	259800	-0.073135786	9926.358	-0.0002220273	-263.44043	1.9722307	0.00011431232	248.6483974456787
433	-422.75433	395.2547	-36.885433	-886.4	15.631579	-90.687874	68.64206	-67.75865	-345.18774	260400	-0.088698745	12917.667	-0.00036661327	-401.42578	1.9517232	5.3292264e-05	249.20562553405762
434	-291.4385	367.65958	-33.107906	-886.4	19.896551	-87.75193	60.660267	-72.52268	-349.00107	261000	-0.005766824	7366.5376	-0.0002349508	-93.0874	2.015455	1.943171e-05	249.79601621627808
435	-212.01073	322.53793	-21.808947	-886.4	22.222221	-84.559975	57.627247	-70.44156	-347.03177	261600	0.01148084	6475.8267	-0.00022515561	-190.95068	2.0221355	-3.4499665e-06	250.3525104522705
436	-394.0084	392.94925	-24.989162	-886.4	16.555555	-84.14731	66.5828	-66.43596	-342.94412	262200	-0.074466564	12250.421	-0.0003662035	-211.76172	1.9351168	0.00026817058	250.9388153553009
437	-256.4038	339.16864	-22.408842	-886.4	21.518518	-83.97459	59.15371	-69.59111	-345.1031	262800	0.024686495	7896.6333	-0.0002866611	-169.18652	2.0229506	-2.0506035e-05	251.52582716941833
438	-320.78375	371.35358	-30.202057	-886.4	19.166666	-85.29918	60.65825	-70.750984	-344.565	263400	-0.011729119	8118.4277	-0.00028073043	-17.020996	1.9710172	-8.315171e-05	252.11676001548767
439	-437.4838	403.94812	-25.975365	-886.4	15.447369	-90.497	67.25226	-72.04087	-344.56616	264000	-0.12673885	13510.422	-0.00033593178	-42.68457	1.9461489	8.713767e-05	252.73145151138306
440	-400.10587	398.13177	-21.745527	-886.4	17.028572	-91.2076	64.98333	-73.879486	-347.07996	264600	-0.11485111	10942.044	-0.00028914213	-11.913086	2.0442758	5.8441212e-05	254.12612414360046
441	-350.6026	388.53687	-26.180613	-886.4	18.0	-90.2272	62.398357	-74.85516	-348.4299	265200	-0.056006398	9039.684	-0.00020231307	-11.4609375	2.0551941	3.779908e-05	254.72798228263855
442	-313.7547	364.18735	-38.201515	-886.4	18.967741	-88.78151	61.829647	-73.6586	-347.73987	265800	-0.056920167	9396.704	-0.00029282644	-200.89258	1.9040035	-0.00010450885	255.2863576412201
443	-289.64105	369.58005	-24.35071	-886.4	19.896551	-89.63158	59.57477	-75.334854	-348.20297	266400	-0.036979225	8264.717	-0.00025271624	-100.03662	1.9378304	3.137489e-06	255.87358379364014
444	-408.18042	395.5128	-22.329939	-886.4	16.135136	-89.69303	66.61718	-71.994225	-345.38754	267000	-0.07782317	10885.534	-0.00026720017	-49.92578	1.9348855	6.530826e-05	256.4270980358124
445	-323.63583	369.79666	-27.923922	-886.4	19.166666	-89.16624	60.56362	-74.2568	-347.49155	267600	-0.053944904	8380.198	-0.0002625808	-21.780273	1.9487915	0.00016831263	257.03006529808044
446	-327.22025	385.22443	-22.117785	-886.4	18.580645	-90.78025	61.154953	-75.90131	-347.95233	268200	-0.07261348	9703.174	-0.00030166656	-267.90625	1.9509133	-0.00012090902	257.61190366744995
447	-316.97552	374.83475	-24.484116	-886.4	19.4	-87.6011	60.541077	-72.91834	-345.73035	268800	-0.028507162	9297.935	-0.00030215085	-5.2998047	1.987332	2.270778e-05	258.1932547092438
448	-381.9288	397.60602	-27.190664	-886.4	17.264706	-89.56247	64.33371	-72.65777	-344.90268	269400	-0.081193425	10125.992	-0.00025978684	-89.30859	1.991674	0.00022531365	258.79032588005066
449	-378.44574	400.35962	-23.05285	-886.4	16.882353	-88.67652	63.97758	-72.2195	-345.00943	270000	-0.09079084	10228.42	-0.0002259314	-44.816406	2.0037525	-0.00012255345	259.3712651729584
450	-273.13016	355.9052	-26.470299	-886.4	20.785715	-84.1267	58.811234	-70.41908	-344.281	270600	-0.038213115	8046.8057	-0.0002541393	-20.247559	1.9990627	0.00016040057	260.7615776062012
451	-391.7032	404.42465	-25.105314	-886.4	16.742857	-86.29734	64.82344	-69.51408	-342.2965	271200	-0.10138929	10507.467	-0.00027484447	-19.561523	1.9389096	8.644208e-05	261.33892273902893
452	-227.6634	315.80508	-30.460672	-886.4	22.074074	-80.83433	57.837776	-67.91901	-342.07553	271800	0.066284195	6545.9077	-0.00041340292	-37.66455	1.8676962	0.0001658075	261.91870045661926
453	-247.89973	342.2798	-27.605732	-886.4	21.25926	-82.06601	57.297783	-69.20944	-340.78482	272400	-0.010729151	6602.1323	-0.00027572922	-47.057617	1.9903147	4.443268e-05	262.50010085105896
454	-352.5337	386.99478	-22.394579	-886.4	18.21875	-82.705284	61.47419	-67.55955	-337.0695	273000	-0.072770156	8806.781	-0.00025292486	-10.413086	1.9958323	0.00025270667	263.0689814090729
455	-362.7735	396.476	-21.993475	-886.4	17.545454	-84.08914	62.179214	-68.78006	-337.74054	273600	-0.08563343	9575.52	-0.00029492378	-9.330078	2.0282047	-8.085579e-05	263.667396068573
456	-356.14566	384.3154	-34.623714	-886.4	18.3125	-82.58058	61.519077	-67.71154	-337.5693	274200	-0.07912707	8728.445	-0.00027243793	-52.73828	1.9873277	-0.00010254398	264.21790409088135
457	-403.79013	395.16135	-25.223948	-886.4	16.37143	-86.934715	63.931793	-70.59892	-339.72076	274800	-0.07655853	10900.393	-0.00037593395	-86.293945	2.0123487	-0.00014098902	264.80990529060364
458	-417.76657	397.32175	-30.39224	-886.4	16.305555	-90.867836	64.78622	-74.2011	-343.5579	275400	-0.10089463	11615.155	-0.0002978146	-80.515625	2.002477	-9.534806e-06	265.37241864204407
459	-353.4997	384.97556	-26.403753	-886.4	18.0	-92.468735	61.492046	-77.534775	-347.26874	276000	-0.09735789	9685.015	-0.00026608258	-155.47168	1.9888469	0.00015471588	266.0084409713745
460	-389.6239	397.07297	-27.05871	-886.4	16.61111	-94.75011	65.36076	-77.373276	-347.54266	276600	-0.10656346	10760.224	-0.0003818497	-88.77832	1.9673254	0.00037240222	267.4516806602478
461	-213.90565	321.63693	-24.793573	-886.4	22.0	-89.254845	57.18078	-76.4931	-347.55682	277200	0.027881775	6600.933	-0.00021869689	-192.93652	1.9744332	-0.00011972825	268.0618405342102
462	-405.52948	393.52414	-36.27133	-886.4	16.685715	-87.898994	64.33826	-71.60812	-342.54663	277800	-0.08182052	10617.548	-0.00021916628	-81.174805	2.0002685	8.0028774e-05	268.6952369213104
463	-401.1117	397.52576	-21.089458	-886.4	16.571428	-91.26859	64.706924	-74.64279	-345.0126	278400	-0.106076926	11177.168	-0.00042840093	-75.54199	1.9819275	6.951764e-05	269.3802869319916
464	-313.4194	376.2253	-24.772066	-886.4	19.266666	-90.09739	60.0329	-75.91055	-346.71228	279000	-0.016075986	8392.332	-0.0002498068	-35.464844	1.9653617	6.2072424e-05	270.00151467323303
465	-377.55447	401.18857	-22.985119	-886.4	17.0	-89.64139	63.559574	-73.80689	-345.01025	279600	-0.08223618	10389.156	-0.00029408187	-42.387695	1.997279	-9.156962e-06	270.7325279712677
466	-475.9177	410.9538	-28.974499	-886.4	14.071428	-90.82448	70.360664	-71.27476	-344.0592	280200	-0.17070813	13909.509	-0.00033044815	-44.3584	1.9830086	-2.7318001e-05	271.55239748954773
467	-363.32596	380.18317	-29.682194	-886.4	18.53125	-86.16418	62.794743	-70.96743	-346.4256	280800	-0.0725067	10085.27	-0.00030100346	-151.49121	2.067138	-2.4005225e-05	272.3177955150604
468	-397.269	400.5472	-30.328205	-886.4	16.685715	-91.864655	65.07142	-75.41981	-349.4244	281400	-0.10146854	11047.438	-0.00029746443	-3.7832031	2.0130692	1.04478495e-05	273.0062870979309
469	-317.5687	383.685	-28.993902	-886.4	18.75	-89.90614	61.699703	-75.2277	-349.8475	282000	-0.04271205	8354.866	-0.00021817535	-115.33301	1.9229633	-1.8647363e-05	273.60671377182007
470	-402.5001	395.99786	-34.700733	-886.4	16.514286	-87.94728	65.50338	-71.39405	-347.2169	282600	-0.095338024	10583.713	-0.0002950281	-32.427734	1.9222571	9.424289e-05	275.0490984916687
471	-411.7126	401.7385	-27.28554	-886.4	16.277779	-90.30496	66.39581	-73.12366	-348.81207	283200	-0.11166987	10754.726	-0.00030986965	-6.538086	1.9709786	-2.7582248e-05	275.6394155025482
472	-333.08194	382.632	-26.59485	-886.4	18.709677	-88.47435	62.08772	-73.651505	-349.91376	283800	-0.03634245	8573.866	-0.0002935417	-7.0527344	1.9539473	7.52526e-05	276.2174541950226
473	-285.7969	348.5859	-25.732008	-886.4	20.785715	-86.11236	59.286095	-72.74392	-349.18152	284400	-0.0020851835	7818.9517	-0.00028306944	-51.057617	1.9480677	-3.344963e-05	276.7970449924469
474	-436.88388	405.23166	-24.290892	-886.4	15.289474	-93.01784	67.71618	-75.156006	-349.84457	285000	-0.12045832	12049.979	-0.0003470257	-11.163086	1.9574518	7.752712e-05	277.3658974170685
475	-295.7658	363.82208	-26.535265	-886.4	19.896551	-89.34279	60.056538	-75.56457	-351.12317	285600	-0.07806154	8945.116	-0.0004041344	-8.574219	2.0390475	9.05852e-05	277.91863226890564
476	-258.8541	337.51028	-35.37146	-886.4	21.518518	-87.582184	58.070644	-74.72118	-350.0464	286200	0.008324378	7511.067	-0.0002835365	-14.601074	1.9583067	0.0001315848	278.4963917732239
477	-340.87683	377.5217	-27.104496	-886.4	18.709677	-90.111145	61.54287	-75.430756	-349.33438	286800	-0.046606336	8607.241	-0.00023341179	-11.027344	1.9534253	-3.6474567e-06	279.0797152519226
478	-351.07483	388.46396	-27.554543	-886.4	17.9375	-91.71275	62.25313	-76.63854	-349.74384	287400	-0.06376834	9279.434	-0.00038014352	-18.44043	1.9481606	0.00038211083	279.65239691734314
479	-413.41357	400.42532	-31.54931	-886.4	16.13889	-91.965706	65.78599	-75.08177	-348.58154	288000	-0.11680697	10850.469	-0.00027312338	-8.955078	1.9820994	1.8118818e-06	280.2434346675873
480	-462.52533	402.89697	-22.101393	-886.4	14.65	-94.427475	69.175354	-75.66244	-349.85147	288600	-0.18312341	13934.995	-0.00040984154	-214.98828	2.0029194	5.8865844e-05	281.68736243247986
481	-313.48154	375.93964	-38.548508	-886.4	19.733334	-93.67947	61.30799	-78.31736	-353.4696	289200	-0.049786426	8335.278	-0.00031883642	-87.79297	2.005401	9.468734e-05	282.2738149166107
482	-353.4389	385.52258	-23.633976	-886.4	18.28125	-91.002426	62.891354	-75.56312	-351.3747	289800	-0.12237709	10474.545	-0.00037112087	-195.2832	2.0613425	7.563427e-05	282.8561017513275
483	-284.61935	348.77585	-32.383663	-886.4	20.535715	-91.27408	59.578568	-75.26556	-351.15204	290400	-0.049396038	7135.433	-0.00021957979	-213.81738	2.0461786	-0.00029075358	283.43568229675293
484	-318.74716	373.08856	-25.997707	-886.4	19.433332	-97.25507	61.61114	-75.18186	-350.22177	291000	-0.03886776	8493.927	-0.0002815798	-121.42676	1.9468815	7.7017e-05	284.0271966457367
485	-351.3878	388.77124	-23.571005	-886.4	18.125	-93.38611	63.154545	-73.42103	-348.35446	291600	-0.054407634	9739.993	-0.0004268661	-78.990234	2.035573	0.00028793965	284.58611702919006
486	-321.74884	381.43808	-27.162111	-886.4	18.625	-88.864235	63.008774	-71.89728	-347.2815	292200	-0.026359431	8844.912	-0.00027497485	-86.83496	1.9222717	-4.348412e-05	285.1453363895416
487	-406.35318	393.52783	-32.560303	-886.4	16.742857	-86.95931	65.60402	-69.12683	-344.9277	292800	-0.10799413	11724.901	-0.00035660714	-805.4209	2.0528026	3.4033903e-05	285.74614095687866
488	-357.5737	391.08334	-27.808943	-886.4	17.647058	-89.58573	63.934525	-71.92221	-347.4311	293400	-0.09237421	9372.532	-0.0003137216	-66.115234	1.9769849	5.512749e-05	286.73686695098877
489	-314.2692	367.82626	-26.294357	-886.4	19.032259	-87.1622	62.21513	-71.05272	-347.11673	294000	-0.03431831	8991.338	-0.0003419295	-208.42188	1.9671197	2.026409e-05	287.4010591506958
490	-329.92786	375.9925	-37.263218	-886.4	18.75	-89.98825	62.023098	-72.55601	-347.4125	294600	-0.06715623	8427.421	-0.0003671199	-14.9375	2.0036347	0.00010730356	289.0602641105652
491	-253.17099	339.92178	-23.996874	-886.4	21.25926	-88.83636	58.3387	-72.77577	-346.94876	295200	-0.011388651	6771.184	-0.0002754405	-59.55957	1.9805676	0.00013064723	289.65955781936646
492	-301.53354	362.24762	-31.917507	-886.4	20.206896	-92.13038	60.32985	-70.84985	-343.8951	295800	-0.072122246	7537.573	-0.00029326975	-74.7251	2.0325117	-0.0001813835	290.2755506038666
493	-337.7884	379.26862	-33.007175	-886.4	18.67742	-91.4372	61.776703	-69.71593	-341.6774	296400	-0.08698011	8288.736	-0.0003510043	-27.074219	1.9807569	-8.3405175e-05	290.8722229003906
494	-249.33519	342.0091	-19.290934	-886.4	21.333334	-87.64625	57.910763	-69.986496	-341.15994	297000	-0.021485083	6922.57	-0.0001988858	-85.46045	1.9645736	4.185001e-05	291.4707007408142
495	-305.84213	358.91827	-41.464653	-886.4	19.931034	-84.72783	59.217747	-67.10504	-336.31204	297600	-0.040687274	7153.719	-0.0002361387	-83.51074	1.9767781	0.0002014341	292.06088733673096
496	-334.74765	381.57953	-22.140667	-886.4	18.67742	-89.74152	60.40306	-69.961136	-336.11154	298200	-0.07970726	8476.394	-0.00027258694	-49.243164	2.0222244	-9.364078e-05	292.6608073711395
497	-291.1681	368.07013	-26.763092	-886.4	19.965517	-89.517265	58.736225	-68.66102	-334.381	298800	-0.069082305	7465.723	-0.00027480721	-105.5	1.9862251	9.507637e-06	293.25452065467834
498	-246.66531	335.45	-26.100697	-886.4	21.214285	-82.20651	57.281837	-65.29652	-329.5563	299400	-0.04600038	6719.4775	-0.00028893724	-54.302246	2.001615	6.4374806e-05	293.85391569137573
499	-316.2435	374.07257	-27.28294	-886.4	19.133333	-84.35377	58.110523	-65.07141	-324.3895	300000	-0.067983285	7874.8833	-0.0003162548	-20.350098	1.9981629	5.6906294e-05	295.3595082759857
