Epoch	AverageEpRet	StdEpRet	MaxEpRet	MinEpRet	EpLen	AverageVVals	StdVVals	MaxVVals	MinVVals	TotalEnvInteracts	LossPi	LossV	DeltaLossPi	DeltaLossV	Entropy	KL	Time
0	-848.5236	57.5033	-690.9855	-898.10754	9.459017	-0.9756893	0.38060212	0.0	-1.8386323	600	-0.066289395	595940.4	-0.0025738478	-5431.3125	2.7676978	0.0007160785	1.2098026275634766
1	-835.1215	70.1996	-601.8835	-886.4	9.344262	-4.5787954	1.3576493	-0.6813667	-5.338962	1200	-0.033414703	551242.4	-0.0019113347	-4997.8125	2.8098886	-0.00041396558	1.8023645877838135
2	-837.2905	63.790882	-630.25055	-886.4	8.835821	-7.8988185	2.297577	-1.6733463	-9.179981	1800	-0.017821044	569290.44	-0.0021643527	-4370.875	2.7900426	0.000311053	2.4070661067962646
3	-837.1001	70.22573	-639.71014	-944.80365	11.037037	-11.062789	2.4833024	-3.2499743	-11.873002	2400	-0.028296376	591628.94	-0.0016220659	-4249.9375	2.7815201	0.000485183	2.9950294494628906
4	-829.2579	65.4423	-658.65533	-886.4	11.9	-13.925834	2.6711447	-5.1644564	-14.751404	3000	-0.030115522	581692.7	-0.0016958341	-4227.9375	2.8029284	0.00043245117	3.595452308654785
5	-845.9239	57.09918	-706.0652	-886.4	11.038462	-16.693789	2.8829715	-7.4320393	-17.593878	3600	-0.040225778	569443.8	-0.0013303198	-4020.0	2.7653651	-0.00014063776	4.194047212600708
6	-836.53796	72.51425	-574.857	-886.4	10.703704	-19.39497	2.9557805	-10.090712	-20.336792	4200	-0.055429593	532493.6	-0.002083823	-3811.1875	2.8304992	0.0012514982	4.771815299987793
7	-831.205	68.926506	-676.2151	-886.4	10.698113	-22.089834	2.860581	-12.993872	-22.992012	4800	-0.03735253	521929.72	-0.0020100847	-3726.5312	2.7993877	0.0003137374	5.354593276977539
8	-831.453	90.05696	-512.8634	-920.62067	10.672728	-24.71977	2.7982998	-15.998112	-25.61865	5400	-0.053646978	495075.03	-0.00082760304	-3650.7188	2.7857633	-0.00043566385	5.941332101821899
9	-824.14026	76.0486	-645.14996	-886.4	11.48	-27.442799	2.5416613	-19.103737	-28.219055	6000	-0.017305996	489710.25	-0.00080878846	-3591.75	2.7724035	-3.267149e-05	6.518462181091309
10	-821.24243	82.48594	-591.58014	-913.70447	11.58	-30.078268	2.4204183	-22.136982	-30.816883	6600	-0.057634454	490051.47	-0.0014741719	-3626.4062	2.815607	0.00026868025	7.370563268661499
11	-826.9889	74.275795	-651.529	-886.4	12.244898	-32.760677	2.254544	-25.200428	-33.433624	7200	-0.009690278	526474.4	-0.0009777248	-4027.9062	2.7663748	0.00018113812	7.9627907276153564
12	-821.05585	69.75062	-629.4475	-886.4	13.302325	-35.615707	2.0367575	-28.375517	-36.189445	7800	0.012822427	523762.5	-0.0013582194	-3836.8438	2.8097734	0.00023463846	8.55557632446289
13	-800.86237	100.222626	-490.91656	-886.4	14.166667	-38.359524	1.9289345	-31.417114	-38.896057	8400	-0.006615297	466057.38	-0.0012617651	-3525.75	2.7172863	0.00038139283	9.119980812072754
14	-833.72577	69.49422	-659.6068	-886.4	10.035088	-40.803894	2.113115	-34.344257	-41.495827	9000	-0.07942556	481698.28	-0.0014675558	-3581.6875	2.7581677	0.00027510524	9.72572922706604
15	-808.3221	89.73899	-646.9964	-886.4	16.63889	-43.683144	1.5817652	-37.513	-44.088913	9600	-0.05391393	466924.22	-0.0008626431	-3596.9688	2.7686062	-0.00026248812	10.390064001083374
16	-830.6058	74.98693	-648.04803	-886.4	11.226415	-46.15137	1.8130667	-40.386192	-46.721992	10200	-0.032926083	489192.44	-0.0010808632	-3760.6562	2.765505	0.00027261415	10.997808933258057
17	-806.4847	84.69275	-619.43146	-895.61945	15.324325	-49.021236	1.4361136	-43.49837	-49.395027	10800	0.0058896067	450069.22	-0.0009032935	-3307.3125	2.8268054	0.00036545456	11.599992036819458
18	-836.01434	80.90576	-641.59796	-886.4	9.126985	-51.329777	1.7449373	-46.280003	-51.93302	11400	-0.0411331	437414.28	-0.00076779723	-3300.5625	2.7820456	-0.00012849529	12.211148977279663
19	-838.1952	74.24907	-659.7316	-886.87244	10.962963	-53.965927	1.4837148	-49.295387	-54.43744	12000	-0.048113283	481362.4	-0.000754077	-3696.2812	2.7751024	0.00014054736	12.818777561187744
20	-818.01245	76.55442	-669.9512	-886.4	14.195122	-56.764767	1.2174966	-52.327038	-57.099045	12600	-0.007788766	454706.62	-0.0008439077	-3467.9688	2.776043	0.00062972447	13.711248397827148
21	-829.0436	84.82321	-615.5914	-886.4	11.0188675	-59.294792	1.3051454	-55.144695	-59.705517	13200	-0.019824982	438533.94	-0.00093279965	-3340.0625	2.779636	-0.00019638817	14.3456130027771
22	-804.0969	93.46935	-620.66516	-899.007	14.121951	-61.957527	1.089098	-57.98781	-62.256504	13800	-0.03679443	414926.2	-0.0011833906	-3141.4062	2.702704	0.00013482729	15.054399728775024
23	-828.1755	88.86315	-613.92267	-892.31586	11.714286	-64.40693	1.1279	-60.6661	-64.74712	14400	-0.017219026	441014.2	-0.0011033695	-3289.1875	2.7576203	0.00038329602	15.660187721252441
24	-809.0076	99.337585	-548.81525	-886.4	14.8	-67.02644	0.9718332	-63.438004	-67.289764	15000	-0.00558026	420624.06	-0.0014129542	-3259.2812	2.76496	-4.869342e-05	16.250136137008667
25	-780.5663	118.21394	-425.24643	-886.4	15.837838	-69.60184	0.89945203	-66.1428	-69.8358	15600	-0.036227185	361351.9	-0.0016957186	-2806.0312	2.7788937	-0.00012440264	16.838719367980957
26	-800.82544	99.49981	-566.24536	-886.4	13.952381	-71.96228	0.9190547	-68.65451	-72.217766	16200	-0.029978832	388941.75	-0.0014613848	-3024.0312	2.7839699	-4.8020083e-05	17.469985485076904
27	-784.6735	114.70543	-453.69766	-886.4	14.341463	-74.44201	0.8694036	-71.27307	-74.680695	16800	-0.01889088	346459.97	-0.00086421147	-2743.9688	2.7520723	-6.271799e-05	18.12422490119934
28	-811.5004	113.69711	-348.55038	-886.6098	11.816326	-76.76795	0.9223794	-71.920975	-77.048996	17400	-0.042150903	375972.9	-0.0015028976	-2887.375	2.771694	-0.0005473095	18.762656688690186
29	-779.9327	110.981735	-617.02496	-886.4	18.193548	-79.30719	0.6908822	-76.39644	-79.47124	18000	0.006223433	338339.12	-0.0008288291	-2629.4062	2.6794648	-1.2889107e-05	19.44094204902649
30	-806.08484	101.580986	-595.7037	-886.4	12.755555	-81.58356	0.79414177	-78.82758	-81.81249	18600	-0.07535178	355170.03	-0.001559332	-2802.6562	2.7321756	-0.00081819354	20.632508993148804
31	-814.64923	99.34383	-613.5205	-886.4	13.181818	-84.010895	0.7479158	-81.3843	-84.22392	19200	-0.04843949	369659.34	-0.0016081557	-2960.4688	2.6950421	7.5250864e-05	21.79817247390747
32	-822.70905	86.48947	-654.9915	-886.4	12.22449	-86.486404	0.74607366	-84.01196	-86.71143	19800	-0.036338523	406987.0	-0.0012132376	-3368.375	2.7591949	0.0008322537	22.876214027404785
33	-805.80554	101.711914	-549.8305	-887.4094	14.585366	-89.182365	0.65095025	-86.80968	-89.36102	20400	-0.022957992	387378.47	-0.0011886787	-3201.1875	2.7703576	8.989632e-05	23.745119333267212
34	-796.7716	110.858	-534.6482	-886.4	16.216217	-91.810776	0.5876883	-89.51832	-91.96147	21000	-0.017133402	365842.12	-0.0013393164	-3041.8125	2.747746	0.00024197996	24.518433809280396
35	-777.62115	119.331245	-556.3418	-886.4	18.387096	-94.37478	0.5296498	-92.143326	-94.50055	21600	-0.023286661	326034.84	-0.0007603355	-2604.4375	2.721408	-0.0009711611	25.49280071258545
36	-798.2032	104.36466	-622.05695	-886.4	15.378378	-96.72127	0.55858576	-94.57312	-96.86659	22200	-0.02759176	332312.06	-0.00045512244	-2673.3125	2.748978	0.00025074958	26.642494440078735
37	-813.36224	102.63334	-594.5741	-886.4	12.1875	-99.0781	0.60525477	-97.04846	-99.258644	22800	-0.055614408	344153.0	-0.0010317974	-2839.3438	2.7543993	-0.00050397514	27.793172121047974
38	-789.5242	121.03161	-473.63617	-886.4	15.540541	-101.59442	0.5094302	-99.6353	-101.72692	23400	-0.058915317	313430.7	-0.0005562082	-2566.6875	2.6963003	-8.1539154e-05	28.862849950790405
39	-764.39307	126.56283	-445.92334	-886.4	17.757576	-103.98225	0.46494713	-102.08521	-104.09623	24000	-0.0071869963	293586.66	-0.0008131885	-2470.9688	2.6972399	-0.0003137845	29.857192039489746
40	-812.1151	102.74779	-580.26807	-886.4	12.170213	-106.27168	0.5292573	-104.47689	-106.42782	24600	-0.07675754	327030.34	-0.0011948198	-2694.4688	2.7281299	0.0008387709	31.3543803691864
41	-780.2346	129.2692	-428.16367	-886.4	15.944445	-108.74579	0.4452994	-107.008766	-108.85998	25200	-0.03447789	292753.7	-0.0007625185	-2437.5938	2.6805375	-0.00076457363	32.52564096450806
42	-769.99994	130.36761	-478.2356	-886.4	16.63889	-111.08818	0.42897132	-109.41486	-111.1982	25800	-0.0033749628	294299.47	-0.000626656	-2558.1875	2.7268093	-0.00020030538	33.58410143852234
43	-798.18567	100.29805	-552.5956	-886.4	13.928572	-113.4691	0.4445525	-111.869125	-113.592674	26400	-0.109650195	339749.28	-0.0008078739	-2909.2812	2.768475	0.001021848	34.8399121761322
44	-765.30994	137.43805	-451.25528	-900.1691	17.666666	-116.052216	0.3815798	-114.49535	-116.14578	27000	-0.06640224	298374.94	-0.0013715252	-2527.0312	2.7574313	0.00038939397	35.86270713806152
45	-756.2797	127.40288	-464.35114	-886.4	20.178572	-118.474846	0.343108	-116.95237	-118.55219	27600	-0.05878994	278586.47	-0.00042423233	-2351.9688	2.7077746	-5.2019557e-05	36.70391654968262
46	-776.3864	135.57063	-424.13962	-886.4	15.72973	-120.77954	0.38062802	-119.315765	-120.87856	28200	-0.067200676	279869.9	-0.0010478348	-2407.9375	2.718447	-0.00019456267	37.4163453578949
47	-781.8378	131.3944	-443.30524	-886.4	15.578947	-123.13729	0.3714837	-121.72836	-123.235275	28800	-0.049026825	286644.06	-0.0008168481	-2524.375	2.7484074	-0.00010779003	38.03502130508423
48	-759.7088	157.59082	-402.33054	-886.4	15.594595	-125.563805	0.35281232	-124.20698	-125.655556	29400	-0.06814537	228539.5	-0.0010394305	-1994.6719	2.719859	-4.7895708e-05	38.789445638656616
49	-754.0357	148.08461	-327.83206	-886.4	18.181818	-127.76047	0.31778	-126.44323	-127.83714	30000	-0.009621442	268442.62	-0.0007800367	-2405.3125	2.709923	4.486978e-05	39.75396013259888
50	-764.27136	148.34906	-385.45627	-886.4	16.222221	-130.13156	0.32504418	-128.86363	-130.21492	30600	-0.07275517	243653.81	-0.0005347207	-2187.4062	2.6775427	-0.00083812716	41.294108867645264
51	-761.00385	129.57007	-454.5916	-886.4	19.225807	-132.44255	0.29287624	-131.20865	-132.5121	31200	0.014585514	282595.84	-0.0005852347	-2596.4375	2.705248	0.00026201704	42.258198261260986
52	-779.30634	132.79338	-404.29254	-886.4	15.282051	-134.91927	0.31596377	-133.73705	-135.00374	31800	-0.069132425	276859.9	-0.0008346066	-2556.2188	2.7472453	0.0003054466	43.27171444892883
53	-751.9697	185.43744	-200.16042	-886.4	15.333333	-137.16325	2.1713023	-104.59524	-137.49452	32400	-0.052907925	225580.19	-0.0012081973	-2035.5	2.7272937	-0.00031077603	44.11962914466858
54	-791.46826	113.017654	-462.94772	-886.4	15.648648	-139.64764	0.28440714	-138.5539	-139.72162	33000	-0.04919847	289661.25	-0.0008527674	-2637.4062	2.7314672	0.0005702879	45.13926672935486
55	-774.74615	135.354	-510.71292	-886.4	15.621622	-142.17883	0.27352494	-141.12694	-142.24998	33600	-0.04121686	233457.69	-0.0010271966	-2196.1406	2.6873133	9.6804106e-05	45.9141058921814
56	-719.1848	184.57256	-294.2946	-886.4	19.225807	-144.53949	0.24270523	-143.51695	-144.5971	34200	-0.025030155	206654.2	-0.0009418931	-1892.4688	2.6604095	-0.0008205569	46.8242290019989
57	-758.0061	139.4992	-476.0783	-904.3414	18.64516	-146.72885	0.23587228	-145.7351	-146.78487	34800	-0.03708562	255182.19	-0.0010073856	-2329.9688	2.7353997	-7.2563686e-05	48.0014066696167
58	-771.3046	118.80579	-465.91644	-886.4	19.966667	-149.14618	0.225815	-148.17873	-149.1989	35400	-0.06593157	298027.03	-0.00059089065	-2878.5625	2.7741442	0.0006754092	48.93610692024231
59	-772.45087	126.787315	-569.29333	-886.4	16.542856	-151.82578	0.2357949	-150.89244	-151.88535	36000	-0.059419513	233346.14	-0.00086790696	-2274.0312	2.6779504	0.0003932365	49.810476779937744
60	-704.3936	188.35086	-268.7228	-886.4	21.142857	-154.26176	0.20542127	-153.35023	-154.30806	36600	-0.084715635	206076.08	-0.0010623336	-1877.5156	2.7097757	-0.0006927963	51.09486436843872
61	-735.3613	157.0992	-353.13437	-886.4	19.133333	-156.46817	0.20677945	-155.58226	-156.51643	37200	-0.051577516	203703.9	-0.00072263554	-1914.5938	2.6709156	0.00018319568	51.84356117248535
62	-740.7124	156.55803	-385.68436	-886.4	18.1875	-158.69586	0.20705952	-157.83759	-158.74583	37800	-0.04364162	198245.12	-0.0008996241	-1922.5938	2.657073	0.00018261353	52.696448802948
63	-742.93	157.19055	-401.10242	-886.4	17.69697	-160.9443	0.20341605	-160.11436	-160.99419	38400	-0.059586488	215051.34	-0.0011736527	-2051.6406	2.7082624	-2.7654767e-05	53.329442262649536
64	-768.6155	144.46677	-446.6721	-886.4	16.083334	-163.27148	0.2046971	-162.473	-163.32397	39000	-0.120955706	217563.12	-0.0009820089	-2127.3125	2.6802204	0.00026804348	54.25889849662781
65	-764.9646	148.53351	-380.37866	-886.4	16.285715	-165.65862	0.1943219	-164.88947	-165.70772	39600	-0.02407034	204152.8	-0.00040330738	-2002.5312	2.6792033	-0.00016216119	55.03121614456177
66	-743.13495	173.65031	-320.4685	-886.4	15.552631	-167.98563	0.19412601	-167.24936	-168.03682	40200	-0.05714044	174316.5	-0.0008825734	-1729.9844	2.6642687	-0.00069143553	55.96715545654297
67	-769.8124	152.02242	-371.20355	-886.4	14.897436	-170.16873	0.18852213	-169.46336	-170.21915	40800	-0.07058089	203068.9	-0.00065820664	-2006.9844	2.7081833	0.00013681829	56.6360604763031
68	-731.48505	162.39812	-376.71115	-898.3459	20.0	-172.5252	0.15771355	-171.83772	-172.56137	41400	-0.09555602	203810.5	-0.0009013936	-2099.0938	2.6802104	0.00016573389	57.26013779640198
69	-724.4686	158.83472	-399.38046	-886.4	18.5625	-174.93568	0.16021937	-174.27155	-174.97433	42000	-0.07245134	178734.4	-0.0011136457	-1882.4531	2.6575186	-1.9547939e-05	57.832067012786865
70	-726.09845	158.42093	-430.1617	-886.4	19.4	-177.24396	0.15091847	-176.5974	-177.2792	42600	-0.072837636	168462.55	-0.00057218224	-1782.1406	2.6320648	9.08792e-06	58.791961669921875
71	-703.54724	177.28828	-314.64838	-886.4	20.925926	-179.4986	0.13973019	-178.86702	-179.5295	43200	-0.025317913	151622.83	-0.0010684952	-1545.875	2.6311479	-7.55318e-05	59.36504316329956
72	-735.29224	164.72815	-330.62573	-886.4	17.575758	-181.60872	0.14942242	-180.99905	-181.64534	43800	-0.07394727	171561.14	-0.00090414286	-1778.5469	2.6564314	0.00048622867	59.934672832489014
73	-723.20966	182.24814	-313.9456	-886.4	18.225807	-183.87596	0.14049636	-183.28404	-183.90932	44400	-0.052721024	155877.23	-0.00040647015	-1569.6094	2.6039355	-0.00046285352	60.53231954574585
74	-728.7043	152.84157	-499.48016	-886.4	20.5	-186.0376	0.12993756	-185.46104	-186.06691	45000	-0.03594654	169315.5	-0.00059897825	-1836.6406	2.6794205	0.000829942	61.13763928413391
75	-740.22766	169.02876	-373.04398	-886.4	16.514286	-188.35805	0.1400114	-187.80386	-188.39343	45600	-0.08727323	162680.4	-0.00058056414	-1723.9531	2.642878	0.00027077258	61.73519444465637
76	-747.01904	175.13391	-375.34454	-886.4	16.285715	-190.63927	0.13493714	-190.1052	-190.67339	46200	-0.028152091	163425.34	-0.00076109543	-1683.375	2.6041017	0.00024526715	62.315006494522095
77	-692.91315	193.71854	-334.6545	-886.4	18.966667	-192.90643	0.1209966	-192.38805	-192.93468	46800	-0.087856404	122349.02	-0.0013492703	-1293.3203	2.6250312	-1.3157527e-05	62.907952547073364
78	-719.438	182.1957	-365.46683	-886.4	18.121212	-194.91673	0.122659855	-194.41628	-194.94681	47400	-0.09901927	149865.55	-0.0009778738	-1660.4844	2.6686316	0.00022271732	63.495176553726196
79	-695.92737	230.08745	-270.19388	-886.4	15.833333	-197.175	0.12345941	-196.6934	-197.20665	48000	-0.06101475	96676.07	-0.0015101954	-938.2578	2.640965	-0.0005224278	64.0785744190216
80	-769.535	160.45068	-425.02286	-886.4	13.72093	-198.93105	0.12881579	-198.47314	-198.9673	48600	-0.07581553	152927.34	-0.00044676661	-1742.1719	2.6547716	1.4950832e-06	64.98195052146912
81	-695.1143	211.96066	-186.73048	-886.4	18.935484	-201.2719	0.10560626	-200.82697	-201.29697	49200	-0.06561587	133269.72	-0.0015273169	-1414.7812	2.6483762	0.00012322604	65.56225204467773
82	-739.9653	182.08794	-363.4701	-886.4	15.405405	-203.43091	0.110931024	-203.00432	-203.45978	49800	-0.11752323	130965.83	-0.00085227937	-1458.7891	2.62211	0.00011775831	66.148512840271
83	-661.7452	211.28503	-284.7453	-886.4	21.296297	-205.6303	0.09235249	-205.21286	-205.65071	50400	-0.019679962	112349.016	-0.0007120278	-1223.2812	2.6673648	0.000512992	66.72982287406921
84	-753.40515	182.17038	-339.4773	-886.4	14.2	-207.65709	0.10781866	-207.25896	-207.68628	51000	-0.10016331	132154.05	-0.0008645654	-1463.8203	2.627519	0.00034777264	67.29298233985901
85	-737.5602	184.47249	-273.23505	-886.4	15.972222	-209.87823	0.09842279	-209.49432	-209.90349	51600	-0.13623743	132361.69	-0.0007683933	-1514.6875	2.6677434	8.020659e-05	67.91825819015503
86	-699.51965	215.13997	-150.12198	-886.4	16.971428	-212.15805	0.093407765	-211.78835	-212.18167	52200	-0.039247368	112762.51	-0.0011765994	-1250.6172	2.659554	-8.29496e-05	68.51621437072754
87	-695.5923	241.43715	-159.96043	-886.4	15.052631	-214.25471	0.09363799	-213.89955	-214.27939	52800	-0.12338966	89360.47	-0.0013004094	-861.125	2.6192634	-0.00027272006	69.11391520500183
88	-646.60345	236.84245	-187.93799	-886.4	19.48276	-215.90747	1.1420316	-203.08983	-216.03612	53400	-0.058078703	83582.14	-0.00068522245	-854.7656	2.5717854	-0.0007978825	69.68862867355347
89	-659.0201	225.00388	-89.41475	-886.4	20.857143	-217.68976	1.0634183	-204.7411	-217.79404	54000	-0.08862989	102465.96	-0.0012329519	-1159.8672	2.6059	-0.000547384	70.27530860900879
90	-636.4689	226.32423	-324.25806	-886.4	20.392857	-219.82603	0.074593425	-219.49504	-219.84285	54600	-0.060133897	80195.84	-0.0009508841	-904.8828	2.6110635	-0.00029350043	71.21391296386719
91	-705.0305	219.20613	-275.02347	-886.4	16.38889	-221.66136	0.52550465	-208.95654	-221.70369	55200	-0.05058687	99019.38	-0.0009531006	-1153.6562	2.5874634	-0.00021667859	71.79319715499878
92	-736.8286	198.06773	-340.78165	-886.4	13.926829	-223.76526	0.08365669	-223.46033	-223.78822	55800	-0.114388354	99367.07	-0.00049678236	-1215.125	2.6856902	-0.0002784594	72.37718319892883
93	-706.37134	223.60954	-286.12494	-886.4	14.538462	-225.93625	0.078121305	-225.64394	-225.95712	56400	-0.09465871	86674.85	-0.0012232885	-933.3906	2.6047099	-0.00045300543	72.97159576416016
94	-645.14	237.73254	-203.49954	-886.4	20.655172	-227.83136	0.7687198	-214.23749	-227.89206	57000	-0.13062544	97515.79	-0.0009175241	-1102.4688	2.5975134	0.0005673784	73.55654120445251
95	-710.64044	222.2466	-173.54721	-886.4	15.368421	-229.8738	1.0858133	-216.18936	-229.98154	57600	-0.15100282	97933.92	-0.0010372251	-1135.5469	2.6206114	0.0004042242	74.12159872055054
96	-692.85315	245.92659	-225.90393	-886.4	13.902439	-231.9162	1.5738325	-218.20683	-232.12938	58200	-0.10933333	59680.652	-0.0008025542	-620.6914	2.59097	-0.00052844424	74.70971846580505
97	-685.06116	217.14372	-318.8462	-886.4	18.3125	-233.74263	0.06151661	-233.48766	-233.75749	58800	-0.109400876	95646.11	-0.0010550842	-1189.3828	2.6736932	0.00022660453	75.33610844612122
98	-657.04095	226.71938	-287.74777	-886.4	19.4	-235.9469	0.057938553	-235.69867	-235.96042	59400	-0.07915911	71472.414	-0.00081352144	-945.3594	2.5787358	4.635513e-05	75.93492603302002
99	-653.51196	252.90579	-243.45499	-886.4	16.583334	-237.97438	0.061333094	-237.7351	-237.99008	60000	-0.08659954	56860.72	-0.0007647276	-630.5781	2.568208	-7.683694e-05	76.56609296798706
100	-667.03564	246.91005	-221.1291	-886.4	16.37143	-239.65776	0.058584396	-239.42587	-239.67256	60600	-0.12347804	58647.246	-0.0007069856	-645.58594	2.656939	0.00010576228	77.53885293006897
101	-601.38055	252.3999	-264.49332	-886.4	19.9	-241.35916	0.05279094	-241.133	-241.37149	61200	-0.086359926	42929.1	-0.00063665956	-522.2383	2.5742083	-0.00017302195	78.12004733085632
102	-612.92975	262.5896	-159.79756	-886.4	19.633333	-242.91959	0.051510733	-242.6989	-242.93161	61800	-0.13329329	65312.0	-0.0014318228	-654.60156	2.6024587	-0.00066048565	78.67210507392883
103	-721.0871	212.88596	-294.974	-886.4	14.8	-244.66052	0.057326533	-244.44884	-244.67604	62400	-0.10768239	88277.66	-0.00090281665	-1208.5859	2.582015	0.0003838257	79.2585802078247
104	-642.5013	259.29196	-204.8306	-886.4	17.0	-247.02818	0.051764496	-246.82329	-247.04126	63000	-0.11975563	45375.96	-0.00031795353	-543.97266	2.5050795	-0.00014788787	79.84668707847595
105	-685.76544	232.57259	-219.68494	-886.4	16.62857	-248.70297	0.05004366	-248.50491	-248.71564	63600	-0.11552098	73254.414	-0.00059171766	-934.7344	2.6361945	0.00050427875	80.42724299430847
106	-630.69055	259.59247	-220.28836	-886.4	17.848484	-250.82141	0.04707229	-250.62933	-250.83293	64200	-0.099589385	42068.965	-0.00083333254	-513.03125	2.5324094	-0.00039830685	81.04209399223328
107	-700.41113	240.82379	-226.28009	-886.4	14.097561	-252.46318	0.050420944	-252.27942	-252.47704	64800	-0.10476925	57758.473	-0.00052864105	-689.4336	2.5833158	8.404215e-05	81.64206790924072
108	-649.3181	259.91797	-215.83688	-886.4	16.108109	-254.33325	0.04609098	-254.15604	-254.34528	65400	-0.10072627	44309.434	-0.00085955113	-496.29688	2.555692	0.00024274628	82.32515811920166
109	-747.1756	220.73117	-179.31085	-886.4	11.34	-255.96605	0.05093192	-255.7989	-255.98154	66000	-0.1414935	74176.766	-0.0014124066	-900.64844	2.5917652	-0.0007388262	82.92968845367432
110	-673.6452	248.1501	-212.60306	-886.4	16.11111	-258.13538	0.041475963	-257.97363	-258.14606	66600	-0.16500506	64802.906	-0.001373753	-773.79297	2.6261754	0.00033945142	84.07709336280823
111	-698.0243	244.13748	-195.91118	-886.4	13.690476	-260.19852	0.042891778	-260.04413	-260.21042	67200	-0.16913325	53277.7	-0.00077034533	-644.03906	2.576283	0.00023004612	84.69640779495239
112	-637.9944	261.77408	-191.71483	-886.4	16.714285	-262.10052	0.037846006	-261.95074	-262.1101	67800	-0.15518163	38725.457	-0.0009848773	-445.9961	2.5964673	-7.475853e-05	85.30737948417664
113	-680.3489	253.98654	-220.83531	-886.4	14.589744	-263.7092	0.03850303	-263.56512	-263.71948	68400	-0.17731185	52509.793	-0.0009331554	-565.4375	2.5142295	-7.351359e-05	85.88523387908936
114	-656.0422	264.40643	-215.03339	-886.4	15.578947	-265.50897	0.036653172	-265.36996	-265.51865	69000	-0.099796705	36983.07	-0.00026956946	-414.27734	2.5665486	0.00044336042	86.46115922927856
115	-594.42487	269.1554	-163.73123	-886.4	19.633333	-267.09738	0.031775814	-266.96127	-267.10483	69600	-0.10359356	39374.832	-0.00070911646	-406.9336	2.559202	3.008167e-05	87.05186653137207
116	-613.7559	250.23183	-181.47464	-886.4	20.448277	-268.6741	0.030567998	-268.54086	-268.68112	70200	-0.099705875	55671.11	-0.00061076134	-743.1367	2.6099787	0.0006837755	87.64272379875183
117	-612.05005	272.5418	-159.12387	-886.4	18.03125	-270.7913	0.031335704	-270.6614	-270.79886	70800	-0.12743965	34372.914	-0.0008274317	-358.22266	2.5829003	0.00010506332	88.22644186019897
118	-595.03345	255.04892	-252.6608	-886.4	20.448277	-272.34204	0.029185034	-272.2148	-272.34872	71400	-0.081796885	38360.688	-0.0004576668	-492.6953	2.5937536	0.00026572068	88.83398580551147
119	-642.174	280.4272	-83.749756	-886.4	15.236842	-274.08282	0.6758278	-257.6559	-274.12173	72000	-0.1646206	40476.12	-0.00094628334	-446.84766	2.562925	9.669522e-05	89.58156418800354
120	-580.20074	305.57193	-150.15036	-886.4	16.857143	-273.71906	5.158919	-259.03308	-275.59378	72600	-0.078116365	32735.557	-0.00080098957	-167.00977	2.5380085	-0.0003630994	90.78519916534424
121	-563.3796	307.16147	-165.10857	-886.4	17.969696	-274.07587	5.7964153	-259.84976	-276.4742	73200	-0.1489585	29363.326	-0.0010519475	-116.33984	2.51135	-0.0005528512	91.406667470932
122	-531.80695	307.64194	-91.24501	-886.4	19.533333	-275.43204	5.0723586	-260.53046	-277.20932	73800	-0.11549309	25498.445	-0.0012207031	-126.291016	2.499315	-0.00039323678	91.9881272315979
123	-644.9732	270.7984	-106.55288	-886.4	16.333334	-276.27472	4.781593	-261.1268	-277.85928	74400	-0.1487662	44126.75	-0.0010847747	-472.01172	2.546051	0.00015647431	92.57224202156067
124	-581.9966	299.0399	-125.32786	-886.4	17.411764	-277.65076	5.305311	-262.81302	-279.66177	75000	-0.11581502	25179.38	-0.0008684546	-182.81836	2.4950793	-0.000669688	93.16472172737122
125	-699.63715	264.02045	-175.52423	-886.4	12.244898	-278.8062	5.2089324	-263.78656	-280.7089	75600	-0.15374404	44368.406	-0.00077188015	-456.96484	2.5205579	-8.143783e-06	93.75365614891052
126	-545.49335	287.68692	-169.18346	-886.4	19.633333	-279.94458	5.8658905	-265.44116	-282.4787	76200	-0.12725373	17046.553	-0.00069864094	-142.60938	2.501628	2.67149e-05	94.3577048778534
127	-629.5579	312.8474	-23.714855	-886.4	13.636364	-279.0799	7.28094	-266.39288	-283.50513	76800	-0.15264577	31867.88	-0.0013982952	-355.5	2.4904459	-0.0008032146	95.07956886291504
128	-648.7129	278.60684	-179.85605	-886.4	15.526316	-279.059	7.526599	-266.91238	-284.1133	77400	-0.11528052	38267.555	-0.0006405562	-540.28906	2.4925363	0.00019331614	95.8720932006836
129	-610.0312	259.0181	-156.75298	-886.4	20.413794	-283.93625	5.270313	-268.53824	-285.8652	78000	-0.06599784	47721.254	-0.0011094883	-811.0664	2.5857453	0.00035175335	96.62670588493347
130	-620.3948	285.98282	-136.08708	-886.4	16.657143	-284.09378	7.3033347	-270.98605	-288.48187	78600	-0.18058601	36846.6	-0.001194939	-388.52734	2.5214655	0.00021980474	97.73355197906494
131	-601.4172	299.8671	-147.95354	-886.4	16.5	-283.1919	8.234444	-272.65036	-290.2694	79200	-0.19179949	29205.854	-0.0008111596	-210.74023	2.502818	0.00010939479	98.32390260696411
132	-587.2133	287.63483	-61.843864	-886.4	18.612904	-286.7837	7.500817	-273.71844	-291.43558	79800	-0.15026732	32886.234	-0.0006187558	-265.53516	2.5116134	0.0003948913	98.91301107406616
133	-572.687	286.72064	-181.91307	-886.4	18.6875	-288.2712	7.4849677	-275.1551	-292.99026	80400	-0.13661575	19709.172	-0.0007200688	-154.95117	2.4627795	0.00013509393	99.4873571395874
134	-621.03754	304.77655	-137.28046	-886.4	15.153846	-287.74246	8.253228	-276.27463	-294.19424	81000	-0.16661936	40387.15	-0.0009649247	-170.125	2.5055187	0.0001561284	100.0640594959259
135	-625.0111	300.69046	-110.45904	-886.4	14.775	-288.19498	8.518914	-277.43784	-295.48132	81600	-0.1291109	29868.047	-0.00069607794	-159.06055	2.5480928	0.0003188355	100.63619589805603
136	-675.88824	300.0692	-84.92855	-886.4	11.18868	-287.38287	8.703252	-278.4435	-296.59015	82200	-0.21303512	37191.836	-0.0012455285	-105.76172	2.4769173	-0.00015504062	101.23354625701904
137	-521.2413	323.14777	-102.43815	-886.4	18.67742	-289.19852	8.688552	-279.12738	-297.39368	82800	-0.1253032	20390.232	-0.00046247244	-122.15234	2.4156601	-0.00020935496	101.82384753227234
138	-570.65704	319.6396	-94.11107	-886.4	16.714285	-287.28967	8.795466	-279.06985	-297.43225	83400	-0.1391497	23531.236	-0.0013586432	-190.0	2.4737935	-0.0003539576	102.41834926605225
139	-457.5061	308.7413	-94.5112	-886.4	21.392857	-288.9048	8.879802	-279.2148	-297.68423	84000	-0.13447973	17631.52	-0.0010089874	-30.43164	2.4051125	-0.0002974524	103.0466821193695
140	-586.84766	296.77032	-130.06773	-886.4	17.085714	-288.71393	8.93792	-278.8824	-297.43115	84600	-0.16105384	24520.984	-0.0012487173	-378.1621	2.511027	0.00028147438	104.16144108772278
141	-543.78986	324.115	-79.28644	-886.4	17.484848	-292.63727	8.3193035	-279.8029	-298.44836	85200	-0.17528602	24422.97	-0.0010802001	-114.93945	2.452837	-0.00032977888	104.90350270271301
142	-585.3991	323.54477	-54.256203	-886.4	15.394737	-289.36902	9.070433	-279.8418	-298.56567	85800	-0.14576249	23162.24	-0.0010043383	-99.64258	2.450483	-0.00034038763	105.63635301589966
143	-462.0549	326.16452	-109.65649	-886.4	19.7	-285.46442	8.343795	-279.71872	-298.54095	86400	-0.16704884	20270.006	-0.00080671906	-122.78906	2.412054	-4.2159954e-05	106.24428057670593
144	-548.95953	314.0377	-111.08104	-886.4	17.60606	-286.63425	9.002908	-278.66324	-297.58224	87000	-0.12146813	18800.604	-0.0004126057	-157.98633	2.4372985	0.00050764275	107.03378629684448
145	-507.77057	311.56567	-107.11506	-886.4	19.724138	-287.5414	9.131136	-278.67865	-297.68442	87600	-0.11031761	19468.512	-0.0007190183	-102.38086	2.4469392	-0.00015104681	107.73737859725952
146	-548.2604	315.48294	-99.73811	-886.4	18.34375	-288.94016	9.219733	-278.88452	-298.00323	88200	-0.12661114	29164.416	-0.0009109825	-103.51953	2.4775662	0.00030938594	108.35706067085266
147	-534.25684	328.5398	-42.788044	-886.4	17.39394	-287.3975	9.1801195	-279.57504	-298.82877	88800	-0.14788997	21682.465	-0.0010446906	-37.95508	2.4007833	-0.0005054444	109.06407809257507
148	-443.21033	299.58313	-82.66449	-886.4	22.92	-287.21582	9.280807	-279.2079	-298.5734	89400	-0.1470827	24818.691	-0.0014210343	-48.666016	2.4212167	-0.00016224672	109.69877791404724
149	-514.87537	325.8557	-112.7106	-886.4	18.09091	-286.86002	9.136745	-279.3781	-298.87524	90000	-0.19099477	19918.719	-0.00081017613	-52.67578	2.4204829	0.0004874893	110.29677104949951
150	-481.59256	343.79385	-48.78078	-886.4	18.3125	-285.6087	9.0894785	-278.75525	-298.3562	90600	-0.13835424	21598.55	-0.0012760609	-244.1211	2.3870468	-0.0007509599	111.90052008628845
151	-599.4655	324.70163	-79.85534	-886.4	14.575	-284.9315	9.416736	-276.86984	-296.5975	91200	-0.16905896	28066.027	-0.0010777861	-140.0039	2.4492335	-0.00012443066	112.96480345726013
152	-565.9854	323.01117	-84.12549	-886.4	16.714285	-287.26385	9.608819	-276.6657	-296.53323	91800	-0.2069016	23084.033	-0.00071533024	-35.626953	2.4555457	0.000378866	114.0980486869812
153	-467.50912	344.09576	-46.701714	-886.4	18.838709	-283.48746	9.194705	-276.73465	-296.72574	92400	-0.17768988	25375.766	-0.0020207316	-231.48047	2.3261864	-0.0014186195	114.78269577026367
154	-628.9638	343.91614	-65.77784	-886.4	11.403846	-279.44766	8.188867	-274.93802	-295.0752	93000	-0.19104892	37949.3	-0.00060507655	-192.32812	2.4302385	-0.00030528812	115.52436256408691
155	-466.36557	322.9458	-76.64424	-886.4	19.933332	-279.05542	9.038454	-273.02444	-293.34775	93600	-0.09981969	16953.479	-0.00037178397	-125.6875	2.3929052	-0.00011451344	116.11211800575256
156	-505.38144	345.93213	-84.55817	-886.4	17.205883	-277.1236	8.770794	-271.6358	-292.0757	94200	-0.13599712	21655.434	-0.0004246533	-220.08398	2.3621504	3.5116474e-05	116.72956156730652
157	-583.365	329.8437	-80.802345	-886.4	15.783784	-277.45178	9.79405	-269.71005	-290.27893	94800	-0.20004554	37267.82	-0.00092336535	-229.21484	2.4098082	0.00037475288	117.51460456848145
158	-598.8743	341.74567	-87.35402	-886.4	13.288889	-277.44843	9.435798	-270.37308	-291.1367	95400	-0.17370367	27854.79	-0.00048287213	-378.46484	2.380351	5.497366e-05	118.3251724243164
159	-519.3506	338.44263	-70.67253	-886.4	17.212122	-273.84045	8.52777	-269.09024	-290.0156	96000	-0.14479823	20298.135	-0.0006493628	-172.58789	2.4251335	-2.318581e-05	118.95622444152832
160	-589.08716	344.0162	-56.27635	-886.4	13.386364	-273.35928	9.0908165	-267.6598	-288.69836	96600	-0.17867437	25331.74	-0.00040328503	-195.72656	2.3799162	8.4098574e-05	120.01266956329346
161	-471.65598	362.34644	-66.191505	-886.4	16.857143	-268.1374	6.2913165	-265.933	-287.10278	97200	-0.12794007	24912.043	-0.00042816997	-607.9043	2.3414905	-3.905336e-05	120.7182502746582
162	-525.0341	350.90976	-53.47715	-886.4	16.277779	-264.9311	6.6669703	-262.38156	-283.72177	97800	-0.17103437	24662.852	-0.00062575936	-542.27734	2.370589	-6.7693094e-05	121.34221148490906
163	-423.1372	326.5875	-68.10875	-886.4	20.714285	-265.34143	8.742002	-260.41006	-281.89368	98400	-0.13503616	17525.56	-0.0008697212	-194.50586	2.3464198	-1.4003714e-05	121.94679617881775
164	-528.7138	360.4308	-82.75625	-886.4	15.131579	-260.99252	6.5868526	-258.562	-280.16544	99000	-0.13046259	22188.127	-0.00038538873	-351.58398	2.3272722	-0.00044344662	122.60840916633606
165	-506.9827	344.91895	-49.887863	-886.4	17.411764	-258.18637	6.657396	-255.8225	-277.5783	99600	-0.13992777	20222.014	-0.0004890263	-325.64453	2.3331943	-8.981725e-06	123.25564622879028
166	-515.756	365.09033	-56.66611	-886.4	15.307693	-260.25864	9.501365	-254.33032	-276.19244	100200	-0.17587632	26478.494	-0.0004916638	-540.53125	2.3608382	9.0494155e-05	124.00930690765381
167	-542.0067	334.76358	-27.201841	-886.4	17.0	-254.75854	7.6644573	-251.44133	-273.4615	100800	-0.2009685	24189.494	-0.00065882504	-649.6836	2.3431551	-0.00010852695	124.65073299407959
168	-457.45444	363.13147	-43.194183	-886.4	17.411764	-256.27594	8.894429	-251.34302	-273.48633	101400	-0.1806732	23839.834	-0.00062321126	-559.166	2.3490553	-7.808983e-05	125.29127550125122
169	-528.9614	370.0154	-22.636667	-886.4	14.585366	-250.74307	6.8591137	-248.23892	-270.54208	102000	-0.15807812	27001.133	-0.00062425435	-459.45898	2.3146887	-0.00046618262	125.93208527565002
170	-520.4536	360.3806	-24.658154	-886.4	15.756757	-247.77046	7.1517534	-245.02544	-267.5063	102600	-0.15633145	27908.48	-0.0007252693	-482.0	2.3840592	-8.8067845e-06	126.98484206199646
171	-474.5085	374.61255	-34.074333	-886.4	16.444445	-246.69218	8.101939	-243.05516	-265.69473	103200	-0.14314623	27198.232	-0.00061765313	-553.1758	2.2986047	-0.00020510633	127.59929490089417
172	-416.54037	342.13925	-44.898373	-886.4	19.7	-242.19383	6.964494	-239.70685	-262.53012	103800	-0.14640015	18873.883	-0.0008882135	-382.99023	2.3328373	-0.00035715618	128.21217703819275
173	-522.0585	378.08768	-34.400967	-886.4	14.585366	-242.97066	9.632873	-237.44794	-260.398	104400	-0.22249909	33632.74	-0.0007215291	-472.53516	2.2838943	-0.00017812788	128.81174397468567
174	-467.90417	352.49902	-76.85921	-886.4	17.617647	-238.63963	8.730788	-234.41599	-257.5512	105000	-0.15896931	18431.71	-0.0005455613	-176.38086	2.298206	9.671748e-05	129.40461468696594
175	-444.91357	362.07968	-44.21431	-886.4	17.939394	-236.45317	8.626355	-232.35657	-255.61734	105600	-0.15500392	20580.637	-0.00036908686	-354.00586	2.276386	3.4733614e-05	129.99919152259827
176	-488.664	372.9601	-25.268173	-886.4	16.135136	-235.9252	10.030257	-229.73921	-253.14696	106200	-0.19593085	25361.33	-0.0007211417	-377.39258	2.2593055	-0.000547207	130.6867642402649
177	-366.19705	320.4001	-43.35519	-886.4	22.11111	-234.4308	10.658763	-226.96036	-250.52414	106800	-0.14406228	16211.991	-0.00062821805	-197.11426	2.267704	2.2903283e-05	131.34263134002686
178	-504.70795	368.48553	-33.771217	-886.4	16.13889	-233.25047	10.985313	-225.19272	-248.88658	107400	-0.17632765	24470.498	-0.000556618	-231.7539	2.2744234	3.922542e-05	131.97458362579346
179	-509.25732	355.0082	-42.00249	-886.4	16.0	-228.53821	9.576164	-223.25203	-247.09496	108000	-0.21747322	19789.914	-0.00055514276	-151.39844	2.3113127	-3.7521124e-07	132.61997747421265
180	-463.65576	357.3935	-36.359978	-886.4	17.90625	-225.58672	8.221734	-222.04234	-245.99863	108600	-0.15071498	19251.312	-0.0006427616	-210.07812	2.2980714	-8.497387e-05	133.70705032348633
181	-412.5864	333.9668	-40.65497	-886.4	20.535715	-227.92438	10.876244	-220.45471	-244.52481	109200	-0.14740315	14188.37	-0.00058464706	-86.47363	2.3222115	0.00046449702	134.4089503288269
182	-399.6899	363.03503	-31.063055	-886.4	18.903225	-223.0587	8.576702	-219.22318	-243.37999	109800	-0.17518587	22524.494	-0.0007952601	-398.6875	2.2611659	-0.00030168632	135.08089327812195
183	-483.0575	377.10788	-30.535454	-886.4	16.0	-220.50732	9.171621	-216.11855	-240.43297	110400	-0.18453476	27060.754	-0.0006914735	-1825.2715	2.2670972	-0.0002709488	135.91077327728271
184	-538.9163	367.3502	-33.501453	-886.4	14.375	-205.58266	12.203395	-199.87604	-238.37466	111000	-0.205879	21819.824	-0.00043652952	-191.02344	2.2982824	-6.413827e-05	137.04411673545837
185	-544.6106	370.62216	-25.276766	-886.4	14.0	-205.47221	12.547608	-198.66812	-237.20435	111600	-0.1765659	21811.46	-0.00047688186	-91.5918	2.3432374	-0.00012473603	137.7451171875
186	-448.73187	380.24036	-23.510302	-886.4	16.657143	-202.69255	11.6247635	-197.29152	-236.16774	112200	-0.19323939	23008.666	-0.0007750988	-315.1582	2.2257743	-0.00055854936	138.5186595916748
187	-507.52032	382.00888	-19.671074	-886.4	14.85	-201.29869	12.79523	-194.54295	-233.82344	112800	-0.21139921	27356.654	-0.0004886836	-211.38281	2.261065	-8.8099834e-05	139.1240439414978
188	-441.62418	367.0749	-21.57045	-886.4	17.969696	-198.90355	12.50216	-192.30696	-232.09207	113400	-0.15277824	20467.014	-0.0003720224	-240.2461	2.306785	0.00027488312	139.74777388572693
189	-568.06366	372.8386	-56.98474	-886.4	12.74468	-199.13547	13.725292	-190.75047	-230.99225	114000	-0.22962031	29286.467	-0.0007006377	-133.62695	2.2434354	-0.0005093809	140.63468885421753
190	-487.7946	368.31033	-41.953896	-886.4	16.63889	-200.72438	14.045889	-189.52994	-229.97942	114600	-0.21347496	26324.28	-0.0007916838	-50.08203	2.2723584	-9.964099e-05	142.44352197647095
191	-501.3774	377.68204	-28.061064	-886.4	15.128205	-198.55034	13.779751	-189.22404	-229.8922	115200	-0.19975707	24058.023	-0.00064332783	-166.44922	2.2407343	-0.00014882615	143.4894323348999
192	-431.78577	359.02628	-27.50723	-886.4	18.5625	-194.47034	12.611335	-187.65234	-228.65852	115800	-0.18111031	16539.268	-0.00054578483	-203.23633	2.2738853	0.00027569255	144.23384952545166
193	-437.24307	368.36615	-50.690353	-886.4	17.878788	-195.35223	13.635124	-186.29083	-227.5341	116400	-0.172413	18112.559	-0.0007259548	-159.55469	2.2983217	-4.4880213e-05	145.02604341506958
194	-456.37753	383.49133	-30.574108	-886.4	16.714285	-191.47652	12.9565115	-184.53426	-226.04346	117000	-0.24332018	30754.486	-0.0007740259	-150.45898	2.2558396	-1.5224715e-05	145.82633352279663
195	-466.2736	378.4345	-47.9965	-886.4	16.333334	-191.50548	13.780395	-182.75438	-224.8287	117600	-0.16044623	20374.496	-0.00038430095	-147.85352	2.2191155	2.101938e-05	146.5717911720276
196	-513.0642	382.38388	-49.108067	-886.4	14.414634	-188.23764	13.72436	-180.55801	-222.9466	118200	-0.22687642	24137.111	-0.0005502403	-169.25195	2.1770117	-0.00016024838	147.29716444015503
197	-492.01654	378.56604	-43.6279	-886.4	15.526316	-185.57974	13.391589	-178.44176	-220.9935	118800	-0.16475515	20706.922	-0.00030326843	-144.4043	2.2317576	8.591781e-05	148.04202938079834
198	-419.68542	365.95712	-38.650803	-886.4	18.21875	-185.54164	13.746467	-176.7925	-219.65202	119400	-0.13836871	14791.267	-0.0002720356	-126.17969	2.249513	0.00028365583	148.7940013408661
199	-513.3626	386.92752	-23.15667	-886.4	14.219512	-183.54648	14.155916	-174.84128	-217.95038	120000	-0.1860199	25100.148	-0.00042702258	-170.57617	2.245417	-9.893179e-05	149.47246313095093
200	-506.40973	381.30484	-39.83589	-886.4	14.875	-181.67372	14.224265	-172.70059	-216.16302	120600	-0.18784882	22757.154	-0.00037316978	-139.93555	2.2575607	0.00014289001	150.5691955089569
201	-549.01434	381.0746	-31.539764	-886.4	13.288889	-180.3587	14.705001	-170.93724	-214.69011	121200	-0.22221822	26723.928	-0.00044065714	-79.19336	2.2178714	-5.0811468e-05	151.15206933021545
202	-327.47836	333.85764	-21.440556	-886.4	21.62963	-178.28331	13.7262335	-169.39952	-213.49646	121800	-0.14535777	11931.56	-0.00047028065	-194.91992	2.2422354	7.5980424e-05	151.74298191070557
203	-436.27435	381.34393	-32.985672	-886.4	16.911764	-174.84566	13.907907	-167.18063	-211.71631	122400	-0.17606458	18183.31	-0.0004043877	-239.66797	2.191967	8.5045895e-07	152.33446717262268
204	-466.38373	380.36893	-31.05445	-886.4	16.38889	-175.08519	14.815708	-164.78528	-209.35606	123000	-0.17032124	19075.668	-0.00042776763	-99.70117	2.2766588	0.00023656666	152.94085597991943
205	-477.8632	347.3678	-61.260815	-886.4	18.4375	-179.15378	14.811557	-163.06955	-207.93495	123600	-0.1816199	22145.613	-0.0004989505	-357.47656	2.2635021	0.0005086154	153.5436680316925
206	-401.3792	379.7566	-32.41702	-886.4	17.9375	-175.35216	14.508074	-165.89679	-211.1507	124200	-0.15113635	16885.941	-0.0004169941	-400.33398	2.1763513	-0.00015217831	154.1296079158783
207	-411.6515	373.44647	-44.270813	-886.4	18.28125	-170.1361	13.479105	-163.38269	-208.69073	124800	-0.11777523	16778.523	-0.00036273897	-106.74414	2.2049336	0.00010254065	154.70900964736938
208	-423.711	376.90677	-37.349113	-886.4	17.545454	-168.09901	13.493785	-161.48508	-207.04697	125400	-0.1816172	15791.747	-0.00034321845	-101.680664	2.1602666	-6.621977e-06	155.29848456382751
209	-480.44125	389.2582	-23.960375	-886.4	15.473684	-167.08598	14.19007	-159.60031	-205.41818	126000	-0.19698305	21448.307	-0.0005017668	-166.63672	2.2193499	-0.000115566356	155.87789964675903
210	-473.49588	385.82294	-31.784771	-886.4	15.810811	-166.50818	14.838758	-157.50911	-203.61731	126600	-0.16019249	21019.463	-0.00024566054	-78.01367	2.1948056	0.00012518367	156.90544986724854
211	-432.81393	392.354	-28.982336	-886.4	16.485714	-162.7274	13.751804	-155.99748	-202.44215	127200	-0.2074503	20178.02	-0.00058971345	-450.04102	2.1541615	-0.0003116538	157.52068972587585
212	-505.8972	400.3869	-22.625168	-886.4	13.833333	-157.11307	12.740808	-153.03464	-199.9386	127800	-0.21620442	23554.26	-0.0003068298	-262.3203	2.0813289	-0.00021811237	158.1251437664032
213	-456.91116	398.87814	-29.07424	-886.4	15.486486	-153.5401	12.032363	-149.99571	-197.44226	128400	-0.19449417	20771.3	-0.0003965795	-203.81836	2.1195574	-0.00027790814	158.71461009979248
214	-545.4346	383.75525	-28.560833	-886.4	13.2	-151.25633	12.961228	-147.25531	-194.75005	129000	-0.1874554	24917.5	-0.00019602478	-18.195312	2.2703137	0.00023508698	159.31408858299255
215	-495.10052	382.56116	-42.13409	-886.4	15.333333	-150.81454	12.398786	-147.10477	-195.0541	129600	-0.18499278	19725.773	-0.00026726723	-36.804688	2.2164125	0.00018204907	159.91971945762634
216	-488.1975	399.27832	-36.339283	-886.4	14.285714	-150.66153	12.338662	-147.15907	-195.21375	130200	-0.17576095	21708.682	-0.0003106594	-167.92578	2.111951	-0.00035557518	160.51358079910278
217	-499.128	399.19522	-25.34395	-886.4	14.04878	-148.4632	12.784081	-144.6605	-193.27489	130800	-0.21032895	23024.076	-0.00032417476	-131.91992	2.121016	-0.00020499667	161.10660362243652
218	-496.79434	389.1266	-29.043129	-886.4	14.8	-146.14795	12.632476	-142.51535	-191.29843	131400	-0.19477111	22244.826	-0.0005082488	-38.822266	2.1943436	0.0002063929	161.7987985610962
219	-342.03986	375.75644	-25.29745	-886.4	19.0	-144.8911	11.563252	-141.85994	-191.07639	132000	-0.14267753	15758.134	-0.0002696216	-281.667	2.080571	-0.00011153539	162.57710313796997
220	-530.0995	385.03012	-31.07241	-886.4	13.83721	-142.34468	13.0607	-138.5335	-188.01183	132600	-0.17657587	23802.387	-0.0002361685	-20.78125	2.232798	0.00016961346	164.03457307815552
221	-326.37332	369.13644	-35.105164	-886.4	19.5	-141.60945	11.152037	-138.92682	-188.51608	133200	-0.13479203	12733.56	-0.00023181736	-247.07227	2.0764763	-0.00018360377	164.60577034950256
222	-449.81128	392.87857	-23.115711	-886.4	15.763158	-139.22	12.396179	-135.82283	-185.69417	133800	-0.1929219	19824.617	-0.00039115548	-74.38281	2.1393077	-0.0001628386	165.3033287525177
223	-546.24347	397.01315	-31.84576	-886.4	12.276596	-138.45041	13.701825	-134.27776	-184.4491	134400	-0.21208715	27827.793	-0.0003504902	-47.35547	2.1136491	-0.00022746861	166.08198714256287
224	-509.28534	387.28708	-38.835438	-886.4	14.341463	-136.93199	13.073256	-133.15697	-183.69698	135000	-0.19836663	21810.06	-0.00021502376	-42.51367	2.2329762	0.000168582	166.6932828426361
225	-446.7127	395.02	-20.96284	-886.4	15.972222	-137.20638	12.575724	-133.64633	-184.43161	135600	-0.18243164	16971.943	-0.00031207502	-61.265625	2.0921378	-0.000212741	167.32708024978638
226	-279.03375	332.83295	-27.94006	-886.4	21.88889	-134.60042	10.812811	-132.11807	-183.1684	136200	-0.15783574	13289.002	-0.00035880506	-54.05664	2.1108856	-0.00014538209	167.99113249778748
227	-351.15692	374.52103	-18.436338	-886.4	19.258064	-133.58347	11.756408	-130.52676	-181.72243	136800	-0.14340872	15545.066	-0.00037492812	-113.34473	2.1360183	6.4941246e-06	168.8478319644928
228	-475.04355	391.79233	-32.701527	-886.4	15.0	-132.35152	13.069147	-128.59135	-179.99745	137400	-0.22611913	19590.346	-0.00036916137	-13.478516	2.0649068	-0.000294861	169.50065517425537
229	-347.36032	374.8033	-30.143616	-886.4	19.064516	-131.34044	11.904479	-128.2446	-179.895	138000	-0.12325584	13050.383	-0.00023913383	-124.58984	2.1060514	-7.618467e-07	170.12583374977112
230	-402.29062	382.37985	-41.342113	-886.4	17.617647	-128.95155	12.17354	-125.86319	-177.75565	138600	-0.15135482	13352.395	-0.00020234287	-23.788086	2.177647	0.00014630466	171.28283977508545
231	-477.10007	391.16254	-37.885323	-886.4	15.394737	-128.35304	12.9611	-124.77743	-176.87708	139200	-0.16837794	19682.844	-0.00022484362	-16.939453	2.183391	4.087319e-05	171.9556474685669
232	-391.0463	390.13412	-29.758217	-886.4	17.470589	-128.46912	12.328353	-125.30223	-177.60216	139800	-0.19360694	15430.196	-0.00034327805	-116.9082	2.0552738	-0.0001426984	172.7243049144745
233	-333.4547	382.7819	-22.351591	-886.4	18.870968	-125.968956	11.9338875	-123.00152	-175.60954	140400	-0.14331926	12673.37	-0.00024423003	-347.4082	2.050087	-0.00030723045	173.38805270195007
234	-408.0275	382.08893	-39.308064	-886.4	17.647058	-122.000404	12.293884	-118.8384	-171.78362	141000	-0.18653719	18839.383	-0.00033204257	-20.757812	2.1289155	-1.1036793e-06	174.14838790893555
235	-376.1571	365.63745	-37.32421	-886.4	19.233334	-122.397316	11.890777	-119.52374	-172.58946	141600	-0.20175374	14096.783	-0.0004053265	-47.26172	2.115208	5.0905845e-05	174.82154178619385
236	-398.5944	385.79446	-29.81738	-886.4	17.32353	-124.215965	12.44863	-121.102394	-174.21315	142200	-0.14738749	14148.457	-0.00022509694	-16.737305	2.167581	1.4794866e-06	175.430926322937
237	-507.93292	390.3381	-29.277237	-886.4	14.219512	-124.14539	13.607719	-120.375916	-173.70454	142800	-0.19654568	21811.553	-0.00021673739	-60.152344	2.1576421	2.053529e-05	176.02232933044434
238	-373.16812	388.049	-34.85286	-886.4	17.848484	-125.06758	12.5266905	-121.89208	-175.43575	143400	-0.19296485	15580.066	-0.00033307076	-139.58496	2.028448	-0.00022832185	176.79023432731628
239	-469.8415	389.56778	-23.600937	-886.4	15.621622	-123.05811	13.194055	-119.58295	-173.44908	144000	-0.17844006	22711.393	-0.00041237473	-73.7793	2.1937692	7.386913e-05	177.55133962631226
240	-407.86273	393.16592	-19.908873	-886.4	16.914286	-124.52661	12.826163	-121.27228	-175.28902	144600	-0.16310066	16257.725	-0.000341475	-45.59082	2.1467977	2.0286341e-05	178.80237460136414
241	-502.75037	402.75906	-29.34516	-886.4	13.636364	-123.891716	14.155408	-119.90349	-174.20972	145200	-0.19732684	23064.41	-0.00024370849	-41.70117	2.1452417	-0.00015530299	179.5202398300171
242	-433.43185	397.70972	-25.45384	-886.4	16.108109	-122.07488	13.325907	-118.60101	-173.32056	145800	-0.17824966	17831.85	-0.0002797842	-37.484375	2.130068	0.00021595578	180.34431219100952
243	-483.16827	402.51257	-23.887009	-886.4	14.525	-120.9887	13.886001	-117.21837	-172.25941	146400	-0.22663552	23990.25	-0.00031776726	-148.32227	2.0955281	-6.1363084e-05	181.05990028381348
244	-425.40338	403.2193	-37.52978	-886.4	16.054054	-120.24151	13.720232	-116.44386	-171.84164	147000	-0.16528727	16786.697	-0.00024850667	-133.73047	2.0910583	-0.00016755164	181.6757311820984
245	-447.2482	385.43024	-25.885963	-886.4	16.216217	-117.22534	13.50995	-113.62613	-169.4015	147600	-0.20325145	18960.318	-0.00037299097	-133.2832	2.1754606	-0.00012156596	182.49765491485596
246	-519.1613	401.82257	-36.79957	-886.4	13.043478	-120.11844	15.047331	-115.58476	-171.50906	148200	-0.2236557	24525.158	-0.00026220083	-23.947266	2.0721464	-0.000111691756	183.13518905639648
247	-377.08136	384.75638	-23.91094	-886.4	18.181818	-118.73185	13.150825	-115.26885	-171.57309	148800	-0.19827515	15657.545	-0.00036019087	-76.375	2.094683	2.9130479e-05	183.84128522872925
248	-402.88513	396.97598	-20.964811	-886.4	16.971428	-118.12745	14.138941	-113.90714	-170.4813	149400	-0.17239843	18662.512	-0.00037798285	-54.691406	2.1117241	-0.00017664314	184.7363986968994
249	-406.56277	378.28622	-26.961107	-886.4	18.03125	-115.88399	13.599042	-112.09896	-168.9616	150000	-0.1854086	18432.41	-0.0004995316	-124.08594	2.1411765	-0.000115230185	185.5284104347229
250	-365.70648	379.44354	-19.768375	-886.4	18.5	-118.50886	13.4753	-114.78173	-171.69688	150600	-0.17066397	13014.81	-0.00026030838	-33.35254	2.0840373	-0.000107206004	187.05209803581238
251	-484.973	401.7175	-20.701101	-886.4	14.238095	-118.3879	14.995952	-113.935104	-171.04771	151200	-0.222901	23022.014	-0.00036260486	-69.66797	2.1078527	-0.00014449815	187.80410981178284
252	-460.3256	406.35303	-25.795422	-886.4	14.85	-117.75916	14.866476	-113.43804	-170.90256	151800	-0.2040055	19522.777	-0.00018124282	-104.80664	2.1115956	6.30639e-05	188.5810706615448
253	-484.2378	394.61038	-38.903088	-886.4	14.794871	-115.382126	14.637725	-111.2094	-169.07133	152400	-0.1830776	20471.883	-0.00026020408	-56.8125	2.149111	4.1834614e-05	189.19707226753235
254	-404.84903	394.3164	-24.63033	-886.4	16.885714	-116.44125	13.891079	-112.79599	-170.88092	153000	-0.15928118	14407.184	-0.00028981268	-58.15039	2.1428642	-9.2208385e-05	189.80059051513672
255	-497.76196	399.3868	-36.99235	-886.4	14.02439	-115.343475	14.894125	-111.25723	-169.63194	153600	-0.20690833	20372.164	-0.0002220571	-16.609375	2.1145818	-6.0137907e-05	190.46455693244934
256	-353.73816	384.69504	-28.80372	-886.4	18.3125	-114.86529	13.454558	-111.55435	-170.24205	154200	-0.16839327	13003.09	-0.00019066036	-118.09961	2.013325	6.0750543e-05	191.53351092338562
257	-491.27557	405.77396	-24.983303	-886.4	13.97561	-112.84195	15.051523	-108.708885	-167.70355	154800	-0.19738193	20633.643	-0.00032363832	-27.857422	2.0725224	-0.00033436506	192.56512236595154
258	-373.99393	390.18015	-26.063602	-886.4	17.575758	-110.893005	13.723887	-107.51796	-166.88495	155400	-0.17772818	14746.309	-0.00023531914	-39.148438	2.0337214	-3.7394562e-05	193.38602089881897
259	-472.49155	395.2362	-21.855268	-886.4	14.95	-109.93179	15.046154	-105.85483	-165.48871	156000	-0.20018321	21388.2	-0.00033289194	-110.15625	2.20818	1.4812549e-05	194.0097312927246
260	-394.14072	388.00266	-40.417522	-886.4	17.470589	-111.64792	14.032584	-108.09463	-167.92978	156600	-0.19697419	15050.297	-0.00027388334	-5.0820312	2.0430636	-4.3904784e-06	195.2700538635254
261	-356.21164	382.46927	-32.810043	-886.4	18.21875	-111.55325	13.761695	-108.142136	-168.19135	157200	-0.19003515	15637.945	-0.00036348403	-32.185547	2.0372996	-0.00011293153	196.1348159313202
262	-463.95093	401.09128	-31.718435	-886.4	14.85	-110.85121	15.264098	-106.63512	-166.9278	157800	-0.20146799	18931.883	-0.00027295947	-16.59961	2.1235564	-4.229794e-05	197.19344282150269
263	-553.39386	392.75818	-29.017166	-886.4	12.229167	-111.34729	16.647778	-106.332054	-166.94191	158400	-0.23694773	31101.887	-0.00028905272	-650.8203	2.162992	9.861986e-06	198.1823024749756
264	-366.19568	392.62732	-25.42519	-886.4	17.515152	-114.09556	15.409992	-109.76208	-170.74434	159000	-0.1891923	13777.71	-0.00023511052	-189.89355	2.0518687	-9.325246e-06	198.8250756263733
265	-407.00104	397.19528	-23.721706	-886.4	17.0	-111.75212	16.8112	-106.55759	-167.92679	159600	-0.20766859	20286.18	-0.0004531145	-102.359375	2.0631828	-0.0001039799	199.45287919044495
266	-413.2923	401.2043	-19.882328	-886.4	16.277779	-109.6784	15.669864	-105.192726	-166.8901	160200	-0.16588776	15944.793	-0.00022822618	-74.07324	2.0986257	-4.1536092e-05	200.06555819511414
267	-467.6086	409.86444	-24.022013	-886.4	14.292683	-108.33176	16.672806	-103.17795	-165.17911	160800	-0.2141177	20627.762	-0.00023114681	-80.5625	2.0494032	-0.00017026256	200.65706872940063
268	-497.07236	397.6282	-40.307392	-886.4	14.04878	-106.427795	16.848356	-101.3167	-163.70691	161400	-0.25447068	22529.41	-0.00033533573	-163.4414	2.0935743	6.392767e-05	201.2640359401703
269	-326.84674	364.95413	-35.54534	-886.4	19.366667	-108.20843	15.856629	-103.59702	-166.29085	162000	-0.17192017	12561.11	-0.00039295852	-54.45508	2.05129	1.2768309e-06	201.8806767463684
270	-449.74454	404.30954	-32.60458	-886.4	15.153846	-109.14074	17.314993	-103.54934	-166.41887	162600	-0.2146112	20938.207	-0.00032061338	-112.81445	2.094958	7.494489e-06	203.45975136756897
271	-492.24594	393.03647	-30.380806	-886.4	14.45	-109.2991	17.171494	-102.952	-166.12418	163200	-0.2419884	20800.059	-0.0003158003	-215.04883	2.099766	-5.9051017e-05	204.09801197052002
272	-492.65894	403.68127	-23.48235	-886.4	13.860465	-112.44977	18.053997	-106.05305	-169.45467	163800	-0.24515127	23365.17	-0.00036643445	-96.38086	2.01573	-0.00028629004	204.75470495224
273	-305.71146	359.8547	-24.531809	-886.4	20.068966	-110.72686	14.918863	-106.56793	-170.32246	164400	-0.1767907	11386.679	-0.00035616755	-77.0625	2.1120706	4.7754547e-05	205.40355467796326
274	-485.25122	410.35242	-28.349281	-886.4	13.697675	-109.96927	17.135191	-104.889824	-168.88599	165000	-0.20852391	23868.62	-0.00028069317	-84.74219	2.1084056	-9.140373e-06	206.00275135040283
275	-329.68454	365.92886	-32.598747	-886.4	19.6	-107.14224	15.122753	-102.9841	-167.4176	165600	-0.13664016	9585.707	-0.0003233701	-18.640625	2.0218534	-0.00021249552	206.57366013526917
276	-363.7422	381.58746	-25.0912	-886.4	18.40625	-106.42983	15.171882	-102.397575	-166.98688	166200	-0.16664736	13788.721	-0.00038050115	-53.970703	2.0955534	0.000103258986	207.30027055740356
277	-485.5818	401.6209	-30.499746	-886.4	14.0	-107.38182	16.868847	-102.43814	-167.18608	166800	-0.1842008	19847.766	-0.00018590689	-39.16797	2.0863538	-0.00021328876	208.1483438014984
278	-536.31854	402.5016	-29.43381	-886.4	12.22449	-109.0484	18.029049	-103.48002	-168.53543	167400	-0.26758757	28478.32	-0.00031897426	-217.1211	2.0247715	-7.9376005e-05	209.28795289993286
279	-464.50333	401.33047	-25.661772	-886.4	14.9	-108.98024	16.748642	-104.32517	-169.87071	168000	-0.22625303	20839.938	-0.00024023652	-63.121094	2.0644531	0.00025844076	210.51191115379333
280	-341.19672	378.3247	-32.49752	-886.4	18.741936	-109.7046	16.322067	-105.20376	-171.07053	168600	-0.15283339	11662.219	-0.00036533177	-110.02539	2.0311458	-0.00014370015	212.55181169509888
281	-459.22998	406.8861	-32.298054	-886.4	14.65	-107.76712	17.116905	-102.836136	-168.91872	169200	-0.21829253	18328.953	-0.0002092123	-87.44531	1.9859631	3.5379628e-05	213.56912684440613
282	-494.43277	402.0971	-33.675556	-886.4	13.860465	-105.87347	17.320463	-100.97898	-167.41786	169800	-0.22058429	20943.61	-0.00032015145	-35.291016	2.0338066	-0.00037301562	214.4868245124817
283	-398.45605	399.6774	-24.617786	-886.4	16.8	-106.40466	15.964254	-102.29628	-169.06122	170400	-0.15682156	14741.412	-0.00014640391	-64.00391	2.0802689	9.6366304e-05	215.23706769943237
284	-501.92688	402.11374	-28.091444	-886.4	13.431818	-105.04151	17.847128	-99.884224	-166.9898	171000	-0.22575742	23462.783	-0.00026875734	-55.646484	2.0654173	-4.4592918e-05	216.085280418396
285	-400.51596	410.89273	-20.90224	-886.4	16.11111	-105.85678	16.214825	-101.69072	-169.10315	171600	-0.1807017	15776.108	-0.00021384656	-295.25684	1.9134082	-0.00020989765	216.92082810401917
286	-259.3035	338.0893	-30.864412	-886.4	21.444445	-99.703255	14.310274	-96.53105	-164.37979	172200	-0.08554199	8185.211	-0.00024606287	-34.82617	2.0277941	-0.00014113764	217.63216710090637
287	-395.50073	401.3907	-27.999489	-886.4	16.542856	-98.57682	16.149525	-94.478226	-162.49275	172800	-0.16619901	13883.448	-0.00016720593	-40.65918	1.9919226	7.5365606e-05	218.48988723754883
288	-381.64694	398.6596	-25.523129	-886.4	17.235294	-96.57951	16.004808	-92.59191	-160.88306	173400	-0.16707957	14153.059	-0.00021888316	-29.91504	2.0123584	-0.000117355485	219.3847382068634
289	-471.7017	406.47913	-32.594917	-886.4	14.560976	-95.768394	17.490854	-90.960236	-159.52031	174000	-0.21388964	21029.525	-0.00021405518	-42.40039	2.064771	2.9134651e-05	220.17161178588867
290	-489.23615	405.28204	-27.302902	-886.4	13.72093	-97.58903	17.939686	-92.52251	-161.35533	174600	-0.26457903	22793.537	-0.00035056472	-344.9707	2.0380929	-6.261269e-05	221.43233275413513
291	-359.58328	399.07547	-20.15332	-886.4	17.484848	-98.7503	16.701958	-94.356	-163.5229	175200	-0.17607121	13048.194	-0.00021719933	-171.46875	1.987167	-1.0283589e-05	222.0236942768097
292	-512.153	401.18143	-19.379417	-886.4	13.222222	-96.298325	18.833273	-90.66161	-160.17159	175800	-0.23926488	23218.453	-0.0002489239	-153.0586	1.971169	-0.00017059187	222.6161231994629
293	-417.26736	397.5638	-39.3673	-886.4	16.583334	-98.20641	17.076132	-93.659904	-163.45667	176400	-0.18070002	14873.975	-0.00021158159	-19.324219	2.0740736	5.404522e-05	223.20799374580383
294	-325.76752	364.8403	-20.415985	-886.4	19.366667	-98.60833	15.770914	-94.722824	-164.72585	177000	-0.17556454	13172.469	-0.00038175285	-229.55469	2.0005786	-0.00041871646	223.7980043888092
295	-457.37338	408.5478	-31.358913	-886.4	14.55	-101.034294	18.145544	-95.897194	-166.01744	177600	-0.20060754	18135.152	-0.0001886785	-37.60742	2.0030012	-0.00013615082	224.38316917419434
296	-424.75992	402.37845	-23.45936	-886.4	16.162163	-100.13142	18.113111	-95.01418	-165.49997	178200	-0.22060448	17748.846	-0.0003644079	-45.570312	2.0573626	-0.00020793249	224.9825279712677
297	-293.10394	367.50974	-23.029083	-886.4	20.034483	-98.42885	15.466662	-94.79892	-165.56602	178800	-0.09666281	9326.833	-0.00015055388	-116.75488	2.045018	-6.3875814e-05	225.6039366722107
298	-338.74	375.97726	-25.233547	-886.4	18.935484	-95.30429	15.957427	-91.49246	-162.5238	179400	-0.16354896	11834.58	-0.00024691224	-2.5205078	2.0995035	0.00012972564	226.2048680782318
299	-562.9867	393.1593	-35.49978	-886.4	11.442307	-97.65254	20.211739	-91.32082	-162.51482	180000	-0.2905396	30219.584	-0.0003336966	-441.9297	2.067798	-0.00016062021	226.80630779266357
300	-340.49982	378.47815	-37.12968	-886.4	18.67742	-100.37578	16.314445	-96.40724	-167.95505	180600	-0.15613915	11022.838	-0.00019930303	-6.0791016	1.9736979	-2.0280679e-05	228.0487139225006
301	-417.7716	409.41257	-23.95109	-886.4	15.648648	-101.05955	17.935135	-96.14686	-167.90236	181200	-0.1851877	15852.752	-0.00019648671	-137.16992	1.9457935	-0.00022859087	228.64113235473633
302	-446.30353	408.15625	-28.16894	-886.4	15.051282	-98.169876	18.017826	-93.29033	-165.44502	181800	-0.20047575	17497.975	-0.00024139881	-22.617188	2.0239851	-9.1082155e-05	229.22913479804993
303	-486.67523	408.9394	-32.580875	-886.4	13.604651	-97.84289	19.059162	-92.39564	-164.90872	182400	-0.22145945	22146.445	-0.00023700297	-31.076172	2.1045926	-7.661472e-05	229.82298851013184
304	-301.66766	361.512	-23.059824	-886.4	19.965517	-96.52057	16.125349	-92.75317	-165.64081	183000	-0.17314336	10485.217	-0.00022210181	-21.003906	1.9842887	0.00014762938	230.4171802997589
305	-404.87607	406.79327	-24.909071	-886.4	16.277779	-96.821846	17.640198	-92.21731	-165.27156	183600	-0.1883136	17844.67	-0.00020980835	-124.18359	2.0016763	8.249104e-05	231.0112748146057
306	-388.31876	393.84857	-19.019058	-886.4	17.294117	-94.82911	17.384844	-90.34646	-163.7407	184200	-0.17053747	14158.788	-0.00020547211	-11.171875	2.013389	2.2182167e-05	231.58877301216125
307	-484.59674	403.77637	-26.838833	-886.4	14.142858	-96.149086	18.985409	-90.87383	-164.47939	184800	-0.23430224	21762.42	-0.00027357042	-106.384766	2.035182	0.0001122272	232.1926612854004
308	-392.93716	403.4045	-26.41376	-886.4	16.571428	-98.32712	17.555624	-93.85279	-167.71623	185400	-0.17745456	13866.168	-0.00020422041	-68.63672	1.9265721	-0.00018696279	232.79015731811523
309	-381.39877	398.213	-33.83003	-886.4	17.058823	-96.06707	17.533632	-91.63533	-165.85567	186000	-0.14605792	13170.91	-0.00025738776	-41.660156	2.0520418	-0.0002695026	233.3995864391327
310	-304.78336	372.93744	-26.859114	-886.4	19.0	-93.87262	16.744196	-89.89713	-164.41707	186600	-0.13323383	9624.703	-0.00017495453	-76.796875	1.9194788	3.85348e-05	234.65875148773193
311	-333.9639	379.7685	-44.208633	-886.4	18.774193	-91.19129	16.88005	-87.127914	-161.91325	187200	-0.16688943	11496.18	-0.00026629865	-80.9834	1.9976505	-0.00016252577	235.24800944328308
312	-507.32898	405.8184	-33.91576	-886.4	13.0222225	-92.12862	19.95361	-86.37462	-161.37436	187800	-0.23727356	22430.797	-0.00020433962	-88.0	1.988901	2.165397e-05	235.8367621898651
313	-406.70273	391.63104	-36.761692	-886.4	16.77143	-93.40917	17.891655	-88.88158	-164.22487	188400	-0.18193638	14810.457	-0.00022827089	-253.15039	2.0483346	3.3075314e-05	236.42099618911743
314	-313.21237	376.28418	-26.805252	-886.4	19.233334	-96.3736	17.718172	-91.71365	-167.23004	189000	-0.14577714	9792.94	-0.00018182397	-134.10156	1.9846923	-3.022939e-05	237.028382062912
315	-447.752	404.7059	-29.429123	-886.4	15.153846	-94.564476	19.127207	-89.32792	-165.12292	189600	-0.24003972	20761.312	-0.00033269823	-34.404297	1.995577	-7.0239905e-05	237.6209900379181
316	-408.1424	403.23877	-27.13815	-886.4	16.194445	-95.36712	18.336533	-90.58504	-166.65723	190200	-0.19542234	15424.394	-0.0002503544	-19.90332	1.9679292	-8.128434e-05	238.23551154136658
317	-445.49197	409.0084	-27.483025	-886.4	14.871795	-95.08574	19.263144	-89.80152	-166.20297	190800	-0.20225108	17533.506	-0.00027684867	-35.728516	1.9563855	0.00021374524	238.83516120910645
318	-349.27063	389.4031	-29.009491	-886.4	17.875	-93.303215	17.501915	-89.07416	-165.84879	191400	-0.1357192	11008.833	-0.00015984476	-36.487305	2.007891	-4.2731066e-05	239.38963747024536
319	-387.09033	405.29233	-23.879612	-886.4	16.657143	-91.81475	18.300982	-87.189926	-164.25206	192000	-0.18676731	16515.102	-0.0002758205	-58.88086	1.9512962	-0.0003111605	240.23353743553162
320	-406.49707	393.92297	-34.44093	-886.4	16.685715	-89.49484	18.575617	-84.73187	-162.14299	192600	-0.17788544	15253.828	-0.00031752884	-100.9834	2.0342805	1.5641252e-06	241.7671844959259
321	-442.0607	409.07578	-33.280815	-886.4	14.871795	-92.90166	19.344393	-87.72736	-165.28146	193200	-0.24431577	18533.537	-0.00029751658	-24.597656	1.905272	-0.00016028076	242.50119972229004
322	-308.04382	370.8381	-21.077736	-886.4	19.32258	-91.86728	17.738071	-87.57771	-165.48608	193800	-0.12195945	9354.004	-0.00017612427	-40.570312	1.9557214	-0.00011985868	243.1648371219635
323	-433.2784	408.44446	-18.906008	-886.4	15.342105	-91.060524	19.264221	-85.98081	-164.12402	194400	-0.18828212	16541.053	-0.00017036498	-11.519531	2.0287898	0.00014070421	243.868332862854
324	-322.05606	371.36713	-20.653873	-886.4	19.2	-89.65912	17.371216	-85.6043	-164.08183	195000	-0.12839907	10058.081	-0.00024731457	-7.71875	1.9746747	0.00022576978	244.49127745628357
325	-346.873	391.37762	-28.826399	-886.4	18.1875	-90.68108	17.92359	-86.34884	-164.97473	195600	-0.1365567	11380.55	-0.00023041666	-42.683594	2.1080844	-7.05262e-05	245.44030117988586
326	-374.65775	393.82727	-39.29558	-886.4	17.142857	-88.86208	18.493528	-84.25892	-163.16571	196200	-0.16220842	12324.591	-0.00020125508	-6.1435547	1.8760226	-0.00020168623	246.51730132102966
327	-351.93317	387.3027	-30.375973	-886.4	18.0	-88.48887	18.046442	-84.121284	-163.28682	196800	-0.15382059	10555.429	-0.00016592443	-5.2441406	1.9430652	-8.401315e-05	247.50707387924194
328	-385.38293	394.2563	-25.322601	-886.4	17.058823	-88.60675	18.793646	-83.85683	-163.25122	197400	-0.17893726	15371.03	-0.00021618605	-62.299805	2.042559	-8.138408e-05	248.46311688423157
329	-441.01468	412.75055	-23.582113	-886.4	14.846154	-91.160576	19.854303	-85.84284	-165.4464	198000	-0.20684509	17214.768	-0.00022754073	-29.779297	1.9281551	-0.00024081429	249.2320363521576
330	-448.27478	406.94275	-21.032545	-886.4	14.871795	-89.83363	19.962921	-84.4982	-164.52805	198600	-0.21093534	18076.94	-0.00026100874	-41.570312	2.033017	-9.3223054e-05	250.9058575630188
331	-389.87582	404.29993	-31.816256	-886.4	16.485714	-91.27639	19.326794	-86.31555	-166.6652	199200	-0.22428977	15322.045	-0.00032362342	-38.661133	1.9472319	-0.00020102611	251.79403638839722
332	-412.2619	402.34616	-26.656322	-886.4	16.38889	-89.48216	19.47791	-84.427795	-165.15474	199800	-0.16738518	15778.021	-0.00018243492	-32.816406	2.0061195	0.00015334328	252.64269161224365
333	-351.26822	389.5079	-21.93351	-886.4	18.3125	-90.22198	18.46011	-85.73715	-166.72696	200400	-0.16404234	12627.69	-0.00015814602	-7.9785156	2.0366037	0.00013584792	253.28984880447388
334	-363.02597	394.81973	-29.54637	-886.4	17.515152	-89.79876	18.778326	-85.18356	-166.41354	201000	-0.20227441	12639.104	-0.00024472177	-103.11035	1.9617859	-2.098302e-05	254.17206931114197
335	-390.05573	405.68637	-21.785332	-886.4	16.457144	-88.524025	19.508797	-83.4459	-164.97484	201600	-0.17579135	13628.713	-0.0002105087	-62.015625	1.9883316	-0.00023716797	254.91946411132812
336	-349.5925	389.4864	-18.75364	-886.4	18.0	-85.53534	18.670795	-81.00938	-162.89764	202200	-0.14034389	11193.305	-0.00019037724	-6.8427734	2.0142155	-8.422236e-05	255.64972233772278
337	-381.3967	398.08942	-30.297495	-886.4	17.117647	-85.31751	19.299576	-80.43398	-162.56313	202800	-0.17134334	12752.662	-0.00023183227	-15.935547	1.9811928	-9.335478e-05	256.3852915763855
338	-537.3303	397.4858	-32.737907	-886.4	12.5	-87.459404	22.348244	-80.866455	-163.24568	203400	-0.25843883	27066.15	-0.00024092197	-564.88086	2.0838368	0.00012858123	257.2951183319092
339	-465.56604	411.37256	-23.582052	-886.4	14.170732	-94.33181	21.085451	-88.544	-171.18701	204000	-0.2056001	18999.713	-0.00019529462	-17.277344	1.951275	2.2612412e-05	258.12463784217834
340	-383.60596	392.31943	-20.454529	-886.4	17.235294	-93.712906	19.602161	-88.75911	-171.84824	204600	-0.2764159	17601.725	-0.0005066991	-73.71094	2.0809748	-2.5226474e-05	259.8332242965698
341	-415.43933	399.5022	-20.413721	-886.4	16.38889	-95.32371	20.108519	-90.03707	-173.35779	205200	-0.17110701	15108.677	-0.00017285347	-19.273438	2.0268514	0.00014258763	260.6402907371521
342	-408.45462	403.69504	-20.662767	-886.4	16.25	-96.18057	20.100748	-90.99159	-174.57625	205800	-0.21360995	15732.13	-0.00028847158	-112.72168	1.9828109	-0.000118744276	261.52032947540283
343	-536.6326	404.681	-25.155334	-886.4	12.081633	-97.30631	23.54248	-89.98394	-173.93256	206400	-0.2613609	25914.336	-0.00032535195	-104.56836	2.0260408	-0.000106505555	262.5641689300537
344	-452.28436	413.16174	-19.746649	-886.4	14.5	-97.693825	21.33379	-91.86851	-176.31119	207000	-0.19509609	17746.166	-0.00033600628	-62.572266	2.025747	-0.00053478696	263.50773668289185
345	-393.99072	402.58347	-26.34082	-886.4	16.542856	-94.9331	20.166103	-89.81968	-174.74144	207600	-0.17521559	13452.867	-0.00023928285	-43.838867	1.9859322	-0.00010252317	264.4475796222687
346	-454.63956	411.32153	-23.165491	-886.4	14.5	-93.54189	21.515064	-87.71483	-172.98506	208200	-0.20543717	17995.37	-0.00024445355	-18.603516	2.025652	7.803341e-05	265.25820994377136
347	-474.19553	402.59433	-32.925926	-886.4	14.769231	-92.73117	21.623568	-86.82157	-172.47601	208800	-0.20778583	20394.63	-0.00028312206	-141.56836	2.095561	-0.00010949075	265.92208218574524
348	-415.2659	398.95026	-28.92232	-886.4	16.333334	-95.7353	20.65603	-90.43	-176.3053	209400	-0.16841775	14098.094	-0.00028282404	-14.332031	2.00172	-0.00016507437	266.6224911212921
349	-357.37015	391.3849	-26.039433	-886.4	17.617647	-96.49492	20.200092	-91.423004	-177.54599	210000	-0.15597868	11787.123	-0.00021316111	-51.24121	2.0380929	-3.2441815e-06	267.2120876312256
350	-352.84537	393.64474	-23.14325	-886.4	17.647058	-94.16108	19.979988	-89.25467	-175.67946	210600	-0.16395798	13211.194	-0.00024229288	-178.85449	2.0037932	8.298457e-06	268.53363251686096
351	-405.4585	407.12698	-24.888311	-886.4	16.222221	-91.84629	20.961933	-86.36014	-173.11714	211200	-0.17065863	14587.287	-0.0002657175	-41.44043	2.003209	-0.0005713659	269.11504912376404
352	-458.19775	407.59113	-40.824947	-886.4	14.425	-90.398125	22.038528	-84.34953	-171.457	211800	-0.2221606	17138.326	-0.0002888292	-27.015625	1.9247184	-0.0003004999	269.6990599632263
353	-398.18475	403.77136	-19.805527	-886.4	16.216217	-90.852425	21.06973	-85.38724	-172.81412	212400	-0.17001574	14389.395	-0.00018320978	-17.68164	2.0065222	-4.151424e-05	270.39539766311646
354	-289.12335	369.80566	-20.706266	-886.4	19.758621	-88.96931	19.178673	-84.45132	-172.20078	213000	-0.122181356	8863.594	-0.00021298975	-88.1875	1.9974564	-0.00022691637	271.19600796699524
355	-286.02252	362.71432	-31.394136	-886.4	20.0	-85.73345	19.17895	-81.3229	-169.32639	213600	-0.121539995	8065.632	-0.00024925172	-23.236816	1.9745694	-0.00028584668	272.06036591529846
356	-335.0738	381.47778	-26.356113	-886.4	18.516129	-84.28718	19.81597	-79.575584	-167.76953	214200	-0.14409335	10102.9	-0.00015330315	-4.3964844	1.9973384	-6.334851e-05	272.87396907806396
357	-394.0131	402.95395	-19.78656	-886.4	16.714285	-85.288956	21.02751	-79.91157	-168.26364	214800	-0.15987816	13840.955	-0.0001989901	-10.879883	2.0487268	0.00015643249	273.50892186164856
358	-379.65375	399.04532	-32.672394	-886.4	17.147058	-85.406815	20.921558	-80.12334	-168.7342	215400	-0.15726407	12142.065	-0.00024321675	-15.358398	2.0279326	-0.0003063515	274.1176257133484
359	-444.0351	408.28973	-21.854788	-886.4	15.153846	-85.778435	22.170023	-79.85171	-168.731	216000	-0.24305588	18733.607	-0.0002438277	-162.22656	1.9771135	5.1240026e-05	274.7148427963257
360	-408.44702	404.94293	-25.964672	-886.4	16.13889	-87.364456	21.523987	-81.70601	-170.89537	216600	-0.1884024	14758.354	-0.00021030009	-14.7265625	1.9703703	-4.86664e-05	275.99087834358215
361	-397.29025	400.17944	-29.71224	-886.4	16.542856	-87.64122	21.333052	-82.14286	-171.63292	217200	-0.16226135	13464.78	-0.00017543137	-13.373047	2.0297816	-7.029762e-05	276.66267347335815
362	-458.1668	407.28873	-27.73255	-886.4	14.825	-89.15574	22.711857	-82.927444	-172.67665	217800	-0.23674154	20433.736	-0.0002695471	-175.45117	2.0654697	5.3996147e-05	277.38905000686646
363	-401.16196	396.30383	-32.44547	-886.4	16.8	-91.53216	21.662487	-85.972466	-176.03146	218400	-0.19232309	16106.0	-0.00027807057	-53.91992	2.0326185	-0.00011942119	277.9977214336395
364	-329.87094	384.61142	-28.033916	-886.4	18.774193	-93.411865	20.286097	-88.58447	-178.87411	219000	-0.12993184	9937.117	-0.0002297312	-78.94141	2.0652783	-0.0002221955	278.58663511276245
365	-416.84103	409.35556	-20.195189	-886.4	15.648648	-91.28066	22.066387	-85.53927	-176.14105	219600	-0.21392502	16354.764	-0.00023040175	-34.69336	2.013907	-7.514924e-05	279.19600892066956
366	-337.93683	379.856	-21.91903	-886.4	18.774193	-88.395584	20.445108	-83.53751	-174.5316	220200	-0.14255421	10332.173	-0.00023214519	-5.772461	2.0060062	-9.612143e-05	279.9570231437683
367	-516.20624	411.2195	-21.539509	-886.4	12.617022	-91.48276	24.96753	-84.03312	-175.21143	220800	-0.26028702	25478.465	-0.00027644634	-45.49414	2.02466	2.5338331e-05	280.9419312477112
368	-423.63947	407.32697	-19.96575	-886.4	15.384615	-91.451706	22.601328	-85.48721	-177.17133	221400	-0.1831277	15817.927	-0.0001925081	-15.396484	1.9055061	2.8633476e-05	281.9820158481598
369	-347.15897	391.55902	-24.024666	-886.4	18.28125	-89.89571	20.989084	-84.82512	-176.89662	222000	-0.13882574	11563.116	-0.00018818676	-37.717773	2.0121634	3.6519566e-05	283.0047285556793
370	-368.23563	396.39474	-32.39846	-886.4	17.057142	-88.096924	21.932056	-82.55324	-174.9062	222600	-0.21080333	14250.757	-0.000309363	-428.86914	1.9459753	-5.248934e-05	285.24152088165283
371	-306.43356	371.8213	-20.809353	-886.4	19.35484	-86.46862	20.999037	-81.34183	-173.98265	223200	-0.12185532	9097.838	-0.0001829341	-32.979492	1.9746327	-0.00010208169	286.34551525115967
372	-356.60852	400.69778	-30.380873	-886.4	17.575758	-85.93962	22.657331	-79.9612	-172.81436	223800	-0.1443355	11677.425	-0.00017698109	-160.76953	1.9545239	9.858111e-06	287.2668123245239
373	-442.66327	409.02795	-22.688751	-886.4	14.897436	-82.37819	23.306936	-76.059944	-169.23222	224400	-0.24291387	18730.756	-0.0003065467	-257.9961	1.9807837	-2.6260019e-05	288.22607135772705
374	-366.23358	400.1137	-22.638151	-886.4	17.085714	-83.92735	22.423176	-78.05836	-171.53632	225000	-0.17064893	12237.899	-0.00021629035	-31.509766	1.933371	-0.0001274851	288.8654251098633
375	-349.15756	388.0558	-24.241924	-886.4	17.96875	-82.25776	22.191647	-76.370445	-170.17564	225600	-0.19368333	12631.312	-0.00029791892	-126.64844	1.9431947	-0.00018755147	289.55431270599365
376	-376.1542	402.24832	-18.23494	-886.4	17.088236	-84.04197	22.953661	-77.33606	-171.33	226200	-0.1686343	12881.226	-0.00022466481	-70.40723	1.9777665	-0.00031633317	290.16616201400757
377	-454.48566	412.2445	-22.427124	-886.4	14.525	-83.16898	24.36307	-76.13904	-170.41939	226800	-0.23228277	19057.422	-0.00032806396	-48.751953	1.9533657	1.8572906e-05	290.7600586414337
378	-352.98337	394.65253	-22.9614	-886.4	17.558823	-83.82363	22.334553	-78.07698	-172.69122	227400	-0.15553331	11751.365	-0.00020201504	-20.771484	1.9542708	-0.00018998027	291.36110401153564
379	-364.72308	401.26047	-26.924608	-886.4	17.142857	-82.62978	22.680574	-76.67416	-171.57982	228000	-0.1633968	12282.395	-0.00017213821	-48.274414	1.9585623	2.3939809e-05	291.9623866081238
380	-321.30862	381.35947	-33.777634	-886.4	18.65625	-79.596436	21.765238	-74.24459	-169.47751	228600	-0.15253727	9488.608	-0.0002015084	-8.578125	1.9560221	-2.932042e-05	293.3744306564331
381	-392.6423	401.93002	-23.751568	-886.4	16.485714	-79.683945	22.890825	-73.65757	-169.0989	229200	-0.18734913	15231.988	-0.00020366907	-124.453125	1.9898512	-2.399097e-05	293.9626274108887
382	-397.7833	404.28253	-23.275257	-886.4	16.054054	-81.78814	23.33388	-75.6291	-171.31425	229800	-0.16670117	14450.957	-0.00020618737	-14.845703	2.0070186	-3.1344392e-05	294.55417585372925
383	-368.9756	392.0189	-30.016842	-886.4	17.878788	-82.63244	22.490288	-76.71312	-172.68822	230400	-0.16705427	11649.675	-0.00024165213	-44.10547	1.9258294	-7.825097e-06	295.1503345966339
384	-378.6268	400.2108	-21.060413	-886.4	17.029411	-84.95173	22.749897	-79.06481	-175.22353	231000	-0.16178499	12481.458	-0.00016902387	-11.625	2.0050771	4.380117e-05	295.7712736129761
385	-462.6837	413.74695	-28.718412	-886.4	14.292683	-85.57936	24.88115	-78.4759	-174.92453	231600	-0.20288195	18098.953	-0.00021710992	-19.914062	2.055352	1.2621085e-05	296.3951861858368
386	-433.65546	408.68533	-20.025482	-886.4	15.0	-85.47136	24.507576	-78.76377	-175.6431	232200	-0.22028513	18101.281	-0.00028325617	-32.460938	1.9520036	-5.306681e-05	297.00523710250854
387	-445.93155	408.3685	-29.067144	-886.4	15.102564	-87.21599	24.471443	-80.461655	-177.72034	232800	-0.20032644	16477.883	-0.00022001565	-36.01367	1.9601066	5.522539e-05	297.9222664833069
388	-317.41104	383.94336	-24.58275	-886.4	18.625	-88.325195	22.505247	-82.57451	-180.17166	233400	-0.13563362	9793.384	-0.00018464029	-145.9414	1.929661	-1.3392071e-05	298.56817722320557
389	-335.683	390.4866	-19.12323	-886.4	18.181818	-83.61647	22.41856	-78.13392	-176.05794	234000	-0.14121962	11342.878	-0.00023937225	-35.401367	1.9943646	-4.4047832e-05	299.17307710647583
390	-380.17575	404.06223	-27.00926	-886.4	16.61111	-81.71178	23.622875	-75.63438	-173.83904	234600	-0.16934295	12952.735	-0.00021350384	-19.27539	1.9350681	-9.810656e-05	300.56150794029236
391	-454.7683	410.96155	-20.740303	-886.4	14.45	-80.87065	24.856287	-74.0937	-172.62355	235200	-0.20252578	17233.223	-0.00023810565	-57.75	2.007703	2.5657615e-05	301.14385890960693
392	-308.0851	371.27524	-21.73074	-886.4	19.258064	-81.918465	22.210638	-76.62566	-175.48909	235800	-0.12097733	9459.293	-0.00022992492	-4.875	1.9579749	-0.00011917035	301.7395520210266
393	-337.6182	388.74155	-25.382498	-886.4	18.060606	-83.00215	22.894789	-77.38771	-176.4143	236400	-0.14579464	10715.787	-0.00019842386	-13.763672	1.9624193	1.3636251e-05	302.33521366119385
394	-429.4381	411.4362	-27.57914	-886.4	15.157895	-82.525734	24.472578	-76.07005	-175.34274	237000	-0.20053668	15461.323	-0.00026841462	-11.681641	1.9547954	-0.000100629724	302.9260401725769
395	-391.97275	404.23105	-31.071182	-886.4	16.428572	-82.10095	23.661472	-76.12047	-175.75554	237600	-0.17914833	13141.906	-0.00020496547	-7.708008	1.9841801	-5.6951147e-05	303.5073266029358
396	-329.26782	378.78592	-27.15825	-886.4	18.67742	-81.67461	22.628931	-76.21904	-176.15892	238200	-0.23441787	14011.566	-0.00044189394	-89.26758	1.9443095	6.470134e-05	304.0946545600891
397	-330.99896	384.20972	-25.922161	-886.4	18.64516	-83.84957	22.488033	-78.487526	-178.58583	238800	-0.15683465	9976.479	-0.00021992624	-7.1708984	1.937027	-7.033587e-05	304.7078309059143
398	-312.04083	376.72473	-26.096437	-886.4	19.1	-83.04273	22.496275	-77.70331	-178.02142	239400	-0.12541363	8890.392	-0.00017876923	-22.711914	2.07086	0.000107697146	305.3137300014496
399	-297.32388	377.57608	-23.408209	-886.4	18.935484	-81.73434	22.586216	-76.360306	-176.88745	240000	-0.13922574	9314.686	-0.00023126602	-92.37402	1.8260107	-0.00010403067	305.91976523399353
400	-428.0752	411.58398	-26.438375	-886.4	15.184211	-78.68905	24.853033	-72.1299	-172.94853	240600	-0.22492595	16500.316	-0.00024820864	-117.02344	1.9514883	-7.1793793e-06	307.3021516799927
401	-391.74066	404.3111	-19.643143	-886.4	16.428572	-79.29793	24.132206	-73.04557	-174.22763	241200	-0.17287952	12953.854	-0.0002322942	-15.174805	1.9547164	-1.9292334e-05	307.89644265174866
402	-322.52512	381.4904	-27.022745	-886.4	18.6875	-79.585915	23.199509	-73.86487	-175.35349	241800	-0.13464274	10438.327	-0.00027637184	-13.551758	1.9615245	8.583665e-06	308.45614743232727
403	-350.40424	388.58466	-29.229439	-886.4	17.96875	-79.75133	23.180792	-74.13059	-175.82458	242400	-0.18528047	13340.178	-0.0002837181	-142.36914	1.9511042	-4.876554e-06	309.0498352050781
404	-308.2668	373.05685	-21.816101	-886.4	19.35484	-82.761536	22.681026	-77.25057	-179.09734	243000	-0.15841098	11843.34	-0.0002617836	-17.136719	2.0390182	-7.0807735e-05	309.6430232524872
405	-298.23743	376.7409	-19.34304	-886.4	19.225807	-84.132835	22.981512	-78.566765	-180.56311	243600	-0.11478601	9036.043	-0.0001976937	-115.987305	1.8853414	-0.0001586926	310.2273931503296
406	-349.45114	395.8184	-26.394703	-886.4	17.558823	-80.033165	23.980913	-74.06404	-176.38408	244200	-0.1738672	12532.19	-0.0002938956	-19.984375	1.900824	-0.00021578291	310.8217742443085
407	-261.95203	352.80173	-29.144634	-886.4	20.448277	-77.36292	22.372095	-72.19087	-174.83627	244800	-0.096869454	6978.695	-0.00015621632	-16.588379	1.9187781	-7.2049996e-05	311.41484117507935
408	-387.9595	407.2814	-24.489216	-886.4	16.457144	-76.716705	24.420986	-70.54034	-173.37593	245400	-0.1788267	12955.277	-0.00023652613	-9.535156	1.9727495	7.0697366e-05	311.9972972869873
409	-332.95255	391.73022	-20.040287	-886.4	18.0	-75.79441	23.854008	-69.93402	-173.11633	246000	-0.15092728	10468.793	-0.00022737682	-16.636719	1.8776282	-0.00013518373	312.5891704559326
410	-341.9676	394.45212	-23.248394	-886.4	17.90625	-74.05406	23.593004	-68.35362	-171.84563	246600	-0.13892283	10430.967	-0.00021959841	-7.1289062	1.9898823	-0.00013954272	313.9827573299408
411	-370.2673	397.41718	-22.635056	-886.4	17.057142	-73.851234	24.65734	-67.554634	-171.32693	247200	-0.17093337	12338.313	-0.0002708882	-56.682617	1.919083	-6.1871906e-05	314.55990052223206
412	-391.10098	404.86758	-18.687431	-886.4	16.485714	-76.744385	24.697178	-70.500694	-174.4983	247800	-0.16775033	12953.391	-0.00018747151	-15.15918	1.962681	-6.464024e-05	315.1604871749878
413	-381.86633	402.9693	-34.124046	-886.4	16.61111	-78.20668	25.092709	-71.77206	-176.0881	248400	-0.1740682	13021.289	-0.0002682954	-9.594727	1.8691853	8.139382e-05	315.7797853946686
414	-259.26294	354.3542	-21.753357	-886.4	20.62069	-77.49991	22.80898	-72.26539	-176.92181	249000	-0.0702103	7095.178	-0.00023093075	-39.52002	1.9212338	-0.00012817561	316.37858533859253
415	-136.0384	228.04713	-28.580162	-886.4	24.875	-73.87494	21.060356	-69.412865	-174.30154	249600	-0.010343666	3073.8171	-0.00019644387	-11.055908	1.9478766	4.357944e-05	316.95860862731934
416	-370.5063	390.82767	-23.734577	-886.4	17.515152	-74.324	24.249617	-68.36941	-173.25916	250200	-0.15856111	11603.975	-0.00021152198	-169.01465	2.053838	-0.00015858343	317.54210805892944
417	-446.07797	408.40524	-20.000793	-886.4	15.051282	-80.8919	26.182873	-73.893486	-178.85924	250800	-0.20696026	16566.393	-0.0002309829	-94.47656	1.9694072	3.3352575e-05	318.1162209510803
418	-435.12674	406.81735	-33.04034	-886.4	15.421053	-84.58503	25.962957	-77.739174	-183.05486	251400	-0.20608947	15665.53	-0.0002744347	-56.74707	2.0401528	2.9185514e-05	318.71208143234253
419	-480.5442	406.2439	-34.884	-886.4	13.809524	-88.06949	27.260492	-80.49451	-186.1826	252000	-0.23514648	18233.773	-0.00025931	-126.84375	1.9887482	-9.409288e-06	319.29379892349243
420	-479.3923	407.90323	-32.331707	-886.4	14.023809	-92.18099	27.367748	-84.57655	-190.68015	252600	-0.22904608	19002.012	-0.000282377	-62.00586	2.0192955	-0.0001253906	320.7351002693176
421	-389.29703	404.4993	-32.669235	-886.4	16.457144	-93.54937	25.308994	-87.15512	-193.72523	253200	-0.21177216	13928.813	-0.00030237436	-80.37305	1.9543046	-0.00012606938	321.32046461105347
422	-357.27808	391.4463	-29.952589	-886.4	17.470589	-90.27217	25.090214	-84.02704	-191.08006	253800	-0.15664536	11246.29	-0.00027112663	-21.645508	1.8762343	-5.675733e-05	321.871440410614
423	-305.3627	372.35297	-24.98007	-886.4	19.35484	-87.846596	23.770636	-82.2974	-189.68604	254400	-0.12539105	8763.641	-0.00022470951	-33.694336	1.9277934	-6.553998e-05	322.46297955513
424	-349.7416	396.8611	-22.777634	-886.4	17.588236	-86.36229	25.231947	-80.07902	-187.73952	255000	-0.1455279	11534.202	-0.00022867322	-82.76367	1.9925545	-2.8941531e-05	323.0580108165741
425	-382.38287	402.3991	-33.638844	-886.4	16.666666	-83.10513	25.660416	-76.621635	-184.67197	255600	-0.1662357	12686.926	-0.00023831427	-12.297852	1.9296832	3.9126873e-05	323.6319782733917
426	-296.74216	377.61188	-21.4502	-886.4	19.35484	-81.20749	23.995644	-75.60587	-184.01093	256200	-0.13417931	8877.3955	-0.00020061433	-81.612305	1.8998972	-2.3761393e-06	324.22330594062805
427	-369.9867	397.60245	-29.520174	-886.4	17.085714	-78.72107	25.821457	-72.19737	-180.92534	256800	-0.15915555	12159.972	-0.00021477044	-9.950195	1.9517938	-0.00016219795	324.8443055152893
428	-438.50165	415.02026	-25.678896	-886.4	14.717949	-80.06989	27.184072	-72.80417	-181.78336	257400	-0.1869088	16267.783	-0.00026983023	-13.978516	2.0483227	-4.943818e-05	325.4570095539093
429	-287.83932	347.77667	-45.333637	-886.4	20.464285	-78.060776	23.463602	-72.77271	-182.17587	258000	-0.14249493	8447.867	-0.00025251508	-172.92578	1.9982657	0.000109044515	326.04162764549255
430	-262.6946	352.768	-29.302439	-886.4	20.551723	-83.0864	23.830868	-77.61851	-186.96274	258600	-0.11671341	7350.541	-0.00022719055	-25.85791	1.9744306	5.77121e-05	327.4287917613983
431	-378.1572	398.76398	-23.917805	-886.4	16.941177	-82.4108	25.66866	-76.02185	-185.54279	259200	-0.18859752	12860.647	-0.00024209917	-6.0898438	1.9745691	9.3548e-05	328.02609753608704
432	-379.6675	397.05615	-27.166739	-886.4	17.147058	-82.511215	25.7317	-76.103134	-185.89604	259800	-0.22596481	13580.252	-0.00035858154	-274.9707	1.9437181	-3.7153066e-05	328.61726784706116
433	-376.54117	401.91235	-26.407568	-886.4	17.17647	-83.80571	25.790443	-77.312706	-187.37282	260400	-0.1596741	12405.268	-0.00020490587	-14.329102	1.9198565	3.5931567e-05	329.19255805015564
434	-458.43036	417.92273	-21.740528	-886.4	14.170732	-84.09677	28.164553	-76.33957	-186.74478	261000	-0.22261894	17978.133	-0.00025355816	-32.79883	1.9832275	9.494027e-06	329.78433418273926
435	-327.928	377.78177	-37.318817	-886.4	18.75	-80.745834	24.92531	-74.81455	-185.75452	261600	-0.15486038	10098.898	-0.00025115907	-30.84961	1.9469075	-3.5953522e-05	330.36138343811035
436	-412.13324	401.47574	-24.334772	-886.4	16.305555	-83.63491	26.7187	-76.76523	-187.85518	262200	-0.1917027	13549.486	-0.00027158856	-55.71582	1.9760547	-0.00017265548	330.94793701171875
437	-361.93762	397.1052	-25.480677	-886.4	17.515152	-85.93825	25.933472	-79.48596	-190.7994	262800	-0.14678329	11345.132	-0.00022602081	-49.185547	1.9417652	-2.1347701e-05	331.5271828174591
438	-344.51385	391.11935	-37.621986	-886.4	18.0	-84.0297	25.45211	-77.88853	-189.53111	263400	-0.17784233	11039.34	-0.0002617836	-18.104492	1.919388	9.93369e-05	332.1228892803192
439	-375.58435	402.58276	-24.0164	-886.4	16.882353	-82.8466	26.233953	-76.31665	-188.24983	264000	-0.16091567	12226.787	-0.00027883053	-19.50293	1.99356	-3.1654436e-05	332.73287534713745
440	-397.34012	399.9118	-29.076014	-886.4	16.6	-81.52445	26.663385	-74.7875	-187.06117	264600	-0.17702062	12670.781	-0.00026141107	-40.86035	1.9553413	0.00019954781	334.18384552001953
441	-316.41992	384.69925	-27.276781	-886.4	18.71875	-83.18733	25.64978	-76.99876	-189.5081	265200	-0.1332149	9584.162	-0.00026354194	-68.81738	1.9352287	0.00016513625	334.79085874557495
442	-398.63864	402.21335	-27.324087	-886.4	16.18919	-81.08125	27.483135	-73.934784	-186.77338	265800	-0.20844927	14610.434	-0.0002911687	-27.298828	1.9532503	-7.499079e-05	335.3745517730713
443	-384.12216	401.3187	-30.63629	-886.4	16.583334	-82.43494	27.208603	-75.459404	-188.57016	266400	-0.18994908	12896.283	-0.00024826825	-8.530273	1.9385862	0.00010770122	336.0015664100647
444	-329.73468	385.04526	-32.430756	-886.4	18.516129	-82.00932	25.4841	-75.95989	-189.37573	267000	-0.14826137	9814.469	-0.0002631396	-5.635742	1.9292957	-6.5251785e-05	336.6078326702118
445	-424.4965	406.38864	-30.605394	-886.4	15.384615	-82.71424	28.019123	-75.32661	-188.98253	267600	-0.20571434	14872.003	-0.00030633807	-37.95117	1.9055794	0.00017071853	337.2101287841797
446	-365.56085	398.9663	-27.163485	-886.4	17.114286	-84.36147	27.407913	-77.33464	-191.31764	268200	-0.2053213	13536.365	-0.00030069053	-22.730469	1.9300287	7.627805e-06	337.80553817749023
447	-295.61063	378.16968	-18.570728	-886.4	19.0	-82.11704	25.696627	-76.017746	-190.37885	268800	-0.114488095	8741.776	-0.00023689121	-120.58789	1.9228389	-0.00010578493	338.4110691547394
448	-347.51804	382.2227	-25.034073	-886.4	18.121212	-78.123955	26.5206	-71.62177	-186.33005	269400	-0.16268517	10862.455	-0.00028449297	-98.19043	2.0405538	-9.660969e-05	339.017338514328
449	-365.99167	399.65585	-24.661642	-886.4	17.057142	-81.99923	27.25872	-75.11133	-189.8923	270000	-0.19646657	13426.912	-0.0003604293	-152.0664	1.9440552	-7.387211e-05	339.61813378334045
450	-339.85294	386.98657	-26.07927	-886.4	18.060606	-81.704216	27.086746	-74.55582	-189.65244	270600	-0.16244566	10177.679	-0.00022746623	-48.95703	1.9314598	-5.2731433e-05	341.0722677707672
451	-352.79156	394.5935	-30.668268	-886.4	17.529411	-81.198	27.029202	-74.44318	-189.78116	271200	-0.16051073	11079.347	-0.00021599233	-10.141602	2.0166802	-8.406987e-05	341.66613698005676
452	-278.69318	367.07257	-23.841198	-886.4	19.933332	-79.5527	25.593714	-73.55498	-189.19402	271800	-0.10450439	7970.7666	-0.00021294504	-59.989258	1.937266	-0.0001365009	342.36354207992554
453	-420.1928	406.1206	-31.956081	-886.4	15.72973	-77.889275	28.23006	-70.53481	-186.45215	272400	-0.22061725	15035.095	-0.0002951026	-216.11426	1.9914294	5.1594674e-05	343.0612154006958
454	-355.88232	392.3587	-29.723951	-886.4	17.617647	-80.56888	28.179092	-73.08894	-189.28911	273000	-0.17903027	11064.611	-0.00028309226	-41.523438	1.9294165	5.4762364e-05	343.7177562713623
455	-280.5462	365.9117	-25.144056	-886.4	19.8	-80.27742	26.077997	-73.91439	-190.35449	273600	-0.109796144	7863.928	-0.00025004894	-57.09912	1.8844115	-1.5555323e-05	344.32870054244995
456	-324.378	376.89325	-27.729738	-886.4	18.75	-78.244415	26.587358	-71.52843	-188.22444	274200	-0.19148865	12787.82	-0.00050894916	-53.20215	1.9079635	-0.00026264985	344.9357740879059
457	-378.87067	401.66965	-25.395815	-886.4	16.666666	-81.19865	27.90021	-74.05334	-190.87143	274800	-0.22530505	15396.807	-0.00033389032	-223.79492	1.8951447	-6.0201684e-05	345.5429756641388
458	-348.59683	388.4197	-28.74112	-886.4	18.125	-81.68707	27.505037	-74.26203	-191.44702	275400	-0.16855952	10922.646	-0.00021801889	-90.68457	1.9500972	-3.53542e-05	346.1313624382019
459	-337.91965	388.8871	-23.605808	-886.4	18.09091	-82.20751	28.179527	-74.93682	-192.37598	276000	-0.15607716	10936.19	-0.00029708445	-85.83301	2.0478988	0.00016410848	346.7420196533203
460	-357.21326	391.83603	-28.253094	-886.4	17.647058	-80.835754	27.215538	-74.16453	-191.87732	276600	-0.15555212	11440.462	-0.00030490756	-13.834961	1.9546146	-3.437509e-05	348.202410697937
461	-404.3776	406.6858	-24.912884	-886.4	15.861111	-82.86509	28.730911	-75.31188	-193.26984	277200	-0.22742371	14403.302	-0.00030593574	-195.59473	1.8593591	-0.00011419833	348.8907148838043
462	-488.79166	407.68283	-29.473112	-886.4	13.5348835	-84.363014	31.23351	-75.375374	-193.73125	277800	-0.25005168	19368.023	-0.00035241246	-179.53711	1.9374162	3.0909083e-05	349.5008547306061
463	-395.23502	405.77945	-35.668533	-886.4	16.216217	-87.70794	28.851967	-80.09703	-198.85376	278400	-0.17907064	13202.52	-0.0002476126	-55.4209	1.9818026	-3.5045543e-06	350.0738322734833
464	-210.83592	322.96735	-28.81831	-886.4	21.851852	-84.3207	25.199097	-78.64181	-197.85739	279000	-0.0639382	5845.8076	-0.00020349771	-180.2168	1.8580936	-7.053375e-05	350.6639184951782
465	-377.3072	406.45667	-20.299282	-886.4	16.61111	-81.06186	28.744228	-73.65288	-193.16725	279600	-0.18423484	12795.103	-0.0002835691	-47.020508	1.9715511	-0.00011145204	351.24287581443787
466	-231.85245	342.31738	-23.429766	-886.4	21.071428	-76.9162	25.719381	-71.10454	-191.03537	280200	-0.061838746	6270.1074	-0.00017926842	-99.51318	1.9487003	-5.8734517e-05	351.8243041038513
467	-419.2411	410.8443	-24.595678	-886.4	15.384615	-75.2531	29.627832	-67.40921	-187.61383	280800	-0.21400434	14798.068	-0.0002593994	-21.138672	1.8957546	-3.38463e-05	352.4245398044586
468	-222.14084	317.7307	-28.2167	-886.4	21.666666	-73.9617	25.427082	-68.33591	-188.88696	281400	-0.08047136	5417.5386	-0.00024682283	-7.4575195	1.9353439	-0.00011247228	353.0494375228882
469	-261.94934	353.64948	-32.043694	-886.4	20.586206	-75.42927	26.277613	-69.38824	-189.96721	282000	-0.13280831	7703.305	-0.00027887523	-2.1416016	1.9160203	-1.4680624e-06	353.6889898777008
470	-237.13309	339.6732	-23.872679	-886.4	21.142857	-74.8494	25.88333	-69.00714	-189.69962	282600	-0.07347868	6076.8643	-0.00020718575	-20.156738	1.9744649	-4.279385e-05	355.16262888908386
471	-301.60144	374.5792	-25.77906	-886.4	19.064516	-73.75304	27.15467	-67.3077	-188.1577	283200	-0.12898877	8488.517	-0.00021894276	-1.9384766	1.9100975	2.916654e-06	355.7943847179413
472	-354.095	393.434	-26.443827	-886.4	17.5	-74.365776	28.363522	-67.30277	-188.32477	283800	-0.16843715	10709.309	-0.00022903085	-18.578125	1.9061389	-5.247553e-05	356.40610694885254
473	-261.15356	353.07693	-27.39347	-886.4	20.206896	-74.786995	26.423925	-68.72494	-189.96622	284400	-0.096178256	6671.7495	-0.00018724799	-4.919922	1.9565043	-5.8041016e-05	356.99201703071594
474	-272.34213	370.5736	-25.31458	-886.4	19.8	-74.275116	26.873817	-67.996124	-189.40854	285000	-0.11676089	7844.7134	-0.00020562857	-92.69238	1.9541485	-4.398207e-05	357.5814232826233
475	-473.24173	413.50375	-26.542055	-886.4	13.636364	-73.150116	31.737717	-64.22187	-185.97028	285600	-0.24446595	19138.877	-0.00034168363	-126.27734	1.97458	-0.00016510715	358.1751308441162
476	-240.94527	337.82953	-27.511515	-886.4	21.178572	-73.688774	26.20466	-67.77725	-189.966	286200	-0.07376822	6084.165	-0.00045384467	-0.38134766	1.8530717	-4.3049058e-05	358.7655074596405
477	-457.3771	407.42853	-34.21715	-886.4	14.425	-76.267944	30.863527	-67.906265	-190.2295	286800	-0.24187577	17480.625	-0.0002847761	-175.93164	1.9085547	5.3082207e-05	359.4766631126404
478	-202.15073	293.9993	-23.231245	-886.4	22.76923	-77.895836	25.412094	-72.37954	-194.96321	287400	-0.0779727	5337.0825	-0.00035049766	-15.458984	1.9451861	-0.00016902527	360.1744899749756
479	-405.339	410.45154	-29.82176	-886.4	15.789474	-81.76164	29.84738	-74.00005	-196.54596	288000	-0.19410633	14024.344	-0.0002718717	-20.664062	1.9317423	-6.586273e-05	360.85860109329224
480	-374.2751	403.8684	-19.113274	-886.4	17.17647	-80.31416	29.18322	-72.92398	-195.93854	288600	-0.186927	12473.486	-0.00021925569	-39.13672	1.9868294	-2.3926994e-05	362.35726737976074
481	-264.98312	351.48456	-30.60809	-886.4	20.655172	-77.94968	26.89806	-71.77831	-195.19559	289200	-0.11775258	7127.092	-0.00018567592	-1.1108398	1.920328	-1.1620819e-05	362.9270257949829
482	-441.10773	412.58762	-24.60718	-886.4	14.820513	-79.76229	30.821669	-71.52462	-195.08641	289800	-0.22693126	15609.467	-0.00028391182	-20.995117	1.8917046	-0.00010128131	363.5291471481323
483	-331.8229	383.72473	-30.861061	-886.4	18.709677	-79.06202	27.858862	-72.448845	-196.43347	290400	-0.14829206	9731.536	-0.00022493303	-7.1503906	1.9272056	-4.5935016e-05	364.1458034515381
484	-304.62155	372.8885	-27.812181	-886.4	19.32258	-79.8586	27.90699	-73.23467	-197.43283	291000	-0.11401029	8621.438	-0.00028318912	-2.9091797	1.9638404	-0.00019192218	364.75030994415283
485	-400.1941	408.62003	-27.270815	-886.4	15.972222	-80.56079	29.924484	-72.88932	-197.29012	291600	-0.21920952	16081.592	-0.00032292306	-173.8252	1.9523954	8.4047315e-05	365.34761452674866
486	-357.50494	400.10037	-22.772078	-886.4	17.484848	-79.87247	28.862373	-72.675064	-197.46745	292200	-0.15832028	10857.903	-0.00024202466	-40.180664	1.9400638	2.9270648e-05	365.95062470436096
487	-245.241	335.83533	-21.89516	-886.4	21.25	-76.69595	26.965502	-70.52613	-195.71681	292800	-0.07607368	6251.591	-0.00019867718	-2.4941406	1.9083776	-5.4338376e-05	366.5592668056488
488	-338.97803	387.72928	-31.507385	-886.4	18.121212	-78.10374	28.9606	-71.00557	-196.26534	293400	-0.14436312	10130.063	-0.00024090707	-6.111328	1.9146905	-2.1037558e-05	367.168514251709
489	-419.10345	408.3259	-22.452042	-886.4	15.540541	-79.64668	30.55428	-71.666985	-197.14122	294000	-0.20495926	13977.441	-0.00027644634	-25.625977	1.9090095	9.668827e-05	367.77914929389954
490	-320.18005	382.20337	-34.10039	-886.4	18.53125	-80.181885	28.687897	-73.25501	-199.0946	294600	-0.14227448	9176.587	-0.0002475679	-10.086914	1.9035474	-0.00022021055	369.3468201160431
491	-302.16138	374.1778	-26.015188	-886.4	18.903225	-78.93155	28.338434	-72.19397	-198.32095	295200	-0.12788144	8387.875	-0.0002542138	-10.099609	1.9309483	-5.2206517e-05	369.9319133758545
492	-190.24097	297.50113	-23.815329	-886.4	22.576923	-76.60828	26.19492	-70.91454	-197.28055	295800	-0.0405319	4349.7593	-0.00020222738	-30.543457	1.9670247	-9.328942e-05	370.5319278240204
493	-393.28668	407.73798	-25.36233	-886.4	16.162163	-76.47441	30.80557	-68.46392	-194.94365	296400	-0.1803301	13564.477	-0.00032828748	-9.405273	1.9610858	-7.168223e-05	371.1211335659027
494	-363.8093	402.0133	-24.81786	-886.4	16.857143	-76.23779	30.124454	-68.620865	-195.47318	297000	-0.17312889	11632.684	-0.00025090575	-14.152344	1.9222127	-1.7880102e-05	371.7183954715729
495	-405.06152	407.124	-28.033415	-886.4	16.11111	-75.27679	30.608685	-67.42776	-194.67487	297600	-0.19928709	13074.3	-0.00027897954	-32.356445	1.9840991	0.0001097842	372.32662177085876
496	-297.57004	374.29944	-27.15238	-886.4	19.32258	-76.284874	28.666813	-69.478035	-197.06006	298200	-0.18618919	10409.967	-0.0003015101	-160.66797	1.9419775	-4.4840377e-05	372.92914295196533
497	-430.54922	410.40427	-26.553766	-886.4	15.105263	-77.218254	31.69161	-68.65538	-196.4819	298800	-0.2168129	14575.255	-0.0003259778	-44.29004	1.9301904	4.240374e-06	373.5340325832367
498	-277.24442	368.03882	-21.196804	-886.4	19.8	-77.835754	28.468489	-71.06796	-199.2666	299400	-0.12182833	8011.06	-0.00028146058	-74.191895	1.9052014	2.0171206e-06	374.13069248199463
499	-331.6507	380.06342	-35.67671	-886.4	18.709677	-74.75002	29.10189	-67.554016	-196.06648	300000	-0.21894954	10809.83	-0.00038705766	-66.8916	2.0421932	-1.2317995e-05	375.67046189308167
