Epoch	AverageEpRet	StdEpRet	MaxEpRet	MinEpRet	EpLen	AverageVVals	StdVVals	MaxVVals	MinVVals	TotalEnvInteracts	LossPi	LossV	DeltaLossPi	DeltaLossV	KL	BacktrackIters	Time
0	-823.3118	68.702225	-690.7577	-886.4	12.083333	0.5456141	0.5311027	2.2942805	-0.4753631	600	1.5417734e-07	586911.06	-0.0388561	-7241.125	0.0070632664	0.0	1.2778208255767822
1	-842.2168	66.68418	-669.1186	-899.21857	9.916667	-4.241868	1.4097847	-0.63905025	-5.470932	1200	6.775061e-08	605307.0	-0.042064995	-5835.4375	0.008504822	0.0	1.9147822856903076
2	-836.7009	61.875435	-690.7074	-886.4	11.156863	-8.155448	2.0774136	-1.6674166	-8.948425	1800	-9.775162e-08	567952.5	-0.034550354	-3807.625	0.006785892	0.0	2.5470523834228516
3	-825.1513	75.00349	-526.22675	-886.4	14.261905	-10.91697	2.1948187	-3.0529618	-11.569925	2400	1.4781952e-07	596733.5	-0.040368266	-4245.0625	0.008202432	0.0	3.1993606090545654
4	-798.0521	99.95666	-491.73846	-886.4	18.121212	-13.838193	2.2216895	-4.780375	-14.397214	3000	-4.8478444e-08	514697.28	-0.028821906	-3728.6875	0.008058719	1.0	3.8274765014648438
5	-826.9797	72.569595	-663.9689	-886.4	16.083334	-16.418655	2.4978917	-6.6760035	-17.066643	3600	3.536542e-08	537526.5	-0.03081825	-3800.0	0.0073194248	0.0	4.468717098236084
6	-777.7033	112.53153	-533.52466	-905.3707	19.51724	-19.19646	2.3248367	-9.063546	-19.73544	4200	1.6172727e-07	440549.53	-0.030020718	-3117.5625	0.009374702	0.0	5.104811429977417
7	-749.73694	147.81038	-245.75798	-901.5462	21.285715	-21.64356	2.3163054	-11.389315	-22.185364	4800	1.2179216e-07	442662.56	-0.023604129	-3246.9062	0.007130714	0.0	5.712958812713623
8	-776.4278	147.21239	-378.43842	-886.4	15.307693	-23.960243	2.694209	-13.879617	-24.683155	5400	1.1920929e-08	378235.7	-0.035501953	-2903.75	0.0063583567	0.0	6.439880847930908
9	-764.595	134.29134	-399.18454	-886.4	18.75	-26.496521	2.2871683	-16.86072	-27.042068	6000	-1.0251999e-07	398951.9	-0.035937753	-3109.5625	0.0066550258	0.0	7.067073822021484
10	-728.03107	183.4614	-210.8381	-886.4	19.5	-29.001442	2.161613	-19.740713	-29.50843	6600	-2.3444494e-08	349861.66	-0.029122824	-2618.0	0.00803465	0.0	7.97744345664978
11	-652.95465	220.17497	-136.2715	-886.4	21.62963	-31.359365	1.9811857	-22.430443	-31.809572	7200	-1.5536943e-07	251107.62	-0.028283078	-1906.4219	0.008546433	0.0	8.59813117980957
12	-656.532	211.74883	-210.21133	-886.4	22.5	-33.39804	1.8759791	-24.758533	-33.808758	7800	-1.1205673e-07	261419.47	-0.025099633	-2011.6875	0.009630437	0.0	9.218733787536621
13	-631.62036	225.57185	-89.78952	-886.4	23.04	-35.488903	1.7791135	-27.129982	-35.86963	8400	6.953875e-08	233744.05	-0.029716812	-1813.5938	0.00860607	0.0	9.851600170135498
14	-630.7644	234.99323	-197.21669	-886.4	22.0	-37.48423	1.749116	-29.426544	-37.8651	9000	7.8678134e-08	217314.69	-0.020678567	-1691.1406	0.0067667253	1.0	10.458117961883545
15	-583.8344	263.09616	-131.25891	-886.4	21.666666	-39.43479	1.7053131	-31.727196	-39.813377	9600	1.1920929e-08	174742.89	-0.03225089	-1363.75	0.009087433	0.0	11.07970142364502
16	-589.523	267.94348	-160.91841	-886.4	20.206896	-41.207916	1.6820215	-33.87622	-41.594925	10200	-6.834666e-08	147592.67	-0.025385154	-1217.9219	0.0090661235	0.0	11.699846982955933
17	-568.2288	301.74747	-142.33623	-886.4	17.969696	-42.88039	1.6869606	-35.997482	-43.29473	10800	5.2452087e-08	98961.8	-0.026082978	-818.22656	0.009878551	1.0	12.36220407485962
18	-430.23398	276.14093	-51.481632	-886.4	23.833334	-44.425705	1.359745	-37.91404	-44.71305	11400	-8.940697e-08	69899.32	-0.025141383	-586.9297	0.007896691	0.0	12.975265979766846
19	-386.22226	275.3993	-89.42102	-886.4	24.583334	-45.677013	1.3136176	-39.377174	-45.951725	12000	-2.1457673e-08	64218.6	-0.029235786	-522.0156	0.008535633	0.0	13.608691930770874
20	-404.7486	307.8897	-46.531574	-886.4	22.76923	-46.836555	1.3391243	-40.730835	-47.139545	12600	1.07288365e-08	67257.04	-0.032077324	-479.52344	0.008920311	0.0	14.480838537216187
21	-346.84586	347.59964	-31.77668	-886.4	20.714285	-47.988834	1.3350248	-42.09905	-48.296772	13200	-6.67572e-08	23011.191	-0.025798002	-125.884766	0.0077335876	0.0	15.077935457229614
22	-337.03677	352.57718	-24.803848	-886.4	20.607143	-48.63226	1.2755945	-42.972095	-48.92044	13800	-6.0598055e-08	19165.75	-0.030319331	-84.56055	0.008401918	0.0	15.732062578201294
23	-248.10823	315.9928	-22.501001	-886.4	22.961538	-49.15524	1.182321	-43.70863	-49.412766	14400	1.5894573e-08	12025.623	-0.027758714	-45.835938	0.009475955	0.0	16.362293481826782
24	-259.3193	337.1157	-23.703884	-886.4	21.962963	-49.49004	1.1997817	-44.242973	-49.78778	15000	1.9073486e-08	9720.855	-0.028237628	-25.480469	0.007933925	0.0	17.00460171699524
25	-221.80157	294.20215	-30.41756	-886.4	23.32	-49.67588	1.2996514	-38.870586	-50.06222	15600	-1.5894573e-08	9813.636	-0.03689418	-46.791016	0.0065061017	0.0	17.65332818031311
26	-227.03647	323.87408	-23.509115	-886.4	22.461538	-50.176464	1.0876793	-45.165817	-50.413227	16200	1.5894572e-09	8027.836	-0.0392086	-14.314453	0.0032555717	0.0	18.297123432159424
27	-95.94579	170.58386	-23.2884	-886.4	25.608696	-50.42777	1.0004044	-45.526833	-50.632515	16800	-1.9073486e-08	1998.3221	-0.023975054	-2.3068848	0.008015807	0.0	18.947531700134277
28	-187.65225	298.92523	-30.192425	-886.4	22.846153	-50.501835	1.0489428	-45.669632	-50.7301	17400	-9.536743e-09	5517.98	-0.040152766	-5.1381836	0.0034669368	0.0	19.592991828918457
29	-129.27702	229.46085	-21.951302	-886.4	24.791666	-50.643246	0.98906195	-45.899883	-50.849968	18000	0.0	3043.0576	-0.03362154	-3.168457	0.004120737	0.0	20.238401174545288
30	-54.949173	22.904907	-25.297216	-116.50355	26.954546	-50.77	0.9371255	-46.076237	-50.95751	18600	-1.39077505e-08	546.54694	-0.03059245	-0.39276123	0.008203329	0.0	21.175615787506104
31	-77.328255	39.96912	-27.977705	-187.88141	26.772728	-50.815735	0.9350821	-46.13223	-51.002975	19200	1.7285346e-08	2427.5881	-0.031524125	-12.207275	0.008359534	0.0	21.80785608291626
32	-82.24789	31.011183	-28.914005	-140.14026	26.40909	-51.042667	0.934449	-46.36231	-51.229633	19800	-5.642573e-08	1837.3481	-0.03208457	-16.82434	0.009144682	0.0	22.458402156829834
33	-104.6454	169.39703	-29.353712	-886.4	25.608696	-51.318615	0.9527024	-46.651363	-51.51357	20400	9.536743e-09	2462.265	-0.023823839	-7.82959	0.007334632	0.0	23.097727298736572
34	-98.713005	169.41786	-26.196733	-886.4	25.347826	-51.522373	0.9459065	-46.888424	-51.715973	21000	7.947286e-09	1802.2992	-0.029687101	-3.3875732	0.0072294697	0.0	23.74067997932434
35	-65.24202	35.476364	-21.838545	-155.35019	27.136364	-51.665894	0.91916335	-47.06211	-51.849834	21600	-4.172325e-09	1510.6691	-0.026332522	-4.371582	0.0077248146	0.0	24.410700798034668
36	-95.02067	171.49638	-19.007486	-886.4	25.652174	-51.811687	0.93654305	-47.22361	-52.00339	22200	1.9073486e-08	2203.8474	-0.030744009	-1.8220215	0.00654847	0.0	25.053536653518677
37	-73.01057	31.239864	-19.038506	-134.09818	26.636364	-51.922485	0.91032463	-47.362988	-52.10482	22800	2.3047129e-08	1406.9492	-0.033322096	-9.591919	0.00843015	0.0	25.70165467262268
38	-110.64344	170.32704	-19.983437	-886.4	25.565218	-52.1464	0.92732215	-47.603485	-52.336147	23400	1.5894572e-09	3323.404	-0.030708661	-13.450195	0.008635483	0.0	26.33894157409668
39	-58.85651	27.66789	-25.60939	-137.94884	26.681818	-52.441135	0.90066475	-47.930004	-52.621372	24000	2.404054e-08	812.7608	-0.026551843	-1.4019775	0.00935668	0.0	26.9865620136261
40	-93.57691	169.80313	-35.24709	-886.4	25.173914	-52.541565	0.9173462	-48.047516	-52.729214	24600	0.0	1460.859	-0.027487952	-1.1849365	0.0057864613	0.0	27.940608263015747
41	-63.485306	20.201405	-25.043804	-107.38274	26.454546	-52.634197	0.89056706	-48.173634	-52.81238	25200	-2.78155e-09	507.3845	-0.030256454	-2.902832	0.0086024245	0.0	28.552199125289917
42	-63.817562	37.709766	-19.431328	-168.54329	26.863636	-52.774265	0.88853586	-48.323875	-52.952076	25800	-1.9868216e-08	1585.4598	-0.03415913	-3.690796	0.008939034	0.0	29.199463844299316
43	-54.76371	18.319717	-24.921677	-92.252846	26.545454	-52.938595	0.88755125	-48.49314	-53.116158	26400	3.5762786e-09	327.3105	-0.020239795	-0.13848877	0.0095608095	0.0	29.844605922698975
44	-69.950806	30.248228	-25.449316	-128.69522	27.227272	-52.980057	0.8863959	-48.540382	-53.157368	27000	-5.4637592e-08	1234.5714	-0.024548614	-8.763672	0.008308193	0.0	30.492143630981445
45	-90.5112	171.55943	-19.6088	-886.4	25.695652	-53.223835	0.9036746	-48.796757	-53.40865	27600	-1.5894572e-09	1843.4587	-0.0304257	-0.517334	0.0069665625	0.0	31.134340524673462
46	-132.85303	228.90585	-27.266617	-886.4	24.625	-53.28657	0.9113348	-48.91598	-53.477043	28200	-2.4636586e-08	3285.372	-0.037731394	-6.334961	0.0059674396	0.0	31.789925813674927
47	-56.82278	32.15942	-19.386726	-155.0218	27.0	-53.515446	0.8560548	-49.227745	-53.686684	28800	1.658996e-08	1091.2305	-0.026608543	-0.70947266	0.008272079	0.0	32.43107485771179
48	-53.95764	23.49261	-21.56613	-116.94776	27.0	-53.605366	0.85285276	-49.3337	-53.77597	29400	7.549922e-09	556.3716	-0.02857202	-0.021240234	0.008727684	0.0	33.06782150268555
49	-66.32529	22.967838	-26.395407	-123.550674	26.59091	-53.622814	0.85169137	-49.356964	-53.79317	30000	4.430612e-08	682.04877	-0.025287168	-5.3930664	0.009147477	0.0	33.69761276245117
50	-58.295933	29.331886	-25.923801	-133.15096	26.636364	-53.84065	0.8504937	-49.580795	-54.01076	30600	1.1920929e-08	866.1877	-0.029274961	-0.86846924	0.007715143	0.0	34.67542123794556
51	-43.295914	16.4316	-22.748997	-77.88886	26.59091	-53.944447	0.8491478	-49.691338	-54.114292	31200	1.1523564e-08	375.33823	-0.026500344	-3.9477844	0.0073204054	1.0	35.324467182159424
52	-60.952126	35.789677	-23.796402	-189.705	26.772728	-53.755684	0.8476426	-49.510113	-53.925232	31800	9.934108e-09	1379.0748	-0.035510633	-1.9161377	0.0074274936	0.0	35.947245836257935
53	-50.077305	22.91687	-16.57322	-119.39479	26.863636	-53.881165	0.8464314	-49.641666	-54.050488	32400	3.89417e-08	539.78955	-0.026554134	-0.4091797	0.0065629007	0.0	36.593552112579346
54	-58.701427	18.200245	-30.836502	-92.2694	26.636364	-53.82534	0.8449429	-49.593296	-53.994408	33000	-9.338061e-09	342.7707	-0.020437412	-0.7959595	0.009487818	0.0	37.24355149269104
55	-46.402493	17.277655	-20.621513	-82.52023	26.545454	-53.912872	0.8433622	-49.688755	-54.081642	33600	-2.1855036e-09	347.1746	-0.025765976	-2.221527	0.008705996	0.0	37.88011145591736
56	-48.07322	16.619606	-19.349632	-78.856926	27.0	-53.76155	0.8416597	-49.54596	-53.92999	34200	-3.1789145e-09	305.28915	-0.022529388	-1.651123	0.0085416455	0.0	38.54392194747925
57	-52.798473	19.073048	-26.624493	-96.1835	26.818182	-53.61234	0.8399117	-49.4055	-53.780403	34800	-2.7418137e-08	363.0909	-0.030637236	-0.046173096	0.008215294	0.0	39.31331253051758
58	-86.625496	172.26077	-18.86681	-886.4	25.913044	-53.57261	0.8554961	-49.38156	-53.747593	35400	9.536743e-09	1811.5203	-0.029590176	-0.37194824	0.007896809	0.0	39.99700617790222
59	-45.900826	21.952208	-20.441645	-101.28686	26.818182	-53.53649	0.823472	-49.411983	-53.70123	36000	-3.973643e-09	543.8418	-0.02196123	-2.8483887	0.007834263	0.0	40.66048741340637
60	-47.168064	23.608416	-23.149649	-134.01526	26.818182	-53.340683	0.81993145	-49.23391	-53.50472	36600	5.5631e-09	600.65283	-0.018476097	-2.145935	0.008515033	0.0	41.61384701728821
61	-108.41892	234.93835	-21.500538	-886.4	24.625	-53.142883	0.85133654	-49.06002	-53.32071	37200	-6.9936114e-08	2759.411	-0.03730785	-9.969727	0.005714724	0.0	42.24382472038269
62	-42.98239	14.768676	-20.100454	-73.71178	26.545454	-52.78732	0.7881341	-48.839806	-52.944965	37800	-1.0331472e-08	308.95508	-0.020605065	-6.215454	0.0065843584	0.0	42.86186099052429
63	-41.62701	18.605747	-19.88683	-88.850685	26.727272	-52.46137	0.78239036	-48.542625	-52.61787	38400	1.013279e-08	455.90353	-0.021549953	-7.4830627	0.007878578	0.0	43.50975728034973
64	-39.100502	15.665807	-19.066195	-82.994545	26.727272	-52.103794	0.77995676	-48.197243	-52.25983	39000	1.1920929e-08	411.13666	-0.018663693	-11.1371155	0.006749348	0.0	44.14935088157654
65	-42.107395	22.40928	-18.575191	-100.00687	26.90909	-51.66078	0.7772496	-47.76779	-51.81629	39600	3.973643e-09	585.6312	-0.0074791154	-6.5877686	0.009758199	2.0	44.7835488319397
66	-34.51541	10.603968	-16.564137	-63.003914	26.90909	-51.303333	0.77461463	-47.42354	-51.458286	40200	-3.1789145e-09	390.84207	-0.012571191	-19.727448	0.0056407666	0.0	45.41493058204651
67	-44.535816	13.314589	-17.146854	-75.19751	27.136364	-50.699364	0.7712395	-46.83648	-50.853676	40800	4.529953e-08	214.82784	-0.027540538	-3.3541412	0.009440357	0.0	46.088379859924316
68	-36.103134	14.091437	-15.57654	-80.82477	27.0	-50.415707	0.7685573	-46.566246	-50.569454	41400	-2.1060307e-08	401.5517	-0.013920277	-15.124237	0.006690473	0.0	46.745402097702026
69	-36.827286	14.74447	-19.013329	-64.21023	26.772728	-49.870224	0.7650675	-46.038242	-50.023273	42000	-1.5894573e-08	383.03052	-0.017815271	-14.006561	0.007823274	0.0	47.38411569595337
70	-38.501522	16.088835	-17.67732	-70.52756	26.954546	-49.31474	0.76138324	-45.501217	-49.467087	42600	-9.934108e-09	373.08533	-0.01591215	-10.091156	0.0070423875	0.0	48.397705078125
71	-37.874348	15.485715	-20.414207	-86.54612	27.045454	-48.831387	0.7577651	-45.03599	-48.98301	43200	-5.3048133e-08	359.2158	-0.007384643	-10.46344	0.009590576	0.0	49.10048151016235
72	-39.07307	13.308745	-21.625177	-72.836235	26.954546	-48.335316	0.7539739	-44.558914	-48.48622	43800	3.973643e-10	262.24423	-0.018534146	-7.898712	0.005939898	0.0	49.735148191452026
73	-37.538696	10.899774	-16.511513	-58.687756	26.863636	-47.89137	0.7502366	-44.13367	-48.041462	44400	5.2054723e-08	224.08572	-0.013191985	-10.083054	0.008141347	0.0	50.48636722564697
74	-33.915367	11.323366	-20.084959	-57.254368	26.90909	-47.387928	0.746104	-43.65094	-47.53721	45000	3.7749608e-08	307.15775	-0.021729877	-17.477692	0.007978131	0.0	51.3719539642334
75	-32.26563	9.95396	-19.18582	-59.11215	27.0	-46.716698	0.741164	-43.004448	-46.86499	45600	-2.7418137e-08	305.78024	-0.008717973	-21.088379	0.009790611	0.0	52.50909423828125
76	-37.49302	14.117377	-16.577759	-77.42665	26.818182	-45.95877	0.7356739	-42.27402	-46.105972	46200	-7.5499216e-08	269.26276	-0.016497666	-8.025421	0.0051009282	0.0	53.421961545944214
77	-31.500664	9.248002	-20.164455	-54.86218	26.863636	-45.46273	0.7311035	-41.800873	-45.609024	46800	7.092953e-08	277.9574	-0.015214845	-20.475525	0.008069875	0.0	54.245646953582764
78	-34.837322	14.433259	-14.86954	-64.05191	26.818182	-44.70128	0.72513294	-41.06932	-44.846397	47400	3.4570693e-08	302.08777	-0.018435735	-11.675476	0.008541908	0.0	55.09726095199585
79	-30.524122	7.646694	-17.372105	-49.121292	26.90909	-44.089794	0.7195985	-40.485558	-44.23379	48000	-1.41064325e-08	240.57716	-0.0120269405	-21.006332	0.00812475	0.0	55.759429931640625
80	-29.23398	6.6152897	-19.633078	-41.36365	26.90909	-43.283524	0.7129107	-39.712784	-43.42619	48600	1.1642774e-07	239.34114	-0.011398773	-23.84468	0.008328346	0.0	56.97291588783264
81	-34.38471	10.684978	-15.580753	-53.131763	27.0	-42.39778	0.705517	-38.864075	-42.538975	49200	7.947286e-10	177.20668	-0.02890859	-8.671326	0.009693864	0.0	57.69658613204956
82	-32.907436	11.810006	-19.812202	-69.15706	26.818182	-41.83138	0.69964343	-38.327103	-41.97145	49800	2.0960966e-08	218.50302	-0.015847655	-10.218521	0.0055633513	0.0	58.33883714675903
83	-31.731401	10.217448	-16.176647	-55.027237	27.0	-41.231743	0.69342	-37.758625	-41.37054	50400	-3.685554e-08	193.52304	-0.017201625	-11.9183655	0.007830108	0.0	59.30172109603882
84	-33.824	12.154972	-20.730618	-68.20115	27.0	-40.57004	0.6866573	-37.1308	-40.707478	51000	-2.3444494e-08	193.58365	-0.034608945	-6.503601	0.008583752	1.0	59.97569680213928
85	-31.054512	8.61522	-19.102507	-46.21019	27.045454	-40.05975	0.68067116	-36.650494	-40.195995	51600	-2.1855037e-08	154.37033	-0.010350387	-11.418137	0.0076984717	0.0	60.60108041763306
86	-28.971601	10.09179	-15.38851	-61.891426	27.0	-39.394283	0.67344755	-36.021206	-39.529087	52200	4.1325887e-08	208.8645	-0.022039047	-16.01088	0.007531573	0.0	61.23373341560364
87	-29.159492	7.936692	-15.805622	-41.229305	26.90909	-38.586235	0.6650047	-35.255444	-38.719357	52800	1.9868216e-09	150.85516	-0.014331394	-13.906387	0.005466154	0.0	61.85421395301819
88	-28.629683	11.495949	-17.16042	-57.814877	26.954546	-37.809647	0.65650445	-34.52144	-37.941082	53400	6.198883e-08	214.94763	-0.008529487	-13.492157	0.0069534	0.0	62.48972535133362
89	-29.676512	10.253588	-15.614214	-56.728603	26.954546	-37.033764	0.64776206	-33.789337	-37.163452	54000	4.331271e-08	158.23813	-0.017703744	-9.125702	0.0054996205	0.0	63.16097569465637
90	-30.462976	10.182197	-16.049137	-57.083862	27.045454	-36.376274	0.6397337	-33.172054	-36.504356	54600	3.9339067e-08	138.54546	-0.012973085	-6.046631	0.005677708	0.0	64.12418365478516
91	-28.962914	12.241156	-17.90517	-78.881966	27.045454	-35.83092	0.6324612	-32.663136	-35.957592	55200	-4.172325e-09	201.61377	-0.023075333	-7.9463196	0.007400389	0.0	64.7616515159607
92	-67.26667	174.86766	-17.925888	-886.4	25.782608	-35.20067	0.6373134	-32.078495	-35.331127	55800	4.6094257e-08	1325.7421	-0.03154362	-3.3269043	0.0041068452	0.0	65.5033311843872
93	-27.571287	7.6305413	-16.113613	-44.87139	26.863636	-34.80635	0.59079814	-31.847242	-34.92466	56400	2.4239222e-08	109.64687	-0.019636672	-9.59684	0.007078425	0.0	66.1542387008667
94	-31.147158	8.668041	-17.328205	-49.24602	26.954546	-34.106068	0.5787097	-31.20751	-34.222	57000	-1.0331472e-08	83.00766	-0.023818193	-1.9621582	0.009423302	0.0	67.07572913169861
95	-29.54114	8.791378	-17.87766	-51.32321	26.90909	-33.75088	0.5730295	-30.88077	-33.865643	57600	2.7020773e-08	94.31548	-0.010641736	-3.5416718	0.005495668	0.0	67.87883424758911
96	-26.785145	6.4978967	-15.740184	-38.58468	26.954546	-33.30465	0.5664108	-30.467682	-33.418083	58200	-2.7815501e-08	84.22932	-0.010401045	-8.630852	0.009448163	0.0	68.80676484107971
97	-26.239546	7.10717	-16.464695	-41.91694	26.954546	-32.595905	0.5572115	-29.805023	-32.707542	58800	-3.1193096e-08	90.28487	-0.021752337	-8.850494	0.007945436	0.0	69.6731059551239
98	-30.94384	13.769303	-18.24466	-74.5183	26.954546	-31.850603	0.54746664	-29.108526	-31.960264	59400	1.947085e-08	188.60849	-0.0133091705	-0.29458618	0.008769667	0.0	70.3346779346466
99	-26.013231	6.6067104	-17.636066	-40.057228	26.954546	-31.67526	0.5432807	-28.954153	-31.784088	60000	1.6291937e-08	75.276375	-0.017340325	-6.917511	0.008781118	0.0	71.25465798377991
100	-27.625755	6.3545976	-17.245632	-41.184654	27.045454	-31.02136	0.5341943	-28.345766	-31.128405	60600	2.4636586e-08	51.87191	-0.01716572	-2.9221878	0.0067134285	0.0	72.75527787208557
101	-27.484102	12.461096	-15.327855	-60.96081	27.09091	-30.552807	0.5269329	-27.913574	-30.658367	61200	-1.6093255e-08	166.18958	-0.013738912	-2.2276154	0.009545191	0.0	73.41873407363892
102	-25.095448	4.890558	-18.843866	-35.22771	26.954546	-30.1471	0.52031714	-27.54101	-30.251347	61800	1.001358e-07	49.208008	-0.00780705	-6.3587456	0.0074390857	0.0	74.0398759841919
103	-27.599241	13.702106	-16.52445	-81.66364	27.136364	-29.467224	0.5106156	-26.909725	-29.569534	62400	8.742014e-09	198.87802	-0.013497272	-0.876709	0.005741812	2.0	74.66494345664978
104	-27.193495	6.6909	-16.39657	-41.503468	26.90909	-29.178757	0.50522935	-26.648241	-29.280006	63000	-3.437201e-08	48.125465	-0.010947236	-1.1096458	0.00730509	1.0	75.30307722091675
105	-28.821747	7.8694973	-16.404083	-44.05016	27.0	-28.880404	0.4995251	-26.378456	-28.980507	63600	-2.1855037e-08	61.563835	-0.016001998	-0.0057296753	0.00749775	0.0	75.94032454490662
106	-63.75269	175.54907	-16.1101	-886.4	25.826086	-28.838324	0.5069069	-26.355011	-28.942158	64200	4.1325887e-08	1297.263	-0.031644266	-0.8436279	0.0043460736	0.0	76.55944848060608
107	-26.366966	8.051243	-16.543427	-53.506992	26.954546	-28.67666	0.4623096	-26.361109	-28.7693	64800	-7.947286e-10	68.68709	-0.023370365	-1.6176987	0.006917812	0.0	77.20391964912415
108	-25.808521	6.6916704	-16.260818	-39.57272	27.045454	-28.300465	0.45255914	-26.03375	-28.391155	65400	4.5100848e-08	50.854317	-0.01528782	-1.9236717	0.0066626463	0.0	77.8788526058197
109	-28.65262	10.408573	-17.818167	-61.530815	27.045454	-27.871609	0.44588238	-25.638336	-27.960966	66000	3.7749608e-08	109.55146	-0.01845773	-0.14772034	0.007893411	0.0	78.53182864189148
110	-25.714582	7.8154564	-16.07481	-49.77969	26.954546	-27.966969	0.44491643	-25.738537	-28.056133	66600	5.741914e-08	65.45711	-0.008824364	-1.5448875	0.008810065	1.0	79.58929085731506
111	-26.635267	7.2191095	-15.599537	-42.511665	27.0	-27.593887	0.4387456	-25.396358	-27.68182	67200	4.7286353e-08	52.702938	-0.014893024	-0.35655975	0.007441947	0.0	80.20616030693054
112	-25.39182	6.496066	-16.460459	-50.799435	26.954546	-27.384882	0.43435553	-25.209343	-27.471933	67800	5.5631002e-08	45.003384	-0.009534943	-1.4184494	0.005520231	0.0	80.82511377334595
113	-63.420055	175.68575	-16.363405	-886.4	25.869566	-26.992393	0.4367468	-24.852795	-27.081879	68400	-4.45048e-08	1320.3278	-0.033060484	-0.5062256	0.005129509	0.0	81.45242190361023
114	-28.06733	16.14951	-15.457406	-98.68027	27.09091	-27.0328	0.39680496	-25.045343	-27.112337	69000	2.324581e-08	276.4841	-0.01928601	-0.5881958	0.0058885445	0.0	82.07900595664978
115	-24.12604	6.955532	-18.151154	-41.828175	27.045454	-27.291386	0.3944268	-25.315842	-27.370443	69600	-3.039837e-08	58.336082	-0.014629131	-3.4644737	0.00648809	0.0	82.68244957923889
116	-26.56142	6.366082	-18.49093	-42.06481	26.90909	-26.673944	0.386233	-24.739439	-26.751364	70200	2.880891e-08	39.907955	-0.016230535	-0.020050049	0.006628982	0.0	83.28523826599121
117	-24.923174	6.2271447	-18.062462	-43.68595	26.954546	-26.581398	0.38349205	-24.660622	-26.65827	70800	2.9802322e-08	41.25453	-0.011097776	-1.0757217	0.009421604	0.0	83.8898274898529
118	-24.235014	6.1428742	-15.071881	-40.7275	27.0	-26.215137	0.37784278	-24.322653	-26.290876	71400	-5.086263e-08	41.39248	-0.0020181402	-1.6660233	0.003791619	1.0	84.51820588111877
119	-27.226763	10.479436	-15.962239	-54.69698	27.045454	-25.731794	0.37093252	-23.87392	-25.806152	72000	1.9868216e-09	111.52292	-0.01847539	-0.85469055	0.008273485	0.0	85.11990976333618
120	-24.260536	5.5932064	-17.97496	-43.391228	27.0	-26.048786	0.3725774	-24.182674	-26.123472	72600	-1.11262e-08	34.285137	-0.017778499	-1.2674103	0.0059595867	0.0	85.99535870552063
121	-23.056965	5.839238	-15.583403	-40.292683	26.954546	-25.646208	0.36647764	-23.810648	-25.719675	73200	-4.371007e-09	40.4876	-0.01327368	-3.093853	0.0064855693	0.0	86.54075169563293
122	-23.955572	5.4636765	-16.790358	-37.8511	27.0	-24.952604	0.35722682	-23.16338	-25.024223	73800	-5.761782e-09	30.88289	-0.009218857	-0.51599693	0.0067154616	0.0	87.05877113342285
123	-25.722216	4.829076	-15.438936	-35.30405	27.0	-24.639704	0.35209668	-22.876177	-24.7103	74400	3.695488e-08	24.36612	-0.01692445	-0.5062885	0.0076258294	0.0	87.61021709442139
124	-26.089594	10.187413	-16.324535	-65.54942	27.045454	-24.910267	0.3532553	-23.140934	-24.98109	75000	2.0861625e-08	106.984985	-0.022317281	-0.78001404	0.008166251	0.0	88.16156792640686
125	-26.008003	9.280011	-17.768381	-49.92592	27.0	-25.282488	0.35543114	-23.502256	-25.353745	75600	-4.529953e-08	86.65504	-0.0075216033	-0.30247498	0.002508134	0.0	88.78894901275635
126	-23.916138	6.321467	-15.31811	-37.42695	26.90909	-25.526073	0.35606652	-23.74266	-25.597456	76200	7.2320304e-08	41.905117	-0.02217499	-1.3265572	0.007471033	0.0	89.4290759563446
127	-21.072311	4.5769444	-15.824565	-32.43633	27.0	-25.050602	0.34900844	-23.302544	-25.120577	76800	-2.3444494e-08	36.548306	-0.013539377	-8.361778	0.00714091	1.0	90.07162642478943
128	-22.128656	5.6024246	-16.6073	-43.3323	27.0	-23.787855	0.33355644	-22.117191	-23.854744	77400	7.649263e-09	33.91774	-0.020631684	-1.6572762	0.008273244	1.0	90.71889352798462
129	-23.95269	6.7384872	-17.201845	-50.05657	27.0	-23.167933	0.32500827	-21.540083	-23.233112	78000	-2.4239222e-08	45.665375	-0.009843659	-0.29231262	0.0036729693	0.0	91.21964693069458
130	-24.153193	7.0618563	-15.462762	-45.15558	26.954546	-23.387001	0.3256249	-21.756063	-23.452303	78600	-1.2715658e-08	49.270252	-0.010609164	-0.31369781	0.0077696117	1.0	92.12928605079651
131	-20.737562	3.6333876	-15.328952	-29.3921	27.0	-23.6535	0.32661	-22.017626	-23.718994	79200	-5.00679e-08	21.60695	-0.01215179	-4.7832336	0.0077606337	1.0	92.81024646759033
132	-22.984022	4.4423594	-17.021149	-37.2168	27.0	-22.652882	0.3139013	-21.080664	-22.71584	79800	-5.443891e-08	19.74321	-0.009399156	-0.028265	0.006988405	0.0	93.55459761619568
133	-25.441473	7.3100348	-16.66473	-42.68965	27.045454	-22.697744	0.31259808	-21.132051	-22.760437	80400	5.5631e-09	61.103443	-0.009417926	-4.6295547	0.006084284	0.0	94.15508246421814
134	-23.91342	6.312905	-15.28697	-42.058285	27.0	-23.736673	0.3218571	-22.124607	-23.801216	81000	3.2981237e-08	39.58833	-0.009433359	-0.029697418	0.0066848095	0.0	94.88209390640259
135	-22.394838	5.769951	-15.432687	-38.13675	27.0	-23.872608	0.32119662	-22.263851	-23.93702	81600	5.364418e-08	35.23123	-0.012225219	-1.369091	0.006867068	0.0	95.54349851608276
136	-21.71096	4.0531616	-16.108978	-33.78917	27.0	-23.290476	0.31296828	-21.722929	-23.35324	82200	-1.66893e-08	18.838646	-0.008061888	-1.6705246	0.0069659455	0.0	96.2152111530304
137	-22.82088	4.61574	-15.327592	-30.228725	27.0	-22.609785	0.3037241	-21.088541	-22.670702	82800	-1.1920929e-08	21.22779	-0.01651117	-0.018949509	0.004467171	0.0	96.87974071502686
138	-22.667686	4.750282	-16.55705	-35.401306	27.0	-22.65854	0.3022554	-21.14465	-22.719158	83400	-3.33786e-08	22.431198	-0.014216783	-0.0012569427	0.007870579	0.0	97.5525381565094
139	-23.220829	7.1840177	-15.720655	-47.978397	26.954546	-22.668406	0.30032435	-21.16419	-22.728642	84000	-5.761782e-09	51.460106	-0.012688863	-0.20341492	0.006688083	0.0	98.20686411857605
140	-21.085152	5.5713797	-15.123291	-37.399273	26.954546	-22.911005	0.30076262	-21.40459	-22.971323	84600	1.1523564e-08	34.117733	-0.010511067	-2.321268	0.007372795	0.0	99.14983010292053
141	-22.707441	6.436056	-16.21625	-43.09739	26.954546	-22.08257	0.28997895	-20.630169	-22.140734	85200	-1.66893e-08	40.74509	-0.013557832	-0.21633911	0.0051893233	0.0	99.62311506271362
142	-22.669004	5.9744544	-15.689896	-36.17276	27.0	-22.313486	0.29031003	-20.859426	-22.371714	85800	-3.576279e-08	35.545452	-0.014637212	-0.09770584	0.0035552422	0.0	100.10085964202881
143	-22.64438	5.4521327	-15.158733	-40.44461	26.954546	-22.502676	0.29013485	-21.049498	-22.560871	86400	-1.390775e-09	29.50615	-0.007523146	-0.015302658	0.004386389	0.0	100.55941796302795
144	-20.757805	3.4740422	-14.497415	-26.51494	27.0	-22.577286	0.28868905	-21.131344	-22.635185	87000	-3.039837e-08	15.316337	-0.010946308	-2.5046062	0.0059623974	0.0	101.00429701805115
145	-22.929289	5.534725	-14.602333	-35.76494	26.954546	-21.639671	0.2768558	-20.253004	-21.695211	87600	4.8478444e-08	31.841602	-0.02552859	-1.1843472	0.009516253	0.0	101.52274346351624
146	-24.243965	7.100469	-15.360958	-49.870007	27.0	-22.26765	0.28115407	-20.859451	-22.324043	88200	1.66893e-08	55.088345	-0.008110939	-3.222786	0.004430317	0.0	102.06889224052429
147	-20.47056	3.8919294	-14.985652	-30.56478	27.0	-23.39355	0.29012936	-21.940395	-23.451735	88800	-5.5233638e-08	23.549885	-0.015926326	-6.6299973	0.008941587	0.0	102.62109804153442
148	-22.35568	6.855723	-14.96217	-45.518158	27.0	-21.82375	0.27209857	-20.460909	-21.878334	89400	-7.549922e-09	46.88338	-0.014749821	-0.18923187	0.007695086	1.0	103.1698796749115
149	-23.50125	6.604061	-15.4823065	-42.232822	27.09091	-22.053162	0.27215528	-20.690031	-22.10775	90000	-3.2583873e-08	46.44163	-0.018506905	-1.8658333	0.008481679	1.0	103.73948812484741
150	-20.257816	4.6706047	-15.16773	-34.74635	27.0	-22.943388	0.27861407	-21.547907	-22.999264	90600	2.9404958e-08	28.82448	-0.026642546	-5.8555145	0.007749672	1.0	104.64729070663452
151	-22.441307	7.0998898	-15.606111	-49.750725	27.045454	-21.389965	0.26098692	-20.082777	-21.442324	91200	3.576279e-08	52.398853	-0.0051287906	-0.9455795	0.0044265836	0.0	105.19898986816406
152	-22.275393	4.56879	-16.44556	-31.358316	27.0	-21.991165	0.26469606	-20.6654	-22.044264	91800	-2.7219455e-08	20.814346	-0.014620059	-0.07323456	0.008214314	0.0	105.75561618804932
153	-20.744532	4.555215	-15.219006	-35.454216	27.0	-22.192608	0.26424122	-20.86912	-22.245613	92400	-3.0994414e-08	22.693615	-0.01763077	-1.791151	0.0052249967	0.0	106.3047366142273
154	-23.086637	6.1090307	-15.822242	-40.5264	27.0	-21.277773	0.2530123	-20.010527	-21.328533	93000	3.7352244e-08	40.244415	-0.025239356	-2.779251	0.0071638958	0.0	106.86152744293213
155	-22.554516	6.7208962	-15.291072	-45.440063	26.954546	-22.416916	0.26152626	-21.107025	-22.469376	93600	-2.5431316e-08	44.666935	-0.012213518	-0.01556778	0.007927936	0.0	107.41074466705322
156	-22.940979	4.7416615	-16.945246	-32.44701	27.0	-22.533176	0.2599787	-21.231037	-22.585331	94200	2.6424726e-08	22.489586	-0.013746049	-0.14697838	0.008024306	0.0	107.95466375350952
157	-21.928865	5.668238	-15.01263	-41.65353	27.045454	-22.808933	0.25983584	-21.50751	-22.861052	94800	1.39077505e-08	33.2338	-0.024771169	-0.6432648	0.008880714	2.0	108.50127220153809
158	-20.117924	3.7917032	-15.871416	-30.130857	27.0	-22.225391	0.25182804	-20.964075	-22.275908	95400	3.1789145e-09	18.700985	-0.01832821	-4.021428	0.0075080944	1.0	109.04743885993958
159	-21.009422	4.151013	-14.941655	-33.677223	27.0	-20.720854	0.23539726	-19.541836	-20.768087	96000	2.1656355e-08	17.195719	-0.0053680665	-0.069524765	0.0063219136	0.0	109.60297536849976
160	-22.210752	5.2464705	-16.105377	-35.22264	26.954546	-20.894442	0.23475309	-19.71865	-20.941545	96600	-1.291434e-08	28.676744	-0.018555384	-1.5300884	0.0065636807	0.0	110.51177167892456
161	-20.756645	3.5883932	-15.321102	-29.321745	27.0	-21.850414	0.24106017	-20.643034	-21.898777	97200	-2.1656355e-08	13.99401	-0.008301239	-1.0984249	0.0062903157	0.0	111.0651183128357
162	-21.481539	5.2352285	-15.06527	-40.433228	27.0	-21.04704	0.23128216	-19.888636	-21.093449	97800	1.0331472e-08	27.372751	-0.020901946	-0.17202187	0.009384348	0.0	111.62533116340637
163	-20.990343	4.3901877	-15.033151	-30.644146	27.0	-21.362642	0.23169735	-20.202158	-21.409134	98400	-1.07288365e-08	19.273296	-0.012780679	-0.13111496	0.0071259695	0.0	112.1901843547821
164	-60.202244	176.21759	-16.4618	-886.4	25.826086	-21.07467	0.2313471	-19.941319	-21.122122	99000	-4.7683717e-08	1279.4471	-0.032131918	-8.959595	0.004503966	0.0	112.73781299591064
165	-22.617275	4.3813214	-13.309955	-34.169014	26.863636	-23.382956	0.18874325	-22.43761	-23.420824	99600	3.3577283e-08	19.588236	-0.017678002	-0.55919456	0.0075714174	0.0	113.26692843437195
166	-21.164387	4.4739203	-15.924616	-34.795578	27.0	-22.798845	0.17819168	-21.906351	-22.834599	100200	-5.6028366e-08	22.496319	-0.009233882	-2.5390663	0.009428125	0.0	113.81741428375244
167	-22.524088	6.33253	-14.818659	-39.025253	26.954546	-21.467113	0.16806154	-20.625357	-21.50084	100800	1.9073486e-08	40.320065	-0.020269755	-0.9975128	0.0075161983	0.0	114.37508749961853
168	-21.192741	5.47813	-15.255174	-35.777363	26.954546	-22.294064	0.17265368	-21.429306	-22.328707	101400	2.3841857e-09	30.830791	-0.01682221	-1.1869202	0.008696057	0.0	114.91413521766663
169	-20.854176	4.7080493	-14.850994	-33.481373	27.0	-21.374044	0.16537249	-20.545757	-21.407232	102000	-2.9802322e-08	22.47761	-0.009478595	-0.24488258	0.009582629	0.0	115.46156239509583
170	-18.685102	2.706362	-13.7816725	-23.989689	27.0	-20.937431	0.1614452	-20.128813	-20.969831	102600	1.7484028e-08	12.3044405	-0.0076625445	-4.8833957	0.0093409885	0.0	116.34384393692017
171	-18.883476	3.615283	-14.112496	-31.506725	26.954546	-19.011194	0.14741449	-18.272854	-19.04079	103200	-6.7551933e-09	12.718772	-0.012408717	-0.022130966	0.008882599	0.0	116.89974617958069
172	-19.573948	3.1947298	-15.015523	-25.823704	27.0	-18.866014	0.1456269	-18.136623	-18.895248	103800	3.8345654e-08	10.620292	-0.0073633813	-0.48435402	0.004972335	0.0	117.46639823913574
173	-21.196508	4.2337995	-15.544551	-32.142426	27.0	-19.487892	0.14907058	-18.741253	-19.517815	104400	-3.4968057e-08	20.654865	-0.015794205	-2.8301144	0.006503299	1.0	118.10374617576599
174	-19.99508	3.9062066	-15.600348	-32.37123	27.0	-21.00781	0.15833409	-20.214775	-21.039587	105000	-3.0895073e-08	16.148537	-0.021048388	-0.9967232	0.008752675	0.0	118.72951006889343
175	-20.6773	4.37976	-14.916678	-33.217915	27.0	-20.106113	0.15134202	-19.348097	-20.136488	105600	4.3710074e-08	19.33527	-0.010830203	-0.31673813	0.008889317	0.0	119.35903596878052
176	-21.476635	3.8499997	-16.599054	-29.255707	27.0	-20.620422	0.15373886	-19.850403	-20.65128	106200	4.072984e-08	15.4219885	-0.019738762	-0.7144661	0.009659504	0.0	119.82415914535522
177	-19.851856	3.005933	-15.385693	-25.561752	26.954546	-21.410406	0.15778604	-20.620113	-21.44207	106800	1.9868215e-10	11.353225	-0.02094459	-2.3932705	0.0084324	0.0	120.29316735267639
178	-20.655111	2.6097872	-15.512689	-24.977617	27.0	-19.960989	0.14727654	-19.223335	-19.990551	107400	2.2649765e-08	7.2402573	-0.016528688	-0.4699664	0.008048993	1.0	120.83075451850891
179	-20.009476	4.219625	-14.125061	-31.105839	26.954546	-20.606506	0.15040247	-19.853197	-20.636694	108000	-5.284945e-08	17.821295	-0.019612422	-0.37068748	0.005949052	0.0	121.38470077514648
180	-21.475624	4.115395	-15.059144	-30.94817	27.0	-20.025473	0.14556482	-19.296396	-20.054695	108600	-2.026558e-08	18.867449	-0.020705696	-2.056675	0.008292891	0.0	122.31726431846619
181	-19.57302	4.1122665	-14.709462	-31.245884	27.0	-21.405462	0.15318869	-20.638197	-21.436205	109200	-1.3113022e-08	20.093206	-0.001311916	-3.2895966	0.0045380755	0.0	122.87502264976501
182	-20.643766	4.400006	-14.836184	-34.81663	26.954546	-19.656363	0.14101593	-18.950068	-19.684671	109800	-1.6291937e-08	20.081545	-0.0009894292	-0.9331341	0.0020898944	4.0	123.40555953979492
183	-18.53708	3.1101153	-14.769833	-27.488209	26.954546	-20.593086	0.1457846	-19.862907	-20.622349	110400	5.3246815e-08	13.707775	-0.0072963564	-4.1895933	0.0060820077	0.0	123.94689321517944
184	-19.886702	4.2476068	-14.902625	-30.917475	27.0	-18.602886	0.13225332	-17.94048	-18.62944	111000	4.8677126e-08	19.508705	-0.013892998	-1.6133575	0.0071121207	0.0	124.48631024360657
185	-18.746773	2.5214655	-14.737484	-22.67798	27.0	-19.842604	0.13897665	-19.146524	-19.870504	111600	5.5631e-09	7.504476	-0.01632248	-1.1782002	0.007931776	0.0	125.04224991798401
186	-20.179201	3.4750998	-15.216104	-31.505611	27.0	-18.776236	0.1313362	-18.118422	-18.802605	112200	-3.89417e-08	13.919021	-0.012810341	-1.9276962	0.008344144	0.0	125.58772373199463
187	-19.54134	4.234151	-13.869444	-29.920563	26.954546	-20.14667	0.13865212	-19.452213	-20.174501	112800	1.8676122e-08	17.97361	-0.010180695	-0.37990952	0.0066598295	0.0	126.08802485466003
188	-17.82915	2.8695319	-13.574433	-24.85482	27.0	-19.53493	0.13377608	-18.864899	-19.561789	113400	3.89417e-08	11.053473	-0.008838173	-2.8539743	0.0042778915	0.0	126.63045525550842
189	-19.181536	4.6526723	-13.002655	-30.56674	27.0	-17.852398	0.12254222	-17.23863	-17.877007	114000	-2.4636586e-08	23.192713	-0.019497069	-1.7304802	0.006793565	0.0	127.17893719673157
190	-21.211939	4.083166	-14.891009	-29.823107	26.954546	-19.166185	0.12947689	-18.517683	-19.192179	114600	8.34465e-09	20.47369	-0.01621222	-4.0288105	0.004979477	0.0	128.05141949653625
191	-19.72594	4.375109	-15.433503	-33.082584	26.90909	-21.170849	0.1399314	-20.469988	-21.198935	115200	-7.152557e-09	20.740253	-0.018183898	-2.135416	0.008460151	0.0	128.60927557945251
192	-19.47895	4.9570537	-14.514394	-36.28621	27.0	-19.708805	0.13015664	-19.0569	-19.734934	115800	4.3114028e-08	24.396338	-0.022080172	-0.05231476	0.0066174646	0.0	129.15876030921936
193	-19.507866	2.6788833	-13.647132	-26.661606	27.0	-19.479124	0.12761341	-18.83996	-19.50475	116400	-6.357829e-09	7.121757	-0.014220942	-0.0010890961	0.0065917093	0.0	129.70422172546387
194	-19.450377	3.2077959	-15.063056	-27.488325	26.954546	-19.507418	0.12657388	-18.873457	-19.532831	117000	-9.139379e-09	10.100955	-0.015803868	-0.005238533	0.007890043	2.0	130.2474331855774
195	-19.983519	3.02197	-16.203093	-27.025347	27.0	-19.436174	0.12493825	-18.810408	-19.461262	117600	-4.371007e-09	9.352309	-0.013360907	-0.29337406	0.007151491	0.0	130.8148467540741
196	-19.11097	2.3167956	-16.01342	-23.546827	27.0	-19.987125	0.12677121	-19.352179	-20.012579	118200	3.576279e-08	6.0914516	-0.0032956398	-0.7532325	0.007097783	0.0	131.41705513000488
197	-18.909071	3.592159	-14.334033	-27.758669	27.0	-19.102627	0.12059697	-18.498604	-19.126844	118800	-7.947286e-09	12.826566	-0.0099620335	-0.03715515	0.007284727	0.0	131.99826860427856
198	-19.188108	3.111001	-13.400589	-24.992004	27.0	-18.906553	0.11832821	-18.313892	-18.930315	119400	7.9671544e-08	9.673621	-0.0074195163	-0.07771301	0.0061028902	2.0	132.4408299922943
199	-17.434515	2.9013455	-13.730252	-24.877378	27.0	-19.190825	0.11870701	-18.596266	-19.21466	120000	-1.5894573e-08	11.404332	-0.011062462	-3.0237255	0.008082891	1.0	132.98685812950134
200	-18.701317	2.8122573	-14.5752325	-24.905369	27.0	-17.415031	0.10787043	-16.87475	-17.4367	120600	2.6027362e-08	9.477505	-0.015132723	-1.6202426	0.008782616	0.0	133.98391842842102
201	-17.926237	2.345998	-13.757837	-23.196886	27.0	-18.71495	0.11390358	-18.144455	-18.73783	121200	-2.5431316e-08	6.078742	-0.0061966125	-0.6103029	0.007844143	0.0	134.55980134010315
202	-18.587387	3.8011513	-13.532469	-32.606964	27.0	-17.917358	0.10850767	-17.373886	-17.939154	121800	-1.3510387e-08	14.759547	-0.024699748	-0.4396057	0.0083714165	1.0	135.1260335445404
203	-18.106428	2.8063152	-14.529897	-24.454222	27.0	-18.5939	0.11100753	-18.037905	-18.616194	122400	-6.1591465e-09	8.044987	-0.02054198	-0.23342562	0.0067460584	0.0	135.693425655365
204	-18.953255	5.971122	-14.382982	-42.638454	27.0	-18.101667	0.10727395	-17.564377	-18.123219	123000	-5.165736e-09	36.026012	-0.013782271	-0.71022415	0.00750401	1.0	136.25459146499634
205	-19.629814	4.756043	-13.569541	-32.72348	26.954546	-18.959724	0.110580474	-18.405874	-18.981937	123600	-2.6623407e-08	22.534828	-0.011678797	-0.40994835	0.006306138	2.0	136.83383536338806
206	-19.850105	4.2712135	-14.01901	-30.752047	26.954546	-19.610825	0.1125622	-19.047045	-19.633429	124200	-9.059906e-08	17.923819	-0.015850142	-0.047847748	0.008356401	0.0	137.41258072853088
207	-19.140436	3.3328245	-14.495847	-26.491354	27.0	-19.832169	0.112242036	-19.26999	-19.854706	124800	6.238619e-08	11.484032	-0.016922133	-0.46969604	0.006911138	0.0	137.99067878723145
208	-18.386751	4.9974875	-12.807381	-36.646484	27.0	-19.138962	0.107426375	-18.600904	-19.160536	125400	1.6291937e-08	25.297943	-0.01799636	-0.5552578	0.0070921658	0.0	138.57515954971313
209	-19.028952	3.9547772	-13.935271	-30.682898	27.0	-18.386486	0.10244449	-17.873383	-18.407064	126000	-7.947286e-09	15.902139	-0.020220352	-0.40442085	0.0075369165	0.0	139.0987823009491
210	-19.264462	3.2914124	-14.395262	-26.665043	27.0	-19.026512	0.10436607	-18.503784	-19.047474	126600	4.529953e-08	10.791709	-0.018933574	-0.05562687	0.00549676	0.0	139.87182998657227
211	-17.612976	1.923698	-14.395768	-21.490652	27.0	-19.26288	0.10420652	-18.74095	-19.283808	127200	-1.1722247e-07	6.371779	-0.0094369855	-2.6692529	0.007530877	1.0	140.39767599105835
212	-19.413532	5.1913223	-14.344611	-36.87821	27.0	-17.619987	0.09512475	-17.143545	-17.6391	127800	-4.4107438e-08	29.871744	-0.008366168	-3.152008	0.0088614635	0.0	140.9537651538849
213	-18.182604	3.211023	-13.704674	-26.407356	27.0	-19.409742	0.102389514	-18.896914	-19.430305	128400	2.7219455e-08	11.710576	-0.010477072	-1.4767885	0.0062132115	0.0	141.4909279346466
214	-19.344688	3.604133	-14.565723	-28.729002	27.0	-18.185465	0.095472254	-17.707281	-18.204643	129000	-1.5298525e-08	14.197897	-0.011269421	-1.3167229	0.007313646	0.0	142.03545713424683
215	-18.126926	3.061219	-14.536604	-26.98525	27.0	-19.340714	0.099506155	-18.842325	-19.360697	129600	6.357829e-09	10.747445	-0.019168805	-1.4448051	0.007763791	0.0	142.5786633491516
216	-18.25074	2.4715607	-14.285185	-23.211657	27.0	-18.131252	0.09281125	-17.666397	-18.149897	130200	5.284945e-08	6.070156	-0.005930331	-0.014155865	0.0036583387	0.0	143.13270664215088
217	-19.767172	5.1516733	-14.397508	-39.016056	27.0	-18.249352	0.09216769	-17.787722	-18.267868	130800	8.543332e-09	28.561712	-0.014906847	-2.2575417	0.006561186	0.0	143.6815001964569
218	-16.460083	1.861306	-13.585719	-21.087004	27.0	-19.758472	0.0974914	-19.270178	-19.778051	131400	3.6557516e-08	14.214277	-0.017221425	-10.661891	0.009456852	0.0	144.23526310920715
219	-18.64167	3.0621257	-13.68504	-24.972914	27.0	-16.43702	0.08215808	-16.025524	-16.453537	132000	-1.0331472e-08	14.099063	-0.009207038	-4.761527	0.0041508633	0.0	144.79543209075928
220	-18.012184	3.2365324	-13.987602	-27.857166	27.0	-18.6617	0.09051757	-18.208332	-18.67988	132600	3.7352244e-08	10.797055	-0.012889902	-0.41382408	0.0066828863	1.0	145.66064858436584
221	-17.524275	2.5095735	-14.274639	-23.934877	27.0	-18.006927	0.08665426	-17.572912	-18.024338	133200	-3.3775966e-09	6.473688	-0.009828999	-0.22862864	0.0080989655	0.0	146.20485186576843
222	-16.996965	2.562293	-13.474036	-22.344406	27.0	-17.520452	0.08354404	-17.102015	-17.537245	133800	2.6623407e-08	6.778579	-0.016163839	-0.26888943	0.005603714	0.0	146.7470326423645
223	-17.057596	3.1291356	-13.318552	-26.966198	27.0	-16.994007	0.080349945	-16.591568	-17.010162	134400	2.4835268e-08	9.703984	-0.02048718	-0.004099846	0.008552315	1.0	147.2909746170044
224	-18.826878	3.661493	-14.432818	-32.29452	26.954546	-17.057373	0.07960895	-16.658648	-17.073381	135000	1.3311704e-08	15.990609	-0.0071961777	-2.9797268	0.006089378	0.0	147.82948470115662
225	-18.834171	3.3745303	-14.577114	-25.217785	27.0	-18.807213	0.08534537	-18.379751	-18.824358	135600	-9.536743e-09	11.281574	-0.013884627	-0.000916481	0.006777916	1.0	148.38332056999207
226	-17.165565	2.3147013	-14.478273	-22.167618	27.0	-18.834694	0.084188044	-18.41303	-18.851608	136200	1.5179316e-07	8.071388	-0.008141484	-2.7309456	0.0049418258	0.0	148.9484932422638
227	-17.232828	2.6303463	-13.467875	-24.518105	27.0	-17.162031	0.07668667	-16.77794	-17.17745	136800	-3.6557516e-08	6.8603206	-0.007391786	-0.0050501823	0.0050267237	0.0	149.4706461429596
228	-17.224422	3.031849	-13.957423	-25.569918	27.0	-17.23204	0.07592739	-16.851753	-17.247307	137400	5.9604645e-08	9.106037	-0.016803898	-0.0002155304	0.008440733	0.0	150.03296732902527
229	-16.846537	2.1999793	-13.224663	-22.146954	27.0	-17.22434	0.07488314	-16.849283	-17.239397	138000	-5.00679e-08	4.9388247	-0.0077144722	-0.14014864	0.006886581	0.0	150.61148595809937
230	-16.915468	2.4501164	-13.542495	-23.175049	27.0	-16.849178	0.072487816	-16.486118	-16.863756	138600	-3.0994414e-08	5.9525967	-0.0064725196	-0.0044293404	0.008194769	0.0	151.54734110832214
231	-16.673504	2.1183345	-13.682127	-21.249605	27.0	-16.914545	0.07176423	-16.55511	-16.928978	139200	5.5631002e-08	4.5053787	-0.018755836	-0.057140827	0.0073689334	0.0	152.08248901367188
232	-16.156097	1.9728756	-14.011486	-21.060719	27.0	-16.676786	0.069936074	-16.326511	-16.69086	139800	-4.549821e-08	4.1271186	-0.011619779	-0.2659688	0.0040530018	0.0	152.70411324501038
233	-17.010338	2.1942656	-13.081889	-20.54142	27.0	-16.164648	0.06715573	-15.828297	-16.178165	140400	-1.5894572e-09	5.478449	-0.0060463017	-0.70087004	0.0029083514	0.0	153.33090949058533
234	-17.503906	3.141479	-13.979379	-26.01512	27.0	-16.994827	0.06924146	-16.648027	-17.008757	141000	4.5696893e-08	10.031105	-0.028000796	-0.25401402	0.0067339563	0.0	153.97384405136108
235	-16.574099	3.5817502	-13.183333	-25.593672	27.0	-17.49346	0.06999839	-17.142872	-17.507542	141600	-4.9670536e-08	13.543204	-0.019081859	-0.8286581	0.0075062737	0.0	154.5494122505188
236	-16.213238	2.1517775	-13.214734	-20.448584	27.0	-16.5936	0.065885685	-16.26361	-16.606861	142200	4.688899e-08	4.7317667	-0.014229403	-0.14197159	0.008732327	0.0	155.0146939754486
237	-16.526756	2.1355999	-13.102747	-20.297012	27.0	-16.222006	0.063693285	-15.902996	-16.234827	142800	-1.39077505e-08	4.6109276	-0.008965871	-0.09105873	0.006395159	0.0	155.49214935302734
238	-16.820646	2.1390145	-13.796982	-24.382698	27.0	-16.519056	0.06383379	-16.19934	-16.531902	143400	4.7683715e-09	4.623509	-0.015811572	-0.08919096	0.00542749	0.0	156.03102445602417
239	-16.707537	2.3406136	-13.761705	-22.325396	27.0	-16.812672	0.06391352	-16.49256	-16.825535	144000	3.059705e-08	5.438821	-0.0039799297	-0.010968685	0.00875126	0.0	156.58530807495117
240	-16.057228	1.9868866	-13.157917	-21.49827	27.0	-16.710289	0.0626418	-16.396544	-16.722895	144600	-7.3512396e-08	4.3349485	-0.015085455	-0.41810822	0.008254806	0.0	157.53033351898193
241	-16.892233	2.4949708	-13.542844	-22.756985	27.0	-16.07471	0.05965757	-15.775915	-16.086723	145200	-9.9738436e-08	6.827199	-0.018818166	-0.6548476	0.0065360866	1.0	158.07730627059937
242	-17.61242	4.5713077	-13.259476	-35.947792	27.0	-16.870205	0.061376326	-16.5628	-16.882557	145800	-1.9868216e-08	21.236422	-0.009191619	-0.5397949	0.0060905367	0.0	158.5903124809265
243	-17.732231	3.214132	-12.913032	-25.518484	27.0	-17.59265	0.06270456	-17.278591	-17.605265	146400	6.45717e-09	10.250452	-0.021397363	-0.019198418	0.007629814	0.0	159.13816165924072
244	-16.942125	2.6191382	-13.764349	-27.091911	27.0	-17.72865	0.06209502	-17.417643	-17.74114	147000	3.417333e-08	7.4082503	-0.0024198303	-0.6064162	0.008008908	0.0	159.69552874565125
245	-17.85679	3.2920046	-14.426707	-27.419533	27.0	-16.962029	0.058751836	-16.667767	-16.973852	147600	5.7021776e-08	11.524273	-0.016840503	-0.7845087	0.0070221075	1.0	160.24537229537964
246	-15.604908	1.6794379	-12.790896	-19.730837	27.0	-17.834059	0.060408074	-17.531504	-17.846212	148200	2.3841858e-08	7.7172117	-0.018651012	-4.8695745	0.008354836	0.0	160.80340671539307
247	-16.870943	3.7848868	-14.011433	-31.58132	27.0	-15.6614485	0.053151514	-15.395238	-15.672155	148800	-1.0808309e-07	15.632331	-0.0061246147	-1.4334345	0.0060463916	2.0	161.35734272003174
248	-15.736597	1.5040835	-13.903203	-19.823608	27.0	-16.840393	0.05577254	-16.561054	-16.851616	149400	3.8345654e-08	3.4497728	-0.010272332	-1.1940734	0.008738088	0.0	161.9157133102417
249	-15.9446535	1.6787684	-13.354402	-19.425598	27.0	-15.764284	0.051895488	-15.504365	-15.774737	150000	7.947286e-08	2.824862	-0.0005344224	-0.031938314	0.0028742917	4.0	162.4808464050293
250	-16.996864	3.5225916	-13.165456	-29.528524	27.0	-15.939858	0.051628295	-15.681277	-15.950256	150600	5.443891e-08	13.392583	-0.029028209	-1.0947504	0.006890677	0.0	163.4012908935547
251	-15.301074	1.4110584	-13.12591	-18.510805	27.0	-16.96912	0.053673193	-16.700293	-16.979918	151200	-1.1374553e-07	4.7298203	-0.0039877365	-2.726741	0.0067899115	0.0	163.94853353500366
252	-15.928622	1.3200942	-13.673923	-18.170952	27.0	-15.341348	0.048490845	-15.098484	-15.351123	151800	3.33786e-08	2.0686421	-0.002831875	-0.3379866	0.005454662	0.0	164.46124958992004
253	-15.796662	1.5423228	-14.051184	-20.797335	27.0	-15.913694	0.0493127	-15.666711	-15.923626	152400	1.11262e-08	2.3710492	-0.019111456	-0.013502359	0.009403597	0.0	165.00624918937683
254	-15.745582	1.7950615	-13.321775	-19.829647	27.0	-15.799738	0.04827378	-15.557959	-15.809463	153000	-3.1391778e-08	3.1952996	-0.009290544	-0.0029473305	0.003630546	0.0	165.5725519657135
255	-16.430326	1.7900537	-13.089532	-20.63708	27.0	-15.747012	0.04740525	-15.5095825	-15.756562	153600	-3.973643e-09	3.6363146	-0.013662015	-0.45753503	0.008994793	0.0	166.1312117576599
256	-15.769494	1.3248351	-13.651318	-18.213911	27.0	-16.411959	0.04837619	-16.169666	-16.4217	154200	-5.443891e-08	2.1490352	-0.005160384	-0.40455115	0.004900929	0.0	166.68199014663696
257	-15.965117	2.0088267	-13.389761	-19.845493	27.0	-15.786624	0.046037044	-15.556049	-15.795901	154800	-5.7220458e-08	4.0285873	-0.019012438	-0.031275272	0.009599404	0.0	167.24293637275696
258	-16.3224	2.1099906	-13.04768	-21.659863	27.0	-15.96042	0.045747157	-15.731297	-15.969637	155400	1.1920929e-08	4.5391326	-0.004235915	-0.12844467	0.004576893	0.0	167.79231238365173
259	-15.286864	1.0770651	-13.291503	-17.817108	27.0	-16.313574	0.0458823	-16.08377	-16.322813	156000	-6.11941e-08	2.1948085	-0.011632437	-1.0330667	0.009243603	0.0	168.3444299697876
260	-15.907514	1.329973	-13.855894	-18.969788	27.0	-15.312217	0.042732183	-15.098195	-15.320833	156600	1.3212363e-07	2.103459	-0.014735621	-0.34729433	0.008641793	1.0	169.26614093780518
261	-16.823887	3.052086	-13.362203	-26.847654	27.0	-15.893164	0.04346412	-15.675475	-15.901921	157200	-1.5894572e-09	10.081014	-0.019284597	-0.8489027	0.006771614	0.0	169.82361960411072
262	-15.852868	1.5508915	-13.298458	-19.877783	27.0	-16.801943	0.04486784	-16.577223	-16.810976	157800	1.5497207e-08	3.2755473	-0.0065434985	-0.8827636	0.0077926987	2.0	170.38018417358398
263	-15.338754	1.4354129	-13.157959	-18.385345	27.0	-15.875716	0.042008985	-15.665314	-15.884179	158400	1.9868216e-08	2.327327	-0.0022164967	-0.28262758	0.0069391443	1.0	170.89902210235596
264	-16.79454	2.7082613	-12.92071	-22.018303	27.0	-15.350692	0.040133983	-15.149683	-15.358784	159000	-5.165736e-08	9.326019	-0.0013762601	-2.042808	0.0020747466	2.0	171.45505714416504
265	-16.18946	1.7160283	-12.957105	-18.65342	27.0	-16.758242	0.042595014	-16.5449	-16.766811	159600	-1.8278758e-08	3.2377257	-0.018476	-0.3170774	0.0066974466	1.0	172.00267243385315
266	-15.187259	1.5344377	-13.031789	-19.49689	27.0	-16.203619	0.0406802	-15.999871	-16.21181	160200	-2.8610229e-08	3.3558328	-0.0148089565	-1.0123107	0.00844848	0.0	172.55778789520264
267	-15.142459	1.2841145	-12.821773	-18.064795	27.0	-15.212199	0.03789406	-15.022407	-15.219835	160800	-4.172325e-09	1.638751	-0.0068711494	-0.0048117638	0.0058681783	0.0	173.11667108535767
268	-15.448481	1.2749312	-13.658656	-18.677502	27.0	-15.143847	0.037150223	-14.957782	-15.151336	161400	-8.8214875e-08	1.7022983	-0.0036296884	-0.09098375	0.009662605	0.0	173.66170454025269
269	-15.480548	1.412036	-13.777574	-19.546349	27.0	-15.442158	0.037195563	-15.255863	-15.449651	162000	8.940697e-09	1.9767352	-0.01736375	-0.0014880896	0.007404863	1.0	174.18616771697998
270	-15.39719	1.4683189	-13.239946	-19.33432	27.0	-15.479943	0.036676046	-15.296251	-15.487333	162600	-9.914239e-08	2.142571	-0.0015505916	-0.006755829	0.007405047	0.0	175.19050073623657
271	-15.287824	1.192278	-13.004941	-17.790468	27.0	-15.398405	0.035912015	-15.218539	-15.405642	163200	-2.026558e-08	1.4207653	-0.020524053	-0.012028694	0.008666708	0.0	175.75697827339172
272	-16.051136	2.836206	-13.08072	-26.24107	27.0	-15.289037	0.03510678	-15.113207	-15.296115	163800	2.3841857e-09	8.539487	-0.008538678	-0.5692916	0.009050817	2.0	176.3150646686554
273	-16.404636	6.247854	-12.943143	-44.170544	27.0	-16.042974	0.03602002	-15.862569	-16.05023	164400	-5.0465268e-08	38.77594	-0.0070119416	-0.12823105	0.002569081	0.0	176.8597583770752
274	-15.178372	1.1544608	-13.267676	-17.444775	27.0	-16.401917	0.036079537	-16.221212	-16.409182	165000	-2.2649765e-08	2.80344	-0.008291709	-1.4673282	0.008366636	0.0	177.38098978996277
275	-15.347244	1.4138652	-13.328001	-18.429104	27.0	-15.193744	0.03317764	-15.027575	-15.200431	165600	2.503395e-08	2.0033877	-0.009947822	-0.023131728	0.0048250053	0.0	177.94589519500732
276	-15.364954	1.3535119	-13.249507	-17.863325	27.0	-15.345514	0.032906584	-15.180703	-15.352146	166200	5.165736e-09	1.8151262	-0.0071898084	-0.00040507317	0.0023627428	0.0	178.49387216567993
277	-14.918158	0.97339594	-13.541686	-17.26729	27.0	-15.36488	0.032398414	-15.202613	-15.371408	166800	2.960364e-08	1.136839	-0.004098689	-0.19561881	0.002058115	0.0	179.03326559066772
278	-15.372605	1.2148908	-13.483113	-18.378716	27.0	-14.919841	0.03104518	-14.764351	-14.926099	167400	-9.57648e-08	1.6649208	-0.0015245683	-0.2009393	0.0076063625	3.0	179.58681750297546
279	-16.777224	5.3970256	-13.357669	-40.784225	27.0	-15.371769	0.03135792	-15.214713	-15.378088	168000	7.4307124e-08	30.792553	-0.010766757	-1.9360886	0.008412748	0.0	180.12584829330444
280	-15.18136	1.6162723	-13.313326	-19.293161	27.0	-16.764065	0.033233736	-16.59761	-16.77075	168600	-5.7717163e-08	5.067923	-0.021977745	-2.4549673	0.008034215	0.0	181.09177088737488
281	-15.151046	1.5349517	-13.274174	-19.339245	27.0	-15.210806	0.030088164	-15.060109	-15.216868	169200	9.4572705e-08	2.3369832	-0.025312785	-0.0035293102	0.008096666	1.0	181.64838576316833
282	-15.4652405	1.7242441	-13.042995	-22.083078	27.0	-15.151597	0.02946705	-15.004011	-15.157534	169800	-2.4636586e-08	3.0414102	-0.006170707	-0.096472025	0.008515393	0.0	182.19749188423157
283	-16.681517	6.743205	-13.123094	-46.96932	27.0	-15.461149	0.02947594	-15.313533	-15.467133	170400	-6.020069e-08	46.49089	-0.026925148	-1.4596748	0.008940568	0.0	182.82461714744568
284	-14.911158	1.232964	-13.121442	-17.428457	27.0	-16.661404	0.030845175	-16.506916	-16.667627	171000	-5.2452087e-08	4.5394006	-0.0060989284	-3.0018215	0.009962973	1.0	183.27837228775024
285	-15.114777	1.2893047	-13.095837	-17.926521	27.0	-14.95333	0.027752649	-14.81434	-14.958953	171600	5.1061313e-08	1.6721992	-0.0077590994	-0.02557087	0.009261961	0.0	183.80438828468323
286	-15.30389	1.6367239	-13.448005	-19.416843	27.0	-15.110771	0.02750981	-14.972994	-15.116338	172200	-8.980433e-08	2.6896856	-0.012401342	-0.03658104	0.0055343644	0.0	184.470849275589
287	-15.117982	1.4951919	-13.276785	-18.554068	27.0	-15.300046	0.027327998	-15.163179	-15.305573	172800	-1.1523564e-08	2.2468743	-0.011852343	-0.032505512	0.0066513377	0.0	185.03069138526917
288	-14.794049	1.1626836	-13.404346	-17.871555	27.0	-15.121209	0.026596004	-14.98801	-15.126594	173400	1.0251999e-07	1.4451061	-0.007998189	-0.10491979	0.0060533006	3.0	185.60262942314148
289	-14.703791	1.1007233	-13.224294	-17.50086	27.0	-14.798773	0.025671275	-14.670206	-14.803976	174000	-3.0994414e-08	1.2091013	-0.010197297	-0.008861899	0.0063823615	3.0	186.1685128211975
290	-14.860901	1.0894263	-13.453984	-18.24743	27.0	-14.704782	0.025105277	-14.579052	-14.709874	174600	-4.2319297e-08	1.1996831	-0.001505161	-0.02391696	0.0013979318	5.0	187.14332056045532
291	-14.631284	0.79703265	-13.550739	-17.238739	27.0	-14.859693	0.024910672	-14.734949	-14.864774	175200	1.0530154e-07	0.6812587	-0.018194625	-0.051146567	0.009283239	0.0	187.68615651130676
292	-15.394921	1.3076534	-13.988868	-19.432419	27.0	-14.632363	0.024169369	-14.511342	-14.637312	175800	2.7418137e-08	2.2688715	-0.01858351	-0.56995285	0.006918679	1.0	188.2265121936798
293	-14.248669	0.74503064	-12.919458	-15.902097	27.0	-15.391465	0.024824817	-15.2671385	-15.396494	176400	9.814898e-08	1.8434452	-0.016196514	-1.2799991	0.008840218	1.0	188.76376819610596
294	-15.137317	0.98971087	-12.812274	-17.33875	27.0	-14.258603	0.022872321	-14.14406	-14.263251	177000	-8.354584e-08	1.7343988	-0.01955617	-0.75682306	0.009626554	0.0	189.25570154190063
295	-15.215836	1.3937129	-13.088759	-17.77998	27.0	-15.128615	0.023658665	-15.010125	-15.133396	177600	1.0649363e-07	1.9310763	-0.015703311	-0.007477641	0.006551804	1.0	189.81335997581482
296	-14.733722	0.8694524	-13.215126	-16.796608	27.0	-15.215466	0.023363708	-15.098453	-15.220186	178200	-7.152557e-09	0.978847	-0.0085364515	-0.22746265	0.0057240096	0.0	190.35251426696777
297	-14.610312	1.1086999	-13.033033	-16.948538	27.0	-14.735815	0.022337584	-14.623941	-14.740334	178800	-8.2850455e-08	1.2330552	-0.014518185	-0.015449762	0.008946165	1.0	190.9108533859253
298	-14.602822	0.82947457	-12.973103	-16.362589	27.0	-14.610436	0.021790618	-14.501304	-14.614847	179400	-1.5894573e-08	0.6816838	-0.0038334643	-7.241964e-05	0.008326175	1.0	191.45361852645874
299	-14.991799	1.380553	-13.182388	-17.99372	27.0	-14.602825	0.021411018	-14.495593	-14.607159	180000	-5.2452087e-08	2.0370042	-0.014197334	-0.14829528	0.008376281	0.0	191.99024891853333
300	-14.814834	1.0914664	-13.115521	-17.522383	27.0	-14.993021	0.021533841	-14.885174	-14.997377	180600	1.947085e-08	1.2113365	-0.009550065	-0.031123638	0.0056198826	0.0	193.07134079933167
301	-14.752028	0.9659305	-13.125537	-17.92885	27.0	-14.814022	0.02093761	-14.709163	-14.818262	181200	9.139379e-09	0.9279541	-0.008133472	-0.0037798882	0.007231521	0.0	193.7041335105896
302	-14.808808	0.9680756	-13.103543	-16.68918	27.0	-14.751698	0.020492705	-14.649067	-14.755849	181800	-1.2636184e-07	0.9314326	-0.015539355	-0.0032117963	0.0092528835	0.0	194.33569359779358
303	-14.736776	1.2534932	-13.02995	-18.277067	27.0	-14.809151	0.02020352	-14.707966	-14.813241	182400	9.298324e-08	1.5611472	-0.021979854	-0.005144596	0.008228847	0.0	194.92406940460205
304	-14.835328	1.1254212	-12.858511	-17.515781	27.0	-14.736453	0.019760586	-14.637489	-14.740458	183000	-4.251798e-08	1.2639498	-0.015107597	-0.009595752	0.008370159	0.0	195.48905873298645
305	-15.0422325	1.16827	-13.114559	-17.067259	27.0	-14.835638	0.019528644	-14.737834	-14.839593	183600	-1.7881394e-08	1.3937873	-0.019481415	-0.041845918	0.008370584	0.0	196.00617337226868
306	-14.765403	1.5740339	-12.768182	-20.106203	27.0	-15.0424385	0.019420318	-14.945175	-15.046369	184200	-8.424123e-08	2.5292354	-0.025861932	-0.0752182	0.008793362	0.0	196.56257343292236
307	-14.685121	1.1751107	-13.226042	-18.235645	27.0	-14.765911	0.01875438	-14.671987	-14.769712	184800	1.5417734e-07	1.3739115	-0.023923704	-0.0064074993	0.008662972	0.0	197.11541056632996
308	-14.626431	0.7661765	-13.305559	-15.994419	27.0	-14.685487	0.018326463	-14.593706	-14.689203	185400	-1.4821688e-07	0.5849601	-0.010250332	-0.0034279227	0.008004465	0.0	197.6783790588379
309	-14.586842	0.9120139	-13.405019	-17.374329	27.0	-14.626965	0.01793543	-14.537142	-14.630602	186000	1.8298626e-07	0.82537776	-0.012603425	-0.0015878081	0.009439304	1.0	198.23529601097107
310	-14.296363	0.9283986	-12.929242	-16.877562	27.0	-14.587377	0.017574375	-14.49936	-14.5909395	186600	-4.7286353e-08	0.93752474	-0.004821119	-0.083002865	0.008235841	1.0	199.230642080307
311	-14.501669	0.76246154	-13.364805	-16.434093	27.0	-14.300977	0.016952844	-14.216075	-14.304418	187200	3.6557516e-08	0.6156519	-0.008481071	-0.039489865	0.008115966	2.0	199.8720965385437
312	-14.578046	0.884075	-13.390778	-17.41564	27.0	-14.497872	0.01687261	-14.413374	-14.501297	187800	1.9987424e-07	0.7804029	-0.0213512	-0.0063107014	0.007316839	1.0	200.48570084571838
313	-14.515927	1.1736984	-13.033033	-18.645924	27.0	-14.5763235	0.016661756	-14.492881	-14.579705	188400	-3.8146972e-08	1.3676963	-0.0060235546	-0.0035829544	0.008352851	1.0	201.05691194534302
314	-14.480237	1.1000664	-13.243536	-17.116438	27.0	-14.517396	0.016304709	-14.435741	-14.520706	189000	-2.2252401e-07	1.1996859	-0.010480733	-0.001360774	0.007744898	0.0	201.62541508674622
315	-15.646945	2.7828732	-12.831963	-26.798098	27.0	-14.481192	0.015976986	-14.401177	-14.484435	189600	5.761782e-09	9.012336	-0.015594035	-1.3319921	0.00820016	0.0	202.1625680923462
316	-15.0031395	0.95264024	-13.361149	-16.705948	27.0	-15.632617	0.016849015	-15.548232	-15.636022	190200	2.6226044e-08	1.2911651	-0.012952177	-0.388359	0.009483677	2.0	202.60449934005737
317	-14.888978	0.90470266	-13.584505	-17.150244	27.0	-15.009457	0.015942069	-14.929612	-15.012669	190800	-6.2783556e-08	0.8249533	-0.012067163	-0.0142329335	0.0076096607	0.0	203.12821245193481
318	-14.266199	0.7711613	-13.104316	-16.323355	27.0	-14.890459	0.015522028	-14.812716	-14.893583	191400	-2.4835268e-08	0.974916	-0.006999342	-0.38193637	0.00914822	0.0	203.66718411445618
319	-14.34953	1.0544448	-12.883293	-16.917488	27.0	-14.273361	0.014665703	-14.199907	-14.276315	192000	-5.0465268e-08	1.1066799	-0.0029669225	-0.005695939	0.009269469	1.0	204.2210099697113
320	-14.503333	1.3677459	-12.938438	-17.233025	27.0	-14.348283	0.014473533	-14.275794	-14.3512	192600	-2.4437904e-08	1.876001	-0.017698094	-0.023571372	0.009007355	0.0	205.29010820388794
321	-14.364917	0.9315687	-12.921491	-16.13586	27.0	-14.500495	0.014360082	-14.428574	-14.503388	193200	6.198883e-08	0.87757325	-0.005650429	-0.018017292	0.009878444	0.0	205.82947659492493
322	-14.936908	0.8641383	-13.497142	-16.477293	27.0	-14.36785	0.013986775	-14.297796	-14.3706665	193800	-5.6922435e-08	1.05995	-0.009895792	-0.31738007	0.009247694	0.0	206.3692970275879
323	-14.577683	0.85366166	-13.149984	-16.176987	27.0	-14.925401	0.014232664	-14.854116	-14.9282675	194400	-1.0629495e-07	0.8414196	-0.012926598	-0.11848402	0.009937479	1.0	206.90373969078064
324	-14.466467	1.0025884	-12.967757	-16.44103	27.0	-14.585203	0.013680812	-14.516684	-14.58796	195000	-3.0199686e-08	1.0092995	-0.019755289	-0.013819754	0.009327008	1.0	207.45984292030334
325	-14.815442	1.0920871	-13.079122	-16.853626	27.0	-14.469284	0.013328766	-14.402527	-14.47197	195600	-2.539158e-07	1.2994702	-0.018497335	-0.117432594	0.009971783	0.0	207.9658908843994
326	-14.726846	0.71693546	-13.566682	-15.988355	27.0	-14.807028	0.013372979	-14.74005	-14.809723	196200	-7.947286e-08	0.5154158	-0.013545755	-0.006304562	0.008265077	1.0	208.61533451080322
327	-14.657479	1.048688	-13.198549	-17.39645	27.0	-14.72888	0.013063374	-14.663452	-14.731512	196800	3.33786e-08	1.09398	-0.00871872	-0.0050001144	0.008959705	0.0	209.30872082710266
328	-14.493582	0.9893089	-12.944157	-17.14086	27.0	-14.659265	0.012762223	-14.595346	-14.661838	197400	1.0331472e-08	0.99631286	-0.0140634095	-0.026901245	0.009322313	0.0	210.01129817962646
329	-14.182907	0.92040586	-12.948682	-16.170076	27.0	-14.49748	0.012394091	-14.435405	-14.499978	198000	-7.271767e-08	0.9368501	-0.0003417142	-0.096971035	0.004089109	5.0	210.58707737922668
330	-14.438288	1.1116381	-13.325094	-18.499567	27.0	-14.189955	0.011922886	-14.130239	-14.192357	198600	1.16825106e-07	1.284537	-0.020092633	-0.06044674	0.009741014	0.0	211.6104462146759
331	-14.541709	0.7491938	-13.206029	-16.068434	27.0	-14.433119	0.011903156	-14.373502	-14.435517	199200	1.2318293e-07	0.5674765	-0.02240858	-0.011564314	0.008776954	0.0	212.1612844467163
332	-14.355814	0.90051645	-13.031216	-16.024834	27.0	-14.539881	0.011774257	-14.480911	-14.542255	199800	-1.3649463e-07	0.83653104	-0.011073167	-0.03320676	0.008348089	2.0	212.7124638557434
333	-14.229135	0.92937404	-13.270566	-17.50065	27.0	-14.358431	0.011420563	-14.301232	-14.360734	200400	2.0424525e-07	0.87180036	-0.0125846965	-0.016386867	0.007809388	0.0	213.26079678535461
334	-14.463431	1.2017002	-12.812062	-17.650097	27.0	-14.230388	0.011115403	-14.174717	-14.232629	201000	2.5431316e-08	1.4834982	-0.011267101	-0.053239584	0.00696891	0.0	213.82010650634766
335	-14.299939	0.76421833	-13.182119	-15.787589	27.0	-14.461771	0.011089815	-14.40623	-14.464008	201600	-5.086263e-08	0.60426515	-0.0030149356	-0.025668621	0.008748225	0.0	214.3649401664734
336	-14.223222	0.9352306	-12.944157	-16.153894	27.0	-14.300563	0.010770718	-14.246618	-14.302734	202200	-2.8610229e-08	0.8719596	-0.009711336	-0.00586468	0.006656495	1.0	214.87653803825378
337	-14.5579405	1.1119009	-12.821773	-17.059944	27.0	-14.223198	0.01051845	-14.170517	-14.225319	202800	3.3974646e-07	1.3349552	-0.01935104	-0.10982323	0.009621308	0.0	215.38434743881226
338	-14.2581415	0.83973235	-13.030727	-15.98539	27.0	-14.558086	0.010570848	-14.505141	-14.560216	203400	-1.8278758e-08	0.7873208	-0.016486084	-0.0881629	0.009371663	0.0	215.94342160224915
339	-14.830405	1.1684637	-13.307599	-19.417782	27.0	-14.257893	0.010167904	-14.206966	-14.259942	204000	4.0133795e-08	1.6761705	-0.015078736	-0.32126153	0.006497312	1.0	216.4884696006775
340	-14.063733	0.61927146	-13.096936	-15.3949995	27.0	-14.826904	0.010376126	-14.774936	-14.828996	204600	-1.2477238e-07	0.95648175	-0.004129782	-0.5707712	0.007780865	1.0	217.51141500473022
341	-14.617874	0.9228929	-13.103543	-16.402966	27.0	-14.078899	0.009699496	-14.030319	-14.080854	205200	6.437302e-08	1.1308295	-0.008576178	-0.28468555	0.009295317	0.0	218.06833744049072
342	-14.36643	0.8179526	-13.270566	-16.738842	27.0	-14.605508	0.009861485	-14.556118	-14.607496	205800	-1.180172e-07	0.71907306	-0.010904849	-0.056012154	0.008355961	0.0	218.62208247184753
343	-14.404108	0.94308233	-13.300638	-16.733646	27.0	-14.3716345	0.009539049	-14.323858	-14.373557	206400	-6.1591465e-09	0.88164115	-0.011670464	-0.0010375977	0.009568586	0.0	219.0889344215393
344	-14.8164425	2.1152918	-13.122757	-23.897686	27.0	-14.403496	0.009381472	-14.356507	-14.405385	207000	-2.6623407e-08	4.598572	-0.005234815	-0.16713524	0.0064419787	2.0	219.55829334259033
345	-14.374694	1.0521078	-12.976809	-16.34217	27.0	-14.808916	0.0094602415	-14.761536	-14.810823	207600	6.934007e-08	1.2826699	-0.0011011937	-0.1847738	0.009538738	2.0	220.03627061843872
346	-14.326122	0.8918816	-13.103543	-16.91008	27.0	-14.383158	0.009032929	-14.337916	-14.384978	208200	1.0679165e-07	0.7908079	-0.016307572	-0.0031902194	0.0090147415	0.0	220.55409359931946
347	-14.681247	1.0814214	-13.033033	-18.023724	27.0	-14.326943	0.008829036	-14.282723	-14.328723	208800	1.9669532e-07	1.2820886	-0.017825624	-0.12304115	0.0074584684	0.0	221.05817985534668
348	-14.657693	0.77740324	-13.122322	-15.787128	27.0	-14.675944	0.008873368	-14.631503	-14.677733	209400	1.8199285e-07	0.59872335	-0.0071158665	-0.00032931566	0.006708466	1.0	221.47832202911377
349	-14.917214	1.2262869	-13.357008	-18.413668	27.0	-14.657975	0.008698663	-14.6144085	-14.659729	210000	-9.000301e-08	1.5553237	-0.002896797	-0.06587875	0.0089024315	0.0	221.9636354446411
350	-14.866253	1.1575588	-13.117093	-17.537792	27.0	-14.915111	0.008678286	-14.871642	-14.916851	210600	1.2755395e-07	1.328987	-0.018432876	-0.0023411512	0.0070684813	1.0	222.81087231636047
351	-14.269189	0.7789608	-13.222418	-16.423328	27.0	-14.866496	0.008485361	-14.823997	-14.868201	211200	-1.4215708e-07	0.9540584	-0.013158986	-0.3496647	0.0070599634	1.0	223.26812553405762
352	-14.553006	0.95662385	-12.955175	-16.156843	27.0	-14.2760315	0.008006262	-14.235931	-14.27764	211800	-4.7286353e-08	0.98196226	-0.007737027	-0.075199366	0.008934941	0.0	223.72615337371826
353	-14.72526	1.0110499	-13.305345	-17.032656	27.0	-14.550046	0.008000996	-14.509974	-14.551655	212400	3.6120414e-07	1.0424378	-0.021115	-0.0300951	0.0065663536	1.0	224.18486380577087
354	-14.409207	0.8520948	-13.2384	-16.392134	27.0	-14.724151	0.007947669	-14.684344	-14.725748	213000	-3.9279462e-07	0.8170984	-0.012074324	-0.09720868	0.009151364	0.0	224.6278738975525
355	-14.500306	0.8920931	-13.103543	-17.270306	27.0	-14.41104	0.0076390104	-14.37278	-14.412576	213600	3.194809e-07	0.7958093	-0.016744057	-0.007812798	0.009173382	0.0	225.07792901992798
356	-14.487797	0.70993006	-13.506801	-16.21776	27.0	-14.500115	0.007541434	-14.462341	-14.501629	214200	6.0598055e-08	0.499169	-0.007502993	-0.0001502335	0.0065968917	0.0	225.5212767124176
357	-14.52575	0.8784451	-13.048925	-16.364426	27.0	-14.487793	0.0073959124	-14.450748	-14.489278	214800	1.4424324e-07	0.76542646	-0.022027614	-0.0014144778	0.0066927793	1.0	225.98897337913513
358	-14.6298065	0.88999504	-13.359498	-17.268072	27.0	-14.525921	0.0072783763	-14.489467	-14.527384	215400	3.1789145e-09	0.79489684	-0.005331177	-0.010579228	0.0050501344	4.0	226.46351671218872
359	-14.403491	0.9657611	-12.89363	-17.082302	27.0	-14.630334	0.0071944245	-14.594299	-14.631782	216000	1.2934208e-07	0.97438407	-0.013176436	-0.050419748	0.007397132	0.0	226.9017140865326
360	-14.564193	0.83235013	-13.103543	-16.716753	27.0	-14.402424	0.0069494504	-14.367618	-14.403824	216600	-3.715356e-07	0.7118187	-0.012737431	-0.025647819	0.009510313	0.0	227.79074954986572
361	-14.469642	0.66087717	-13.158404	-16.033113	27.0	-14.564811	0.006897305	-14.530268	-14.566202	217200	-2.9007595e-07	0.4414143	-0.016545478	-0.008875847	0.00924684	0.0	228.27273178100586
362	-14.331753	0.7419112	-13.359498	-15.834337	27.0	-14.469533	0.0067248354	-14.435853	-14.470889	217800	-1.6887982e-07	0.56377983	-0.017977055	-0.018603861	0.0076914113	1.0	228.72610521316528
363	-14.341511	0.6213378	-13.210702	-15.529749	27.0	-14.331983	0.0065335487	-14.29926	-14.3333	218400	6.556511e-08	0.38233176	-0.011273998	-9.0658665e-05	0.0064064614	1.0	229.17189121246338
364	-14.07738	0.73665327	-13.174823	-15.58672	27.0	-14.341434	0.006417121	-14.309293	-14.342726	219000	-1.3788541e-07	0.6063217	-0.011452593	-0.068332255	0.0065009147	0.0	229.6307623386383
365	-14.233733	0.5982773	-13.40348	-15.420665	27.0	-14.079276	0.0061806273	-14.048322	-14.080523	219600	-4.152457e-07	0.37800017	-0.006864238	-0.023386478	0.008591292	1.0	230.08749413490295
366	-14.584524	1.0093627	-13.325094	-17.317635	27.0	-14.232067	0.0061372453	-14.201329	-14.233304	220200	2.911687e-07	1.1316164	-0.013948458	-0.12176025	0.006944453	0.0	230.54473400115967
367	-14.270325	0.80374116	-13.003331	-15.62855	27.0	-14.582204	0.0061866515	-14.551217	-14.583449	220800	-1.4424324e-07	0.7358994	-0.021274587	-0.09532595	0.009700157	0.0	231.00142812728882
368	-14.396964	0.83697003	-13.325094	-16.15113	27.0	-14.271888	0.005940271	-14.242134	-14.273083	221400	1.1722247e-08	0.7090265	-0.010403354	-0.015336037	0.008470255	0.0	231.45521306991577
369	-14.008807	0.5806192	-12.831963	-15.691319	27.0	-14.395851	0.0058824406	-14.366388	-14.397036	222000	1.4225643e-07	0.4821188	-0.013386926	-0.14681223	0.008194192	0.0	231.89088487625122
370	-14.288474	0.60623306	-13.033033	-15.661505	27.0	-14.01022	0.005616065	-13.982094	-14.011354	222600	-5.5233638e-08	0.44050476	-0.0093257725	-0.075887084	0.00794923	0.0	232.72826647758484
371	-14.332699	0.8690451	-13.100116	-17.152143	27.0	-14.287577	0.0056281597	-14.259389	-14.2887125	223200	-1.3341506e-07	0.74973094	-0.01037969	-0.0019974709	0.008358731	0.0	233.17127180099487
372	-14.094039	0.7061084	-13.447298	-16.206894	27.0	-14.332425	0.005548362	-14.304637	-14.333546	223800	2.4318695e-07	0.5499113	-0.0155937355	-0.055694133	0.0066331667	1.0	233.60594367980957
373	-14.192964	0.6366897	-13.164372	-15.3870535	27.0	-14.096189	0.005352517	-14.069382	-14.09727	224400	-1.390775e-07	0.4106135	-0.007822863	-0.009181529	0.009361895	0.0	234.06665992736816
374	-14.347558	0.7155863	-13.289966	-16.15111	27.0	-14.191625	0.0052930093	-14.165115	-14.192694	225000	-4.8478444e-08	0.53103185	-0.015632316	-0.023833752	0.0072940374	1.0	234.57589554786682
375	-14.462968	0.80391985	-13.033033	-16.522654	27.0	-14.344961	0.0052591446	-14.31862	-14.346022	225600	4.9273172e-08	0.6536295	-0.009588969	-0.0136496425	0.00904078	0.0	235.03155541419983
376	-14.47725	0.9265499	-12.976809	-16.482683	27.0	-14.460596	0.0052089537	-14.434507	-14.461648	226200	1.6947587e-07	0.8502105	-0.017888073	-0.00027304888	0.008375186	0.0	235.45175576210022
377	-14.436569	1.6277069	-13.018631	-21.343916	27.0	-14.4768715	0.0051190746	-14.451234	-14.477906	226800	1.16825106e-07	2.624573	-0.02151225	-0.0015928745	0.008175083	0.0	235.9288125038147
378	-14.041476	0.74111354	-13.033033	-15.628033	27.0	-14.437578	0.0050072083	-14.4125	-14.43859	227400	8.642674e-08	0.6991371	-0.012422745	-0.15375042	0.008234717	0.0	236.38498091697693
379	-13.866108	0.5743584	-13.103543	-15.054123	27.0	-14.04994	0.004770633	-14.026047	-14.050903	228000	1.7086665e-08	0.36008024	-0.012446379	-0.033115625	0.009844866	0.0	236.83079385757446
380	-14.021107	0.87624544	-12.944157	-16.643404	27.0	-13.870184	0.004616372	-13.847063	-13.871116	228600	2.9762586e-07	0.7826904	-0.012781428	-0.022323787	0.0069506946	1.0	237.69178175926208
381	-14.365617	0.7466053	-13.382799	-16.606174	27.0	-14.01752	0.004588362	-13.994537	-14.018444	229200	3.3100446e-07	0.6718072	-0.00809829	-0.11875576	0.007325107	0.0	238.1300163269043
382	-14.295062	0.8117951	-13.183995	-16.059662	27.0	-14.358483	0.00463299	-14.335278	-14.359417	229800	2.2610028e-07	0.6564283	-0.009654317	-0.003941059	0.007211639	3.0	238.59466314315796
383	-13.937229	0.5400558	-13.138667	-15.054123	27.0	-14.296562	0.004530625	-14.2738695	-14.297476	230400	-4.2498112e-07	0.4166131	-0.01809871	-0.12653393	0.008541598	1.0	239.0400686264038
384	-14.106523	0.67395514	-13.103543	-15.3986	27.0	-13.944147	0.004327377	-13.922473	-13.94502	231000	1.2377897e-07	0.47578517	-0.009779912	-0.025841117	0.0067667216	1.0	239.48035597801208
385	-14.204144	0.8674492	-13.217369	-16.46006	27.0	-14.103083	0.004301925	-14.081536	-14.1039505	231600	5.9604645e-08	0.75506705	-0.0065692887	-0.010009766	0.0076557444	4.0	239.93833708763123
386	-14.2132225	0.9569342	-13.198549	-17.452044	27.0	-14.201769	0.0042603784	-14.180434	-14.202632	232200	1.2973945e-07	0.90671325	-0.0116115	-0.00012946129	0.0068516796	1.0	240.3836305141449
387	-14.344537	0.94404316	-13.250521	-17.319124	27.0	-14.212946	0.0041880663	-14.19197	-14.213791	232800	3.4093856e-07	0.89945793	-0.00690728	-0.016969502	0.006668002	0.0	240.81888794898987
388	-14.239874	0.8153634	-13.123589	-16.51422	27.0	-14.349707	0.00420572	-14.329036	-14.350701	233400	2.5073686e-07	0.6701371	-0.020894783	-0.011821449	0.009348883	0.0	241.25448155403137
389	-14.286231	1.0367945	-13.243868	-18.629187	27.0	-14.242372	0.0040446874	-14.22219	-14.243249	234000	-1.2099743e-07	1.0661117	-0.0069368565	-0.0018862486	0.0099298	7.0	241.7136528491974
390	-15.176212	3.280571	-13.088759	-29.759832	27.0	-14.285409	0.003988419	-14.265501	-14.286272	234600	-3.7749608e-08	11.440089	-0.009891277	-0.77760315	0.00035678517	0.0	242.59115648269653
391	-14.23312	0.8074109	-13.403235	-16.182707	27.0	-15.179642	0.0041851047	-15.158691	-15.180506	235200	-1.2795131e-07	1.5324112	-0.013115265	-0.87803406	0.0067610103	0.0	243.01728415489197
392	-13.831046	0.5880713	-13.122757	-15.500704	27.0	-14.248261	0.0038938806	-14.2287655	-14.249061	235800	-2.5590262e-07	0.51473427	-0.007181342	-0.17058954	0.0088067865	2.0	243.46585154533386
393	-14.100021	0.695175	-13.250521	-15.271461	27.0	-13.838531	0.003726227	-13.819877	-13.839299	236400	4.4822693e-07	0.54612833	-0.015871527	-0.067016184	0.0064784214	4.0	243.91861963272095
394	-13.980081	0.8677217	-13.103543	-17.444609	27.0	-14.0956335	0.003734653	-14.076938	-14.096404	237000	-9.040038e-08	0.7586512	-0.012938047	-0.01308614	0.007271445	0.0	244.35760688781738
395	-14.077228	0.58875144	-13.2384	-15.367768	27.0	-13.981592	0.003655236	-13.963294	-13.982347	237600	-7.8678134e-08	0.35222504	-0.010547889	-0.008965403	0.009810166	0.0	244.80371475219727
396	-14.166977	0.77437687	-13.110744	-16.265484	27.0	-14.076432	0.003624876	-14.058289	-14.077183	238200	-2.2729238e-07	0.60178775	-0.0117695825	-0.008036017	0.0065278984	1.0	245.2589828968048
397	-14.008803	0.6500768	-13.198549	-15.437602	27.0	-14.166663	0.0035948835	-14.148668	-14.167406	238800	8.1857046e-08	0.4430652	-0.014993817	-0.024420112	0.00908304	0.0	245.70027112960815
398	-14.153592	0.6467624	-13.198549	-15.453097	27.0	-14.00889	0.0035037445	-13.991351	-14.009614	239400	-2.2232533e-07	0.4348534	-0.017055456	-0.020521224	0.008573046	0.0	246.15450978279114
399	-13.889127	0.58654594	-13.103543	-15.360989	27.0	-14.153921	0.0034852745	-14.136473	-14.154639	240000	-6.516775e-08	0.4100348	-0.014565367	-0.06870514	0.0086356625	0.0	246.58968353271484
400	-14.015118	0.8047968	-13.250521	-15.938282	27.0	-13.888294	0.0033714736	-13.871416	-13.888989	240600	-6.008148e-07	0.6571491	-0.016541878	-0.015761733	0.009217121	0.0	247.46696782112122
401	-13.749664	0.6712213	-13.103543	-15.474332	27.0	-14.015705	0.003349535	-13.998937	-14.016396	241200	-1.9868216e-08	0.51612633	-0.008357135	-0.069351524	0.009998405	0.0	247.90592885017395
402	-13.837698	0.54346484	-13.149984	-15.195945	27.0	-13.748388	0.0032386696	-13.732175	-13.749056	241800	1.0331472e-08	0.30030316	-0.02474285	-0.007816732	0.0068604746	1.0	248.36070084571838
403	-13.760427	0.6091531	-13.149984	-15.5595	27.0	-13.838121	0.0032110359	-13.822048	-13.838785	242400	1.9629796e-07	0.37334642	-0.013040819	-0.005914539	0.007680332	1.0	248.80457019805908
404	-13.54397	0.35453877	-12.848176	-14.127468	27.0	-13.760207	0.0031468275	-13.744453	-13.760856	243000	-6.1591465e-09	0.17075063	-0.006121959	-0.045819476	0.008674624	0.0	249.21961855888367
405	-13.973716	0.60819656	-13.103543	-15.259151	27.0	-13.543639	0.0030491229	-13.528375	-13.544268	243600	2.0722548e-07	0.5493101	-0.018370705	-0.18125242	0.0066266125	1.0	249.66526579856873
406	-13.90719	0.61646235	-13.031124	-15.195945	27.0	-13.975466	0.0031064586	-13.959912	-13.976104	244200	1.1324882e-08	0.38085312	-0.02761016	-0.004567623	0.0072192224	1.0	250.1257040500641
407	-13.805945	0.6708429	-13.198549	-15.919508	27.0	-13.907063	0.0030499012	-13.891792	-13.907689	244800	-1.4305115e-07	0.45566493	-0.0105380155	-0.010018319	0.007971507	0.0	250.56612706184387
408	-14.281439	0.83326477	-13.103543	-16.46006	27.0	-13.806019	0.0029805482	-13.791098	-13.806633	245400	-1.056989e-07	0.9111389	-0.0006836522	-0.22148758	0.0024981461	2.0	250.98080921173096
409	-13.883866	0.66437	-13.103543	-16.012043	27.0	-14.283263	0.003044483	-14.268019	-14.283887	246000	1.8715859e-07	0.59491944	-0.01495539	-0.15630245	0.009641478	1.0	251.41539359092712
410	-13.749856	0.64860713	-13.088759	-16.068079	27.0	-13.881968	0.0029193335	-13.867352	-13.882567	246600	-6.32604e-07	0.4337762	-0.011980276	-0.017100692	0.00892688	1.0	252.29993629455566
411	-13.947463	0.6333705	-13.250521	-15.40812	27.0	-13.749286	0.002844145	-13.7350445	-13.749868	247200	-3.8822492e-07	0.4360284	-0.009162443	-0.03848812	0.0059542535	0.0	252.71063923835754
412	-13.803666	0.62446433	-13.103543	-15.63759	27.0	-13.948083	0.0028460023	-13.933832	-13.948666	247800	-3.004074e-07	0.40671703	-0.012009999	-0.020437032	0.005996703	0.0	253.1475157737732
413	-13.550733	0.3900182	-13.103543	-14.545808	27.0	-13.80357	0.0027761124	-13.789669	-13.804138	248400	-3.1411648e-07	0.21389663	-0.011297315	-0.062644914	0.004963263	0.0	253.58726143836975
414	-13.949861	0.7181165	-13.250521	-15.796571	27.0	-13.5507345	0.0026824297	-13.537303	-13.551284	249000	-7.2419645e-08	0.66823566	-0.0007167485	-0.1561104	0.0014071034	4.0	254.03334546089172
415	-13.886489	0.65498	-13.198549	-15.774133	27.0	-13.950949	0.002726764	-13.937296	-13.951508	249600	9.338061e-08	0.42883235	-0.011206063	-0.0040718615	0.0093582105	0.0	254.4753122329712
416	-13.64549	0.44346067	-13.103543	-15.34644	27.0	-13.886523	0.0026786223	-13.873112	-13.887073	250200	1.1523564e-07	0.25222373	-0.02099233	-0.056935072	0.0067803445	1.0	254.91433429718018
417	-13.6310425	0.40355185	-13.103543	-14.967346	27.0	-13.645742	0.002592082	-13.632764	-13.646274	250800	5.1736833e-07	0.16144681	-0.016784914	-0.00021183491	0.0065231514	1.0	255.34528374671936
418	-13.972312	0.769503	-13.103543	-16.041466	27.0	-13.631084	0.002550008	-13.618315	-13.631605	251400	-5.686283e-07	0.7014802	-0.014404085	-0.114117384	0.008267541	0.0	255.78464937210083
419	-13.929267	0.82591003	-13.103543	-15.958584	27.0	-13.9711895	0.0025826185	-13.958258	-13.971718	252000	6.7949294e-08	0.6770546	-0.008086317	-0.0017225146	0.007260572	0.0	256.22275280952454
420	-14.003522	0.6504737	-13.039989	-15.195945	27.0	-13.929665	0.0025410543	-13.916942	-13.930185	252600	-2.0662943e-08	0.4242894	-0.020360455	-0.0053474605	0.0089265015	0.0	257.13350558280945
421	-13.819583	0.5424734	-13.250521	-15.482222	27.0	-14.002568	0.0025183551	-13.989961	-14.003086	253200	-1.2477238e-07	0.3244962	-0.00013076306	-0.0328151	0.0090017505	1.0	257.5708041191101
422	-14.067903	0.58871543	-13.250521	-15.195945	27.0	-13.822464	0.002446455	-13.810213	-13.822964	253800	3.2881897e-07	0.40275633	-0.019368095	-0.059042394	0.008534813	0.0	257.9722173213959
423	-13.933898	0.8203035	-13.250521	-16.346106	27.0	-14.063946	0.0024576327	-14.051638	-14.064446	254400	1.7086664e-07	0.6829215	-0.016005186	-0.016572475	0.008634979	1.0	258.4085626602173
424	-13.536306	0.38740513	-13.198549	-14.873178	27.0	-13.936445	0.0023985186	-13.924437	-13.936937	255000	2.948443e-07	0.3071114	-0.007708822	-0.15692192	0.006933238	3.0	258.8428180217743
425	-13.912683	0.632532	-13.103543	-15.875891	27.0	-13.541198	0.0022897178	-13.529734	-13.541667	255600	2.9683113e-07	0.5327079	-0.01096094	-0.13525441	0.0057346188	0.0	259.2977833747864
426	-13.806455	0.6759825	-13.149984	-15.648235	27.0	-13.910147	0.0023237963	-13.89851	-13.910621	256200	-3.0239423e-07	0.4630358	-0.0056146183	-0.010537118	0.00795667	0.0	259.73926544189453
427	-14.184849	1.0058465	-13.103543	-16.69401	27.0	-13.807626	0.002276391	-13.796225	-13.808088	256800	-2.5093556e-07	1.1424764	-0.01657245	-0.13946533	0.008848632	0.0	260.3181788921356
428	-13.84859	0.5779231	-13.088759	-15.3168545	27.0	-14.1826935	0.0023117242	-14.171118	-14.183166	257400	4.1325887e-08	0.44118127	-0.024103364	-0.10939753	0.006965801	1.0	260.88057804107666
429	-13.628476	0.5056905	-13.103543	-15.195945	27.0	-13.849642	0.0022264824	-13.838492	-13.850096	258000	2.4636586e-08	0.30160323	-0.017425466	-0.047938436	0.009472758	0.0	261.4852418899536
430	-13.864395	0.637967	-13.103543	-15.753516	27.0	-13.629336	0.0021562234	-13.618539	-13.629776	258600	-2.280871e-07	0.4576301	-0.022672908	-0.054154456	0.009543747	0.0	262.4596412181854
431	-13.664841	0.5011566	-13.103543	-14.934954	27.0	-13.863067	0.0021655895	-13.8522215	-13.863507	259200	3.3100446e-07	0.28755784	-0.022769926	-0.03851044	0.009059191	0.0	262.9116837978363
432	-13.655393	0.50282615	-13.103543	-15.341363	27.0	-13.666442	0.0021059306	-13.655896	-13.666871	259800	-4.1325887e-08	0.2504315	-0.012443079	-0.00011983514	0.009205163	0.0	263.3370544910431
433	-13.649146	0.5851551	-13.031101	-15.7414465	27.0	-13.655501	0.002074992	-13.64511	-13.655924	260400	-2.280871e-07	0.33902696	-0.018495653	-3.966689e-05	0.006943453	1.0	263.77506828308105
434	-13.641628	0.54102534	-13.0938425	-15.195945	27.0	-13.649266	0.002046452	-13.639017	-13.649682	261000	1.8795332e-07	0.28984338	-0.022655904	-5.725026e-05	0.0064930688	1.0	264.226012468338
435	-13.872409	0.6760959	-13.103543	-15.981574	27.0	-13.641804	0.0020171753	-13.631702	-13.642215	261600	1.013279e-07	0.50517976	-0.018201748	-0.05211422	0.0095611	0.0	264.6901741027832
436	-13.769641	0.7034573	-13.103543	-15.912052	27.0	-13.867169	0.0020294373	-13.857007	-13.867583	262200	3.8425128e-07	0.4993271	-0.012174021	-0.009319931	0.008976679	0.0	265.14730310440063
437	-13.548687	0.32783514	-13.103543	-14.401067	27.0	-13.772035	0.001986599	-13.762086	-13.772439	262800	7.311503e-08	0.15579654	0.0	-0.048879735	-4.6558535e-10	9.0	265.57954692840576
438	-13.600601	0.31262293	-13.103543	-14.756291	27.0	-13.554167	0.0019225767	-13.544539	-13.554559	263400	-3.127257e-07	0.098893024	-0.015077855	-0.0021133795	0.009788982	1.0	266.0093283653259
439	-14.147669	0.8605689	-13.250521	-16.46006	27.0	-13.599461	0.0019017521	-13.589938	-13.599849	264000	-1.2199084e-07	1.0306896	-0.0102939075	-0.29455262	0.0086608175	0.0	266.4417316913605
440	-13.841639	0.6844779	-13.020649	-15.734046	27.0	-14.14028	0.0019657977	-14.130436	-14.14068	264600	3.4769375e-08	0.5521326	-0.00995294	-0.087411135	0.007506391	3.0	267.3340859413147
441	-13.683331	0.37559906	-13.250521	-14.934268	27.0	-13.844811	0.0019012353	-13.835289	-13.845197	265200	3.9557617e-07	0.16548617	-0.01752594	-0.025555223	0.009678831	0.0	267.77950167655945
442	-14.059676	0.8850702	-13.103543	-16.096478	27.0	-13.685399	0.0018490946	-13.676139	-13.685775	265800	-1.1523564e-07	0.9141913	-0.008878798	-0.13729703	0.0066361227	1.0	268.19344878196716
443	-13.894428	0.59129363	-13.04806	-15.4746065	27.0	-14.056657	0.0018804064	-14.047239	-14.057038	266400	2.2729238e-07	0.37219486	-0.0048426567	-0.025793701	0.0052846717	5.0	268.62422251701355
444	-13.731484	0.31627157	-13.250521	-14.549817	27.0	-13.896249	0.0018361096	-13.8870535	-13.896622	267000	2.036492e-08	0.12591055	-0.0123993475	-0.026605561	0.009343652	0.0	269.05248856544495
445	-13.829575	0.6997139	-13.103543	-15.464075	27.0	-13.733751	0.0017872736	-13.724799	-13.734113	267600	5.8412553e-08	0.49379465	-0.016283398	-0.0089992285	0.009302366	0.0	269.47024393081665
446	-13.729949	0.5522029	-13.103543	-15.712152	27.0	-13.827801	0.001777405	-13.8189	-13.828162	268200	-2.0662944e-07	0.31136337	-0.0065185144	-0.009382486	0.009472708	0.0	269.90418434143066
447	-13.927375	0.6457741	-13.198549	-15.313562	27.0	-13.73209	0.0017403772	-13.723374	-13.732444	268800	2.2729238e-07	0.45060703	-0.009859668	-0.037371963	0.008411975	0.0	270.3435273170471
448	-13.784073	0.51697993	-13.198549	-15.195945	27.0	-13.922897	0.0017455101	-13.914155	-13.923251	269400	5.590916e-07	0.28368205	-0.01644719	-0.0188846	0.0048452546	0.0	270.7547776699066
449	-14.032229	0.8512756	-13.198549	-15.932497	27.0	-13.787451	0.0017047002	-13.778914	-13.787798	270000	-2.8868516e-07	0.7767376	-0.021900045	-0.058713257	0.009024343	0.0	271.22387766838074
450	-13.648523	0.42003727	-13.103543	-14.854124	27.0	-14.026323	0.0017175133	-14.01772	-14.02667	270600	7.7486035e-09	0.3159816	-0.016325021	-0.13987426	0.009436536	1.0	272.1226541996002
451	-13.740778	0.45751232	-13.103543	-15.291333	27.0	-13.65598	0.0016463829	-13.647736	-13.656315	271200	-3.9279462e-07	0.21434377	-0.008016173	-0.0070468336	0.009593178	4.0	272.57682943344116
452	-14.023965	0.9170458	-13.198549	-15.833095	27.0	-13.7388525	0.0016339486	-13.730671	-13.739185	271800	-2.926588e-07	0.91303444	-0.018967137	-0.07966173	0.0070409267	0.0	273.0101201534271
453	-13.4249325	0.27110445	-13.103543	-13.819033	27.0	-14.017923	0.001653704	-14.00964	-14.018257	272400	-3.8146972e-08	0.42089894	-0.009496733	-0.3446126	0.008053621	1.0	273.45013976097107
454	-13.766211	0.63433796	-13.103543	-15.545399	27.0	-13.426012	0.001563772	-13.4181795	-13.426328	273000	-6.318092e-08	0.51293325	-0.010035324	-0.11341968	0.0072909445	1.0	273.88448190689087
455	-13.990531	0.6396217	-13.250521	-15.291798	27.0	-13.766538	0.0015844795	-13.758601	-13.766857	273600	2.2600095e-07	0.454695	-0.017316109	-0.049171805	0.006694146	1.0	274.3092703819275
456	-13.720264	0.57394546	-13.103543	-15.252211	27.0	-13.990615	0.001597495	-13.9826145	-13.990938	274200	6.953875e-10	0.398487	-0.010305716	-0.07162771	0.00831169	0.0	274.7395918369293
457	-13.849595	0.68019205	-13.103543	-15.195945	27.0	-13.720367	0.0015489374	-13.712609	-13.72068	274800	-1.780192e-07	0.4745674	-0.02093653	-0.016368061	0.006730221	1.0	275.18383049964905
458	-13.768546	0.67927295	-13.103543	-15.464075	27.0	-13.849096	0.0015445409	-13.84136	-13.849408	275400	4.2120615e-07	0.46322545	-0.004851763	-0.0063589513	0.0068081794	1.0	275.60488986968994
459	-14.089908	0.6243842	-13.325094	-15.464075	27.0	-13.769245	0.0015190844	-13.761636	-13.769551	276000	1.4702479e-07	0.48775074	-0.008499644	-0.100780606	0.0022509315	0.0	276.03631591796875
460	-13.81758	0.69560546	-13.198549	-15.64805	27.0	-14.087847	0.00153962	-14.080137	-14.08816	276600	4.887581e-07	0.55135095	-0.006197958	-0.07158908	0.003160823	0.0	276.9669921398163
461	-13.594204	0.30813816	-13.103543	-14.549035	27.0	-13.8193	0.0014924125	-13.811824	-13.8196	277200	7.152557e-09	0.14416856	-0.0075205457	-0.049659036	0.008763105	2.0	277.3906557559967
462	-14.024873	0.8743642	-13.198549	-16.257717	27.0	-13.595823	0.0014481344	-13.588572	-13.596117	277800	4.921357e-07	0.939104	-0.020102536	-0.18040788	0.0072688833	0.0	277.8075988292694
463	-13.591389	0.46531346	-13.103543	-15.356112	27.0	-14.0244465	0.0014810658	-14.017029	-14.024746	278400	-1.02917355e-07	0.40002435	-0.009860555	-0.18377042	0.005248216	0.0	278.2189133167267
464	-13.676364	0.37903702	-13.198549	-14.775	27.0	-13.589983	0.0014212767	-13.582864	-13.590269	279000	5.829334e-07	0.14961955	-0.014435706	-0.007312551	0.008567931	0.0	278.73868441581726
465	-13.477127	0.33828753	-13.103543	-14.646217	27.0	-13.676444	0.0014134066	-13.669365	-13.676729	279600	-1.2556711e-07	0.15262891	-0.011522336	-0.038931444	0.0064822068	0.0	279.21977639198303
466	-13.790902	0.7154547	-13.103543	-16.119902	27.0	-13.477285	0.0013769876	-13.47039	-13.477565	280200	-6.11941e-08	0.6041215	-0.009490726	-0.09638703	0.009090761	5.0	279.6614270210266
467	-13.595587	0.43864557	-13.250521	-15.117296	27.0	-13.790887	0.0013965963	-13.783893	-13.791169	280800	2.4239222e-08	0.22825147	-0.013063927	-0.037378997	0.0071073268	1.0	280.10311937332153
468	-13.635055	0.62497467	-13.198549	-15.796571	27.0	-13.596	0.0013632891	-13.589171	-13.596274	281400	3.4689904e-07	0.38819826	-0.009521031	-0.0014949441	0.0077554355	0.0	280.51538157463074
469	-13.689871	0.60323596	-13.103543	-15.8793	27.0	-13.634761	0.0013519317	-13.62799	-13.635034	282000	-2.8649967e-07	0.36326256	-0.007806083	-0.0029771328	0.006557495	1.0	280.93559288978577
470	-13.530273	0.25528583	-13.149984	-14.187788	27.0	-13.689227	0.0013444303	-13.682494	-13.689499	282600	1.390775e-07	0.08953737	-0.015251442	-0.024761938	0.0064171813	0.0	281.844553232193
471	-13.646094	0.5998406	-13.103543	-15.958584	27.0	-13.532733	0.0013118447	-13.526163	-13.532998	283200	8.046627e-08	0.3689328	-0.007995154	-0.01259467	0.005330055	0.0	282.3141098022461
472	-13.797393	0.66660935	-13.103543	-15.734046	27.0	-13.643893	0.0013089204	-13.637338	-13.644157	283800	-1.390775e-09	0.46324942	-0.015817279	-0.023090422	0.0093317	1.0	282.7665054798126
473	-13.681152	0.5256945	-13.103543	-15.054123	27.0	-13.79407	0.0013127661	-13.787497	-13.794336	284400	-2.861023e-07	0.28621858	-0.01833388	-0.012494385	0.009442417	0.0	283.20028352737427
474	-13.564654	0.5435485	-13.103543	-15.732113	27.0	-13.683856	0.0012869493	-13.677411	-13.684116	285000	2.5312104e-07	0.30656147	-0.0215319	-0.013922811	0.008905681	0.0	283.6271481513977
475	-13.497638	0.22317067	-13.115521	-13.928576	27.0	-13.567609	0.0012576703	-13.561311	-13.567863	285600	-7.9671544e-08	0.054157283	-0.0052204053	-0.004797671	0.0076935156	1.0	284.0708854198456
476	-13.542819	0.44192988	-13.103543	-14.716258	27.0	-13.499336	0.0012355271	-13.493147	-13.499584	286200	-4.8518183e-07	0.1952219	-0.03499053	-0.0018533617	0.009582606	0.0	284.4930067062378
477	-13.431207	0.33552992	-13.103543	-14.803561	27.0	-13.541888	0.0012256452	-13.5357485	-13.542134	286800	2.9643377e-07	0.12358536	-0.020590317	-0.012004957	0.0064651053	1.0	284.9381465911865
478	-13.844909	0.66229486	-13.103543	-15.313562	27.0	-13.433202	0.0011987515	-13.427198	-13.433444	287400	4.4782956e-07	0.6020468	-0.0068929098	-0.16609189	0.009309972	0.0	285.37226462364197
479	-13.572474	0.5676157	-13.103543	-15.75517	27.0	-13.834788	0.0012316946	-13.828622	-13.835039	288000	-4.162391e-07	0.3870924	-0.012666462	-0.06742418	0.009062627	0.0	285.81011152267456
480	-13.457091	0.24394378	-13.103543	-13.928576	27.0	-13.578904	0.0011936248	-13.572926	-13.5791445	288600	-1.2536843e-07	0.07360604	-0.002332657	-0.014538571	0.009280029	0.0	286.7514913082123
481	-13.55331	0.5753504	-13.103543	-15.991956	27.0	-13.460114	0.0011652731	-13.454276	-13.460347	289200	-1.6331673e-07	0.33631632	-0.007256783	-0.008511364	0.0076041636	0.0	287.24212312698364
482	-13.499846	0.30860394	-13.198549	-14.705642	27.0	-13.551104	0.0011615978	-13.545285	-13.551337	289800	3.9855638e-07	0.09688722	-0.019108105	-0.0025745556	0.007068283	1.0	287.6924042701721
483	-13.589368	0.4400122	-13.103543	-14.716258	27.0	-13.500905	0.0011440347	-13.495173	-13.501134	290400	5.47568e-07	0.19942218	-0.021732513	-0.007670298	0.008866704	0.0	288.131418466568
484	-13.496967	0.2888434	-13.103543	-14.469173	27.0	-13.587927	0.0011400111	-13.582216	-13.588156	291000	1.6450882e-07	0.09078985	-0.008757518	-0.00810869	0.0077399993	0.0	288.5427439212799
485	-13.530361	0.44273323	-13.103543	-15.162949	27.0	-13.498022	0.0011184007	-13.492422	-13.498249	291600	-4.1325887e-08	0.19508876	-0.016634662	-0.0010250956	0.006528823	1.0	288.9613218307495
486	-13.488946	0.26095474	-13.103543	-14.107805	27.0	-13.530179	0.0011081623	-13.524628	-13.530401	292200	-3.1789145e-09	0.06910119	-0.009601228	-0.0016658381	0.008057949	0.0	289.41634821891785
487	-13.370548	0.3461564	-13.103543	-14.742949	27.0	-13.488952	0.0010914168	-13.483484	-13.489171	292800	1.4523665e-07	0.13250747	-0.020554539	-0.013737068	0.008401559	0.0	289.83108592033386
488	-13.410937	0.3016646	-13.103543	-14.423225	27.0	-13.370231	0.001063989	-13.364903	-13.370447	293400	-8.8214875e-08	0.09173239	-0.013325002	-0.0016237646	0.008308174	0.0	290.25772738456726
489	-13.431394	0.15659231	-13.250521	-13.763426	27.0	-13.411131	0.0010555561	-13.405843	-13.411343	294000	-4.072984e-08	0.024683373	-0.0058039413	-0.00040256977	0.008110067	0.0	290.70077180862427
490	-13.874291	0.9368588	-13.149984	-16.760849	27.0	-13.431477	0.0010449467	-13.426242	-13.431686	294600	1.6887983e-08	1.0630455	-0.01208235	-0.19218391	0.0055900207	0.0	291.6458261013031
491	-13.369175	0.23911572	-13.103543	-14.134245	27.0	-13.869583	0.0010817269	-13.864165	-13.8698015	295200	5.8809917e-08	0.30451348	-0.005242722	-0.24537188	0.007218512	2.0	292.0756814479828
492	-13.563901	0.33459368	-13.198549	-14.705642	27.0	-13.381102	0.0010283835	-13.375951	-13.381309	295800	-8.742014e-09	0.14391425	-0.0020495963	-0.03274546	0.007438588	1.0	292.52046966552734
493	-13.611786	0.47452453	-13.103543	-14.742949	27.0	-13.55947	0.001031308	-13.554306	-13.559679	296400	-6.934007e-07	0.22563185	-0.02939373	-0.002682194	0.0094848545	0.0	292.9337992668152
494	-13.396867	0.34301516	-13.103543	-14.716258	27.0	-13.610494	0.0010270977	-13.605348	-13.610699	297000	-2.5272368e-07	0.16166589	-0.02691429	-0.044716753	0.0063317292	1.0	293.3763117790222
495	-13.42219	0.21253861	-13.103543	-13.779858	27.0	-13.40213	0.0009970982	-13.397138	-13.402332	297600	-7.6393285e-08	0.045119982	-0.0037810642	-0.00039435178	0.006699858	0.0	293.79237937927246
496	-13.547925	0.32501793	-13.103543	-14.705642	27.0	-13.421728	0.0009870301	-13.416784	-13.4219265	298200	6.063779e-07	0.120346285	-0.019035183	-0.015607834	0.0066117146	1.0	294.2277979850769
497	-13.865197	0.8062084	-13.103543	-15.781769	27.0	-13.545363	0.0009881379	-13.540413	-13.545561	298800	-3.2742818e-07	0.7447399	-0.011781203	-0.10024053	0.0078047547	0.0	294.66365933418274
498	-13.820132	0.6111877	-13.103543	-15.291333	27.0	-13.857608	0.0010095601	-13.8525505	-13.85781	299400	2.4696192e-07	0.37120682	-0.023075197	-0.001376152	0.0067107934	1.0	295.087619304657
499	-13.65539	0.50099665	-13.103543	-14.854124	27.0	-13.820965	0.0009974693	-13.8159685	-13.821165	300000	-4.442533e-07	0.2756314	-0.026170341	-0.026866034	0.008173268	1.0	296.0510151386261
