Epoch	AverageEpRet	StdEpRet	MaxEpRet	MinEpRet	EpLen	AverageVVals	StdVVals	MaxVVals	MinVVals	TotalEnvInteracts	LossPi	LossV	DeltaLossPi	DeltaLossV	KL	BacktrackIters	Time
0	-803.3728	67.75621	-628.51294	-881.5144	7.3170733	-0.33206913	0.4870273	0.8298607	-1.3053248	600	1.0808309e-07	541634.7	-0.047841106	-6489.875	0.008370145	3.0	0.7049820423126221
1	-813.39246	53.357483	-665.2402	-882.2785	8.219178	-4.7394676	0.2771448	-3.6259665	-5.253439	1200	5.5631e-09	615655.4	-0.052737273	-5100.6875	0.009757915	0.0	1.1013071537017822
2	-794.85443	61.444767	-651.15735	-894.9346	11.92	-8.037057	0.20511048	-7.3340273	-8.0996685	1800	3.0795732e-08	542540.6	-0.061325606	-4057.1875	0.00965673	0.0	1.5007047653198242
3	-778.40924	77.55296	-632.5668	-882.9119	14.923077	-10.798737	0.111470774	-9.44139	-10.81127	2400	-4.8478444e-08	491733.75	-0.049005765	-3511.2812	0.008393238	0.0	1.890249490737915
4	-745.8177	87.74833	-542.2375	-871.22955	23.958334	-13.355012	0.0	-13.355012	-13.355012	3000	-1.2079875e-07	454428.16	-0.038547885	-3224.0938	0.007793032	0.0	2.289384126663208
5	-745.37683	117.16532	-409.30887	-869.54987	22.074074	-15.807158	0.07948881	-14.819088	-15.813908	3600	-2.3126603e-07	471828.22	-0.039974846	-3423.5312	0.008017369	0.0	2.6780107021331787
6	-648.51324	141.37184	-350.96735	-855.1865	28.45	-18.350504	0.0	-18.350504	-18.350504	4200	6.357829e-08	349141.53	-0.02962319	-2491.875	0.007890951	0.0	3.0893447399139404
7	-673.0764	146.30876	-292.98267	-854.5778	28.35	-20.56571	0.0	-20.56571	-20.56571	4800	-7.390976e-08	378843.03	-0.03212717	-2686.9375	0.00801867	0.0	3.5332701206207275
8	-621.9187	162.76682	-288.35352	-856.3735	27.0	-22.866272	0.0	-22.866272	-22.866272	5400	-8.106232e-08	302083.47	-0.03037096	-2213.6562	0.0076703937	0.0	3.920945167541504
9	-524.1502	190.9643	-196.58722	-864.00494	29.95	-24.999983	1.9073486e-06	-24.999985	-24.999985	6000	-9.258588e-08	251336.5	-0.028520562	-1897.0625	0.008309186	0.0	4.454964637756348
10	-435.16556	188.15746	-173.17828	-870.4299	30.210526	-27.00284	0.0	-27.00284	-27.00284	6600	7.947286e-08	180515.81	-0.020588638	-1318.2344	0.0068913633	0.0	5.122312307357788
11	-440.71606	200.1993	-76.24008	-857.66974	28.7	-28.716673	0.0	-28.716673	-28.716673	7200	-1.3271968e-07	161727.27	-0.029415632	-1207.0938	0.009108777	0.0	5.558729648590088
12	-325.1219	158.81354	-77.3567	-628.4752	30.526316	-30.375156	1.9073486e-06	-30.375154	-30.375154	7800	-1.11262e-08	120217.19	-0.027330492	-885.4922	0.008056947	1.0	6.104783296585083
13	-245.92288	163.0778	-49.05817	-621.62604	28.85	-31.837696	3.0755073e-06	-31.837637	-31.837694	8400	-5.00679e-08	81088.51	-0.031763975	-522.0547	0.008997367	0.0	6.788711786270142
14	-247.20694	168.21954	-33.54672	-662.07416	28.6	-32.996246	0.0	-32.996246	-32.996246	9000	1.8278758e-08	82420.85	-0.03195214	-516.4922	0.007607369	0.0	7.356146335601807
15	-217.99344	107.18645	-75.165695	-449.55417	27.952381	-34.15586	3.8146973e-06	-34.155857	-34.155857	9600	-1.5318393e-07	48621.4	-0.03696776	-398.80078	0.008857115	0.0	7.863023996353149
16	-197.86075	162.15668	-42.816612	-832.5222	26.086956	-35.20858	3.8146973e-06	-35.208576	-35.208576	10200	1.66893e-08	30084.566	-0.03075355	-239.59375	0.0069466545	0.0	8.388017416000366
17	-215.03545	246.06932	-27.700352	-859.1184	23.48	-36.051666	3.8146973e-06	-36.05167	-36.05167	10800	-2.7815501e-08	19375.32	-0.044212963	-122.458984	0.0070126066	0.0	9.027122020721436
18	-108.10984	63.470066	-22.405869	-282.6406	25.869566	-36.673183	0.00013860839	-36.6698	-36.673195	11400	9.298324e-08	9643.659	-0.03191922	-70.56543	0.009323653	0.0	9.503371238708496
19	-142.89867	172.91745	-37.80827	-856.84106	24.875	-37.150715	0.092736855	-34.88103	-37.15451	12000	-4.45048e-08	17814.213	-0.028783532	-90.36133	0.007833008	0.0	9.916757583618164
20	-80.52081	31.500153	-45.09837	-148.86324	24.913044	-37.696896	3.8146973e-06	-37.69689	-37.69689	12600	6.11941e-08	2829.4924	-0.021684444	-26.962402	0.008955996	0.0	10.639745712280273
21	-84.01237	40.119102	-34.438	-221.05147	24.666666	-38.019688	0.0	-38.019688	-38.019688	13200	4.053116e-08	3862.5784	-0.02955655	-30.638672	0.008979978	0.0	11.133381843566895
22	-100.05105	42.80827	-43.235737	-197.61205	24.875	-38.352993	3.8146973e-06	-38.352997	-38.352997	13800	8.34465e-09	5799.0044	-0.018699491	-57.46045	0.0072085555	1.0	11.941651344299316
23	-83.47755	31.10324	-44.696903	-170.19484	24.583334	-38.815975	0.0	-38.815975	-38.815975	14400	1.4901161e-08	2949.1443	-0.022516271	-32.334717	0.009966692	0.0	12.676749467849731
24	-112.28846	157.49065	-32.94221	-866.0487	23.88	-39.184723	0.0	-39.184723	-39.184723	15000	1.4305114e-08	4106.813	-0.031627182	-31.319336	0.0071890466	0.0	13.250764608383179
25	-71.575615	31.653973	-29.889015	-133.25458	24.625	-39.54825	0.0	-39.54825	-39.54825	15600	-3.9140385e-08	1994.5961	-0.032029536	-18.097534	0.009165159	0.0	13.873788595199585
26	-135.5072	217.12779	-32.873806	-869.4544	23.32	-39.83639	3.8146973e-06	-39.836395	-39.836395	16200	-1.3510387e-08	4122.481	-0.043883227	-20.950195	0.005837076	0.0	14.501737594604492
27	-77.68816	26.241808	-40.67696	-140.51163	24.375	-40.14597	3.8146973e-06	-40.145973	-40.145973	16800	-1.1702379e-07	2051.38	-0.021835525	-25.296997	0.007456023	0.0	15.1780104637146
28	-74.40815	40.038837	-43.361145	-227.88045	24.916666	-40.493877	0.0	-40.493877	-40.493877	17400	6.477038e-08	2971.7522	-0.027286554	-24.455566	0.0075077456	0.0	15.622437953948975
29	-102.24155	153.74088	-29.428526	-845.44336	23.44	-40.845776	3.8146973e-06	-40.84578	-40.84578	18000	2.22524e-08	2610.4055	-0.034738086	-20.24292	0.0050386665	0.0	16.17332887649536
30	-70.72797	31.867708	-26.05908	-143.35986	24.291666	-41.17448	0.0	-41.17448	-41.17448	18600	3.973643e-08	1810.6604	-0.0197869	-17.584595	0.008216046	0.0	16.814395666122437
31	-78.68507	31.698711	-35.270382	-142.22845	24.625	-41.486965	3.8146973e-06	-41.48696	-41.48696	19200	2.9007595e-08	2334.6863	-0.02647634	-29.463867	0.008674218	0.0	17.26539635658264
32	-66.31732	27.292553	-34.159634	-134.942	25.086956	-41.892975	3.8146973e-06	-41.89298	-41.89298	19800	-2.682209e-08	1330.9806	-0.015824877	-14.338379	0.009416648	0.0	17.672316551208496
33	-72.74938	31.106852	-22.583052	-136.61934	24.75	-42.19427	3.8146973e-06	-42.194267	-42.194267	20400	4.321337e-08	1914.4054	-0.021277413	-22.444946	0.007903501	0.0	18.118541955947876
34	-64.442314	24.44454	-28.779099	-115.37022	25.0	-42.564213	3.8146973e-06	-42.564217	-42.564217	21000	-2.9404958e-08	1033.6232	-0.016609035	-11.955872	0.006999391	0.0	18.678083419799805
35	-66.73902	26.563652	-31.867311	-130.31264	24.75	-42.850132	3.8146973e-06	-42.85013	-42.85013	21600	-2.78155e-09	1272.3661	-0.025991779	-14.737427	0.008111083	0.0	19.064785718917847
36	-75.15502	30.61138	-24.241455	-166.93599	24.291666	-43.1647	3.8146973e-06	-43.164696	-43.164696	22200	-8.503596e-08	1826.4354	-0.016342545	-24.966064	0.0071954727	0.0	19.48096752166748
37	-61.114513	22.066936	-22.665958	-124.6034	24.916666	-43.580105	7.6293945e-06	-43.580097	-43.580097	22800	8.742014e-09	804.1542	-0.015811613	-9.646179	0.008204772	0.0	19.968308210372925
38	-79.31893	29.875896	-35.924225	-148.58151	24.583334	-43.857388	0.0	-43.857388	-43.857388	23400	6.576379e-08	2122.4268	-0.016063437	-34.69629	0.009268639	1.0	20.38099694252014
39	-61.421127	18.128593	-27.04606	-108.895355	24.916666	-44.359734	3.8146973e-06	-44.35973	-44.35973	24000	4.0332477e-08	624.8374	-0.023798501	-10.164673	0.008319605	0.0	20.857035160064697
40	-68.163574	30.393229	-29.521582	-144.84827	24.75	-44.661015	3.8146973e-06	-44.66102	-44.66102	24600	6.3975655e-08	1452.0317	-0.021763725	-17.098633	0.00822063	0.0	21.401976585388184
41	-98.400055	155.54395	-27.583195	-849.7338	23.68	-45.033276	3.8146973e-06	-45.03328	-45.03328	25200	4.7683717e-08	2209.7463	-0.032647256	-17.451904	0.0048095044	0.0	21.79178786277771
42	-76.516624	30.077326	-40.264996	-159.37918	24.25	-45.423374	3.8146973e-06	-45.423378	-45.423378	25800	6.357829e-09	1833.0946	-0.019581221	-31.7677	0.0079651745	0.0	22.292569160461426
43	-65.17161	26.384306	-19.932644	-137.11612	24.458334	-45.952026	3.8146973e-06	-45.952023	-45.952023	26400	1.5894572e-09	1038.6134	-0.011808523	-13.6102295	0.006997007	0.0	22.66667675971985
44	-65.39815	28.913277	-27.700405	-125.97552	24.833334	-46.32233	3.8146973e-06	-46.322334	-46.322334	27000	-4.053116e-08	1196.9797	-0.02610026	-13.824585	0.009085274	0.0	23.039430618286133
45	-66.00207	28.915472	-19.06213	-133.80649	24.5	-46.690136	3.8146973e-06	-46.69014	-46.69014	27600	3.218651e-08	1145.5498	-0.020995308	-13.453247	0.0071527003	1.0	23.39041543006897
46	-70.01664	24.07459	-25.26344	-111.63145	24.416666	-47.06159	0.0	-47.06159	-47.06159	28200	8.0863636e-08	1068.9536	-0.02370303	-19.956543	0.008175394	0.0	23.773040056228638
47	-66.52462	26.35123	-32.463165	-157.52977	25.391304	-47.517857	0.0	-47.517857	-47.517857	28800	-3.1391778e-08	1091.212	-0.021450765	-16.149414	0.009599261	0.0	24.205278158187866
48	-70.41763	23.857645	-36.57774	-129.383	24.666666	-47.94408	3.8146973e-06	-47.944077	-47.944077	29400	8.265177e-08	1055.57	-0.020361157	-21.556763	0.006967508	0.0	24.598456859588623
49	-58.22988	28.096926	-24.81664	-117.81835	25.173914	-48.438625	0.0	-48.438625	-48.438625	30000	0.0	871.96106	-0.023583632	-4.8826294	0.008088197	0.0	24.972014904022217
50	-74.19778	27.054272	-28.921595	-132.01335	24.875	-48.69712	3.8146973e-06	-48.697124	-48.697124	30600	1.0331472e-08	1374.764	-0.019119637	-29.165527	0.0055450876	0.0	25.469300508499146
51	-62.1144	26.645609	-30.183302	-143.64622	24.916666	-49.27914	0.0	-49.27914	-49.27914	31200	5.5631e-09	904.157	-0.023051957	-9.233643	0.0074283276	0.0	25.82105278968811
52	-54.54921	18.546366	-28.623064	-88.351616	25.0	-49.643	0.0	-49.643	-49.643	31800	3.238519e-08	370.2295	-0.017512187	-1.4401855	0.0080645	0.0	26.171881914138794
53	-53.43712	24.752798	-24.049595	-114.632515	25.217392	-49.794506	3.8146973e-06	-49.79451	-49.79451	32400	1.3113022e-08	611.31305	-0.014794992	-0.67614746	0.007677032	0.0	26.519879817962646
54	-93.4563	160.36453	-28.84687	-851.70123	24.166666	-49.894047	0.0	-49.894047	-49.894047	33000	0.0	1954.7117	-0.03500933	-7.778076	0.0042610397	0.0	26.896525382995605
55	-61.790524	20.800896	-28.415071	-90.952965	25.086956	-50.217953	0.0	-50.217953	-50.217953	33600	3.8544336e-08	544.2429	-0.029968252	-7.3204346	0.008456057	0.0	27.39654302597046
56	-60.655224	26.741894	-35.714706	-150.0988	25.086956	-50.55362	0.0	-50.55362	-50.55362	34200	1.5497207e-08	790.176	-0.024127223	-6.068115	0.008652792	0.0	27.842007160186768
57	-52.967422	22.291082	-21.788773	-107.39837	25.173914	-50.865696	7.6293945e-06	-50.865704	-50.865704	34800	-4.7683717e-08	490.8834	-0.020623919	-0.3850708	0.008248703	0.0	28.425343990325928
58	-56.745823	27.156864	-20.540564	-109.93729	25.26087	-50.960293	3.8146973e-06	-50.96029	-50.96029	35400	1.5099843e-08	740.73	-0.014816973	-1.9127197	0.008677098	0.0	29.061535835266113
59	-65.2217	25.992317	-29.332779	-110.276505	25.217392	-51.135227	3.8146973e-06	-51.13523	-51.13523	36000	7.669131e-08	861.6551	-0.019015873	-12.41449	0.008075862	0.0	29.509070873260498
60	-54.292965	26.904558	-24.043919	-126.32968	25.217392	-51.590664	3.8146973e-06	-51.59066	-51.59066	36600	-4.45048e-08	711.42554	-0.017736204	-0.6829834	0.0075196433	0.0	30.28071689605713
61	-56.08731	25.3065	-23.44902	-116.882835	25.0	-51.72791	0.0	-51.72791	-51.72791	37200	6.9538753e-09	640.4194	-0.01610573	-1.0469971	0.008130652	0.0	30.919663429260254
62	-53.011547	20.931757	-24.492525	-102.40316	25.565218	-51.86762	0.0	-51.86762	-51.86762	37800	-7.947286e-10	422.76187	-0.020658463	-0.10473633	0.009354083	0.0	31.51914405822754
63	-65.63359	32.89767	-29.579048	-158.9408	26.043478	-51.919895	3.8146973e-06	-51.9199	-51.9199	38400	4.887581e-08	1316.7444	-0.019780459	-14.794556	0.007175335	0.0	32.12334871292114
64	-53.280346	23.89078	-24.298138	-111.19318	25.565218	-52.448055	1.1444092e-05	-52.448044	-52.448044	39000	-4.7683715e-09	565.6119	-0.022287522	-0.20178223	0.008892364	0.0	32.605034828186035
65	-55.30937	22.34906	-19.459883	-105.65852	25.086956	-52.55166	3.8146973e-06	-52.551655	-52.551655	39600	2.1855036e-09	476.87756	-0.014538574	-0.4217224	0.00715173	0.0	33.10904669761658
66	-54.42213	24.770596	-20.871975	-133.00528	25.52174	-52.646366	1.1444092e-05	-52.646378	-52.646378	40200	9.536743e-09	609.64594	-0.015794119	-0.32110596	0.006907859	1.0	33.72857427597046
67	-50.008617	21.246483	-22.836164	-107.96504	25.304348	-52.73446	0.0	-52.73446	-52.73446	40800	-1.8974145e-08	452.12314	-0.018775115	-0.4675598	0.008321571	0.0	34.48291277885437
68	-57.7557	20.851583	-26.154297	-111.093056	25.217392	-52.637825	3.8146973e-06	-52.63783	-52.63783	41400	-4.172325e-09	454.82272	-0.02546715	-1.9925232	0.008939811	0.0	35.42145395278931
69	-54.044018	24.489323	-19.350931	-106.78616	25.217392	-52.84466	0.0	-52.84466	-52.84466	42000	3.1789145e-09	572.5156	-0.015220616	-0.10650635	0.009146859	0.0	36.22314119338989
70	-46.9047	16.286219	-21.168062	-93.24625	25.47826	-52.910526	3.8146973e-06	-52.91053	-52.91053	42600	-7.152557e-09	295.07834	-0.016193908	-3.073578	0.0076200836	0.0	37.339475870132446
71	-61.838825	25.201391	-20.628878	-118.524216	25.217392	-52.63702	0.0	-52.63702	-52.63702	43200	0.0	690.75885	-0.014343118	-7.0094604	0.0087902555	0.0	37.89903283119202
72	-51.74508	20.523241	-20.792118	-103.82425	25.304348	-53.04495	3.8146973e-06	-53.044945	-53.044945	43800	-1.11262e-08	416.0006	-0.012304726	-0.044830322	0.009662075	0.0	38.374377727508545
73	-47.059635	15.604467	-24.855383	-88.79196	25.130434	-53.028202	0.0	-53.028202	-53.028202	44400	3.9339067e-08	270.94037	-0.023604019	-3.8263855	0.0069159283	0.0	38.88753938674927
74	-57.298637	22.548712	-25.786879	-114.11332	25.130434	-52.696987	3.8146973e-06	-52.69699	-52.69699	45000	-1.3113022e-08	513.69666	-0.015836092	-1.7005615	0.006295809	0.0	39.4021110534668
75	-53.688236	23.685394	-24.758442	-106.90357	25.47826	-52.90012	3.8146973e-06	-52.900124	-52.900124	45600	3.0994414e-08	567.2519	-0.01878038	-0.26220703	0.008217759	0.0	40.02922749519348
76	-54.41888	22.034306	-23.690804	-103.7419	25.26087	-53.00549	1.1444092e-05	-53.005478	-53.005478	46200	-3.1789145e-09	482.20886	-0.014422719	-0.34197998	0.008600045	0.0	40.68389821052551
77	-54.057564	16.396769	-25.183426	-87.091965	25.217392	-53.113888	1.1444092e-05	-53.113876	-53.113876	46800	-6.9538753e-09	261.83475	-0.009072806	-0.07647705	0.0074006654	0.0	41.16892385482788
78	-53.79586	21.22937	-24.786251	-104.41728	25.304348	-53.170403	3.8146973e-06	-53.1704	-53.1704	47400	-1.291434e-08	438.01547	-0.008532545	-0.057495117	0.0072094193	0.0	41.55540728569031
79	-54.480865	26.065594	-18.513317	-125.07312	26.0	-53.217445	3.8146973e-06	-53.21745	-53.21745	48000	9.735425e-09	688.4465	-0.015992729	-0.30926514	0.0075850184	0.0	41.931368350982666
80	-46.400066	18.626074	-23.045341	-85.00111	25.391304	-53.32479	0.0	-53.32479	-53.32479	48600	-4.9273172e-08	382.79852	-0.023859095	-6.627899	0.008357719	0.0	42.470375061035156
81	-52.999783	21.624332	-24.999645	-96.56079	25.391304	-52.83636	3.8146973e-06	-52.836357	-52.836357	49200	2.8212865e-08	446.68073	-0.01803848	0.0057373047	0.007031695	0.0	42.82821464538574
82	-43.988598	13.5924225	-24.22206	-79.418396	25.52174	-52.77914	3.8146973e-06	-52.779137	-52.779137	49800	4.708767e-08	256.216	-0.020932747	-11.331528	0.0067602834	0.0	43.20417261123657
83	-57.596615	20.625418	-21.115534	-119.97772	25.869566	-52.107	3.8146973e-06	-52.107002	-52.107002	50400	4.967054e-09	453.66843	-0.024546986	-3.8980713	0.008850938	0.0	43.621015548706055
84	-76.70803	158.9864	-21.640938	-832.67474	24.5	-52.470394	0.0	-52.470394	-52.470394	51000	1.2715658e-08	1531.3079	-0.03615207	-7.685425	0.005644371	0.0	43.990299463272095
85	-44.15661	15.196222	-19.997585	-76.25439	25.434782	-51.921394	3.8146973e-06	-51.92139	-51.92139	51600	1.5993914e-08	281.59598	-0.01795197	-9.933563	0.008212824	0.0	44.34163951873779
86	-59.983246	24.732134	-24.138992	-113.24248	25.304348	-51.217403	3.8146973e-06	-51.2174	-51.2174	52200	2.1060307e-08	646.943	-0.021331389	-10.12384	0.009029107	0.0	44.69114971160889
87	-54.6408	22.662708	-22.71315	-107.24396	25.26087	-51.86631	3.8146973e-06	-51.866314	-51.866314	52800	-7.152557e-09	490.4415	-0.023791159	-1.276825	0.009892978	0.0	45.05634784698486
88	-52.63775	21.801126	-22.324598	-95.63195	25.826086	-52.16177	3.8146973e-06	-52.161766	-52.161766	53400	-4.4107438e-08	479.68494	-0.025518723	-0.20483398	0.008164346	0.0	45.410141706466675
89	-48.547256	22.696636	-21.470533	-109.576904	26.227272	-52.276123	0.0	-52.276123	-52.276123	54000	1.5894573e-08	508.9761	-0.013210087	-2.17807	0.0072620646	0.0	45.77858066558838
90	-48.71825	22.5704	-17.714054	-107.061844	25.652174	-51.94397	0.0	-51.94397	-51.94397	54600	1.39077505e-08	516.91724	-0.022118708	-1.6262207	0.008278214	0.0	46.295222997665405
91	-54.038136	30.57422	-20.845726	-122.2732	25.304348	-51.625546	0.0	-51.625546	-51.625546	55200	-9.497007e-08	897.2547	-0.018583726	-0.7150879	0.007616315	0.0	46.65284037590027
92	-44.53346	18.017426	-21.81144	-107.357925	25.434782	-51.811134	0.0	-51.811134	-51.811134	55800	3.417333e-08	381.41818	-0.0142489495	-9.524078	0.009241786	0.0	47.00455832481384
93	-57.058765	20.434605	-22.141624	-91.57519	25.391304	-51.075645	3.8146973e-06	-51.07564	-51.07564	56400	2.22524e-08	437.42725	-0.01740191	-5.834076	0.009320337	0.0	47.37039375305176
94	-54.004925	24.780205	-21.574692	-102.836975	25.565218	-51.629295	0.0	-51.629295	-51.629295	57000	-5.5631e-09	609.1217	-0.012819895	-1.5601196	0.007918614	0.0	47.71840214729309
95	-48.26295	13.961687	-23.73597	-77.70687	25.695652	-51.983913	3.8146973e-06	-51.98391	-51.98391	57600	7.947286e-10	203.56383	-0.014112534	-2.88768	0.0074700834	0.0	48.08169341087341
96	-51.9028	17.104496	-26.998098	-94.027725	25.47826	-51.563053	3.8146973e-06	-51.563057	-51.563057	58200	5.3644182e-09	282.98376	-0.011204755	0.005126953	0.007686758	0.0	48.436644315719604
97	-57.31748	26.495543	-20.80379	-130.05524	25.956522	-51.555454	0.0	-51.555454	-51.555454	58800	3.0199686e-08	751.9772	-0.025267491	-9.705383	0.008558624	0.0	48.780519008636475
98	-43.690792	21.601595	-18.986115	-111.29421	25.608696	-52.39008	0.0	-52.39008	-52.39008	59400	-3.0795732e-08	528.79895	-0.013224317	-17.899994	0.0066984342	1.0	49.15152716636658
99	-56.431248	19.399452	-20.131922	-83.43122	25.565218	-51.288338	7.6293945e-06	-51.288345	-51.288345	60000	-2.404054e-08	393.9566	-0.010856576	-5.78067	0.009792652	0.0	49.502010345458984
100	-44.562057	19.077545	-18.647936	-105.97741	24.958334	-51.887054	0.0	-51.887054	-51.887054	60600	5.90086e-08	411.6038	-0.03155832	-15.109558	0.009306634	0.0	50.02221369743347
101	-56.37845	24.53656	-23.056334	-115.64928	25.217392	-50.837673	7.6293945e-06	-50.837666	-50.837666	61200	-1.5894573e-08	595.0419	-0.015106414	-5.7419434	0.008449863	0.0	50.37071108818054
102	-80.1521	165.28412	-18.524971	-866.6095	24.791666	-51.460484	3.8146973e-06	-51.460487	-51.460487	61800	-3.33786e-08	1582.6731	-0.037511367	-3.848877	0.0024338039	0.0	50.735499143600464
103	-46.48144	20.021866	-21.128525	-107.84043	25.695652	-50.93103	0.0	-50.93103	-50.93103	62400	1.8874804e-08	415.74197	-0.017757168	-5.713196	0.00848855	0.0	51.09507083892822
104	-43.439594	16.795265	-19.328547	-84.39225	25.47826	-50.187057	0.0	-50.187057	-50.187057	63000	-8.543332e-09	324.31757	-0.013902637	-14.034424	0.009250438	0.0	51.45533323287964
105	-44.825397	22.661722	-23.556139	-129.02519	25.434782	-49.020027	3.8146973e-06	-49.02003	-49.02003	63600	5.821387e-08	503.70395	-0.023567872	-6.2434387	0.008699834	0.0	51.808945417404175
106	-48.573746	16.362442	-23.596584	-84.85759	25.869566	-48.191315	0.0	-48.191315	-48.191315	64200	3.218651e-08	266.0575	-0.015555542	-0.019744873	0.008394813	0.0	52.1705002784729
107	-41.318573	19.738823	-20.332972	-94.85873	25.695652	-48.211327	0.0	-48.211327	-48.211327	64800	1.9868216e-08	440.8748	-0.022396121	-14.349426	0.009648586	0.0	52.52857255935669
108	-55.434452	29.381472	-22.915638	-128.26596	25.391304	-47.011448	0.0	-47.011448	-47.011448	65400	5.8412553e-08	882.2572	-0.031935744	-19.048706	0.009057109	0.0	52.87032127380371
109	-41.569595	16.68046	-20.903004	-91.89962	25.347826	-48.355293	3.8146973e-06	-48.355297	-48.355297	66000	3.4968057e-08	319.60406	-0.015616637	-12.901672	0.007730133	0.0	53.23254132270813
110	-43.875153	17.653605	-18.839138	-95.67415	25.913044	-47.258007	3.8146973e-06	-47.25801	-47.25801	66600	3.417333e-08	322.66415	-0.016581228	-4.5639343	0.009453633	0.0	53.76191854476929
111	-49.393383	21.95017	-21.224024	-96.48377	25.652174	-46.475956	3.8146973e-06	-46.47596	-46.47596	67200	1.6490619e-08	476.45532	-0.01451748	-2.7071533	0.009755333	0.0	54.120033979415894
112	-52.888794	18.779743	-24.141834	-99.866104	25.26087	-47.001186	3.8146973e-06	-47.001183	-47.001183	67800	-2.1855037e-08	370.8138	-0.009341996	-12.439026	0.008665888	0.0	54.48961687088013
113	-45.587006	13.531302	-26.774017	-73.95725	25.782608	-48.24918	0.0	-48.24918	-48.24918	68400	-2.1855036e-09	185.6322	-0.0129168425	-2.4952087	0.0089124525	0.0	54.845927476882935
114	-50.897118	15.629937	-22.232504	-74.046684	25.608696	-47.7532	3.8146973e-06	-47.753197	-47.753197	69000	-1.7484028e-08	250.62666	-0.008798938	-3.8773956	0.007180701	0.0	55.20336031913757
115	-48.58317	17.463655	-24.931786	-85.282875	25.652174	-48.424595	3.8146973e-06	-48.42459	-48.42459	69600	4.7683715e-09	303.60297	-0.025208216	-0.09817505	0.009772399	0.0	55.58955717086792
116	-49.161446	18.146221	-24.534435	-96.93919	25.52174	-48.58373	3.8146973e-06	-48.583725	-48.583725	70200	9.536743e-09	319.00467	-0.019956734	-0.06011963	0.009690181	0.0	55.94190859794617
117	-43.622223	12.408883	-21.548805	-69.86343	25.652174	-48.678715	0.0	-48.678715	-48.678715	70800	-7.152557e-09	176.96107	-0.012990027	-9.88237	0.006616993	0.0	56.3014862537384
118	-45.786606	18.423336	-23.779179	-100.74701	25.695652	-47.493504	3.8146973e-06	-47.493507	-47.493507	71400	-3.6557516e-08	347.66412	-0.0180332	-0.9251709	0.0092357835	0.0	56.65587544441223
119	-47.563778	19.24927	-24.249876	-110.96394	25.217392	-47.05826	3.8146973e-06	-47.058266	-47.058266	72000	-1.66893e-08	350.01718	-0.019617816	-0.021209717	0.009995673	0.0	57.011069774627686
120	-46.532173	17.446098	-24.75542	-101.01719	25.52174	-47.10291	7.6293945e-06	-47.102917	-47.102917	72600	-4.5696893e-08	289.8853	-0.018422624	-0.26556396	0.00934005	0.0	57.54229474067688
121	-48.181747	19.516615	-24.160332	-100.30536	25.826086	-46.900013	3.8146973e-06	-46.90001	-46.90001	73200	1.0331472e-08	384.18936	-0.017022442	-1.0960083	0.008242005	0.0	57.91964268684387
122	-50.146923	18.52554	-22.184572	-87.30911	25.304348	-47.318424	7.6293945e-06	-47.31843	-47.31843	73800	-2.1606684e-08	338.07733	-0.01987015	-3.7608643	0.009671587	0.0	58.270822048187256
123	-45.766357	20.059456	-18.032137	-88.20906	25.913044	-48.148853	3.8146973e-06	-48.14885	-48.14885	74400	-1.4702479e-08	407.05237	-0.021235408	-2.2277832	0.009468146	0.0	58.625454902648926
124	-50.486748	23.09296	-23.569721	-104.97984	25.73913	-47.55035	3.8146973e-06	-47.550346	-47.550346	75000	-1.11262e-08	538.5016	-0.019014895	-4.713745	0.007036398	1.0	59.017239570617676
125	-38.18289	9.248094	-22.318237	-57.243767	25.608696	-48.45776	3.8146973e-06	-48.457756	-48.457756	75600	4.371007e-09	185.82323	-0.01934642	-51.84883	0.00595427	0.0	59.36903214454651
126	-43.273296	13.846013	-21.395311	-80.29001	25.565218	-45.400787	3.8146973e-06	-45.40079	-45.40079	76200	-1.7484028e-08	191.37657	-0.01771285	-2.9234009	0.007124783	0.0	59.772727966308594
127	-47.518867	19.11627	-23.572847	-104.72084	25.826086	-44.502922	3.8146973e-06	-44.50292	-44.50292	76800	-1.7881393e-09	371.109	-0.0155914	-5.11615	0.007427419	0.0	60.150086641311646
128	-46.931534	15.60137	-27.050865	-99.51583	25.434782	-45.475895	0.0	-45.475895	-45.475895	77400	2.1855036e-09	250.5612	-0.010803076	-1.4338837	0.007916776	0.0	60.51651954650879
129	-36.440357	16.516413	-19.344473	-96.361465	25.565218	-46.06287	7.6293945e-06	-46.062878	-46.062878	78000	-1.1920929e-09	354.26804	-0.014696822	-49.0636	0.0069064284	1.0	60.87494874000549
130	-46.049114	18.557522	-22.628435	-92.06876	25.782608	-42.94628	3.8146973e-06	-42.946278	-42.946278	78600	1.4702479e-08	356.4699	-0.007498331	-4.435028	0.007597958	0.0	61.414560317993164
131	-52.22063	22.945927	-22.773058	-102.15511	25.913044	-43.76465	0.0	-43.76465	-43.76465	79200	-3.6557516e-08	601.6582	-0.025065878	-43.01422	0.00913624	0.0	61.75446534156799
132	-39.75398	14.098921	-19.838408	-65.69946	25.652174	-46.765102	0.0	-46.765102	-46.765102	79800	-7.78834e-08	241.8928	-0.01250063	-24.341537	0.0068936	1.0	62.21325325965881
133	-46.96719	15.503784	-23.187212	-83.43004	25.913044	-44.677414	0.0	-44.677414	-44.677414	80400	-1.1920929e-09	243.27122	-0.013415165	-2.5637207	0.0067277653	0.0	62.778209924697876
134	-43.078247	13.225344	-22.609682	-71.57791	25.956522	-45.303993	3.8146973e-06	-45.303997	-45.303997	81000	2.22524e-08	179.36742	-0.018772846	-2.4251862	0.007418941	0.0	63.41135382652283
135	-42.059196	18.46359	-21.981262	-98.50732	25.695652	-44.624413	3.8146973e-06	-44.624416	-44.624416	81600	5.3644182e-09	337.23917	-0.018705085	-3.8859253	0.007913688	0.0	63.97955322265625
136	-51.523098	16.169697	-20.854301	-82.433395	26.545454	-43.664314	3.8146973e-06	-43.664318	-43.664318	82200	-9.139379e-09	315.80304	-0.021255141	-35.839752	0.009474266	0.0	64.49889945983887
137	-42.35739	14.502385	-17.023071	-75.84157	25.869566	-46.4381	3.8146973e-06	-46.438095	-46.438095	82800	5.8809917e-08	226.77579	-0.013239768	-8.027664	0.008275692	0.0	65.01723408699036
138	-38.536503	14.339771	-20.926365	-78.8525	25.608696	-45.217674	3.8146973e-06	-45.217678	-45.217678	83400	5.3644182e-09	246.92699	-0.011367226	-26.133911	0.009026514	0.0	65.44537687301636
139	-43.122116	16.037376	-19.195616	-74.693306	25.695652	-42.72892	3.8146973e-06	-42.728924	-42.728924	84000	2.582868e-09	251.13686	-0.022725265	0.0135650635	0.008466013	0.0	65.83895516395569
140	-34.790928	11.238192	-19.864464	-58.664406	25.52174	-42.711517	0.0	-42.711517	-42.711517	84600	-4.8478444e-08	184.28229	-0.017321296	-36.864014	0.007441425	1.0	66.4191563129425
141	-37.62082	12.493389	-18.285873	-64.75767	25.391304	-39.805424	3.8146973e-06	-39.805428	-39.805428	85200	-4.0928523e-08	157.56244	-0.021454778	-3.1581726	0.00831925	0.0	66.78104829788208
142	-43.70856	14.875414	-24.895695	-76.45935	25.782608	-38.814877	0.0	-38.814877	-38.814877	85800	-3.7749608e-08	245.80391	-0.014985672	-14.9770355	0.007886861	0.0	67.20905470848083
143	-39.575073	20.328728	-17.863083	-84.36817	25.695652	-40.68175	0.0	-40.68175	-40.68175	86400	3.6557516e-08	404.8592	-0.019688118	-0.6824341	0.0068115043	0.0	67.60343647003174
144	-39.801807	15.062536	-18.654242	-68.31988	25.695652	-40.343258	3.8146973e-06	-40.343254	-40.343254	87000	-9.139379e-09	225.54607	-0.019528717	-0.15054321	0.0076030795	0.0	67.98411059379578
145	-40.71799	13.148678	-17.979843	-63.03273	25.73913	-40.12291	0.0	-40.12291	-40.12291	87600	-9.596348e-08	171.95847	-0.022416689	-0.23135376	0.006713314	1.0	68.34289979934692
146	-41.27455	15.549078	-20.06111	-80.87194	26.09091	-40.36545	0.0	-40.36545	-40.36545	88200	-1.6887983e-08	229.67906	-0.011237757	-0.48094177	0.0050594816	0.0	68.69967985153198
147	-39.037025	11.152377	-21.823647	-66.89416	25.652174	-40.741653	0.0	-40.741653	-40.741653	88800	1.11262e-08	124.05432	-0.02298591	-1.9622269	0.009002548	0.0	69.06675481796265
148	-71.480156	166.5135	-17.89088	-865.99994	24.583334	-40.001637	0.0	-40.001637	-40.001637	89400	1.2715658e-08	1436.3782	-0.03653457	-1.802124	0.0027403038	0.0	69.42371773719788
149	-38.2942	13.084431	-21.009897	-64.30141	25.869566	-39.237057	3.8146973e-06	-39.237053	-39.237053	90000	1.947085e-08	169.27675	-0.02195973	-0.66108704	0.009001097	0.0	69.79468584060669
150	-42.59104	11.08476	-25.206373	-65.163765	25.826086	-38.757713	0.0	-38.757713	-38.757713	90600	-1.4305114e-08	137.06812	-0.019811183	-10.848885	0.006486606	0.0	70.36441278457642
151	-42.654266	19.303995	-20.553396	-97.00824	25.695652	-40.6033	0.0	-40.6033	-40.6033	91200	-4.7683715e-09	375.27548	-0.02043827	-3.2426147	0.008155537	0.0	70.97543287277222
152	-40.218945	19.767828	-23.290874	-110.6677	25.913044	-41.70178	0.0	-41.70178	-41.70178	91800	7.073084e-08	400.74515	-0.018797653	-1.1477966	0.0074780807	1.0	71.41807913780212
153	-40.69856	17.06896	-18.294912	-80.87076	25.826086	-41.107178	0.0	-41.107178	-41.107178	92400	8.742014e-09	289.41714	-0.018419888	-0.11578369	0.008231328	2.0	71.80657911300659
154	-37.092518	11.211149	-19.942774	-66.65438	25.652174	-40.88096	3.8146973e-06	-40.880955	-40.880955	93000	4.4703484e-08	137.79762	-0.018013813	-10.691689	0.007566115	1.0	72.18684530258179
155	-34.333996	13.119276	-17.85393	-63.202393	25.565218	-38.911316	0.0	-38.911316	-38.911316	93600	6.45717e-08	189.2794	-0.020266859	-16.469086	0.009186005	1.0	72.54680967330933
156	-36.766613	12.209333	-21.42163	-63.40068	25.956522	-36.4055	0.0	-36.4055	-36.4055	94200	-1.4851491e-08	148.20692	-0.0130711775	-0.09425354	0.00832223	1.0	72.92136335372925
157	-35.52931	12.739295	-19.185835	-68.65006	25.565218	-36.53439	3.811517e-06	-36.53439	-36.534393	94800	3.5762786e-09	160.59795	-0.009514535	-0.69740295	0.008003289	0.0	73.286297082901
158	-39.612156	12.232821	-20.3117	-62.681263	25.652174	-36.025482	6.229375e-07	-36.025475	-36.025482	95400	-4.78824e-08	160.52739	-0.017209161	-10.868149	0.009498259	0.0	73.6383650302887
159	-42.944168	18.465193	-22.272009	-83.358444	25.52174	-38.078568	0.0	-38.078568	-38.078568	96000	-1.05003515e-07	351.62997	-0.023936737	-17.069519	0.008657929	0.0	74.00674557685852
160	-38.882153	13.629432	-18.267017	-73.69088	25.73913	-40.73254	1.5573437e-07	-40.732536	-40.73254	96600	-4.7683715e-09	186.57483	-0.017464528	-2.467682	0.007841174	1.0	74.5737247467041
161	-45.76172	17.904902	-21.497751	-92.58899	25.695652	-39.80481	0.0	-39.80481	-39.80481	97200	-4.4107438e-08	355.25427	-0.020192176	-29.860687	0.009217097	0.0	74.94387149810791
162	-34.999104	11.145462	-18.933912	-58.071648	25.695652	-43.192833	3.8146973e-06	-43.19283	-43.19283	97800	-2.404054e-08	188.05078	-0.017677283	-49.102966	0.0065645147	0.0	75.29981756210327
163	-41.47644	18.174744	-19.038834	-83.3237	25.913044	-39.08774	3.8146973e-06	-39.087746	-39.087746	98400	4.967054e-10	333.95428	-0.012235429	-4.479126	0.008261096	0.0	75.792311668396
164	-35.150414	10.491792	-19.96317	-55.73747	25.826086	-40.221294	0.0	-40.221294	-40.221294	99000	-6.884336e-08	134.68175	-0.017546792	-19.239662	0.0076098847	0.0	76.16842126846313
165	-33.94098	8.731964	-22.275269	-52.21855	25.608696	-37.656483	0.0	-37.656483	-37.656483	99600	-1.0331472e-08	88.82759	-0.014319354	-10.923668	0.008366639	0.0	76.52798104286194
166	-39.4129	17.003897	-21.161795	-90.92337	25.652174	-35.59192	0.0	-35.59192	-35.59192	100200	-9.377798e-08	295.4239	-0.018114798	-10.284607	0.0071329544	1.0	76.90265250205994
167	-43.243404	18.15664	-22.119057	-105.31462	25.73913	-37.46603	3.8146973e-06	-37.466034	-37.466034	100800	-1.1523564e-08	361.51108	-0.01610752	-26.512268	0.008104116	2.0	77.26503300666809
168	-34.4222	8.196762	-17.63065	-51.376514	25.913044	-40.609585	0.0	-40.609585	-40.609585	101400	-5.6127707e-09	104.13496	-0.0186291	-27.775192	0.008105609	1.0	77.6368477344513
169	-38.347134	15.056454	-21.411839	-93.63134	26.136364	-37.599827	3.8146973e-06	-37.59983	-37.59983	102000	-3.973643e-08	221.80464	-0.016368706	-0.3564148	0.005873282	0.0	78.00812458992004
170	-32.350136	8.427086	-18.299677	-54.51868	25.608696	-37.8636	0.0	-37.8636	-37.8636	102600	-5.284945e-08	99.86906	-0.013649793	-22.381714	0.00819973	0.0	78.56077766418457
171	-33.387104	9.968227	-17.58895	-49.413635	25.52174	-35.078857	0.0	-35.078857	-35.078857	103200	-1.9868216e-09	100.118454	-0.016060071	-2.2012482	0.009067467	0.0	78.91869711875916
172	-30.355246	7.8972306	-18.750744	-50.660698	25.73913	-34.095913	3.8146973e-06	-34.095917	-34.095917	103800	-4.967054e-09	75.394875	-0.017815797	-10.377823	0.0061695147	0.0	79.29383206367493
173	-34.88209	12.355399	-17.173159	-59.617184	25.782608	-32.125477	0.0	-32.125477	-32.125477	104400	3.89417e-08	157.14839	-0.012551133	-5.654312	0.008714606	1.0	79.65460276603699
174	-33.889786	10.021381	-19.389729	-60.07055	25.47826	-33.520237	3.8146973e-06	-33.52024	-33.52024	105000	2.0662943e-08	98.03193	-0.019471163	-0.16279602	0.00831361	0.0	80.02258920669556
175	-36.571224	14.188019	-19.76299	-75.45323	25.608696	-33.82364	3.8146973e-06	-33.823643	-33.823643	105600	2.7219455e-08	207.24693	-0.030008707	-6.3268127	0.009748454	0.0	80.39713668823242
176	-35.436047	11.674103	-17.860806	-64.03837	25.565218	-35.41248	3.8146973e-06	-35.412483	-35.412483	106200	-4.8677125e-09	133.15378	-0.024047162	0.0018005371	0.009897622	0.0	80.74941873550415
177	-31.387894	7.230043	-19.432417	-44.645153	25.695652	-35.493073	7.6293945e-06	-35.49308	-35.49308	106800	-5.0465268e-08	68.76748	-0.007707325	-13.773117	0.0065462124	0.0	81.13889384269714
178	-30.473225	9.604886	-17.951149	-55.33183	25.608696	-33.10011	3.8146973e-06	-33.100113	-33.100113	107400	1.8278758e-08	98.23099	-0.011692791	-5.4565887	0.008507447	0.0	81.51007890701294
179	-34.949825	7.0842867	-22.677334	-45.9008	25.565218	-31.515123	1.9073486e-06	-31.515125	-31.515125	108000	-1.9073486e-08	60.781746	-0.012680903	-9.621876	0.006756976	0.0	81.8647952079773
180	-36.06643	9.957393	-17.639961	-56.579975	25.73913	-33.508633	0.0	-33.508633	-33.508633	108600	4.649162e-08	105.245415	-0.01135644	-5.5673447	0.0071828985	0.0	82.41115474700928
181	-34.878532	10.057485	-17.873823	-57.221355	25.652174	-35.124863	0.0	-35.124863	-35.124863	109200	1.6291937e-08	98.697136	-0.010226949	-0.048942566	0.009172864	2.0	82.76442503929138
182	-35.690845	8.799557	-23.233486	-58.986534	25.695652	-35.008244	3.8146973e-06	-35.008247	-35.008247	109800	-1.07288365e-08	76.58207	-0.01195812	-0.36749268	0.009355044	0.0	83.13876581192017
183	-33.556786	9.111823	-17.398464	-48.44262	25.565218	-35.417507	3.8146973e-06	-35.417503	-35.417503	110400	-3.4570693e-08	84.2844	-0.003523003	-2.7448044	0.008151397	2.0	83.51306509971619
184	-35.111454	8.588647	-18.920313	-53.274063	25.391304	-34.274662	0.0	-34.274662	-34.274662	111000	7.947286e-10	72.015	-0.013359115	-0.5900879	0.007893987	1.0	83.89625287055969
185	-36.02816	9.043945	-21.045382	-51.08382	25.434782	-34.79239	3.8146973e-06	-34.792393	-34.792393	111600	-1.2596448e-07	81.09764	-0.007114472	-1.3092117	0.003082208	0.0	84.29067587852478
186	-36.100346	9.692671	-20.9059	-62.536438	25.652174	-35.629665	0.0	-35.629665	-35.629665	112200	-6.7055224e-09	92.67841	-0.014889319	-0.2142868	0.0076355585	0.0	84.66257286071777
187	-32.76675	8.206134	-20.24201	-52.465683	25.782608	-35.98524	0.0	-35.98524	-35.98524	112800	-3.7352244e-08	76.88346	-0.024749435	-9.391937	0.008866909	0.0	85.16507911682129
188	-34.781944	10.186599	-20.692104	-56.408226	25.869566	-33.732876	0.0	-33.732876	-33.732876	113400	6.477038e-08	103.670525	-0.015905475	-0.9157562	0.009470321	0.0	85.60704565048218
189	-36.95045	11.233088	-18.185585	-56.15346	25.695652	-34.405453	0.0	-34.405453	-34.405453	114000	-9.735425e-09	131.00801	-0.011238606	-6.053299	0.0044239564	0.0	85.98651576042175
190	-32.213757	8.009262	-18.92386	-46.62746	25.52174	-36.273834	0.0	-36.273834	-36.273834	114600	-7.3512396e-09	78.63057	-0.013192497	-14.496887	0.007913043	0.0	86.57596158981323
191	-31.117973	10.204875	-19.12825	-63.612698	25.52174	-33.457905	0.0	-33.457905	-33.457905	115200	-2.3444494e-08	107.89388	-0.024014045	-4.8146896	0.008443502	0.0	86.94042468070984
192	-37.294407	7.7597017	-22.042898	-53.125664	25.826086	-31.754316	0.0	-31.754316	-31.754316	115800	-3.6160152e-08	91.35328	-0.018136932	-27.977654	0.009216439	0.0	87.30884552001953
193	-32.098732	7.5263934	-20.791456	-47.833004	25.565218	-35.60679	3.8146973e-06	-35.606792	-35.606792	116400	4.45048e-08	66.88534	-0.01055502	-10.050968	0.0043729106	0.0	87.6720323562622
194	-31.193447	7.8187776	-19.30702	-49.89383	25.565218	-33.38028	7.6293945e-06	-33.380287	-33.380287	117000	-2.9802323e-09	64.75185	-0.0048957765	-4.1831856	0.007634031	0.0	88.03899455070496
195	-34.1426	7.1751065	-24.205914	-47.41847	25.652174	-31.831728	5.722046e-06	-31.831734	-31.831734	117600	1.0530154e-07	56.062775	-0.010123464	-4.681389	0.007393721	1.0	88.43665814399719
196	-29.211067	8.472951	-17.869598	-46.675213	25.695652	-33.40601	0.0	-33.40601	-33.40601	118200	-1.1424223e-07	88.21776	-0.015721738	-15.13092	0.0059901983	0.0	88.80146193504333
197	-29.328465	5.8416843	-17.287298	-40.25603	25.695652	-30.579847	1.9073486e-06	-30.57985	-30.57985	118800	-4.8677126e-08	34.91353	-0.0015762991	-1.3134842	0.0018130173	4.0	89.16149520874023
198	-32.754913	6.938457	-22.683966	-46.384373	25.695652	-29.67146	3.8146973e-06	-29.671463	-29.671463	119400	1.2000402e-07	57.161434	-0.011482847	-8.374931	0.0051936903	0.0	89.52244830131531
199	-31.304775	8.029672	-20.789932	-48.286964	25.73913	-31.819004	3.8146973e-06	-31.819008	-31.819008	120000	5.165736e-09	64.06904	-0.016348159	-0.23661804	0.008866625	0.0	89.88034701347351
200	-33.628223	9.229925	-16.83559	-51.491493	25.565218	-31.488152	1.9073486e-06	-31.48815	-31.48815	120600	-2.9404958e-08	88.031784	-0.00794752	-4.1488953	0.0075568086	0.0	90.4556074142456
201	-31.398214	8.683905	-20.478687	-54.144608	25.826086	-33.038685	0.0	-33.038685	-33.038685	121200	4.371007e-09	78.43497	-0.010859535	-2.4232635	0.0037515506	0.0	90.81374192237854
202	-32.36559	7.8157935	-20.967516	-53.263397	25.695652	-31.85834	1.9073486e-06	-31.858337	-31.858337	121800	-3.7749608e-08	60.442272	-0.010995435	-0.21881485	0.0090900045	0.0	91.18867802619934
203	-30.180515	5.6591215	-21.333836	-42.35037	25.434782	-32.20707	3.8146973e-06	-32.207073	-32.207073	122400	-4.072984e-08	35.215794	-0.010710631	-3.5820465	0.006131746	0.0	91.5569760799408
204	-30.57834	8.110128	-18.362867	-48.5604	25.695652	-30.706615	0.0	-30.706615	-30.706615	123000	-3.884236e-08	64.85943	-0.017704595	-0.011940002	0.007747326	1.0	91.91234612464905
205	-30.133652	6.9214425	-18.855837	-48.215767	25.347826	-30.595274	5.722046e-06	-30.595268	-30.595268	123600	2.503395e-08	46.40806	-0.024418406	-0.21774673	0.005731432	1.0	92.27277326583862
206	-33.087906	8.577346	-22.437105	-51.560368	25.73913	-30.211596	0.0	-30.211596	-30.211596	124200	1.8676122e-08	82.373726	-0.0071075833	-8.489067	0.004500992	0.0	92.63082528114319
207	-29.038805	7.857332	-16.675158	-48.080925	25.52174	-32.606236	3.8146973e-06	-32.60624	-32.60624	124800	-5.6823094e-08	72.45052	-0.011779043	-11.710926	0.007492713	0.0	92.9860725402832
208	-31.152805	7.3823433	-19.837496	-48.75793	25.608696	-29.841387	0.0	-29.841387	-29.841387	125400	-4.3511392e-08	54.518223	-0.008905167	-1.4093132	0.009844198	0.0	93.34095239639282
209	-30.664583	9.5273695	-19.617027	-55.572506	25.391304	-30.784517	1.9073486e-06	-30.78452	-30.78452	126000	-1.9868216e-09	89.23211	-0.01318784	-0.014381409	0.0072194245	0.0	93.70582962036133
210	-34.075836	6.8892384	-22.526966	-46.17054	25.695652	-30.696095	1.9073486e-06	-30.696093	-30.696093	126600	6.755193e-08	57.172344	-0.028948292	-10.404636	0.009589539	0.0	94.29450249671936
211	-29.679335	8.3830185	-16.829891	-45.670574	25.695652	-33.38367	3.8146973e-06	-33.383675	-33.383675	127200	1.4305114e-08	82.62319	-0.012390288	-12.399483	0.007690823	0.0	94.64934277534485
212	-29.32177	6.4277477	-17.703444	-42.25996	25.52174	-30.510921	1.9073486e-06	-30.51092	-30.51092	127800	1.0530154e-08	41.744175	-0.009961898	-1.3199577	0.008751363	0.0	95.00919485092163
213	-29.164831	6.446085	-19.266632	-45.71279	25.695652	-29.52088	1.9073486e-06	-29.520878	-29.520878	128400	-3.4670034e-08	40.632202	-0.014081588	-0.11759186	0.006969487	1.0	95.37082147598267
214	-29.681635	7.108523	-18.739445	-47.801857	25.608696	-29.222965	0.0	-29.222965	-29.222965	129000	3.8544336e-08	49.410145	-0.017015379	-0.1494484	0.0077422215	0.0	95.76101422309875
215	-31.618237	7.200953	-21.037312	-44.032707	25.47826	-29.552464	0.0	-29.552464	-29.552464	129600	-3.3775966e-09	54.827057	-0.014065255	-3.917408	0.0081280945	0.0	96.11254453659058
216	-32.449547	6.428607	-21.369844	-46.9439	25.608696	-31.267624	0.0	-31.267624	-31.267624	130200	-4.1325887e-08	41.663605	-0.011490193	-1.158741	0.0088363355	0.0	96.46298122406006
217	-33.040062	9.040171	-19.60036	-55.869446	25.826086	-32.223156	3.8146973e-06	-32.22316	-32.22316	130800	1.2715658e-08	81.861694	-0.026007175	-0.6806259	0.008998114	0.0	96.83819484710693
218	-31.28736	8.887865	-20.772667	-49.86177	25.695652	-32.960827	3.8146973e-06	-32.96083	-32.96083	131400	3.973643e-08	80.33452	-0.019670356	-2.7416306	0.0075792028	0.0	97.19550013542175
219	-29.93457	6.8431644	-19.649822	-43.39372	25.695652	-31.484024	3.8146973e-06	-31.48402	-31.48402	132000	-1.5695889e-08	48.430088	-0.015235844	-2.5018272	0.009149535	0.0	97.56203722953796
220	-29.680391	8.381974	-17.927553	-46.15153	25.52174	-30.048763	3.8146973e-06	-30.04876	-30.04876	132600	-3.6557516e-08	68.59173	-0.02194437	-0.20115662	0.008192102	0.0	98.1659095287323
221	-31.398525	9.877476	-17.864336	-53.14427	25.565218	-29.632265	1.9073486e-06	-29.632267	-29.632267	133200	-6.417434e-08	98.09687	-0.018582044	-2.7672043	0.006791191	1.0	98.53248858451843
222	-27.793234	6.2376027	-17.488268	-41.17385	25.47826	-31.161087	1.9073486e-06	-31.161089	-31.161089	133800	5.5631e-09	49.178326	-0.009325865	-10.792316	0.0077747228	0.0	98.8993079662323
223	-30.723736	7.317215	-19.515135	-45.3085	25.608696	-28.17824	1.9073486e-06	-28.178238	-28.178238	134400	1.4503797e-08	58.701183	-0.023323739	-6.0477715	0.009811338	0.0	99.2581205368042
224	-31.088251	6.7948594	-16.793415	-47.761818	25.652174	-30.393858	3.8146973e-06	-30.393854	-30.393854	135000	1.9371509e-08	45.637474	-0.015107766	-0.4167595	0.006255965	0.0	99.61094260215759
225	-29.851625	5.721808	-21.52933	-45.509266	25.608696	-30.997011	1.9073486e-06	-30.997013	-30.997013	135600	-4.9670536e-08	33.487453	-0.0124886	-1.2325897	0.00741467	0.0	100.03306436538696
226	-31.545593	9.116566	-19.02351	-53.810272	25.695652	-29.970808	0.0	-29.970808	-29.970808	136200	1.013279e-08	84.36256	-0.0148133505	-2.562645	0.008352751	0.0	100.46013712882996
227	-29.99481	11.746578	-17.183382	-79.72368	25.782608	-31.459167	0.0	-31.459167	-31.459167	136800	3.1789145e-09	139.2613	-0.019006977	-2.0267181	0.0067843883	1.0	100.8248975276947
228	-29.374537	6.2130895	-21.98465	-43.969845	25.826086	-30.127962	1.9073486e-06	-30.127964	-30.127964	137400	3.3775965e-08	38.6731	-0.008234652	-0.5923767	0.00489911	0.0	101.1959969997406
229	-29.169508	4.919703	-19.18683	-40.838356	25.608696	-29.394518	1.9073486e-06	-29.39452	-29.39452	138000	-2.3444494e-08	23.741753	-0.007909675	-0.03250122	0.003398501	0.0	101.63452315330505
230	-28.680561	6.5682693	-18.365229	-45.011707	25.73913	-29.220385	7.7867185e-08	-29.220383	-29.220385	138600	2.3841858e-08	42.903732	-0.0085059665	-0.30036163	0.0051216763	0.0	102.264319896698
231	-29.379143	8.024234	-21.019537	-52.135506	25.608696	-28.690014	1.9073486e-06	-28.690016	-28.690016	139200	6.556511e-09	64.16263	-0.0064782207	-0.44109726	0.0008759584	6.0	102.62733149528503
232	-29.77164	6.8236814	-20.092964	-46.647938	25.47826	-29.337246	1.9073486e-06	-29.337248	-29.337248	139800	-9.338061e-09	46.07606	-0.014608126	-0.19831848	0.009042803	0.0	102.99133634567261
233	-28.651745	5.1040897	-19.694178	-39.83115	25.73913	-29.77586	1.9073486e-06	-29.775858	-29.775858	140400	2.8411547e-08	27.100218	-0.008187146	-1.3087826	0.0076489463	0.0	103.34258818626404
234	-28.126303	4.0019407	-19.996471	-37.746983	25.52174	-28.644825	0.0	-28.644825	-28.644825	141000	2.4239222e-08	16.222385	-0.010162369	-0.25216103	0.008908866	0.0	103.73005151748657
235	-30.53262	6.709004	-17.1425	-46.575054	25.52174	-28.14442	0.0	-28.14442	-28.14442	141600	7.7486035e-08	49.21175	-0.019148747	-5.176384	0.008805556	0.0	104.10453414916992
236	-28.114368	6.0170703	-19.131178	-39.629982	25.652174	-30.404007	1.9073486e-06	-30.404009	-30.404009	142200	1.2119611e-08	40.809532	-0.009949638	-5.0947075	0.009446384	2.0	104.50156664848328
237	-27.032764	4.5751414	-17.724203	-37.3845	25.608696	-28.169056	1.9073486e-06	-28.169058	-28.169058	142800	3.2583873e-08	21.810314	-0.022689618	-1.2151108	0.0073655047	0.0	104.87636709213257
238	-31.651098	8.01035	-19.16207	-49.123646	25.695652	-27.071186	1.9073486e-06	-27.071188	-27.071188	143400	7.7486035e-09	83.53187	-0.023944998	-19.915833	0.008755743	0.0	105.24171900749207
239	-29.976522	5.588552	-20.448479	-39.158543	25.652174	-31.378515	0.0	-31.378515	-31.378515	144000	4.92235e-08	32.57138	-0.01553992	-2.0224915	0.009855865	0.0	105.60816764831543
240	-28.942648	7.292819	-19.500301	-45.829273	25.782608	-30.009838	1.9073486e-06	-30.009836	-30.009836	144600	1.07288365e-08	53.602806	-0.0030323796	-1.0913544	0.00576904	1.0	106.20905685424805
241	-30.160204	8.9647	-18.445318	-57.337013	25.52174	-28.99065	1.9073486e-06	-28.990648	-28.990648	145200	4.0928523e-08	79.3652	-0.018708628	-1.2061386	0.0094430465	0.0	106.56227540969849
242	-29.198881	6.926967	-18.437027	-47.412636	25.956522	-30.065739	0.0	-30.065739	-30.065739	145800	1.390775e-09	48.514187	-0.014820079	-0.7374344	0.008553526	0.0	106.9268901348114
243	-32.968666	6.0242543	-18.385714	-45.148106	25.869566	-29.219576	3.8146973e-06	-29.21958	-29.21958	146400	-5.761782e-09	49.737335	-0.020281835	-13.4592285	0.006344261	1.0	107.46108388900757
244	-29.7165	7.218969	-20.733978	-47.045174	25.565218	-32.77283	0.0	-32.77283	-32.77283	147000	2.22524e-08	60.29052	-0.017335303	-9.386879	0.006079567	0.0	107.88094568252563
245	-27.41665	5.9996085	-17.718721	-45.761623	25.391304	-29.846928	0.0	-29.846928	-29.846928	147600	-2.0662943e-08	40.74838	-0.017734786	-5.8457794	0.006512723	0.0	108.25041055679321
246	-28.660412	5.871984	-18.246372	-45.88178	25.608696	-27.534245	1.9073486e-06	-27.534246	-27.534246	148200	5.4041546e-08	35.307407	-0.015569275	-1.2057228	0.0073359837	0.0	108.87587332725525
247	-29.601683	7.1323357	-19.748907	-50.947166	25.695652	-28.584505	3.8146973e-06	-28.584509	-28.584509	148800	-1.2218952e-08	50.94895	-0.014228653	-0.947155	0.009877072	0.0	109.40302038192749
248	-28.924881	6.2548084	-21.227783	-50.608013	25.695652	-29.528437	1.9073486e-06	-29.528435	-29.528435	149400	-8.453925e-08	39.152603	-0.013355992	-0.3659935	0.005642821	0.0	109.79312205314636
249	-27.044462	7.8068037	-17.411657	-43.000027	25.652174	-28.938961	3.8146973e-06	-28.938957	-28.938957	150000	-5.642573e-08	63.186264	-0.014723087	-3.5039978	0.0077204388	0.0	110.16338276863098
250	-30.560778	9.78134	-17.952839	-51.966526	25.47826	-27.107426	1.9073486e-06	-27.107428	-27.107428	150600	4.053116e-08	104.590454	-0.0127216475	-11.102043	0.009346715	1.0	110.78698658943176
251	-27.482908	6.5507917	-17.810905	-40.293797	25.565218	-30.319323	1.9073486e-06	-30.31932	-30.31932	151200	2.582868e-08	49.782776	-0.022034159	-7.776142	0.0078047817	0.0	111.15658950805664
252	-29.447447	7.7606936	-17.597105	-45.56197	25.52174	-27.65805	0.0	-27.65805	-27.65805	151800	7.092953e-08	61.901524	-0.01814663	-3.1312103	0.006887592	1.0	111.52391839027405
253	-31.105392	7.6174703	-19.743437	-51.16941	25.695652	-29.3483	1.9073486e-06	-29.348303	-29.348303	152400	-8.742014e-09	60.373013	-0.010994627	-3.1374016	0.009962583	0.0	111.89838480949402
254	-26.736923	6.284705	-17.315517	-38.60669	25.52174	-31.05472	5.722046e-06	-31.054726	-31.054726	153000	4.45048e-08	56.98434	-0.011121869	-18.168686	0.008765632	0.0	112.26755023002625
255	-29.75104	7.48791	-18.747751	-45.188114	25.782608	-27.073576	0.0	-27.073576	-27.073576	153600	3.6557516e-08	61.76018	-0.0048380583	-6.811203	0.006349978	0.0	112.62519907951355
256	-29.207548	6.2189384	-18.501762	-43.390976	25.652174	-29.480635	1.9073486e-06	-29.480633	-29.480633	154200	3.695488e-08	38.176342	-0.008344142	-0.0714798	0.009742273	0.0	112.98696827888489
257	-30.435205	7.3030605	-18.88872	-45.028587	25.565218	-29.238867	1.9073486e-06	-29.238869	-29.238869	154800	-9.934108e-09	53.441837	-0.010041363	-1.2332954	0.005005425	0.0	113.37094020843506
258	-28.742956	6.163223	-17.966171	-47.66329	25.652174	-30.287601	1.9073486e-06	-30.2876	-30.2876	155400	2.6623407e-08	40.1911	-0.016549457	-2.1842537	0.006524128	1.0	113.7464189529419
259	-27.385168	5.895008	-17.74457	-44.02821	25.826086	-28.884401	5.722046e-06	-28.884407	-28.884407	156000	3.6160152e-08	36.928684	-0.021102138	-2.3213615	0.007425278	0.0	114.10600352287292
260	-27.879444	6.309343	-17.4792	-38.79286	25.652174	-27.423796	5.722046e-06	-27.42379	-27.42379	156600	6.8147976e-08	39.20709	-0.014434412	-0.21367264	0.008382589	0.0	114.72403764724731
261	-30.161112	7.0881143	-21.673943	-52.028267	25.565218	-27.867672	1.9073486e-06	-27.86767	-27.86767	157200	-2.2848447e-08	53.376896	-0.013424411	-4.7834167	0.006666296	0.0	115.0788791179657
262	-26.057327	4.994906	-18.144028	-37.52248	26.0	-29.980534	1.9073486e-06	-29.980536	-29.980536	157800	-6.1591464e-08	40.172344	-0.0065750545	-15.191174	0.008112736	0.0	115.45065498352051
263	-28.256119	6.217035	-19.398466	-41.543835	25.869566	-26.304338	0.0	-26.304338	-26.304338	158400	3.317992e-08	42.227093	-0.015300854	-3.8688545	0.00968842	0.0	115.81980991363525
264	-26.977018	5.57489	-18.136654	-38.086067	25.652174	-28.14981	0.0	-28.14981	-28.14981	159000	9.934108e-09	31.79595	-0.015660597	-1.2574139	0.007693475	0.0	116.19429016113281
265	-28.888142	7.935179	-18.034014	-47.794075	25.73913	-27.089247	0.0	-27.089247	-27.089247	159600	-5.920728e-08	65.63038	-0.013994989	-3.2331314	0.0068582273	0.0	116.55644297599792
266	-29.72004	6.0964394	-19.028986	-39.31786	25.652174	-28.801785	0.0	-28.801785	-28.801785	160200	2.682209e-08	37.148476	-0.011970685	-0.87651825	0.0063443105	0.0	116.90710520744324
267	-26.067368	6.4666085	-18.10261	-40.407772	25.434782	-29.705553	1.9073486e-06	-29.705555	-29.705555	160800	-5.980333e-08	53.4713	-0.019767579	-12.341869	0.008878716	0.0	117.27355813980103
268	-28.204657	5.792577	-18.325836	-43.743576	25.652174	-26.380522	5.722046e-06	-26.380516	-26.380516	161400	2.1159648e-08	36.604744	-0.035119105	-3.2445183	0.009549756	0.0	117.6347963809967
269	-30.755865	6.7032776	-22.542114	-48.126083	25.52174	-28.0797	1.9041671e-06	-28.0797	-28.079702	162000	-6.357829e-09	50.233807	-0.022332799	-6.555683	0.009800283	0.0	117.99627184867859
270	-28.557198	6.906687	-18.447247	-43.04233	25.608696	-30.50439	3.8146973e-06	-30.504387	-30.504387	162600	5.165736e-09	50.640697	-0.009643763	-3.556038	0.00814211	0.0	118.62598443031311
271	-31.48988	7.9799857	-19.119186	-54.359386	25.782608	-28.72447	1.9073486e-06	-28.724468	-28.724468	163200	1.8874804e-09	70.643005	-0.022495976	-7.458851	0.009266869	0.0	118.9954559803009
272	-29.07242	6.4342675	-17.026588	-44.47649	25.391304	-31.291569	3.8146973e-06	-31.291573	-31.291573	163800	-1.8278758e-08	44.959103	-0.01364507	-4.6378403	0.006527244	1.0	119.34625291824341
273	-27.402351	6.3290987	-18.414248	-41.76257	25.565218	-29.271927	1.9073486e-06	-29.271925	-29.271925	164400	9.9738436e-08	42.745266	-0.022836195	-3.1958466	0.009837499	0.0	119.70491790771484
274	-29.025776	10.125133	-17.483513	-67.077484	25.695652	-27.57666	0.0	-27.57666	-27.57666	165000	-1.5695889e-08	106.53306	-0.008038934	-2.372673	0.005559133	1.0	120.06515526771545
275	-27.732895	5.6074677	-20.183542	-38.52235	25.52174	-29.036165	1.9073486e-06	-29.036167	-29.036167	165600	-4.520019e-08	32.560005	-0.00910856	-1.670021	0.0059538865	0.0	120.4269609451294
276	-27.270021	5.164324	-18.887287	-37.29996	25.73913	-27.803509	1.9073486e-06	-27.803507	-27.803507	166200	-3.89417e-08	26.67004	-0.009942483	-0.3068142	0.0069893138	0.0	120.792072057724
277	-27.66285	4.7166204	-18.47579	-37.715485	25.826086	-27.26643	1.9073486e-06	-27.266428	-27.266428	166800	-4.688899e-08	22.142975	-0.013739139	-0.16362572	0.009229728	0.0	121.17155456542969
278	-28.987238	6.289838	-18.482227	-44.33901	25.608696	-27.659899	1.9073486e-06	-27.6599	-27.6599	167400	1.2715658e-08	40.393982	-0.020242479	-1.6858749	0.0053637805	0.0	121.53084301948547
279	-28.933445	6.221877	-18.267307	-39.95303	25.73913	-28.932434	0.0	-28.932434	-28.932434	168000	-7.3512396e-08	38.181866	-0.007499809	-6.1035156e-05	0.009356476	0.0	121.89409685134888
280	-29.339329	6.764582	-19.721622	-47.27581	25.73913	-28.941309	1.9073486e-06	-28.941307	-28.941307	168600	3.8146972e-08	44.877045	-0.013353606	-0.10441589	0.008334461	0.0	122.5300931930542
281	-29.234251	8.005676	-17.591257	-46.88017	25.608696	-29.262722	1.9073486e-06	-29.26272	-29.26272	169200	4.251798e-08	62.77677	-0.018801976	-0.00023651123	0.0069131264	1.0	122.89157271385193
282	-27.811136	6.120023	-18.776094	-38.614986	25.695652	-29.2486	3.8146973e-06	-29.248604	-29.248604	169800	-7.847945e-08	38.832745	-0.010117752	-2.0204124	0.0073734354	0.0	123.26514196395874
283	-29.625708	8.903953	-21.112753	-54.386112	25.782608	-27.821875	0.0	-27.821875	-27.821875	170400	1.4702479e-08	79.863655	-0.023588002	-2.7706375	0.006434597	0.0	123.62671065330505
284	-29.031542	8.127582	-19.527763	-53.287548	25.869566	-29.494257	3.8146973e-06	-29.49426	-29.49426	171000	-1.7881394e-08	64.92982	-0.0106496345	-0.21993256	0.008105704	0.0	123.99521660804749
285	-30.474867	6.114656	-21.141483	-42.95731	25.73913	-29.020964	0.0	-29.020964	-29.020964	171600	1.66893e-08	38.73549	-0.013879834	-1.8830948	0.0069465083	0.0	124.35718870162964
286	-27.975641	4.9722466	-18.646606	-37.93577	25.652174	-30.408756	3.8146973e-06	-30.40876	-30.40876	172200	-1.6868114e-07	30.036238	-0.015757136	-5.8198967	0.0067760414	0.0	124.73338222503662
287	-29.677126	8.903548	-20.052534	-59.440052	25.652174	-27.97752	1.9073486e-06	-27.977518	-27.977518	172800	-1.7285346e-08	81.38561	-0.0155429635	-2.851242	0.009564153	0.0	125.11002039909363
288	-29.148693	8.241617	-17.680729	-47.995808	25.913044	-29.680079	1.9073486e-06	-29.680077	-29.680077	173400	-4.7683715e-09	68.129715	-0.026302304	-0.25924683	0.009779539	0.0	125.46204042434692
289	-29.784962	6.253794	-20.05801	-41.45949	25.608696	-29.164642	3.8146973e-06	-29.164639	-29.164639	174000	-1.3748804e-07	38.843086	-0.015324466	-0.36693954	0.007320428	0.0	125.809730052948
290	-29.076267	5.6027603	-18.994453	-40.276897	25.608696	-29.779844	3.8146973e-06	-29.77984	-29.77984	174600	-1.6192596e-08	31.40529	-0.013019167	-0.46248055	0.008769137	0.0	126.45000576972961
291	-33.8436	10.17019	-18.098526	-58.612774	25.695652	-29.087526	1.9073486e-06	-29.087528	-29.087528	175200	4.3610733e-08	123.97616	-0.012132322	-21.948212	0.009962579	0.0	126.81176471710205
292	-27.58886	7.455588	-18.31854	-49.397152	25.565218	-33.733276	7.6293945e-06	-33.73327	-33.73327	175800	-1.9073486e-08	91.193375	-0.018437773	-35.897926	0.00931578	0.0	127.17837715148926
293	-27.498842	6.134576	-18.515038	-41.08375	25.565218	-28.180025	5.722046e-06	-28.18003	-28.18003	176400	-2.3444494e-08	37.42041	-0.03061987	-0.43613434	0.009955376	0.0	127.51065301895142
294	-32.37646	7.8792315	-18.725504	-57.986675	25.52174	-27.546354	3.8146973e-06	-27.54635	-27.54635	177000	-1.6768773e-07	83.85223	-0.015358646	-22.277752	0.0068850936	0.0	127.87469291687012
295	-29.082193	5.793387	-20.174442	-42.44224	25.652174	-31.785982	3.8146973e-06	-31.785986	-31.785986	177600	2.9007595e-08	40.49071	-0.02311114	-6.9273796	0.009024596	0.0	128.2253293991089
296	-27.413383	6.0200906	-17.292269	-38.365635	25.47826	-29.465853	5.719396e-06	-29.465857	-29.465858	178200	6.1591464e-08	39.456276	-0.01677785	-3.9941635	0.006650737	1.0	128.5887484550476
297	-27.735935	6.0672383	-18.306639	-41.911705	25.565218	-27.662796	1.9073486e-06	-27.662798	-27.662798	178800	3.039837e-08	36.265717	-0.010014456	-0.010501862	0.006850661	1.0	128.95261406898499
298	-28.008402	5.3906045	-18.420769	-37.733715	25.652174	-27.74684	3.8146973e-06	-27.746836	-27.746836	179400	6.934007e-08	28.651897	-0.014514236	-0.06651306	0.0057810256	0.0	129.31762957572937
299	-29.15673	7.57086	-19.426655	-47.892	25.695652	-27.984467	1.9073486e-06	-27.984465	-27.984465	180000	8.940697e-09	56.9909	-0.011357243	-1.224987	0.009583716	0.0	129.6822545528412
300	-29.137423	7.3458023	-19.659172	-46.351456	25.608696	-29.01193	1.9073486e-06	-29.011932	-29.011932	180600	-2.8610229e-08	53.229687	-0.015733816	-0.020271301	0.008589848	0.0	130.40804386138916
301	-25.301052	4.9360433	-17.058065	-38.734783	25.826086	-29.149042	3.8146973e-06	-29.149046	-29.149046	181200	7.470449e-08	38.668877	-0.01124039	-14.25942	0.0072549838	0.0	130.78418016433716
302	-27.093012	5.2328205	-18.913912	-42.317657	25.608696	-25.667683	1.9073486e-06	-25.66768	-25.66768	181800	-1.5894573e-08	28.534151	-0.011036734	-1.9008236	0.0061423597	0.0	131.14047598838806
303	-27.173212	5.6040397	-16.988798	-35.72172	25.73913	-26.930635	1.9073486e-06	-26.930637	-26.930637	182400	-2.7219455e-08	31.196465	-0.013264204	-0.060667038	0.006442542	1.0	131.5159592628479
304	-29.323141	5.8874645	-20.329155	-43.410873	25.782608	-27.166414	5.722046e-06	-27.16642	-27.16642	183000	7.947286e-10	38.72366	-0.007867477	-4.5854836	0.006765774	0.0	131.86434864997864
305	-28.451946	6.665999	-17.415785	-38.200443	25.652174	-29.177155	3.8146973e-06	-29.177158	-29.177158	183600	4.520019e-08	44.08966	-0.013509397	-0.44836426	0.0096136695	0.0	132.24058365821838
306	-25.487257	5.7671022	-17.492186	-37.01356	25.47826	-28.548115	1.9073486e-06	-28.548113	-28.548113	184200	-1.6291937e-08	41.776512	-0.007123992	-8.985821	0.008152355	0.0	132.59735083580017
307	-29.231112	6.4479985	-18.507881	-41.62895	25.652174	-25.72655	1.9073486e-06	-25.726551	-25.726551	184800	-3.7451585e-08	53.283737	-0.009964686	-11.765377	0.0074155047	1.0	132.96646642684937
308	-27.838074	6.0824904	-18.034788	-47.693916	25.695652	-28.893425	1.9073486e-06	-28.893423	-28.893423	185400	5.5631e-09	37.27305	-0.01687864	-1.2169724	0.0087420335	0.0	133.34302020072937
309	-27.54415	3.8340542	-20.83073	-35.79285	25.652174	-27.877533	3.8146973e-06	-27.87753	-27.87753	186000	2.1457673e-08	14.492282	-0.012257418	-0.14119816	0.007884429	1.0	133.70926308631897
310	-26.917887	5.6241107	-19.19757	-46.02199	25.652174	-27.519743	1.9073486e-06	-27.519745	-27.519745	186600	-4.629294e-08	31.545885	-0.010159246	-0.28512383	0.009272104	0.0	134.36612606048584
311	-27.659552	5.9599385	-19.93688	-42.154312	25.73913	-27.010471	1.9073486e-06	-27.010473	-27.010473	187200	7.470449e-08	35.41966	-0.01076065	-0.4044304	0.0077866763	1.0	134.7195327281952
312	-29.781218	6.0840325	-17.380642	-42.60963	25.652174	-27.621029	0.0	-27.621029	-27.621029	187800	2.7219455e-08	40.549004	-0.003334451	-4.427761	0.0060148602	0.0	135.0845386981964
313	-26.610975	8.532799	-17.348148	-52.93216	25.52174	-29.647646	0.0	-29.647646	-29.647646	188400	4.7683715e-09	80.77937	-0.014799026	-8.708656	0.0065964516	0.0	135.44314050674438
314	-25.747057	6.111627	-17.900894	-39.340504	25.52174	-26.835892	0.0	-26.835892	-26.835892	189000	-3.576279e-08	37.739544	-0.013899892	-1.1404877	0.009466792	0.0	135.8331286907196
315	-28.14131	6.030867	-18.035833	-40.108807	25.695652	-25.804691	3.8146973e-06	-25.804695	-25.804695	189600	1.5894572e-09	40.79074	-0.01946652	-5.1963806	0.0075095384	0.0	136.29868936538696
316	-26.404852	5.0100403	-18.163471	-35.767715	25.782608	-27.990446	5.722046e-06	-27.99044	-27.99044	190200	3.4570693e-08	27.373308	-0.0051085455	-2.5745125	0.0094466545	0.0	136.68268728256226
317	-27.398565	5.3645453	-17.858562	-36.909492	25.782608	-26.44911	0.0	-26.44911	-26.44911	190800	5.761782e-09	29.177109	-0.01547749	-0.8365364	0.007539168	0.0	137.05812287330627
318	-27.941236	5.584153	-17.741259	-36.988514	25.652174	-27.3341	3.8146973e-06	-27.334105	-27.334105	191400	9.934108e-10	30.832119	-0.01580534	-0.3807621	0.009987529	0.0	137.4141969680786
319	-28.343792	6.5185804	-19.342693	-44.04975	25.52174	-27.938868	0.0	-27.938868	-27.938868	192000	-4.172325e-09	41.254406	-0.020105047	-0.1482048	0.008869811	0.0	137.7692186832428
320	-30.123964	6.158557	-20.767002	-42.536438	25.695652	-28.31899	0.0	-28.31899	-28.31899	192600	-1.09275184e-08	40.43142	-0.010509389	-3.1312485	0.0097609535	0.0	138.41351103782654
321	-25.920761	6.5683413	-17.56412	-37.297184	25.52174	-30.067774	1.9073486e-06	-30.067772	-30.067772	193200	-3.417333e-08	59.002968	-0.011017615	-16.316402	0.006525044	0.0	138.78495597839355
322	-26.289244	4.7623596	-18.955952	-36.399754	25.391304	-26.172686	0.0	-26.172686	-26.172686	193800	-5.6624412e-08	22.203636	-0.026802294	-0.017210007	0.009407294	0.0	139.1511993408203
323	-27.129549	5.73563	-17.101004	-41.531933	25.608696	-26.294659	1.9073486e-06	-26.294657	-26.294657	194400	-8.026759e-08	33.206264	-0.017833812	-0.69784164	0.0073798085	0.0	139.55927109718323
324	-24.429138	4.047231	-20.613194	-38.894627	25.434782	-27.112423	1.9073486e-06	-27.112421	-27.112421	195000	1.658996e-08	22.874437	-0.0075350977	-6.860716	0.0027855344	0.0	139.94792532920837
325	-26.949774	5.030858	-18.78027	-38.253685	25.565218	-24.562635	0.0	-24.562635	-24.562635	195600	1.1920929e-08	30.689909	-0.0142366765	-5.6536407	0.0071512368	0.0	140.3100130558014
326	-27.129135	6.5014806	-18.195635	-40.645264	25.73913	-26.866741	0.0	-26.866741	-26.866741	196200	-5.066395e-08	41.711407	-0.020424712	-0.07149887	0.004859851	0.0	140.6724886894226
327	-26.193127	4.8858395	-17.198849	-36.448406	25.695652	-27.131027	0.0	-27.131027	-27.131027	196800	-9.139379e-09	24.164124	-0.008642829	-0.89777565	0.0017920606	0.0	141.07447957992554
328	-27.274855	5.712294	-17.42249	-38.417915	25.565218	-26.198107	1.9073486e-06	-26.198109	-26.198109	197400	-1.8874804e-08	33.22389	-0.013180558	-1.2948589	0.007273259	0.0	141.58258366584778
329	-26.673914	5.430606	-18.844479	-40.064957	25.695652	-27.32397	1.9073486e-06	-27.323973	-27.323973	198000	-7.390976e-08	29.565079	-0.015820226	-0.43195343	0.009396796	0.0	142.00962734222412
330	-28.041594	7.454455	-17.644184	-41.129414	25.652174	-26.669796	1.9073486e-06	-26.669798	-26.669798	198600	3.774961e-09	56.556667	-0.012350907	-1.8458138	0.008253905	0.0	142.69831466674805
331	-28.145563	5.073615	-19.402632	-38.053734	25.695652	-28.027325	0.0	-28.027325	-28.027325	199200	3.536542e-08	25.359663	-0.021440595	-0.019174576	0.0092910575	0.0	143.06092524528503
332	-27.348557	4.1346965	-19.673794	-34.41557	25.434782	-28.166744	3.8146973e-06	-28.16674	-28.16674	199800	4.8677126e-08	17.384579	-0.012945831	-0.6651478	0.007410337	0.0	143.4327733516693
333	-27.372574	5.1879497	-19.009487	-38.786423	25.73913	-27.343718	1.9073486e-06	-27.34372	-27.34372	200400	-5.8809917e-08	26.41179	-0.011205932	-1.9073486e-05	0.006851217	0.0	143.7991921901703
334	-27.989677	5.482171	-19.996202	-40.69027	25.695652	-27.348204	3.8146973e-06	-27.3482	-27.3482	201000	-3.774961e-09	29.71987	-0.0038382711	-0.35813713	0.0072685275	0.0	144.16130709648132
335	-25.144817	4.9172893	-17.893713	-34.64484	25.869566	-27.956451	1.9073486e-06	-27.956453	-27.956453	201600	6.357829e-09	31.802767	-0.010400064	-7.6130714	0.008817477	0.0	144.51032757759094
336	-27.73637	5.845415	-17.920536	-41.909424	25.73913	-25.16665	1.9073486e-06	-25.166649	-25.166649	202200	-1.3669332e-07	39.668346	-0.023866188	-6.101074	0.008499532	0.0	144.88486576080322
337	-26.529736	5.6022506	-18.46826	-39.592613	25.565218	-27.65407	1.9073486e-06	-27.654068	-27.654068	202800	-2.9802323e-09	31.935873	-0.018841434	-1.2584934	0.0072632073	1.0	145.27698683738708
338	-30.880756	6.6085324	-19.267406	-44.537506	25.52174	-26.521282	1.9073486e-06	-26.521284	-26.521284	203400	6.1591464e-08	61.49404	-0.014491658	-18.034561	0.008452558	0.0	145.65680480003357
339	-27.197306	5.5008273	-19.26485	-37.74782	25.695652	-30.708675	0.0	-30.708675	-30.708675	204000	1.39077505e-08	42.335495	-0.00790725	-12.109163	0.009747721	0.0	146.01630854606628
340	-25.90553	5.512927	-18.508022	-42.023792	25.73913	-27.34218	0.0	-27.34218	-27.34218	204600	4.053116e-08	31.787859	-0.012123537	-2.0437737	0.005903753	0.0	146.66025042533875
341	-28.179419	6.7315874	-17.423162	-41.44693	25.565218	-25.94826	1.9073486e-06	-25.948261	-25.948261	205200	3.8544336e-08	49.008244	-0.016295495	-4.6103516	0.0068453597	1.0	147.02461075782776
342	-27.182745	5.758208	-17.505003	-37.813683	25.652174	-28.03265	0.0	-28.03265	-28.03265	205800	-9.596348e-08	33.27944	-0.017633244	-0.69488907	0.006964875	0.0	147.37556505203247
343	-26.732414	5.739323	-18.133009	-38.918972	25.52174	-27.219633	0.0	-27.219633	-27.219633	206400	1.0331472e-08	32.457577	-0.013233621	-0.27975845	0.0061988654	0.0	147.7440893650055
344	-24.760008	5.0300174	-18.613962	-39.798443	25.434782	-26.697527	0.0	-26.697527	-26.697527	207000	-9.616216e-08	28.3186	-0.008397909	-3.7074852	0.008084066	0.0	148.09869360923767
345	-27.614588	6.041318	-17.376984	-41.055565	25.695652	-24.79738	1.9073486e-06	-24.797379	-24.797379	207600	1.9868216e-09	43.74465	-0.017367944	-7.528393	0.009058235	0.0	148.46538186073303
346	-28.64559	5.9173098	-18.675137	-38.19672	25.608696	-27.484636	1.9073486e-06	-27.484634	-27.484634	208200	-8.106232e-08	36.15291	-0.008192263	-1.2886429	0.007098507	0.0	148.81518292427063
347	-27.094902	6.9811034	-16.667805	-44.715717	25.652174	-28.604677	1.9073486e-06	-28.60468	-28.60468	208800	-2.3444494e-08	50.274258	-0.019602073	-2.2838783	0.006782587	0.0	149.1752667427063
348	-27.912327	4.9480133	-19.933477	-40.219738	25.52174	-27.112093	1.9073486e-06	-27.112095	-27.112095	209400	4.251798e-08	24.645002	-0.019713337	-0.6089535	0.0068825553	1.0	149.54996395111084
349	-27.708916	6.163753	-17.992878	-41.965218	25.47826	-27.887028	1.9073486e-06	-27.88703	-27.88703	210000	-1.8278758e-08	37.35658	-0.01612689	-0.034210205	0.008395648	0.0	149.9048867225647
350	-27.562166	5.015248	-19.462263	-35.265934	25.52174	-27.702213	3.8146973e-06	-27.702217	-27.702217	210600	-4.6690307e-08	24.533508	-0.017207766	-0.037298203	0.0065262085	0.0	150.56614303588867
351	-27.743502	8.176024	-17.954351	-52.25366	25.608696	-27.507877	3.8146973e-06	-27.507881	-27.507881	211200	6.8147976e-08	65.462685	-0.019568266	-0.05432892	0.0086239735	0.0	150.93520665168762
352	-26.306019	4.3018537	-18.98224	-36.55141	25.47826	-27.74356	1.9073486e-06	-27.743559	-27.743559	211800	-3.89417e-08	20.063808	-0.00450444	-1.9256058	0.0067003528	0.0	151.2934079170227
353	-27.053892	6.600467	-18.511543	-41.299282	25.695652	-26.33853	1.9073486e-06	-26.338528	-26.338528	212400	-5.6028366e-08	43.205093	-0.0125556495	-0.4903984	0.008582017	0.0	151.66094613075256
354	-26.351374	5.363663	-17.734821	-39.85586	25.565218	-27.049715	3.8146973e-06	-27.049719	-27.049719	213000	-4.0928523e-08	28.739174	-0.0066534285	-0.48578835	0.0047210082	0.0	152.01732230186462
355	-24.876728	4.997935	-18.110308	-36.27993	25.47826	-26.340197	1.9073486e-06	-26.340199	-26.340199	213600	-5.364418e-08	26.445688	-0.012642701	-2.1650467	0.008535442	0.0	152.3900215625763
356	-26.503386	5.1662235	-17.919033	-40.029114	25.652174	-24.84154	1.9073486e-06	-24.841541	-24.841541	214200	-6.9141386e-08	28.985357	-0.0103266565	-2.6713543	0.008489055	0.0	152.74353313446045
357	-25.469885	4.745546	-19.431475	-36.245674	25.869566	-26.50638	5.722046e-06	-26.506386	-26.506386	214800	3.238519e-08	23.257727	-0.0113114165	-1.1669788	0.007134928	1.0	153.1173439025879
358	-25.874744	5.2307343	-18.008556	-36.204563	25.52174	-25.404736	1.9073486e-06	-25.404737	-25.404737	215400	-3.953775e-08	26.897568	-0.010629482	-0.19273376	0.006687549	1.0	153.51420974731445
359	-25.58545	4.7155113	-19.107744	-37.255108	25.565218	-25.852964	1.9073486e-06	-25.852962	-25.852962	216000	-5.1259995e-08	21.758196	-0.008637966	-0.067388535	0.0085317185	0.0	153.8580424785614
360	-24.500751	3.402461	-19.341267	-31.433447	25.565218	-25.587797	3.8146973e-06	-25.587793	-25.587793	216600	-7.420778e-08	12.511108	-0.008478276	-1.1737032	0.008972345	0.0	154.51250982284546
361	-25.89166	5.283448	-18.195713	-39.659336	25.652174	-24.481035	1.9073486e-06	-24.481037	-24.481037	217200	4.430612e-08	29.367805	-0.017498858	-1.8947659	0.00801266	0.0	154.87018537521362
362	-25.539503	3.9207497	-19.999819	-33.30322	25.652174	-25.886736	0.0	-25.886736	-25.886736	217800	-4.7683717e-08	15.322464	-0.017998794	-0.10849953	0.009927344	0.0	155.23568534851074
363	-26.682747	4.180131	-19.581554	-35.87706	25.913044	-25.550856	1.9073486e-06	-25.550854	-25.550854	218400	3.6160152e-08	18.624853	-0.005464144	-1.2281895	0.0036134168	0.0	155.59774732589722
364	-26.275078	4.9527025	-18.39578	-36.10295	25.52174	-26.681278	1.9073486e-06	-26.681276	-26.681276	219000	8.543332e-08	24.216784	-0.01272761	-0.14923096	0.008808109	0.0	155.9548156261444
365	-26.663364	6.077922	-19.226768	-41.33856	25.782608	-26.288145	0.0	-26.288145	-26.288145	219600	9.934108e-09	36.554688	-0.013633295	-0.12840652	0.008252994	0.0	156.32778596878052
366	-25.198078	4.4925127	-16.807621	-34.856842	25.782608	-26.652254	1.9073486e-06	-26.652256	-26.652256	220200	-2.8212865e-08	22.002125	-0.002809222	-2.0340328	0.008513467	0.0	156.69768023490906
367	-27.173477	5.447456	-17.737684	-38.901497	25.695652	-25.202955	1.9073486e-06	-25.202953	-25.202953	220800	-4.967054e-09	32.930798	-0.02215529	-3.7935581	0.0097982045	0.0	157.04992580413818
368	-24.191216	5.0208125	-17.628668	-37.41703	25.52174	-27.185104	3.8146973e-06	-27.1851	-27.1851	221400	1.66893e-08	33.312553	-0.014391423	-8.689959	0.008298042	0.0	157.40338325500488
369	-23.31456	5.8362994	-17.181658	-35.810696	25.52174	-24.176256	0.0	-24.176256	-24.176256	222000	-4.2915346e-08	33.767567	-0.005606263	-0.77659607	0.0093904175	0.0	157.77013731002808
370	-27.11499	5.37375	-17.996332	-38.86855	25.347826	-23.27556	1.9073486e-06	-23.275562	-23.275562	222600	2.8212865e-08	42.117638	-0.015504204	-13.907253	0.008486409	1.0	158.4367229938507
371	-24.075302	4.838562	-18.38612	-38.068153	25.565218	-27.066088	1.9073486e-06	-27.06609	-27.06609	223200	-5.165736e-08	31.711987	-0.0116121685	-8.515778	0.009620746	0.0	158.81611108779907
372	-26.704958	4.2936163	-19.752726	-36.76674	25.695652	-24.117386	3.8146973e-06	-24.11739	-24.11739	223800	1.0331472e-08	24.631783	-0.016483335	-6.4791775	0.00965499	0.0	159.21104836463928
373	-26.668695	3.728265	-21.48276	-37.2265	25.73913	-26.677416	0.0	-26.677416	-26.677416	224400	-2.2848447e-08	13.79407	-0.013585915	-5.340576e-05	0.009779323	0.0	159.6091330051422
374	-26.341797	4.3517766	-18.511637	-38.1771	25.565218	-26.685299	3.8146973e-06	-26.685295	-26.685295	225000	-2.3444494e-08	18.45654	-0.007279518	-0.11548424	0.009137059	0.0	159.97424626350403
375	-25.656685	6.191619	-17.4806	-41.20722	25.695652	-26.340593	1.9073486e-06	-26.340595	-26.340595	225600	4.688899e-08	37.905827	-0.020930558	-0.5207405	0.007039405	1.0	160.3261158466339
376	-24.990555	3.8428137	-17.510174	-32.494904	25.565218	-25.606709	1.9073486e-06	-25.60671	-25.60671	226200	-3.1888487e-08	14.798455	-0.016972588	-0.34577274	0.008809141	0.0	160.68280720710754
377	-26.281693	5.642177	-18.282587	-41.292572	25.52174	-25.007414	0.0	-25.007414	-25.007414	226800	-1.1920929e-08	32.56744	-0.009988093	-1.5014381	0.0072903982	1.0	161.04805445671082
378	-24.03344	3.5646198	-17.024675	-32.097786	25.565218	-26.25717	0.0	-26.25717	-26.25717	227400	-1.4305114e-08	17.252329	-0.011301163	-4.6946583	0.007885696	0.0	161.42182779312134
379	-25.04596	4.3135266	-18.592958	-33.035072	25.52174	-24.05038	1.9073486e-06	-24.050379	-24.050379	228000	1.5894572e-09	19.15141	-0.019398607	-0.921154	0.008484845	0.0	161.77293276786804
380	-26.875385	4.6822085	-18.231466	-35.9329	25.652174	-25.029236	0.0	-25.029236	-25.029236	228600	2.0662943e-08	24.811617	-0.011307247	-3.2794743	0.007482775	0.0	162.46556282043457
381	-22.797361	3.1902492	-17.953669	-30.460686	25.695652	-26.875597	0.0	-26.875597	-26.875597	229200	3.5564106e-08	26.2367	-0.028435847	-15.946614	0.009455326	0.0	162.84098362922668
382	-24.627808	6.149126	-17.557796	-43.318703	25.608696	-22.862976	3.8146973e-06	-22.862972	-22.862972	229800	-1.11262e-08	39.61656	-0.017461024	-2.826126	0.0070955935	0.0	163.19736289978027
383	-26.082064	5.5600557	-17.522276	-39.89473	25.73913	-24.552217	1.9073486e-06	-24.55222	-24.55222	230400	-7.6293944e-08	32.560772	-0.016793646	-2.2039223	0.006753973	1.0	163.55775547027588
384	-27.747286	7.173875	-19.777864	-47.197773	25.652174	-26.047213	0.0	-26.047213	-26.047213	231000	-1.8874804e-08	52.473976	-0.016320815	-2.4404678	0.007706864	0.0	163.92844533920288
385	-24.964184	5.4066377	-18.145737	-37.271976	25.47826	-27.622454	0.0	-27.622454	-27.622454	231600	2.1457673e-08	35.234962	-0.012510118	-6.848217	0.009758583	0.0	164.3115713596344
386	-24.649977	4.6812296	-17.728441	-37.30069	25.73913	-24.99762	3.8146973e-06	-24.997623	-24.997623	232200	-3.4073988e-08	21.550098	-0.0119151	-0.13199234	0.009032893	0.0	164.69528126716614
387	-23.915514	4.328997	-17.762884	-35.17949	25.565218	-24.631208	0.0	-24.631208	-24.631208	232800	-8.3843865e-08	18.835804	-0.008217242	-0.50322914	0.0054238574	0.0	165.04996538162231
388	-24.625927	4.0286283	-18.09117	-31.40131	25.608696	-23.91347	0.0	-23.91347	-23.91347	233400	-4.2120615e-08	16.375406	-0.011025138	-0.4683876	0.0094011035	0.0	165.40693497657776
389	-24.529333	4.260541	-18.757273	-34.479225	25.73913	-24.608126	1.9073486e-06	-24.608128	-24.608128	234000	-4.6690307e-08	17.763723	-0.017815154	-0.013912201	0.008246453	0.0	165.76385116577148
390	-23.85895	3.7149632	-17.549316	-34.196075	25.695652	-24.488064	1.9073486e-06	-24.488062	-24.488062	234600	2.8610229e-08	13.842815	-0.008343423	-0.3741455	0.009613866	0.0	166.4362349510193
391	-25.485928	3.4313776	-19.265715	-33.251083	25.73913	-23.864271	1.9073486e-06	-23.86427	-23.86427	235200	-2.4835268e-08	14.115414	-0.007118286	-2.5105495	0.007379446	1.0	166.79191637039185
392	-26.044336	5.096845	-18.0662	-38.292908	25.608696	-25.480179	0.0	-25.480179	-25.480179	235800	4.967054e-09	25.486876	-0.01207107	-0.2527008	0.006832992	1.0	167.1671781539917
393	-25.821413	5.2794995	-17.71684	-39.530876	25.695652	-25.993635	0.0	-25.993635	-25.993635	236400	1.3113022e-08	27.228138	-0.0142238205	-0.048511505	0.008204886	0.0	167.56248593330383
394	-24.507406	3.9680762	-17.189253	-33.63562	25.565218	-25.768663	1.9073486e-06	-25.768665	-25.768665	237000	1.04109446e-07	16.908098	-0.010936611	-1.5378733	0.007565325	1.0	167.9180040359497
395	-25.6045	5.62597	-18.801144	-40.669174	25.52174	-24.501818	0.0	-24.501818	-24.501818	237600	3.2583873e-08	31.729952	-0.015670191	-1.1205177	0.0069358526	1.0	168.3190221786499
396	-24.755949	5.393479	-17.28377	-39.30922	25.608696	-25.582685	0.0	-25.582685	-25.582685	238200	4.5696893e-08	29.246872	-0.01218146	-0.63996506	0.008773066	0.0	168.68389868736267
397	-23.880705	4.708317	-18.942917	-34.8951	25.52174	-24.766356	0.0	-24.766356	-24.766356	238800	-9.338061e-08	22.323997	-0.0037860184	-0.8351307	0.0064324113	0.0	169.08692169189453
398	-25.706945	4.9730964	-17.612923	-36.135323	25.826086	-23.83403	0.0	-23.83403	-23.83403	239400	6.357829e-08	27.829317	-0.015134245	-3.396761	0.009336736	0.0	169.45233535766602
399	-24.953274	4.710669	-16.774944	-38.773197	25.608696	-25.714266	0.0	-25.714266	-25.714266	240000	-2.1954378e-08	22.436596	-0.016444564	-0.5066986	0.00669926	0.0	169.81639790534973
400	-25.623901	5.8936434	-16.998226	-41.6095	25.565218	-24.989105	0.0	-24.989105	-24.989105	240600	-1.001358e-07	34.00485	-0.02983018	-0.37213516	0.00966436	0.0	170.5031237602234
401	-26.612852	5.562659	-17.867323	-41.45688	25.47826	-25.609835	1.9073486e-06	-25.609833	-25.609833	241200	-7.2320304e-08	30.860222	-0.019497342	-0.9310036	0.009009539	0.0	170.864102602005
402	-24.12555	3.6418169	-18.05526	-31.187714	25.695652	-26.590977	3.8146973e-06	-26.59098	-26.59098	241800	-1.3093154e-07	19.099472	-0.012424587	-5.912695	0.0067814994	0.0	171.2172999382019
403	-25.245714	4.0673647	-17.913944	-31.859524	25.608696	-24.112186	1.9073486e-06	-24.112188	-24.112188	242400	3.774961e-09	17.466267	-0.014904197	-1.1682072	0.007822566	0.0	171.58083581924438
404	-23.802498	3.9257038	-17.377792	-32.840626	25.826086	-25.213118	1.9073486e-06	-25.21312	-25.21312	243000	1.2646119e-07	17.31831	-0.023483455	-2.1224566	0.006260693	0.0	171.93139505386353
405	-23.627531	3.4767635	-17.434875	-29.833689	25.695652	-23.728731	0.0	-23.728731	-23.728731	243600	3.4570693e-08	11.894538	-0.009441888	-0.010669708	0.0058047962	0.0	172.29885745048523
406	-25.656645	4.5272083	-19.38822	-33.043983	25.608696	-23.623152	0.0	-23.623152	-23.623152	244200	-1.66893e-08	24.076994	-0.015856	-3.828251	0.008443386	0.0	172.66099762916565
407	-24.353462	3.8297524	-18.554993	-32.053276	25.73913	-25.616121	1.9073486e-06	-25.616123	-25.616123	244800	3.218651e-08	16.1034	-0.0059152716	-1.5448151	0.008479658	0.0	173.02716422080994
408	-24.799656	4.3693852	-17.971703	-32.508358	25.652174	-24.35112	0.0	-24.35112	-24.35112	245400	7.490317e-08	18.88276	-0.014770123	-0.21667862	0.0067691486	1.0	173.3864688873291
409	-24.752028	5.0385547	-16.842962	-35.25768	25.695652	-24.823792	3.8146973e-06	-24.823795	-24.823795	246000	-9.338061e-09	25.093552	-0.01753333	-0.00412941	0.0065736007	1.0	173.7496473789215
410	-26.427275	5.0895767	-18.7521	-37.26586	25.47826	-24.758863	0.0	-24.758863	-24.758863	246600	3.1689805e-08	27.854088	-0.018677214	-2.5818005	0.008642151	0.0	174.43097186088562
411	-24.764898	5.5114613	-17.51831	-41.68958	25.695652	-26.38878	3.8146973e-06	-26.388784	-26.388784	247200	2.0662943e-08	32.24209	-0.013029173	-2.6525383	0.0072654216	1.0	174.79708290100098
412	-26.488846	6.1175237	-17.319698	-46.1035	25.695652	-24.735807	0.0	-24.735807	-24.735807	247800	5.980333e-08	40.235554	-0.012900383	-3.0949287	0.0055685593	0.0	175.17123675346375
413	-24.54257	4.7517056	-17.130959	-35.15196	25.608696	-26.523577	0.0	-26.523577	-26.523577	248400	4.549821e-08	26.182308	-0.018417362	-3.8911953	0.008559404	0.0	175.52904343605042
414	-23.87955	5.084334	-17.642408	-36.80324	25.652174	-24.515465	0.0	-24.515465	-24.515465	249000	9.695689e-08	25.798996	-0.0118514905	-0.37808418	0.009400793	0.0	175.90170049667358
415	-23.660913	3.8615348	-17.69139	-31.457184	25.608696	-23.889427	0.0	-23.889427	-23.889427	249600	-2.9007595e-08	14.662183	-0.012123293	-0.047798157	0.007317291	1.0	176.2804079055786
416	-23.2047	3.3185177	-17.926315	-29.822414	25.73913	-23.667406	1.9073486e-06	-23.667408	-23.667408	250200	-1.3113022e-08	11.110596	-0.018746966	-0.2057848	0.00940602	0.0	176.64922404289246
417	-25.620457	3.417771	-18.797766	-33.854874	25.782608	-23.208328	0.0	-23.208328	-23.208328	250800	-6.437302e-08	17.402615	-0.02401663	-5.728298	0.008681885	0.0	177.01021552085876
418	-23.736313	5.5240026	-17.926704	-38.346546	25.73913	-25.641054	5.722046e-06	-25.64106	-25.64106	251400	-8.6228056e-08	33.764503	-0.00851911	-3.581688	0.009138397	0.0	177.36887288093567
419	-24.022572	5.4238634	-17.349543	-36.988544	25.347826	-23.714783	0.0	-23.714783	-23.714783	252000	3.33786e-08	28.652416	-0.011451158	-0.092113495	0.0067426427	0.0	177.73442816734314
420	-22.967278	4.627263	-17.729961	-38.24784	25.73913	-24.022615	1.9073486e-06	-24.022617	-24.022617	252600	6.755193e-08	22.25795	-0.015059954	-1.0906944	0.0077175847	0.0	178.44353938102722
421	-24.844162	3.4181526	-18.22373	-30.384844	25.652174	-22.962448	3.8146973e-06	-22.962444	-22.962444	253200	1.2358029e-07	14.810075	-0.018685455	-3.3693085	0.007991214	0.0	178.84633946418762
422	-24.632349	5.119094	-16.862858	-36.81222	25.695652	-24.828184	0.0	-24.828184	-24.828184	253800	-8.34465e-09	26.102337	-0.012911439	-0.024986267	0.009628966	0.0	179.2290232181549
423	-26.313745	5.272277	-18.471584	-35.57333	25.826086	-24.668512	1.9073486e-06	-24.66851	-24.66851	254400	2.026558e-08	30.222214	-0.014423316	-2.7837372	0.0065060747	1.0	179.61816883087158
424	-22.873583	3.4567225	-16.874199	-29.262976	25.608696	-26.362423	1.9073486e-06	-26.362421	-26.362421	255000	2.9106936e-08	23.775043	-0.0055086515	-11.795641	0.009028015	1.0	179.98459386825562
425	-24.753426	5.769701	-18.839424	-41.198025	25.782608	-22.857527	0.0	-22.857527	-22.857527	255600	2.7418137e-08	36.51687	-0.018329635	-3.517334	0.0064467294	1.0	180.3416986465454
426	-24.483427	4.5899777	-18.059017	-34.565037	25.826086	-24.772392	0.0	-24.772392	-24.772392	256200	5.066395e-08	20.820148	-0.011251337	-0.09026909	0.0061577004	0.0	180.70195651054382
427	-25.568161	7.235183	-17.683142	-50.83914	25.608696	-24.465803	1.9073486e-06	-24.465805	-24.465805	256800	3.774961e-09	51.765575	-0.011763806	-1.0293465	0.008580389	0.0	181.06527614593506
428	-23.693672	4.648836	-18.099596	-38.14172	25.695652	-25.501768	1.9073486e-06	-25.501766	-25.501766	257400	-5.5631e-09	24.47169	-0.021648373	-3.3100967	0.009510461	0.0	181.43480491638184
429	-23.823662	3.6581085	-17.688768	-35.935947	25.782608	-23.644089	3.8146973e-06	-23.644085	-23.644085	258000	-4.0928523e-08	13.226068	-0.010599179	-0.036462784	0.005607287	0.0	181.83074927330017
430	-23.965223	4.462166	-17.642183	-36.857918	26.0	-23.838497	1.9073486e-06	-23.838495	-23.838495	258600	-2.026558e-08	19.736378	-0.00816182	-0.02302742	0.0027181143	0.0	182.53052353858948
431	-25.710266	5.17975	-17.54782	-35.184917	25.782608	-23.993214	1.9073486e-06	-23.993216	-23.993216	259200	-8.215507e-08	29.310888	-0.014153443	-2.814682	0.008308514	0.0	182.91403913497925
432	-24.325891	3.8456535	-18.545443	-32.32438	25.869566	-25.703459	1.9073486e-06	-25.703457	-25.703457	259800	4.3710074e-08	16.526224	-0.010888465	-1.8603773	0.006862793	1.0	183.26326417922974
433	-24.290308	6.1114817	-17.867842	-42.422104	25.956522	-24.31386	1.9073486e-06	-24.313862	-24.313862	260400	1.0172526e-07	37.11783	-0.016172709	-0.0018501282	0.009705633	0.0	183.61270236968994
434	-23.136135	5.3667865	-17.836601	-37.088234	25.73913	-24.269659	1.9073486e-06	-24.26966	-24.26966	261000	1.5695889e-08	29.86809	-0.0018496522	-1.200674	0.008082935	0.0	183.99613094329834
435	-25.914206	7.0818515	-17.427647	-39.30067	25.826086	-23.156075	0.0	-23.156075	-23.156075	261600	-6.11941e-08	57.757454	-0.02023994	-7.793667	0.009808046	0.0	184.3463637828827
436	-26.051968	6.3733745	-17.72356	-37.826344	25.73913	-26.00389	1.9073486e-06	-26.003891	-26.003891	262200	-2.9404958e-08	39.95942	-0.0148581555	-0.0015640259	0.007243513	1.0	184.71234130859375
437	-24.427963	4.18371	-19.589508	-36.306686	25.913044	-26.04503	0.0	-26.04503	-26.04503	262800	1.1920929e-07	19.964764	-0.016718872	-2.5345078	0.009063513	0.0	185.07988929748535
438	-25.35072	4.9624944	-18.279295	-35.72822	25.73913	-24.421658	1.9073486e-06	-24.421656	-24.421656	263400	-5.165736e-08	25.217413	-0.008733304	-0.91262436	0.00841401	1.0	185.44539427757263
439	-23.93906	4.0957146	-17.150188	-32.955112	25.52174	-25.394482	1.9073486e-06	-25.39448	-25.39448	264000	-4.45048e-08	18.66459	-0.0068829693	-2.0298462	0.0072850552	0.0	185.79576706886292
440	-23.6313	4.3362036	-17.18991	-33.117405	25.52174	-23.943542	3.8146973e-06	-23.943539	-23.943539	264600	1.1364619e-07	18.501694	-0.015948324	-0.0714035	0.008738562	0.0	186.49525332450867
441	-24.346767	3.9668686	-18.278662	-32.78566	25.73913	-23.671328	3.8146973e-06	-23.671331	-23.671331	265200	-8.006891e-08	16.05195	-0.006226184	-0.45849705	0.005770065	0.0	186.85200309753418
442	-24.534286	4.8246813	-17.309286	-34.85669	25.565218	-24.358318	1.9073486e-06	-24.358316	-24.358316	265800	5.6823094e-08	22.930513	-0.023559727	-0.03433609	0.0075147445	1.0	187.20350885391235
443	-24.57881	4.4715896	-18.347996	-32.640385	25.695652	-24.546083	1.9073486e-06	-24.546085	-24.546085	266400	2.9404958e-08	19.752684	-0.014085028	-0.00084114075	0.007260882	1.0	187.55449438095093
444	-24.953629	5.6078	-18.82553	-40.28659	25.782608	-24.575378	3.8146973e-06	-24.575375	-24.575375	267000	8.225441e-08	31.003672	-0.024655938	-0.10799217	0.009278652	0.0	187.91220951080322
445	-24.403286	4.6426573	-18.472765	-36.559635	25.695652	-24.905758	1.9073486e-06	-24.905756	-24.905756	267600	-4.9670536e-08	21.36169	-0.009946699	-0.24938583	0.008430743	0.0	188.2885386943817
446	-25.499659	4.0650535	-19.89786	-33.189457	25.73913	-24.405302	1.9073486e-06	-24.4053	-24.4053	268200	2.2550424e-08	17.435509	-0.013366148	-1.1340694	0.008558676	0.0	188.65970373153687
447	-26.124403	7.300104	-18.233799	-46.676144	25.869566	-25.471413	0.0	-25.471413	-25.471413	268800	-1.0848046e-07	53.045467	-0.019596828	-0.36361694	0.0065187337	1.0	189.01337337493896
448	-23.97868	5.005703	-17.88942	-35.547962	25.652174	-26.073835	0.0	-26.073835	-26.073835	269400	1.1722247e-07	28.963152	-0.016157903	-4.105425	0.008474444	0.0	189.3618929386139
449	-25.545181	4.5487814	-19.742697	-40.215576	25.608696	-24.039736	3.8146973e-06	-24.03974	-24.03974	270000	1.1722247e-08	22.194157	-0.013891129	-2.0900593	0.008124929	1.0	189.71848917007446
450	-23.59352	4.460081	-17.948595	-37.053017	25.565218	-25.49217	1.9073486e-06	-25.492168	-25.492168	270600	-6.7154566e-08	23.187881	-0.026945448	-3.443344	0.0036521177	0.0	190.42589831352234
451	-24.24573	4.9185505	-18.42893	-37.827793	25.652174	-23.621536	3.8146973e-06	-23.62154	-23.62154	271200	1.9073486e-08	23.832935	-0.015509567	-0.3547554	0.0073439255	0.0	190.80032086372375
452	-23.309193	4.221252	-17.49714	-34.323944	25.47826	-24.220087	1.9073486e-06	-24.220085	-24.220085	271800	7.033348e-08	18.03706	-0.024219794	-0.8089905	0.009557769	0.0	191.19038605690002
453	-22.613144	3.7891114	-16.877453	-29.569036	25.47826	-23.317156	0.0	-23.317156	-23.317156	272400	3.953775e-08	14.590219	-0.0027933319	-0.47997093	0.006307733	1.0	191.55856013298035
454	-22.075659	2.9475658	-17.283998	-27.530281	25.652174	-22.622969	0.0	-22.622969	-22.622969	273000	-1.451373e-07	8.84838	-0.009845808	-0.28222656	0.0076273177	0.0	192.0671627521515
455	-23.55356	4.6781087	-17.37362	-34.503365	25.52174	-22.092207	1.9073486e-06	-22.092205	-22.092205	273600	-9.9639095e-08	23.521498	-0.015671123	-2.1247597	0.007919807	0.0	192.42713451385498
456	-22.546495	3.204296	-17.594341	-29.32131	25.608696	-23.549772	0.0	-23.549772	-23.549772	274200	5.7121117e-08	11.041575	-0.008754066	-0.9455519	0.0064380425	0.0	192.78304386138916
457	-22.820633	4.3061185	-17.71618	-35.104187	25.47826	-22.578875	0.0	-22.578875	-22.578875	274800	3.1789146e-08	18.009748	-0.02324883	-0.053411484	0.0071294317	0.0	193.1514527797699
458	-23.322775	5.6881776	-17.209616	-39.60704	25.652174	-22.808805	1.9073486e-06	-22.808804	-22.808804	275400	-6.9538753e-09	31.854765	-0.021060072	-0.25185394	0.008552355	0.0	193.51829504966736
459	-25.02097	4.0001836	-17.456608	-35.758392	25.608696	-23.307123	1.9073486e-06	-23.307121	-23.307121	276000	-9.3479954e-08	18.728443	-0.015639676	-2.9760065	0.0077480474	0.0	193.87581300735474
460	-22.920422	3.8153555	-16.619734	-32.317806	25.652174	-25.026094	1.9073486e-06	-25.026093	-25.026093	276600	2.9702981e-08	18.675055	-0.014621286	-4.2935543	0.00770686	0.0	194.59729647636414
461	-25.199451	4.448721	-18.190907	-34.63672	25.782608	-22.94913	1.9073486e-06	-22.949131	-22.949131	277200	-7.947286e-09	24.420815	-0.02774331	-4.869526	0.009244105	0.0	194.97114086151123
462	-23.042492	3.7812204	-18.088171	-33.228573	25.73913	-25.174763	1.9073486e-06	-25.174765	-25.174765	277800	-1.5497207e-08	18.647907	-0.014929859	-4.3858137	0.009149112	0.0	195.323637008667
463	-23.579636	4.4973187	-18.516329	-38.782394	25.565218	-23.053785	1.9073486e-06	-23.053783	-23.053783	278400	2.7815501e-08	20.332556	-0.015994642	-0.30384064	0.009815573	0.0	195.68533301353455
464	-22.837618	3.0711362	-17.656786	-30.334833	25.52174	-23.61032	3.8146973e-06	-23.610315	-23.610315	279000	1.947085e-08	9.840558	-0.0072455425	-0.573473	0.006782663	1.0	196.0480661392212
465	-24.008104	3.2550209	-18.719168	-30.77858	25.52174	-22.846586	0.0	-22.846586	-22.846586	279600	1.947085e-08	11.747313	-0.013075961	-1.3199949	0.00610091	0.0	196.4057068824768
466	-22.575827	3.5216286	-18.017113	-33.31218	25.565218	-24.00423	1.9073486e-06	-24.004232	-24.004232	280200	7.6293944e-08	14.033026	-0.01587269	-1.9200668	0.008667545	0.0	196.7659616470337
467	-24.644411	4.8481975	-17.788101	-36.942574	25.695652	-22.607775	0.0	-22.607775	-22.607775	280800	-1.1920929e-08	27.284115	-0.007839501	-4.029194	0.00922912	0.0	197.12699460983276
468	-24.477785	3.863757	-17.312151	-33.65975	25.652174	-24.638216	1.9073486e-06	-24.638218	-24.638218	281400	3.9140385e-08	14.552133	-0.007639263	-0.031123161	0.008617982	1.0	197.5026924610138
469	-21.715582	2.6881037	-17.847397	-27.611034	25.73913	-24.460915	0.0	-24.460915	-24.460915	282000	-2.22524e-08	14.652036	-0.012132217	-7.455063	0.007078922	0.0	197.86710667610168
470	-25.525398	5.908401	-16.767385	-38.344162	25.652174	-21.685055	1.9073486e-06	-21.685053	-21.685053	282600	6.8446e-08	48.45213	-0.021347523	-14.23386	0.00727797	0.0	198.58930087089539
471	-22.329657	5.635678	-17.375313	-39.29732	25.695652	-25.531755	1.9073486e-06	-25.531757	-25.531757	283200	-1.7881393e-09	41.347023	-0.0067470176	-10.173914	0.0040597524	0.0	198.94763851165771
472	-24.209888	4.336859	-17.08852	-38.20028	25.565218	-22.29626	1.9073486e-06	-22.296259	-22.296259	283800	1.129508e-07	21.76961	-0.023518803	-3.4841232	0.0066051134	1.0	199.30359363555908
473	-22.659595	4.932817	-16.728758	-38.603813	25.652174	-24.18891	1.9073486e-06	-24.188911	-24.188911	284400	-1.335144e-07	26.07096	-0.017096262	-2.311636	0.009226856	0.0	199.65082788467407
474	-22.78557	4.4988365	-17.075634	-32.600685	25.608696	-22.645931	1.9073486e-06	-22.64593	-22.64593	285000	6.9936114e-08	20.009054	-0.021087889	-0.027126312	0.009006477	0.0	200.00604581832886
475	-24.478657	5.124068	-18.4915	-36.905663	25.652174	-22.813545	0.0	-22.813545	-22.813545	285600	-1.3430913e-07	28.74053	-0.016649095	-2.7958393	0.0076379236	1.0	200.35590958595276
476	-22.849611	3.6039758	-18.49936	-32.145615	25.52174	-24.515486	1.9073486e-06	-24.515488	-24.515488	286200	1.18811926e-07	15.270091	-0.014180728	-2.6924877	0.009333933	1.0	200.71333360671997
477	-24.846786	4.7937355	-17.446308	-36.52672	25.47826	-22.845032	1.9073486e-06	-22.845034	-22.845034	286800	-1.11262e-08	26.196724	-0.010817979	-3.773264	0.006538181	1.0	201.07723927497864
478	-23.48384	3.5304213	-18.702562	-31.840239	25.695652	-24.821016	0.0	-24.821016	-24.821016	287400	5.761782e-08	14.032795	-0.013601879	-1.7366085	0.006855874	1.0	201.43314409255981
479	-23.039814	2.9283352	-17.876148	-29.174639	25.52174	-23.479084	1.9073486e-06	-23.479086	-23.479086	288000	2.1656355e-08	8.5777025	-0.010116361	-0.17279339	0.0080799	1.0	201.80690741539001
480	-23.178143	3.73566	-17.215899	-31.999859	25.73913	-23.054945	3.8146973e-06	-23.054941	-23.054941	288600	2.3841857e-09	13.795428	-0.017658038	-0.019699097	0.009259746	0.0	202.55520462989807
481	-23.196539	5.204204	-17.030487	-36.599358	25.565218	-23.19826	0.0	-23.19826	-23.19826	289200	7.152557e-09	26.54238	-0.014959138	-0.00030708313	0.008532371	0.0	202.90498328208923
482	-22.90222	3.246427	-17.569174	-32.68102	25.608696	-23.216063	1.9073486e-06	-23.21606	-23.21606	289800	-3.8544336e-08	10.266697	-0.0131198745	-0.094516754	0.0051426077	0.0	203.2685034275055
483	-23.701118	4.447615	-17.293404	-38.042553	25.565218	-22.902096	1.9073486e-06	-22.902094	-22.902094	290400	-4.9471854e-08	20.09643	-0.017515443	-0.6060257	0.007906534	0.0	203.64601302146912
484	-23.00552	3.798507	-17.587198	-32.791473	25.652174	-23.696383	3.8146973e-06	-23.696386	-23.696386	291000	-2.7418137e-08	14.679557	-0.016362943	-0.41956806	0.009795623	0.0	204.013037443161
485	-23.786764	5.0933332	-17.094809	-38.699787	25.608696	-23.036482	1.9073486e-06	-23.03648	-23.03648	291600	-1.9868216e-08	25.645868	-0.012268538	-0.50774956	0.006549802	1.0	204.37281346321106
486	-22.959745	4.4927998	-17.125765	-33.28536	25.391304	-23.76135	1.9073486e-06	-23.761349	-23.761349	292200	-8.940697e-08	20.29685	-0.014044002	-0.5858879	0.008556436	0.0	204.7358968257904
487	-23.3263	4.1556063	-17.298609	-34.37853	25.391304	-22.984041	1.9073486e-06	-22.984043	-22.984043	292800	-7.4307124e-08	16.86138	-0.017344829	-0.10545921	0.008918884	0.0	205.1042354106903
488	-25.19825	4.7348123	-18.611092	-33.80455	25.47826	-23.312805	3.8146973e-06	-23.312809	-23.312809	293400	5.00679e-08	25.554743	-0.01908621	-3.558876	0.006503196	1.0	205.47580981254578
489	-23.851522	3.9681458	-17.8934	-31.693867	25.695652	-25.228132	1.9073486e-06	-25.228134	-25.228134	294000	-4.6094257e-08	17.23796	-0.015091896	-1.8547087	0.008240542	0.0	205.85205578804016
490	-22.986254	4.0597954	-16.667316	-31.619255	25.652174	-23.846241	1.9073486e-06	-23.846243	-23.846243	294600	5.00679e-08	16.899965	-0.005647407	-0.724535	0.007893504	1.0	206.5858438014984
491	-24.149456	4.5324535	-17.025898	-38.241318	25.782608	-22.982939	0.0	-22.982939	-22.982939	295200	-7.7486035e-08	21.342028	-0.024213577	-1.3422165	0.009528263	0.0	206.9469769001007
492	-24.83576	6.6273317	-17.607294	-48.098434	25.608696	-24.155811	1.9073486e-06	-24.155813	-24.155813	295800	-3.7352244e-08	44.929012	-0.026197111	-0.536602	0.009772057	0.0	207.3093283176422
493	-23.5117	4.468131	-16.995987	-32.912666	25.652174	-24.896482	1.9073486e-06	-24.89648	-24.89648	296400	-5.4637592e-08	21.485687	-0.015792765	-1.7993755	0.009025931	0.0	207.66457390785217
494	-23.1174	3.9471784	-18.690895	-36.39937	25.695652	-23.541454	1.9073486e-06	-23.541456	-23.541456	297000	4.1325887e-08	15.597339	-0.022328071	-0.17131615	0.009097938	0.0	208.03367042541504
495	-23.292374	4.0913363	-17.163113	-33.113853	25.652174	-23.123962	0.0	-23.123962	-23.123962	297600	4.3908756e-08	16.391094	-0.012059004	-0.020065308	0.007204453	1.0	208.38336443901062
496	-22.198412	3.6493893	-17.318483	-32.08576	25.73913	-23.266039	0.0	-23.266039	-23.266039	298200	1.0261933e-07	14.355065	-0.006536647	-1.0947666	0.00739046	1.0	208.73221683502197
497	-22.612207	3.6967046	-17.175812	-29.141438	25.652174	-22.216784	0.0	-22.216784	-22.216784	298800	-1.7881393e-09	13.56287	-0.010026143	-0.16226864	0.00659269	0.0	209.0928008556366
498	-24.173529	4.213327	-18.877678	-35.55211	25.782608	-22.619259	1.9073486e-06	-22.619257	-22.619257	299400	5.5233638e-08	19.673147	-0.009907968	-2.3209953	0.006440419	2.0	209.4512815475464
499	-21.24601	3.9230282	-17.012959	-35.22136	25.652174	-24.144892	1.9073486e-06	-24.14489	-24.14489	300000	-7.708867e-08	23.293684	-0.013056615	-8.19729	0.006920943	1.0	210.2015736103058
