Epoch	AverageEpRet	StdEpRet	MaxEpRet	MinEpRet	EpLen	AverageVVals	StdVVals	MaxVVals	MinVVals	TotalEnvInteracts	LossPi	LossV	DeltaLossPi	DeltaLossV	KL	BacktrackIters	Time
0	-820.49475	55.899666	-656.7915	-879.1306	5.256637	0.6733992	0.7894386	2.0284739	-1.0430579	600	2.5431316e-08	567421.94	-0.046515826	-5461.4375	0.0064927847	1.0	0.7029709815979004
1	-815.6965	68.31871	-529.53876	-879.18787	6.2395835	-2.8680542	0.9796744	0.24334314	-4.240574	1200	-1.5974045e-07	541451.25	-0.05870775	-4510.625	0.00938992	0.0	1.1025004386901855
2	-791.7424	95.29079	-362.43646	-883.0595	8.457143	-5.9055853	1.4623805	-1.193435	-7.1051087	1800	2.0345053e-07	476553.34	-0.061082784	-3318.4062	0.009546854	0.0	1.4897499084472656
3	-760.712	114.894966	-418.91153	-869.223	15.621622	-7.6916356	2.3693602	-2.1138816	-10.032659	2400	2.4636586e-08	418252.75	-0.038441125	-2615.5625	0.0066205026	1.0	1.874300241470337
4	-718.76056	101.15138	-492.49994	-869.0252	20.551723	-9.873326	2.33879	-6.0363636	-12.003863	3000	1.146396e-07	422677.72	-0.04246855	-2626.7188	0.009201649	0.0	2.2490146160125732
5	-723.2245	145.97343	-330.0175	-863.7024	18.53125	-11.78538	2.5963633	-7.3058305	-14.173821	3600	-7.4307124e-08	367868.7	-0.03286989	-2601.875	0.007566272	1.0	2.6408514976501465
6	-660.3047	184.99028	-187.91884	-869.33374	21.925926	-13.990474	2.489567	-7.9913254	-16.163786	4200	7.152557e-09	329661.12	-0.04469598	-2091.9688	0.008524938	0.0	3.0256619453430176
7	-662.12164	184.97682	-305.12988	-871.0619	19.0	-16.02473	2.472477	-13.055562	-18.162693	4800	-1.4305114e-08	272030.62	-0.04832026	-1701.2812	0.008899102	0.0	3.385385513305664
8	-586.32623	234.04192	-128.29729	-863.9326	22.115385	-17.728798	2.8780453	-6.64449	-20.184711	5400	-5.4041546e-08	219845.73	-0.045639478	-1302.4062	0.007902449	0.0	3.7621781826019287
9	-540.93604	227.5449	-131.4788	-862.76434	24.695652	-19.228477	3.0346215	-11.163147	-21.950598	6000	1.2079875e-07	203651.98	-0.03583604	-1213.1719	0.0074913953	0.0	4.155823230743408
10	-475.04196	246.80539	-102.82363	-871.05365	24.913044	-21.014023	3.3226693	-9.091192	-23.66291	6600	-1.6371409e-07	167442.67	-0.045310445	-1036.7344	0.007821751	0.0	4.656033039093018
11	-385.90616	236.03384	-86.591354	-873.5125	26.363636	-22.726032	3.6521502	-4.8088317	-25.366404	7200	2.22524e-08	116481.6	-0.03450455	-823.5078	0.0059179217	0.0	5.051887273788452
12	-336.8365	180.7806	-71.611305	-832.7149	29.0	-24.07297	3.9732258	-2.6094108	-26.927654	7800	4.053116e-08	110065.336	-0.036071196	-1254.2656	0.008268925	0.0	5.45260763168335
13	-278.6675	208.37183	-37.76689	-847.4057	26.09091	-26.486776	3.63634	-10.318535	-28.606472	8400	-1.223882e-07	55366.82	-0.037480716	-520.73047	0.008237186	0.0	5.855474948883057
14	-228.80702	196.72453	-30.126637	-831.86694	26.863636	-28.244934	3.4530857	-4.329359	-30.039537	9000	-2.7418137e-08	61162.547	-0.04562861	-463.19922	0.006781425	0.0	6.247610330581665
15	-167.40463	151.9208	-53.046722	-849.52374	25.347826	-29.824183	3.4800131	-5.8512025	-31.38255	9600	6.198883e-08	14520.925	-0.036032893	-210.9414	0.0059602833	0.0	6.630563735961914
16	-168.96216	135.01396	-41.57723	-606.97107	27.380953	-30.660898	3.4689207	-9.931342	-32.374695	10200	6.357829e-09	43468.445	-0.043889258	-305.0664	0.005779996	0.0	7.012037754058838
17	-146.96764	46.754707	-52.29296	-241.38351	26.59091	-31.943014	3.452316	-12.228584	-33.546352	10800	-2.3047129e-08	15503.312	-0.032817725	-225.81152	0.00767483	0.0	7.395648002624512
18	-142.41415	78.444824	-37.561634	-302.24655	26.772728	-32.913216	3.8460922	-11.190382	-34.647694	11400	-3.3974647e-08	19448.127	-0.029334486	-220.75195	0.0057195877	0.0	7.765636205673218
19	-104.240135	49.50458	-27.901009	-204.95389	26.043478	-34.401577	3.304982	-22.197214	-35.71638	12000	1.0371208e-07	7640.4116	-0.039239954	-100.325195	0.0062321844	0.0	8.145592451095581
20	-91.71484	39.930897	-33.10881	-199.41988	25.26087	-35.39402	3.2552998	-10.158168	-36.498646	12600	9.4572705e-08	4857.595	-0.035904527	-70.39795	0.0059066825	0.0	8.660054922103882
21	-150.40846	166.06682	-52.425507	-881.1065	24.708334	-35.580154	3.714423	-17.779314	-37.14105	13200	-6.9141386e-08	13676.698	-0.038480483	-151.29492	0.0057919454	0.0	9.030283689498901
22	-78.46477	32.87473	-20.877018	-141.4958	25.47826	-37.15812	2.992187	-16.03315	-38.074688	13800	-1.3271968e-07	2840.5798	-0.03802246	-44.92993	0.0047731483	0.0	9.411607027053833
23	-134.03453	163.7133	-24.931879	-852.8357	24.625	-37.368473	3.4900641	-23.472961	-38.635303	14400	-1.11262e-08	10974.116	-0.033513084	-103.18652	0.007021516	0.0	9.785495519638062
24	-80.324684	39.37853	-31.181908	-175.28134	25.0	-38.65728	2.867457	-19.731474	-39.433548	15000	6.9042045e-08	3490.5164	-0.0258403	-48.9834	0.0029230635	0.0	10.157449722290039
25	-73.09521	26.462727	-29.747385	-144.13959	24.708334	-39.594654	2.1292412	-26.2117	-40.03784	15600	3.1789145e-09	1801.7654	-0.024736814	-37.654175	0.0031283684	0.0	10.523149251937866
26	-68.25876	23.82339	-31.408686	-105.24661	24.875	-40.10269	2.1316962	-24.74287	-40.54341	16200	6.556511e-08	1364.9265	-0.038504764	-25.768555	0.0051636077	0.0	10.881768465042114
27	-106.93562	156.41075	-31.255705	-861.3385	23.64	-40.565716	2.1296039	-28.70709	-40.98578	16800	5.5631002e-08	3136.1526	-0.036052138	-40.692627	0.0064509814	0.0	11.247763872146606
28	-84.735435	38.181896	-31.780443	-179.29892	24.458334	-41.072586	2.3896828	-23.203438	-41.5517	17400	-1.2516975e-08	3419.5007	-0.035323966	-61.08252	0.003927719	0.0	11.615067481994629
29	-74.93659	29.478262	-25.031841	-163.30127	24.583334	-41.86427	2.1901278	-29.141657	-42.2595	18000	-7.311503e-08	1997.7723	-0.02475298	-38.04773	0.0026973824	0.0	11.983789443969727
30	-110.96209	148.90582	-42.183643	-828.92566	23.56	-42.382534	2.4327297	-29.34675	-42.848907	18600	2.3841858e-08	3243.0906	-0.0340443	-52.690918	0.0045025297	0.0	12.496505737304688
31	-68.82587	29.053913	-23.26155	-122.13491	24.416666	-43.381096	1.438997	-29.589897	-43.551804	19200	-3.3775966e-09	1435.5898	-0.030713834	-26.11084	0.007849311	0.0	12.871218919754028
32	-65.032135	25.50805	-28.002405	-125.396	24.458334	-43.65019	2.2515914	-29.751497	-44.050423	19800	-3.1689805e-08	1103.7489	-0.019664409	-17.525879	0.0051679597	0.0	13.231153011322021
33	-76.68805	41.523453	-25.264534	-205.37608	24.875	-43.781837	3.0334244	-29.898708	-44.466286	20400	-1.11262e-08	3047.6033	-0.027476573	-39.422363	0.003393635	0.0	13.627107858657837
34	-101.80183	151.5248	-22.522968	-827.00836	23.64	-44.565895	2.5704734	-30.14873	-45.09346	21000	1.11262e-08	2817.2869	-0.038938712	-31.922607	0.0057104374	0.0	14.000287055969238
35	-73.01215	33.581528	-26.46339	-137.72942	24.166666	-45.499744	1.4423772	-30.390764	-45.68597	21600	-1.9073486e-08	1764.2972	-0.033419535	-32.663208	0.008450371	0.0	14.365339279174805
36	-65.54186	21.845419	-29.016342	-128.16399	24.708334	-45.80693	2.4161942	-30.577972	-46.281593	22200	-3.8544336e-08	902.5392	-0.030181464	-19.575623	0.00583788	0.0	14.733330249786377
37	-67.55615	20.025805	-35.249287	-99.7644	24.708334	-46.202713	2.8178601	-30.750696	-46.74169	22800	2.22524e-08	828.03143	-0.01853359	-19.45813	0.006366706	0.0	15.09365200996399
38	-61.157673	32.442917	-20.732393	-168.87445	24.791666	-46.342342	3.6155992	-30.927748	-47.23252	23400	1.9868216e-08	1418.0231	-0.025045838	-9.953857	0.0067694094	0.0	15.454485654830933
39	-68.01728	30.786488	-28.50343	-171.37665	24.541666	-47.23795	2.2427843	-31.110361	-47.590153	24000	1.39077505e-08	1453.5991	-0.026099984	-19.103516	0.0028785982	0.0	15.821510791778564
40	-75.15513	47.570637	-25.186619	-261.6232	24.708334	-47.33845	3.3424606	-31.320345	-48.085804	24600	3.973643e-10	3332.6157	-0.017628402	-35.907715	0.0011926568	0.0	16.324830293655396
41	-69.010345	25.939701	-20.637867	-139.51947	24.208334	-48.619152	1.3093783	-31.644323	-48.771408	25200	-8.742014e-09	1035.4672	-0.027106302	-25.872253	0.009212396	0.0	16.70401358604431
42	-52.751617	16.206366	-19.05362	-89.29014	24.333334	-48.867077	1.7837526	-31.842802	-49.352192	25800	-2.7219455e-08	261.98898	-0.028321328	-4.5812683	0.007392013	0.0	17.070414304733276
43	-61.334095	20.638912	-36.95174	-109.88219	24.666666	-48.47444	2.6689122	-31.8942	-49.516815	26400	-7.470449e-08	602.7395	-0.029650487	-18.934631	0.006613117	0.0	17.44555354118347
44	-63.91274	27.919666	-24.533842	-145.4752	24.958334	-49.177467	2.9123223	-32.02952	-49.85239	27000	4.0133795e-08	1028.6923	-0.039075296	-15.458435	0.009122788	0.0	17.811984539031982
45	-57.378998	20.245626	-33.97898	-122.803085	24.791666	-49.97097	1.945492	-32.225746	-50.284874	27600	-1.39077505e-08	487.56155	-0.022372866	-3.69281	0.005924822	0.0	18.19298768043518
46	-60.717937	22.316458	-28.036152	-123.47718	24.541666	-50.2286	1.9161586	-35.943676	-50.54447	28200	-2.2649765e-08	598.8578	-0.030650772	-6.6221924	0.0064568873	0.0	18.568410634994507
47	-65.94028	25.871029	-21.346395	-110.05593	24.541666	-50.558067	1.9289914	-35.257675	-50.879322	28800	-6.7551933e-09	887.8131	-0.025345782	-16.318298	0.0060781715	0.0	18.92440438270569
48	-99.68139	157.55948	-27.28493	-859.05383	23.68	-50.919445	2.489215	-32.635998	-51.38184	29400	3.0199686e-08	2313.6245	-0.02740424	-22.42456	0.003924645	0.0	19.291893005371094
49	-58.392567	18.670427	-30.686382	-96.14971	24.75	-51.625748	2.2226079	-34.71746	-52.022114	30000	-6.645918e-08	405.31882	-0.01710678	-4.5209045	0.0030125044	0.0	19.656559467315674
50	-59.040966	23.907507	-31.759565	-112.47633	24.375	-52.0633	1.6616459	-36.898277	-52.318237	30600	-3.0795732e-08	579.2323	-0.024906013	-3.5060425	0.0065482515	0.0	20.18005132675171
51	-66.861885	41.852066	-33.7211	-211.58755	25.304348	-51.62961	3.6692357	-23.661291	-52.574768	31200	1.2715658e-08	2277.4233	-0.021889564	-32.763428	0.0038226247	0.0	20.553086757659912
52	-50.84139	18.27193	-29.296019	-112.020615	25.130434	-52.508633	2.809774	-26.739473	-53.110542	31800	2.1060307e-08	372.34097	-0.0321226	-2.4449463	0.005374295	0.0	20.917541980743408
53	-62.154644	21.973583	-23.39451	-100.72296	24.75	-52.432278	2.7092562	-37.490955	-53.098377	32400	-5.165736e-09	578.54926	-0.027147617	-8.87262	0.005712526	0.0	21.2840096950531
54	-53.954884	30.81465	-27.761889	-173.67313	24.875	-52.44319	3.336376	-37.69333	-53.4646	33000	-1.0331472e-08	1082.5188	-0.03302498	-3.9621582	0.008640613	0.0	21.657835245132446
55	-47.576077	20.241554	-18.540144	-97.85306	24.666666	-52.36167	3.2699068	-37.82702	-53.55111	33600	1.5894573e-08	423.11752	-0.028489584	-44.62616	0.0092714885	0.0	22.03081750869751
56	-59.111675	31.021898	-20.733149	-141.2779	24.666666	-48.09682	2.6398184	-37.795982	-53.44917	34200	2.9802323e-09	997.04126	-0.027136298	-85.304565	0.008292855	0.0	22.40306043624878
57	-67.54373	33.47147	-18.393171	-171.81445	24.875	-50.905003	4.603573	-37.946823	-53.80532	34800	1.7484028e-08	1408.5741	-0.015070836	-48.158203	0.0022542246	0.0	22.76685643196106
58	-51.431183	20.421934	-24.520473	-104.73712	25.0	-52.64452	3.8145554	-38.36855	-54.51875	35400	3.973643e-10	434.9763	-0.024103597	-11.376587	0.00629548	0.0	23.122453451156616
59	-51.45046	23.22933	-26.96044	-127.13215	24.75	-52.18155	3.6881104	-38.41628	-54.561462	36000	7.947286e-10	554.7619	-0.022263436	-5.090332	0.0066466723	0.0	23.489304065704346
60	-52.62913	26.660902	-19.450182	-120.18104	24.75	-52.129738	3.3701475	-38.644222	-54.519638	36600	6.11941e-08	653.6568	-0.032142494	-13.480347	0.008586648	0.0	24.002621173858643
61	-51.43526	25.296381	-20.706333	-128.55653	24.875	-51.221306	4.789547	-28.742868	-54.542747	37200	6.357829e-09	649.5999	-0.026776733	-3.5765991	0.0044872826	0.0	24.377073287963867
62	-50.35362	24.57963	-19.884684	-114.300674	24.75	-51.565174	4.409287	-38.940437	-54.54543	37800	-1.9868216e-09	552.4594	-0.030945957	-4.4437866	0.005344667	0.0	24.748389959335327
63	-47.286327	17.163515	-23.347057	-86.68537	24.666666	-51.176857	4.7893386	-36.628723	-54.49327	38400	1.291434e-08	293.2792	-0.023295674	-26.478577	0.008473963	0.0	25.1194109916687
64	-42.18036	10.81712	-18.663635	-68.347496	24.708334	-47.983692	3.3517525	-38.60831	-54.40514	39000	-1.1920929e-08	149.15562	-0.018615108	-27.91961	0.006604393	1.0	25.484824419021606
65	-52.8781	23.817736	-26.551184	-109.82807	25.173914	-44.704304	1.9735905	-38.96556	-54.171272	39600	-4.649162e-08	620.9973	-0.025143052	-33.618958	0.006363354	0.0	25.848475217819214
66	-47.446064	17.304577	-22.722004	-83.367645	24.833334	-48.007248	3.054073	-32.443047	-54.489002	40200	-6.357829e-09	274.6912	-0.028821956	-2.1738892	0.009363238	0.0	26.20953941345215
67	-41.929527	11.059467	-24.639524	-70.90242	25.217392	-47.827213	3.0083876	-39.4797	-54.49711	40800	-3.3974647e-08	145.01521	-0.014400455	-10.367889	0.007651121	3.0	26.57280445098877
68	-76.25028	160.00232	-18.92077	-837.868	24.166666	-46.670063	3.2153776	-35.470894	-54.201828	41400	6.357829e-09	1400.0227	-0.02940801	-15.740601	0.007164341	1.0	26.93647313117981
69	-44.25214	13.097948	-24.813759	-72.28847	25.173914	-46.40131	3.7338402	-34.880108	-54.053555	42000	-2.6226044e-08	176.58264	-0.019990494	-2.8548737	0.007612648	0.0	27.304747343063354
70	-41.541374	19.274788	-18.475636	-98.486664	24.583334	-46.42006	4.065679	-34.004196	-53.88315	42600	-1.9073486e-08	345.22473	-0.029413916	-23.533386	0.0084835645	0.0	27.81628179550171
71	-38.35778	11.536479	-21.825224	-69.29949	24.875	-45.487343	4.4967046	-18.07735	-53.615307	43200	-4.7683715e-09	183.6595	-0.0164015	-46.219116	0.008809612	1.0	28.17401146888733
72	-39.704487	10.8147545	-22.703493	-66.012184	25.086956	-41.33438	1.8896981	-28.89381	-51.815536	43800	1.66893e-08	111.74134	-0.017086359	-1.0359497	0.009081884	0.0	28.540323734283447
73	-48.697567	23.914476	-22.137615	-128.43182	25.217392	-41.413506	1.7729446	-31.56435	-53.10079	44400	2.9106936e-08	609.96655	-0.019633003	-13.638123	0.0046620546	0.0	28.905558824539185
74	-41.901077	21.348192	-21.94015	-109.16441	25.217392	-41.94292	2.1807144	-29.748058	-53.644512	45000	-4.688899e-08	429.81345	-0.026209595	-10.614899	0.007476186	0.0	29.27920174598694
75	-49.40886	26.089312	-22.976614	-113.642105	24.875	-41.474712	2.6839955	-29.68453	-49.860363	45600	1.1523564e-08	719.7319	-0.027543874	-37.51123	0.008758044	0.0	29.65481972694397
76	-41.896923	16.186697	-18.25014	-79.87583	25.0	-43.71036	3.1848943	-28.895483	-52.167633	46200	-1.66893e-08	254.64874	-0.016723758	-22.992905	0.0066702026	2.0	30.029677867889404
77	-41.526344	11.376211	-22.047895	-77.27996	25.086956	-41.241642	2.32244	-27.0397	-49.436813	46800	1.5894573e-08	109.31843	-0.03366743	-2.319336	0.008153295	0.0	30.396790027618408
78	-43.14073	14.391442	-19.987309	-73.33832	24.791666	-40.938446	3.0792987	-23.116142	-50.097897	47400	-1.5894572e-09	199.22377	-0.026246335	-6.009964	0.007689046	1.0	30.76685070991516
79	-41.58534	14.361551	-24.290936	-86.20885	24.708334	-41.809383	2.4238374	-28.380632	-50.454853	48000	7.152557e-09	177.54913	-0.021645375	-2.2727509	0.008911212	0.0	31.141955375671387
80	-36.794407	15.051427	-18.179525	-84.05932	24.958334	-40.788185	2.5768259	-27.83413	-50.45748	48600	3.536542e-08	234.98607	-0.019437766	-19.657715	0.0046326136	0.0	31.662546396255493
81	-49.421326	24.888176	-21.145454	-108.08519	24.875	-40.132004	2.5848217	-27.5783	-50.179874	49200	2.4636586e-08	659.5266	-0.024678763	-62.04785	0.008144283	0.0	32.01974654197693
82	-37.55986	14.475211	-22.870441	-82.70246	25.043478	-44.435623	2.80368	-28.81805	-50.572598	49800	1.8874804e-08	250.83182	-0.015872015	-48.308685	0.0058902376	0.0	32.39587330818176
83	-41.447994	20.634308	-24.147568	-108.044914	25.434782	-40.05804	2.1153865	-29.5816	-50.35333	50400	1.5199184e-08	407.0397	-0.015387321	-4.683777	0.0086512705	0.0	32.76822209358215
84	-48.133297	34.259624	-23.975449	-153.15906	25.26087	-40.530064	2.7814255	-27.288406	-50.4933	51000	-2.3841857e-09	1209.2715	-0.025766658	-21.385498	0.008818784	0.0	33.13284420967102
85	-32.831726	10.051588	-19.768581	-67.72794	25.434782	-40.979485	3.5268302	-24.500874	-51.209835	51600	4.8478444e-08	166.7892	-0.026550436	-63.579475	0.009229126	0.0	33.49477958679199
86	-31.083435	7.623968	-18.475946	-49.85714	25.217392	-35.831886	1.9903814	-24.030657	-46.354824	52200	-2.3444494e-08	80.40577	-0.01628216	-7.6790237	0.009053239	0.0	33.856528520584106
87	-66.77828	162.88872	-20.203676	-845.81964	24.041666	-35.113304	1.8202512	-25.416496	-44.387627	52800	-1.2715658e-08	1239.4954	-0.012755967	-8.98291	0.0022571129	0.0	34.234907388687134
88	-33.99438	11.677251	-21.05608	-62.97642	25.130434	-33.848892	2.7196035	-23.337334	-49.786785	53400	3.1789145e-09	129.6051	-0.016183846	-1.9186172	0.004644712	0.0	34.614020347595215
89	-33.794525	10.965252	-19.982178	-63.50924	25.043478	-34.28134	2.6154442	-23.77974	-44.20435	54000	8.046627e-09	116.07927	-0.016800862	-1.6585693	0.008951527	2.0	34.99155902862549
90	-33.827656	9.958284	-19.814583	-53.172073	25.26087	-34.252678	3.5980725	28.943714	-45.892536	54600	-1.5894573e-08	108.09432	-0.014202142	-9.548134	0.006227942	0.0	35.52684426307678
91	-29.301638	7.6087494	-18.595366	-44.35506	25.304348	-34.199493	2.2449064	-23.122414	-42.8374	55200	2.3047129e-08	80.99	-0.01865122	-23.640224	0.0091696875	0.0	35.89551067352295
92	-32.513603	9.785115	-18.56931	-54.217506	25.086956	-30.628138	1.518834	-23.081139	-42.527195	55800	-1.5894573e-08	92.78844	-0.018067505	-4.6421204	0.008215784	0.0	36.260242223739624
93	-38.88554	18.629307	-21.348272	-113.025024	25.130434	-32.539505	2.2780952	-22.465542	-44.41675	56400	1.8080076e-08	367.3437	-0.018027216	-34.057953	0.007858512	0.0	36.628937005996704
94	-29.276367	7.3299327	-18.216867	-48.211323	25.304348	-37.35392	3.048251	-26.685106	-46.05575	57000	3.2782555e-08	120.20789	-0.0123615945	-67.91292	0.006889162	1.0	37.01749920845032
95	-32.351215	14.610004	-18.23885	-85.84244	25.565218	-30.609652	1.9974705	-21.686377	-49.471264	57600	-1.2715658e-08	204.16396	-0.024362199	-2.687271	0.00776706	0.0	37.38925051689148
96	-31.015572	7.947679	-17.574938	-45.41141	25.26087	-30.584993	1.9337131	-20.971643	-48.01066	58200	1.3510387e-08	61.71263	-0.019609492	-1.0263748	0.006892673	0.0	37.77041435241699
97	-31.527338	9.169257	-17.94607	-49.113285	25.173914	-30.760508	1.7909505	-22.860672	-45.942863	58800	-9.934108e-09	79.979546	-0.0074550984	-0.38674927	0.009556359	0.0	38.15940070152283
98	-63.053883	166.98352	-16.9035	-862.6117	24.166666	-30.883219	1.5515323	-24.573605	-44.840508	59400	-1.2715658e-08	1242.172	-0.027687231	-6.4882812	0.0075605093	0.0	38.535579681396484
99	-30.943348	10.289399	-17.822454	-58.443058	25.043478	-30.557442	1.594226	-22.574465	-40.332493	60000	3.6458175e-08	100.31487	-0.018771807	-8.395966	0.008631704	0.0	38.91215896606445
100	-64.41412	167.59186	-21.359623	-867.3608	24.166666	-30.938932	2.0266483	-22.910595	-45.854218	60600	-2.0662943e-08	1216.7686	-0.032921642	-2.7788086	0.00657396	0.0	39.44096899032593
101	-32.004734	8.328531	-21.705292	-58.52524	25.52174	-30.667364	1.9273888	-22.493595	-43.351326	61200	-1.8676122e-08	68.29462	-0.019143427	-3.3977585	0.008706226	1.0	39.81964945793152
102	-36.628178	16.260305	-20.487795	-81.78602	25.347826	-31.652306	2.2813535	-26.412865	-46.00264	61800	-5.165736e-09	266.46817	-0.016400643	-22.240768	0.007458029	1.0	40.1979706287384
103	-30.428923	5.8718424	-22.765034	-41.9976	25.086956	-34.401997	3.523598	-23.80876	-38.485302	62400	-8.245309e-09	58.8528	-0.014422259	-26.19638	0.006197505	0.0	40.55625915527344
104	-30.90503	8.83602	-20.157444	-52.96144	25.0	-31.11627	1.2227124	-24.40185	-39.97102	63000	-1.8278758e-08	70.98771	-0.013680192	-12.709389	0.008145456	0.0	40.91381764411926
105	-26.531614	4.9894466	-20.199049	-37.280785	25.434782	-30.458391	2.3550189	-22.694487	-46.221825	63600	-5.284945e-08	40.746456	-0.016456703	-15.963749	0.006711944	0.0	41.302499532699585
106	-27.656242	5.91314	-19.601679	-41.662117	25.217392	-26.613379	1.3789159	-22.309689	-46.031013	64200	-1.5099843e-08	35.035347	-0.007048141	-1.3630981	0.009590558	0.0	41.67432427406311
107	-30.47431	13.795047	-17.994755	-81.93211	25.347826	-27.192598	2.067211	-22.802464	-46.170635	64800	-9.139379e-09	177.42519	-0.012850648	-13.463516	0.007582634	0.0	42.033955335617065
108	-29.088806	9.444951	-17.463655	-53.75997	25.130434	-29.57419	1.8312943	-22.481535	-39.862087	65400	-2.9404958e-08	84.54637	-0.0073924493	-3.7099152	0.005777846	0.0	42.40053653717041
109	-29.87882	10.974724	-19.490002	-65.81461	25.782608	-29.319674	2.872726	-22.971003	-46.675804	66000	-2.026558e-08	110.47743	-0.01478408	-6.215584	0.005407617	0.0	42.765156269073486
110	-28.78943	10.418796	-17.822216	-61.8351	25.52174	-29.64414	2.7752426	-20.80896	-46.69214	66600	-4.887581e-08	98.68522	-0.018231302	-3.505783	0.008232101	1.0	43.315765142440796
111	-28.132263	7.8862586	-17.325766	-44.7991	25.086956	-28.313757	2.2557611	-22.31718	-46.77165	67200	4.45048e-08	56.13682	-0.013724629	-0.740818	0.008749067	0.0	43.6875524520874
112	-27.914	6.9954104	-17.607874	-47.267937	25.391304	-27.986774	1.3016101	-22.697695	-36.508976	67800	-1.07288365e-08	46.57989	-0.01794606	-1.2787933	0.0066402387	1.0	44.05163908004761
113	-60.915684	163.66983	-19.909098	-845.13007	24.333334	-28.089895	2.1351287	-23.377735	-46.715885	68400	-3.8146972e-08	1163.6791	-0.02784518	-0.7989502	0.008592701	0.0	44.433371782302856
114	-28.97195	8.282518	-17.651312	-54.171635	25.391304	-28.141224	2.2640119	-20.642815	-46.729862	69000	6.357829e-09	61.307343	-0.017776322	-2.6718597	0.007311822	2.0	44.82321262359619
115	-27.40592	5.689572	-17.305647	-40.820362	25.0	-28.556198	1.4403007	-23.612114	-39.50641	69600	2.3444494e-08	31.857136	-0.016723791	-1.5787964	0.007183493	0.0	45.20843982696533
116	-25.771734	5.0838842	-18.100342	-35.91199	25.434782	-27.731993	1.5913172	-23.261845	-46.574745	70200	3.2484532e-08	28.568594	-0.014166324	-3.135271	0.0064608892	0.0	45.57836890220642
117	-28.062563	4.8635497	-22.212107	-42.297417	25.173914	-26.9905	1.5801656	-21.6234	-42.167694	70800	-4.9273172e-08	24.013815	-0.012667875	-3.4356213	0.008574158	1.0	45.93821310997009
118	-25.433577	5.052449	-18.92969	-38.440304	24.916666	-27.651484	1.3170333	-23.062122	-38.985294	71400	-1.2318293e-08	29.005283	-0.01946676	-4.455246	0.009519559	0.0	46.29715275764465
119	-26.013447	5.879952	-18.196592	-39.707542	25.391304	-26.449284	1.471733	-22.168129	-38.602654	72000	1.0331472e-08	31.636862	-0.010805471	-0.59469795	0.007345543	0.0	46.674487829208374
120	-28.999144	8.895312	-19.461607	-55.090397	25.130434	-26.611507	2.3454258	-21.94161	-45.49839	72600	2.8610229e-08	74.98625	-0.011648621	-6.704582	0.0062438804	3.0	47.2415931224823
121	-28.949347	11.934049	-17.50204	-65.4945	25.173914	-28.703484	1.8086597	-21.921318	-40.88404	73200	-1.1523564e-08	128.8334	-0.020717973	-7.7612686	0.009043807	0.0	47.59670615196228
122	-26.651579	8.81662	-17.96403	-61.73301	25.130434	-27.613207	2.0181813	-22.559002	-46.02534	73800	-6.556511e-09	67.06776	-0.0082341	-2.8289642	0.006328485	0.0	47.97347664833069
123	-25.334204	6.2949705	-18.886412	-45.090057	25.391304	-26.805986	1.6067163	-22.266983	-41.15371	74400	7.510185e-08	40.63787	-0.011746177	-3.0594177	0.005406902	0.0	48.35319972038269
124	-26.03049	4.05535	-18.944788	-33.597572	25.0	-25.813847	1.4334319	-21.56476	-38.378624	75000	-3.0994414e-08	15.510553	-0.014546872	-1.3313675	0.009872284	0.0	48.72442102432251
125	-25.816814	6.1472917	-17.700682	-41.415123	25.130434	-26.189356	1.699285	-22.018784	-45.373047	75600	-4.0133795e-08	35.30567	-0.0014284439	-1.2214394	0.0066657187	0.0	49.101901054382324
126	-25.716202	5.012514	-18.514332	-35.85767	25.217392	-25.783663	1.6755507	-20.412447	-41.002106	76200	1.3510387e-08	23.10605	-0.014433283	-0.57265663	0.008720395	0.0	49.47285294532776
127	-25.406738	6.5622344	-17.816162	-45.158012	25.26087	-25.755522	1.6816629	-21.140177	-40.52581	76800	1.6291937e-08	39.933117	-0.0121259	-2.7008057	0.006849277	0.0	49.85368299484253
128	-25.376911	5.943255	-18.873499	-46.728306	25.608696	-26.038086	2.0724719	-20.054634	-44.525845	77400	2.0464261e-08	32.78046	-0.014042058	-0.9662552	0.008293985	0.0	50.24564719200134
129	-25.555933	8.395249	-16.974905	-55.32316	25.217392	-25.447315	1.8127862	-20.694654	-40.164745	78000	7.3512396e-09	56.412903	-0.012208053	-2.6901436	0.006473589	0.0	50.623096227645874
130	-24.528008	4.5278516	-17.88962	-35.26184	25.347826	-25.499363	2.1238604	-20.036411	-40.07621	78600	-1.9868216e-09	20.646246	-0.016294366	-1.3166618	0.009294728	0.0	51.1829948425293
131	-24.688997	6.122706	-16.828587	-40.820988	25.434782	-24.814037	1.8485031	-20.604277	-42.2926	79200	1.1920929e-08	35.283836	-0.011937079	-0.53383636	0.008478888	1.0	51.550116777420044
132	-58.89967	169.41736	-18.027962	-870.9504	24.416666	-24.758232	1.9543788	-20.001303	-42.338963	79800	4.1325887e-08	1225.0569	-0.017461665	-0.5938721	0.0070248935	0.0	51.916857957839966
133	-26.080315	7.475536	-18.073011	-43.55124	25.347826	-24.943388	1.9233209	-18.644659	-42.291985	80400	6.357829e-09	50.660255	-0.018242244	-2.4413834	0.007938311	0.0	52.27466320991516
134	-29.683968	14.5206375	-18.90708	-77.930176	25.52174	-25.796574	2.4262655	-19.906685	-44.66605	81000	2.582868e-09	199.63652	-0.01970271	-16.585556	0.007134125	0.0	52.642163038253784
135	-26.862354	5.466613	-18.745426	-39.601326	25.434782	-29.120033	2.8379836	-20.99622	-45.04976	81600	-4.7683715e-09	39.015434	-0.008534943	-11.456547	0.0060792253	1.0	53.003016233444214
136	-26.59728	5.963183	-19.096418	-44.06593	24.958334	-26.66613	1.8176073	-19.451803	-41.835583	82200	2.7418137e-08	33.631535	-0.015515741	-0.51891327	0.009208644	0.0	53.362478256225586
137	-25.780327	6.5930467	-19.350176	-49.739555	25.52174	-26.728765	1.4531362	-20.041134	-36.528564	82800	-9.040038e-08	39.63309	-0.025445653	-2.6065025	0.0072139	1.0	53.73228359222412
138	-24.856981	3.8458714	-19.444307	-33.71192	25.347826	-25.738945	1.2557276	-21.189175	-37.07321	83400	-2.1855037e-08	15.074829	-0.0173045	-0.909852	0.007136538	0.0	54.09628891944885
139	-23.031067	5.756782	-17.3652	-39.157467	25.47826	-25.063108	1.1063263	-19.950607	-35.59419	84000	4.3511392e-08	34.275818	-0.022956958	-4.524948	0.008322741	0.0	54.462292194366455
140	-25.240437	5.2699966	-17.728003	-37.0169	25.391304	-23.6981	1.4692521	-19.379932	-36.04129	84600	9.934108e-09	27.726923	-0.011121223	-2.2787514	0.008394655	0.0	55.02713441848755
141	-24.134338	4.213586	-18.21871	-35.05774	25.347826	-24.829893	1.5424545	-20.678564	-38.804333	85200	-1.66893e-08	16.77659	-0.01500685	-0.7910137	0.009340655	0.0	55.390175580978394
142	-24.315674	5.716229	-18.444456	-47.593506	25.52174	-24.388954	1.746173	-19.443285	-38.45467	85800	2.1855037e-08	27.971895	-0.013066576	-1.4604874	0.0067659696	0.0	55.754960775375366
143	-26.115465	7.870953	-17.698349	-52.09504	25.304348	-24.428795	1.9345778	-19.186996	-38.579346	86400	2.78155e-09	55.073685	-0.011643496	-4.2139893	0.008185069	0.0	56.117979288101196
144	-26.642233	6.9781775	-17.64482	-48.09852	25.130434	-25.489773	1.8640293	-20.511816	-42.201023	87000	2.1557014e-08	45.80259	-0.010084887	-3.2855606	0.006056562	1.0	56.4848952293396
145	-24.59912	4.8579817	-17.456812	-34.43758	25.304348	-26.533936	1.7361304	-21.238659	-40.235847	87600	-3.576279e-08	25.724974	-0.012683199	-3.7647038	0.007848239	0.0	56.850467920303345
146	-24.188269	4.6826935	-17.363094	-35.487434	25.26087	-24.874027	1.3058606	-19.112843	-34.00866	88200	2.0662943e-08	20.818653	-0.01365941	-1.1333332	0.008688643	0.0	57.214195728302
147	-23.647114	7.250142	-18.01855	-51.741673	25.47826	-24.389069	1.5528427	-18.987848	-40.36944	88800	-5.5631e-09	43.54059	-0.016676297	-3.1986275	0.009345852	0.0	57.58795619010925
148	-25.244305	7.504231	-19.473574	-49.311214	25.434782	-23.886423	2.116463	-18.31076	-43.344444	89400	6.357829e-09	53.09221	-0.02187097	-3.4186096	0.007656878	0.0	57.96024537086487
149	-22.649055	3.7055008	-16.96965	-29.016869	25.434782	-24.855648	1.4639914	-19.179756	-41.87819	90000	4.172325e-08	17.49375	-0.010146636	-4.9215975	0.006702609	0.0	58.31478428840637
150	-23.02998	3.0917509	-17.16614	-31.20475	25.391304	-22.969799	0.82483625	-15.161352	-29.287563	90600	1.07288365e-08	9.747738	-0.010284908	-0.2186737	0.008845223	0.0	58.879666566848755
151	-22.584255	3.6287012	-17.185274	-30.219004	25.304348	-23.099026	1.2600566	-16.328568	-33.78245	91200	-1.1324882e-08	12.460511	-0.015142563	-0.5065594	0.0076171397	1.0	59.245561361312866
152	-22.936104	4.751177	-17.485031	-36.611225	25.608696	-22.589958	0.99208695	-17.978588	-31.816671	91800	1.08281775e-08	21.186583	-0.0124936765	-0.3425331	0.0073781013	0.0	59.62451243400574
153	-24.127726	4.6188326	-17.12282	-35.351856	25.73913	-23.02802	1.5581897	-16.601181	-39.702972	92400	1.1920929e-08	19.9325	-0.022585057	-2.6856613	0.009675242	0.0	60.02632784843445
154	-23.323404	4.3448524	-17.098078	-33.17698	25.304348	-23.797426	1.5640148	-17.23592	-30.670553	93000	-1.1920929e-08	19.907442	-0.0128586	-1.7666836	0.008986713	1.0	60.40375566482544
155	-22.26113	2.7954228	-17.692133	-27.391642	25.391304	-23.439436	0.9719278	-18.64987	-29.486164	93600	0.0	9.74359	-0.017700098	-1.7500935	0.009535952	0.0	60.77109503746033
156	-22.307724	2.757827	-16.644583	-27.587536	25.565218	-22.515198	0.9675183	-18.878716	-31.216534	94200	2.503395e-08	8.1249485	-0.013781622	-0.48346424	0.008688987	0.0	61.14718985557556
157	-25.311268	7.3820515	-17.725132	-51.171722	25.52174	-22.649649	1.8894166	-19.166056	-38.97631	94800	-5.5631e-09	53.9377	-0.014412438	-9.968681	0.002382001	0.0	61.51705050468445
158	-22.563211	4.1342645	-17.073242	-33.561073	25.608696	-25.147144	1.8955662	-19.603115	-41.699642	95400	-6.357829e-09	22.240713	-0.018073462	-6.576231	0.00819484	0.0	61.874003648757935
159	-23.88765	4.7847505	-18.063242	-37.373783	25.695652	-22.424608	1.3423182	-18.693462	-30.735992	96000	5.9604646e-09	24.431093	-0.015599546	-3.126917	0.007828577	0.0	62.232444286346436
160	-22.163488	2.217248	-18.054602	-26.961224	25.26087	-23.587143	0.9799949	-20.069847	-31.774418	96600	4.4902166e-08	6.9679265	-0.016011639	-2.0181808	0.007326913	0.0	62.80452799797058
161	-23.105436	4.3167	-17.19771	-33.09749	25.173914	-22.410807	1.1297382	-19.169737	-32.712944	97200	-7.947286e-09	17.071575	-0.009163486	-0.6411114	0.0066773207	1.0	63.181835412979126
162	-22.060226	3.126767	-17.777937	-28.18852	25.52174	-23.155706	1.3906349	-19.789034	-35.458904	97800	-3.6557516e-08	10.742289	-0.0131275635	-1.4104443	0.0074324417	0.0	63.54953098297119
163	-22.733149	5.545144	-17.494684	-46.19247	25.47826	-22.116339	1.1567038	-18.640156	-33.205692	98400	-1.5894572e-09	28.532265	-0.02029517	-0.6759987	0.009293831	0.0	63.92810320854187
164	-24.339252	4.872814	-17.797863	-37.829857	25.391304	-22.799145	1.3458105	-19.25786	-32.571445	99000	-4.371007e-09	23.880299	-0.01937783	-3.1398697	0.008534786	0.0	64.31512236595154
165	-23.406235	5.9239287	-17.00525	-43.782745	25.434782	-24.317364	1.9141197	-19.478035	-42.60513	99600	1.11262e-08	28.99093	-0.0136828935	-3.267374	0.0074061234	1.0	64.71007323265076
166	-23.660494	3.4019618	-17.340355	-31.018953	25.434782	-23.242949	1.3558862	-18.493507	-35.503056	100200	-1.11262e-08	11.487546	-0.0101668285	-0.77738	0.009788184	0.0	65.09110689163208
167	-24.244438	7.02849	-17.551184	-52.244797	25.043478	-23.73374	1.2344191	-18.520641	-33.826538	100800	-3.973643e-08	44.49677	-0.028358554	-2.0742874	0.009436834	0.0	65.46944975852966
168	-23.407185	4.332064	-17.220734	-38.163277	25.304348	-23.901611	1.0494863	-17.002335	-33.917606	101400	-2.4835268e-08	17.76992	-0.011124005	-0.45048523	0.007575873	0.0	65.83424162864685
169	-23.47225	4.479041	-18.496172	-33.9609	25.565218	-23.716612	1.9414045	-19.989798	-41.531384	102000	1.5099843e-08	17.22111	-0.013726416	-0.4041977	0.007200898	0.0	66.20933127403259
170	-21.952665	3.598052	-17.160233	-29.9101	25.47826	-23.26737	0.9740811	-19.903036	-31.286833	102600	-6.67572e-08	13.495897	-0.013636293	-2.0676556	0.0077304044	0.0	66.7727530002594
171	-22.217512	2.7126148	-17.204481	-28.063883	25.217392	-21.868572	0.7448981	-18.670975	-29.304216	103200	4.7683715e-09	7.2241197	-0.015395421	-0.2445836	0.009678045	0.0	67.14881992340088
172	-21.68896	3.2222874	-18.400599	-32.194736	25.52174	-22.226044	0.92130286	-18.662853	-27.274757	103800	-7.3512396e-09	10.108457	-0.008382358	-0.6118555	0.0072570364	1.0	67.52304482460022
173	-21.671988	2.611492	-16.896358	-26.493807	25.652174	-21.646833	0.74276024	-19.255999	-26.874096	104400	-3.0199686e-08	7.2649984	-0.014334408	-0.25848627	0.008374114	0.0	67.89184522628784
174	-21.238056	3.1985936	-17.394535	-29.845285	25.652174	-21.76805	0.9830159	-18.996002	-32.052387	105000	-7.947286e-09	9.814679	-0.009963587	-0.6359291	0.008256827	0.0	68.25604820251465
175	-21.390604	3.5422168	-17.28051	-31.171015	25.52174	-21.009394	0.46512613	-18.337648	-23.818281	105600	-1.66893e-08	11.976023	-0.0059851226	-0.30954552	0.006618891	0.0	68.63650274276733
176	-23.06789	3.157612	-18.445347	-30.602282	25.47826	-21.57847	0.8794542	-19.054214	-26.54175	106200	-3.576279e-08	12.308901	-0.020059329	-2.3979502	0.008459296	0.0	69.02792382240295
177	-21.906769	2.9369972	-16.829834	-27.62658	25.52174	-22.971706	0.7770856	-20.037607	-29.991589	106800	4.529953e-08	9.561639	-0.006771547	-1.4902287	0.0060588415	0.0	69.40245199203491
178	-23.636562	4.1336107	-19.5465	-39.41811	25.52174	-22.025976	1.4156715	-18.173504	-41.060684	107400	-8.742014e-09	19.720114	-0.008708683	-3.0283566	0.006568359	1.0	69.76093053817749
179	-21.189407	2.6338336	-16.535526	-25.329567	25.565218	-23.524574	0.73539174	-19.433205	-26.982998	108000	-8.742014e-09	12.396704	-0.016627	-5.7632337	0.0067213085	0.0	70.1480462551117
180	-22.756998	4.816989	-16.645353	-38.414	25.52174	-21.30103	1.0556278	-18.142078	-29.37694	108600	-5.6028366e-08	23.840029	-0.017491177	-2.6880589	0.0090521155	0.0	70.73854231834412
181	-23.051487	3.7670484	-17.141085	-34.213604	25.52174	-22.901756	1.4822601	-19.917654	-38.419132	109200	-1.9272168e-08	12.093808	-0.013747063	-0.633852	0.0072913617	0.0	71.10546135902405
182	-23.648575	6.922136	-18.131947	-53.216473	25.782608	-22.979076	1.6459355	-18.580343	-38.196365	109800	-5.00679e-08	40.476772	-0.0095419325	-2.4047852	0.005808871	0.0	71.48054933547974
183	-21.20338	2.912543	-17.507704	-30.783756	25.391304	-23.29442	0.6473326	-19.874863	-26.72057	110400	-3.2583873e-08	12.299152	-0.010510263	-4.436239	0.006740758	1.0	71.86672472953796
184	-21.230188	2.0861998	-17.390238	-25.59312	25.73913	-21.233109	0.7765324	-18.319117	-25.702263	111000	-1.9868216e-08	4.649904	-0.01791959	-0.15255833	0.008432778	0.0	72.23137426376343
185	-22.647642	3.6172645	-17.66092	-29.908998	25.434782	-21.290018	0.81345665	-18.712757	-28.645212	111600	3.6358834e-08	14.3907585	-0.0100807445	-1.8027639	0.0065084253	1.0	72.61160802841187
186	-22.087471	3.1349518	-17.520027	-29.035015	25.695652	-22.683178	0.73886883	-20.045052	-27.853903	112200	9.139379e-09	9.562659	-0.019296335	-0.594573	0.0077185933	1.0	72.98666095733643
187	-21.491888	4.306262	-17.374605	-31.639101	25.52174	-21.930079	0.72277755	-19.105568	-29.951706	112800	-2.0662943e-08	18.314075	-0.008768737	-0.74570084	0.0067468216	1.0	73.36624312400818
188	-22.736443	3.7246642	-18.272028	-35.86684	25.652174	-21.729	1.4020449	-18.941547	-40.010357	113400	6.834666e-08	12.901719	-0.011173966	-1.8158283	0.006815606	1.0	73.75369644165039
189	-24.475716	6.651603	-19.133522	-52.18392	25.695652	-22.938278	2.162923	-19.931454	-41.711433	114000	4.7683715e-09	40.451057	-0.022358852	-3.2046394	0.008427589	0.0	74.13242316246033
190	-26.21462	7.3234615	-17.318977	-46.813034	25.304348	-24.766184	2.2925093	-20.235468	-40.951122	114600	7.947286e-10	43.353508	-0.020344045	-6.86977	0.007322237	0.0	74.74109244346619
191	-21.470411	2.9630554	-17.947329	-28.289597	25.826086	-25.253416	1.6233609	-20.987976	-32.75539	115200	6.516775e-08	24.13649	-0.0079650795	-15.061106	0.009295063	0.0	75.10988450050354
192	-23.137648	4.6878786	-17.808878	-37.3909	25.652174	-21.748245	1.5860333	-18.385859	-41.506306	115800	-4.371007e-09	22.474375	-0.0046322676	-2.15415	0.008533733	0.0	75.47528457641602
193	-22.76581	5.1868505	-16.825764	-41.490376	25.826086	-23.243013	2.0594697	-16.660385	-41.01128	116400	-4.371007e-09	20.014856	-0.014767368	-0.9714279	0.0066851694	1.0	75.85294580459595
194	-22.024002	2.6122093	-17.34087	-28.430801	25.52174	-22.441101	0.8571017	-17.846792	-28.716412	117000	-2.4636586e-08	7.59806	-0.01742796	-0.7607589	0.0067632976	1.0	76.21038722991943
195	-22.956263	3.7992606	-17.949566	-33.038574	25.47826	-22.302797	1.5619528	-19.081335	-40.233723	117600	-2.2649765e-08	13.09899	-0.0206791	-0.81926346	0.00961577	0.0	76.58081793785095
196	-21.18816	2.3743734	-17.397875	-28.297318	25.695652	-22.708261	0.7761107	-19.709194	-31.991932	118200	-7.947286e-09	8.039382	-0.011177304	-2.4354944	0.009078655	0.0	76.94263195991516
197	-22.897596	2.9075444	-18.595003	-29.723183	25.565218	-21.259161	0.94899005	-17.942036	-30.283728	118800	3.218651e-08	10.533272	-0.015150359	-2.6835666	0.006755511	1.0	77.31731271743774
198	-22.467188	3.5192406	-17.140333	-28.938072	25.608696	-22.778227	0.66057825	-19.845581	-30.667837	119400	-1.3510387e-08	12.180628	-0.011649696	-0.32981205	0.00780222	1.0	77.68552732467651
199	-22.494299	3.3061738	-17.759216	-32.283813	25.26087	-22.402588	0.4339671	-19.540844	-24.865795	120000	5.9604646e-09	10.410081	-0.025034232	-0.06919384	0.009681011	0.0	78.06000781059265
200	-21.658049	2.9229403	-17.440552	-26.961115	25.695652	-22.524313	0.4003714	-19.919666	-25.439901	120600	-1.1920929e-08	8.805446	-0.020691942	-0.8389969	0.0062858895	0.0	78.64969420433044
201	-22.7571	3.8909478	-17.42163	-30.16751	25.73913	-21.873384	1.2064526	-18.86209	-33.825974	121200	-1.5894573e-08	14.522627	-0.021668304	-1.2634315	0.009492163	0.0	79.00134110450745
202	-21.477024	2.7455096	-17.57508	-26.824417	25.652174	-22.346413	0.6971827	-19.504507	-26.646158	121800	6.1591465e-09	8.240925	-0.012623328	-0.9979291	0.008540291	0.0	79.35732650756836
203	-22.300184	3.3260934	-17.138681	-29.679676	25.565218	-21.505022	0.7093344	-18.751158	-29.544024	122400	-4.0928523e-08	11.093015	-0.024459654	-0.98280144	0.0094680535	0.0	79.72254705429077
204	-22.852123	3.737436	-17.0349	-30.730082	25.391304	-22.265211	0.7895025	-19.5581	-29.443937	123000	-4.7683715e-09	12.976413	-0.014656112	-0.49550247	0.007820754	0.0	80.08438038825989
205	-22.630583	4.095412	-17.916424	-33.122204	25.695652	-22.817226	0.97631955	-20.090448	-29.65325	123600	6.437302e-08	15.886859	-0.022288	-0.26703167	0.009553427	0.0	80.45464587211609
206	-20.945803	3.0735044	-17.123356	-28.112225	25.695652	-22.472975	0.51119924	-19.775976	-26.816816	124200	8.106232e-08	11.5387125	-0.01058787	-2.5052881	0.0074137733	1.0	80.83872985839844
207	-21.168135	2.2261376	-17.764395	-28.54811	25.391304	-20.88407	0.5560834	-18.294867	-24.140186	124800	-7.947286e-09	4.993877	-0.010875503	-0.34325218	0.0065701865	1.0	81.21434736251831
208	-22.091463	4.179727	-16.730179	-31.102222	25.652174	-21.36349	1.2322237	-19.189627	-39.96691	125400	-6.1591465e-09	17.03109	-0.015308668	-1.0667133	0.0099749975	0.0	81.5846688747406
209	-20.885115	3.0179245	-17.05314	-28.760946	25.652174	-21.916655	0.56284523	-19.242435	-28.96532	126000	1.3510387e-08	10.150515	-0.016998267	-1.2128096	0.009281393	0.0	81.94404530525208
210	-22.983906	3.750891	-18.177284	-33.56639	25.565218	-21.06373	1.0135701	-18.40412	-30.204096	126600	2.1457673e-08	15.985957	-0.018351821	-4.619643	0.007027948	1.0	82.54132652282715
211	-22.419706	4.398846	-17.110954	-37.06893	25.565218	-22.775637	1.0171471	-19.974852	-37.35616	127200	1.5894572e-09	17.903622	-0.011495377	-3.2271109	0.007197995	1.0	82.91747069358826
212	-22.250425	3.4663756	-17.542635	-31.28059	25.652174	-22.088327	1.0339112	-19.21125	-30.233027	127800	5.5631e-09	12.215582	-0.007987183	-0.6073084	0.0074957116	0.0	83.29761362075806
213	-21.109411	3.0351243	-16.911186	-27.35167	25.608696	-22.246681	0.54336053	-17.939476	-25.522093	128400	-1.9868216e-08	10.204375	-0.020404529	-1.6508436	0.008914214	0.0	83.68071460723877
214	-21.440989	2.860794	-16.950113	-29.145298	25.869566	-21.34036	1.099128	-18.86989	-31.187439	129000	2.7815501e-08	8.129253	-0.011190635	-0.7341685	0.008807621	0.0	84.05335307121277
215	-21.848927	2.9397042	-18.51701	-31.664337	25.652174	-21.392923	0.8138522	-18.509521	-30.21277	129600	-2.6226044e-08	8.752667	-0.012125596	-0.45510197	0.009731768	0.0	84.42980170249939
216	-21.645771	4.1825447	-17.129263	-34.11802	25.608696	-21.884972	0.80084056	-19.470562	-30.875593	130200	-3.774961e-09	17.133158	-0.01733607	-0.7303219	0.0071910066	1.0	84.81284761428833
217	-22.034002	2.3526406	-18.059706	-28.023159	25.347826	-21.524353	0.5801797	-16.746967	-26.282478	130800	2.1656355e-08	5.511459	-0.01469881	-0.47154093	0.0091594	0.0	85.17793035507202
218	-21.272346	3.4304276	-17.050575	-29.238312	25.52174	-22.013355	0.95453405	-19.678684	-34.834793	131400	-2.3841858e-08	11.751708	-0.015482446	-1.7372227	0.008246531	0.0	85.55391454696655
219	-21.46633	3.2234566	-17.288387	-28.614887	25.652174	-21.301638	1.1406646	-18.704716	-28.435038	132000	1.9073486e-08	9.781552	-0.0035202543	-0.6034622	0.0077848476	1.0	85.93626093864441
220	-21.153076	2.256096	-17.934244	-26.284452	25.434782	-21.323845	0.6112853	-17.396524	-25.07094	132600	-3.317992e-08	5.1686687	-0.01937878	-0.21069479	0.00919439	0.0	86.63098454475403
221	-20.800774	2.163309	-17.776606	-26.469051	25.652174	-21.132927	0.47224683	-18.968311	-25.636393	133200	-3.6160152e-08	4.7095904	-0.010026541	-0.29332113	0.0061691385	0.0	86.99734997749329
222	-21.65301	2.4214208	-18.448303	-28.83282	25.608696	-20.872849	0.6389636	-18.770788	-28.100073	133800	-2.1457673e-08	5.965324	-0.016632807	-0.8871503	0.0094230035	0.0	87.35494470596313
223	-22.0556	3.7011533	-17.98714	-30.158194	25.695652	-21.640072	0.8469006	-19.43817	-28.73194	134400	2.7815501e-08	12.916532	-0.017108325	-0.46917248	0.007169431	0.0	87.72812533378601
224	-21.337893	2.438018	-17.863726	-28.415998	25.73913	-21.980736	0.80974823	-19.015877	-28.770765	135000	-9.536743e-09	6.1551895	-0.010071009	-0.6467762	0.008118612	0.0	88.08700561523438
225	-21.44571	4.220301	-17.947456	-38.884518	25.565218	-21.379484	0.7852329	-19.526403	-33.76946	135600	-3.9984783e-08	15.838543	-0.013146263	-0.28528118	0.009350257	0.0	88.45410704612732
226	-22.362507	3.3386397	-17.481293	-29.96932	25.52174	-21.40439	0.83455396	-18.911732	-25.919765	136200	-8.742014e-09	11.503384	-0.001431795	-1.2572117	0.00283907	3.0	88.81957411766052
227	-22.85963	4.4719872	-17.813963	-32.88567	25.913044	-22.35552	0.7445051	-19.845842	-28.839247	136800	-2.9802322e-08	19.289312	-0.011796592	-0.70503426	0.0075308727	1.0	89.18879771232605
228	-21.142542	3.5350692	-17.959925	-35.25405	25.826086	-22.84219	1.1843665	-19.790545	-38.48157	137400	-8.68241e-08	14.119717	-0.011176394	-3.2894	0.0075427606	0.0	89.56431102752686
229	-22.591534	3.8865812	-18.193865	-32.62728	25.608696	-21.18876	0.9225849	-18.790457	-30.9664	138000	-2.3841857e-09	15.672211	-0.010799706	-2.2078962	0.008344129	0.0	89.92920088768005
230	-21.553818	3.4739535	-16.734068	-29.38773	25.130434	-22.52968	0.99585277	-18.97238	-32.197094	138600	3.4968057e-08	11.259058	-0.01767448	-1.0066662	0.008314565	0.0	90.54031610488892
231	-20.081184	2.1195917	-17.189234	-24.035809	25.52174	-21.358168	0.86748886	-18.006819	-26.057373	139200	-3.4570693e-08	6.143459	-0.0101607945	-1.8853893	0.007300717	1.0	90.90874123573303
232	-20.963974	2.7616923	-17.271858	-27.553602	25.869566	-19.961761	0.87228185	-16.550861	-23.598001	139800	-1.5099843e-08	8.642306	-0.014563797	-1.4616456	0.00801637	0.0	91.27695965766907
233	-22.35854	3.3590653	-17.380672	-30.87987	25.73913	-21.034222	1.1969593	-17.869492	-41.056145	140400	2.3841858e-08	13.209446	-0.019688599	-2.6210718	0.008831121	0.0	91.64411306381226
234	-21.66794	2.5745816	-17.302757	-27.853315	25.608696	-22.268236	0.5983928	-20.036348	-28.403137	141000	-2.1855037e-08	6.924673	-0.016932862	-0.5602555	0.00816215	0.0	92.02375602722168
235	-21.370138	3.2324197	-17.276009	-29.496754	25.608696	-21.734732	0.81096625	-19.39422	-28.813723	141600	-6.7551933e-09	9.768375	-0.008332826	-0.28069305	0.0064736917	1.0	92.40422797203064
236	-20.681158	2.5732148	-16.935417	-27.103453	25.826086	-21.220734	0.738668	-16.384195	-30.690735	142200	-9.536743e-09	6.8695416	-0.021822827	-0.6241722	0.009751626	0.0	92.77066731452942
237	-21.384336	2.9889987	-17.47155	-29.088106	25.565218	-20.800371	0.85493904	-17.86135	-28.155756	142800	3.039837e-08	8.60768	-0.0062397965	-0.56282616	0.007671127	1.0	93.14594078063965
238	-22.875027	5.3644404	-17.441477	-41.65043	25.826086	-21.33731	1.2241762	-17.41497	-37.093822	143400	-1.9868216e-09	27.679785	-0.01507023	-3.415907	0.0080779595	0.0	93.50072431564331
239	-21.46321	2.6287105	-17.384834	-27.134111	25.652174	-22.806078	1.4460515	-17.501633	-33.665127	144000	-1.9073486e-08	9.35732	-0.019133918	-2.902079	0.007973004	0.0	93.85514879226685
240	-20.272522	2.3969674	-17.129318	-25.826754	25.565218	-21.456354	0.57682204	-19.221212	-26.65817	144600	-5.5631e-09	7.1104865	-0.011565738	-1.5755768	0.007927515	0.0	94.46886205673218
241	-21.722004	2.675285	-17.213331	-27.74996	25.434782	-20.32802	0.7357801	-16.764194	-28.6355	145200	-9.139379e-09	8.82958	-0.010183935	-2.0184522	0.008384763	1.0	94.84021782875061
242	-22.331888	3.2061605	-17.481905	-29.487284	25.695652	-21.62079	0.56367826	-17.963518	-26.05481	145800	7.152557e-09	10.309155	-0.017893834	-0.8046217	0.009830385	0.0	95.21873307228088
243	-20.445457	2.240975	-16.735619	-26.497124	25.73913	-22.20464	0.77888656	-16.544037	-26.889185	146400	9.139379e-09	8.472865	-0.0138066355	-3.3500428	0.008786061	0.0	95.59631752967834
244	-22.5087	3.2421625	-17.14216	-27.279202	25.391304	-20.568663	0.5843842	-17.790556	-25.795296	147000	-1.1920929e-08	13.665723	-0.013366642	-4.0583096	0.007983104	0.0	95.97621822357178
245	-20.701345	3.2334387	-16.99992	-31.085	25.47826	-22.329407	0.80295044	-19.911434	-27.741455	147600	1.1523564e-08	12.029121	-0.015571882	-2.6167564	0.008828182	0.0	96.36268711090088
246	-21.056263	2.733724	-17.138676	-28.0234	25.652174	-20.642942	0.44177374	-17.669249	-23.409443	148200	-6.198883e-08	7.635915	-0.008257584	-0.3315692	0.0066038277	1.0	96.74553179740906
247	-21.662626	2.964161	-17.134224	-28.923956	25.565218	-21.156082	0.6937183	-19.100752	-29.608164	148800	-3.317992e-08	8.423448	-0.011136469	-0.54476595	0.0081678005	0.0	97.12907028198242
248	-20.240492	1.9946721	-17.669956	-25.3274	25.52174	-21.566628	0.51623696	-19.370983	-25.80794	149400	2.8212865e-08	5.6132717	-0.017815199	-1.8572748	0.006435165	1.0	97.5149097442627
249	-21.630093	4.25493	-17.374498	-36.712734	25.608696	-20.308134	0.9273875	-18.204699	-33.79644	150000	4.331271e-08	17.779987	-0.018167323	-2.074089	0.0077227736	0.0	97.8974814414978
250	-21.606054	3.1728156	-17.529226	-28.710062	25.608696	-21.51996	0.5710971	-19.357618	-27.6633	150600	-2.2053719e-08	9.843288	-0.015629428	-0.18796444	0.0074514276	0.0	98.55488228797913
251	-21.269257	3.0596454	-16.670568	-27.140862	25.47826	-21.58937	0.606493	-19.561995	-29.605827	151200	3.059705e-08	9.30459	-0.012057525	-0.5624647	0.006605741	1.0	98.93734216690063
252	-21.608173	2.8996577	-18.350107	-31.053154	25.695652	-21.31235	0.8139454	-19.148346	-26.348269	151800	-6.6061816e-08	8.787257	-0.008769059	-0.972126	0.007146399	0.0	99.31138777732849
253	-21.560566	2.8311348	-16.805693	-27.540731	25.652174	-21.531242	0.51361054	-19.458267	-24.908726	152400	-8.145968e-09	8.122869	-0.016992912	-0.39046478	0.008580064	0.0	99.68926477432251
254	-22.126091	5.8189325	-17.778902	-47.620224	25.73913	-21.645216	1.2063242	-19.470455	-36.595695	153000	-1.07288365e-08	28.012936	-0.007040498	-0.4084854	0.005292654	0.0	100.0629391670227
255	-21.762993	3.350636	-17.368446	-28.710457	25.695652	-21.855234	0.7131866	-19.765947	-31.37271	153600	3.8743018e-08	11.055039	-0.011634281	-0.12851143	0.007667548	0.0	100.43700647354126
256	-20.781319	2.4111989	-17.603662	-26.429253	25.913044	-21.759228	0.5041186	-19.691378	-26.544598	154200	-1.1920929e-09	6.697536	-0.009565138	-1.0491805	0.007314193	0.0	100.81401300430298
257	-21.48097	2.846328	-17.19187	-27.487099	25.782608	-20.907154	0.8889935	-18.89695	-27.186687	154800	3.0994414e-08	8.286476	-0.009601417	-0.53940916	0.00657331	0.0	101.18803191184998
258	-21.344812	2.5813787	-18.044577	-30.231344	25.608696	-21.364809	0.31473157	-19.205	-23.654242	155400	-9.934108e-09	6.54785	-0.015195763	-0.14067316	0.0067938846	1.0	101.56462454795837
259	-20.981207	2.602115	-17.302366	-25.968441	25.826086	-21.453138	0.9016029	-19.684317	-35.370735	156000	1.5894572e-09	6.605481	-0.020282479	-0.50093794	0.008241109	0.0	101.93503928184509
260	-21.647102	3.8616605	-16.90897	-33.182415	25.869566	-21.03155	1.1442443	-18.857563	-31.451458	156600	4.9670536e-08	13.635106	-0.017582927	-0.9412489	0.00861133	0.0	102.5744252204895
261	-21.03048	2.3463604	-16.601654	-26.559296	25.869566	-21.427282	0.8239573	-19.36314	-30.401197	157200	5.8809917e-08	5.5496144	-0.005982462	-0.3389454	0.008453725	0.0	102.9474081993103
262	-20.545517	2.8155358	-17.035662	-28.561451	25.608696	-20.981518	0.3621168	-19.079807	-24.65982	157800	-5.2452087e-08	7.865929	-0.011725198	-0.31113672	0.0059617017	0.0	103.30956077575684
263	-21.15872	2.6295056	-16.82617	-28.721445	25.47826	-20.560345	0.54621583	-16.795294	-25.632757	158400	-3.8146972e-08	7.3315268	-0.012258331	-0.9718356	0.007664576	0.0	103.67136144638062
264	-20.73568	3.4281414	-17.47327	-29.926807	25.565218	-21.21981	0.82508874	-19.345173	-31.006802	159000	3.5762786e-09	10.632149	-0.009596811	-0.45203876	0.0065748487	1.0	104.04965448379517
265	-21.65067	2.7056983	-18.079494	-27.486433	25.565218	-20.655863	0.5232421	-18.719126	-23.66858	159600	1.6887983e-08	7.861037	-0.012611667	-1.1461768	0.007808501	0.0	104.42090511322021
266	-21.00188	3.1118104	-17.094616	-31.316578	25.608696	-21.610579	0.76421154	-19.937246	-31.802996	160200	2.8113524e-08	9.005384	-0.01463609	-0.6851568	0.009940687	0.0	104.78586983680725
267	-20.497688	2.1143174	-17.216309	-25.766315	25.304348	-20.956608	0.7907069	-19.057566	-27.8978	160800	1.6093255e-08	4.7562256	-0.01376964	-0.5909662	0.0087504685	0.0	105.15522933006287
268	-20.867079	3.070622	-17.135681	-27.783863	25.826086	-20.40028	0.5219256	-18.645275	-23.06578	161400	-3.33786e-08	9.838217	-0.008885753	-0.893528	0.009867967	0.0	105.52106237411499
269	-20.287237	2.103922	-16.965086	-26.02933	25.869566	-21.004896	0.9115992	-17.210428	-31.745375	162000	-4.5895575e-08	4.932605	-0.011609864	-0.8680148	0.0066171973	1.0	105.89063334465027
270	-21.373655	2.4371188	-18.066473	-27.255806	25.47826	-20.197077	0.3699147	-17.909073	-24.157764	162600	2.6623407e-08	7.0163565	-0.014298088	-1.3413506	0.0068455	0.0	106.51732468605042
271	-21.019535	2.714245	-17.03395	-26.430542	25.782608	-21.370592	0.37206835	-19.230722	-25.181915	163200	-1.8278758e-08	7.4135327	-0.0070511447	-0.20613384	0.0063339323	0.0	106.87664842605591
272	-21.516308	3.4080763	-17.781403	-30.26719	25.565218	-21.072615	0.6007539	-18.909088	-28.555069	163800	-2.3841857e-09	10.786088	-0.013729203	-0.72919655	0.0077965227	0.0	107.24963569641113
273	-21.041895	3.2725444	-17.607038	-30.32448	25.565218	-21.381409	0.66668904	-18.50723	-26.1053	164400	4.152457e-08	10.491834	-0.016805936	-0.41605663	0.009760098	0.0	107.6188154220581
274	-20.505726	2.1205518	-17.181047	-25.467003	25.608696	-21.051989	0.6603485	-18.532677	-26.251476	165000	4.371007e-09	4.5301332	-0.007935789	-0.40845585	0.00732181	1.0	107.98299932479858
275	-20.524488	2.7145226	-16.975101	-27.621101	25.826086	-20.410746	0.40918836	-19.269396	-25.818787	165600	-2.7815501e-08	7.179227	-0.013329647	-0.33931398	0.00789972	0.0	108.3575553894043
276	-21.03999	2.2655857	-18.519308	-25.349623	25.869566	-20.627607	1.0000129	-19.457783	-29.93335	166200	-4.5696893e-08	5.1402116	-0.0132716205	-0.5047598	0.009332367	0.0	108.72712731361389
277	-21.158619	2.5843809	-17.173113	-26.675982	25.652174	-21.00006	0.77172637	-19.64295	-32.0004	166800	8.34465e-09	6.2209206	-0.014877438	-0.31733418	0.009783926	0.0	109.10054516792297
278	-21.133709	2.3757355	-17.545998	-27.866531	25.47826	-21.102142	0.5350247	-20.065098	-28.097	167400	-3.4968057e-08	5.2490377	-0.017069103	-0.03510952	0.008743189	0.0	109.47388434410095
279	-20.18934	1.721649	-17.741335	-24.727478	25.913044	-21.091528	0.38702422	-19.655096	-26.449442	168000	7.390976e-08	3.778407	-0.017789101	-0.92581916	0.008324449	0.0	109.83941793441772
280	-20.584496	2.9228032	-17.243145	-26.644817	25.565218	-20.176256	0.32103404	-18.78085	-23.94321	168600	-5.7220458e-08	8.309322	-0.014316133	-0.2747507	0.007353018	1.0	110.46941566467285
281	-20.741222	2.4542267	-17.589571	-27.557974	25.695652	-20.589489	0.5114056	-18.910595	-24.0307	169200	-3.695488e-08	5.8569036	-0.0069568967	-0.10412359	0.009326714	0.0	110.83033227920532
282	-22.69147	3.7471154	-18.542315	-37.209244	25.913044	-20.94806	1.211943	-19.047457	-32.965748	169800	5.8809917e-08	15.221295	-0.016670182	-3.7094727	0.0061501325	0.0	111.19869709014893
283	-20.391394	2.4371066	-16.892843	-28.897842	25.52174	-22.502117	0.535041	-19.71227	-27.703001	170400	-6.11941e-08	9.898929	-0.012858644	-4.86332	0.0077574537	0.0	111.56522607803345
284	-21.583532	2.9911005	-16.980787	-29.785238	25.608696	-20.318087	0.9063981	-18.742662	-26.07011	171000	-6.1591465e-09	10.531177	-0.0144446185	-2.109871	0.008754777	0.0	111.92578864097595
285	-21.29745	2.070002	-17.95359	-25.090229	25.73913	-21.510397	0.48064414	-19.855698	-25.413818	171600	-4.649162e-08	4.2255874	-0.003932654	-0.09041786	0.0079089785	3.0	112.30197358131409
286	-20.165928	2.073395	-17.051367	-24.69492	25.826086	-21.24142	0.3657855	-19.686558	-24.754162	172200	6.5962475e-08	5.461019	-0.0129424315	-1.2786484	0.0061311256	0.0	112.68817710876465
287	-21.83849	3.0804205	-18.197365	-33.45162	25.652174	-20.230408	0.38651818	-19.100706	-25.477074	172800	1.1523564e-08	11.529967	-0.019165598	-2.9542046	0.006586712	1.0	113.06759905815125
288	-21.209774	2.9454525	-17.360485	-28.743288	25.652174	-21.824476	0.4852006	-20.578257	-25.888672	173400	-2.582868e-08	8.956863	-0.016852848	-0.72920895	0.009023183	0.0	113.45127534866333
289	-19.840273	1.4108015	-17.188822	-22.132242	25.608696	-21.158398	0.313492	-19.722563	-22.57877	174000	-6.357829e-08	3.700006	-0.011947839	-1.7310156	0.006566576	1.0	113.8267571926117
290	-21.193506	1.9730549	-17.794106	-24.836395	25.652174	-19.963211	0.5263461	-18.587181	-24.766033	174600	-3.973643e-08	5.375692	-0.014330473	-1.5975018	0.0074576926	0.0	114.48013043403625
291	-21.417469	3.189584	-17.245054	-29.143143	25.695652	-21.135439	0.33249795	-19.736921	-24.954481	175200	7.152557e-09	9.913236	-0.008568134	-0.71343136	0.007926939	0.0	114.8452696800232
292	-21.500011	3.0545735	-17.13152	-30.42808	25.565218	-21.421104	0.6865702	-19.981476	-27.558132	175800	7.152557e-09	9.169139	-0.01348745	-0.3790245	0.009926922	0.0	115.22355937957764
293	-21.85802	2.7882466	-17.755903	-28.426287	25.565218	-21.558195	0.80019444	-19.522514	-27.861443	176400	-1.07288365e-08	7.9034295	-0.014493018	-0.31209803	0.0084177805	0.0	115.58337640762329
294	-20.494156	2.586338	-16.80361	-28.014774	25.608696	-21.814728	0.6204874	-20.203642	-27.92955	177000	-6.516775e-08	7.7434473	-0.014435226	-2.2684636	0.0063491534	1.0	115.95177698135376
295	-20.669619	2.6120305	-17.314959	-27.880741	25.652174	-20.572046	0.7881065	-17.929268	-27.512287	177600	-3.536542e-08	6.4540796	-0.013094881	-0.29017115	0.008073123	0.0	116.31810641288757
296	-21.501518	2.7834444	-18.30997	-28.784975	25.52174	-20.800932	0.99643767	-18.423248	-31.318996	178200	-3.3775965e-08	7.3547764	-0.01656247	-0.87899494	0.00853118	0.0	116.68196320533752
297	-21.119455	3.241134	-17.613796	-28.011318	25.391304	-21.33673	0.4696658	-18.710474	-25.107635	178800	-5.3644182e-09	9.934928	-0.0116890175	-0.3859501	0.009924551	0.0	117.04828691482544
298	-20.79436	1.6990197	-18.064554	-24.037453	25.608696	-21.131426	0.7557027	-18.201107	-27.802523	179400	7.152557e-09	3.0969265	-0.017626477	-0.3629954	0.009056681	0.0	117.4144332408905
299	-56.47278	167.30772	-17.941626	-858.74243	24.583334	-20.861586	0.5325829	-19.535967	-25.066895	180000	3.1789145e-09	1178.4135	-0.032420345	-8.376221	0.006815446	0.0	117.78172016143799
300	-20.94596	2.4730234	-17.260323	-27.11423	25.695652	-23.06026	0.78771436	-22.404802	-25.681746	180600	-9.8546344e-08	10.946999	-0.0038704681	-4.982112	0.007760987	1.0	118.42586159706116
301	-20.411127	2.3646097	-17.523823	-26.23729	25.695652	-20.984613	0.3433591	-20.48976	-26.161211	181200	1.7881393e-09	5.7037425	-0.011023228	-0.469903	0.008660605	0.0	118.78471040725708
302	-20.75052	2.6414175	-17.118902	-25.571089	25.913044	-20.506582	0.9367893	-16.502388	-29.088478	181800	3.1789146e-08	6.6964016	-0.018565776	-0.40386963	0.008615993	0.0	119.16349196434021
303	-21.063425	2.615415	-17.48291	-28.157213	25.608696	-20.66939	0.56113875	-20.400969	-26.311296	182400	1.3510387e-08	6.714405	-0.01552717	-0.23484516	0.0072401064	0.0	119.5268006324768
304	-21.38525	3.0673318	-17.326542	-29.812153	25.652174	-21.075823	0.6454316	-19.55314	-26.745882	183000	8.0664954e-08	8.813485	-0.009033785	-0.09690666	0.007891868	1.0	119.88257694244385
305	-21.037521	2.5142221	-17.545322	-28.132038	25.652174	-21.281416	0.46045667	-19.846529	-25.601648	183600	2.2848448e-09	6.158819	-0.013018347	-0.14597082	0.006401172	1.0	120.2747597694397
306	-20.20911	2.4822583	-17.034248	-26.742348	25.782608	-21.082216	0.58052176	-19.247698	-28.27214	184200	1.9073486e-08	6.4063053	-0.016475124	-0.9543643	0.0096931225	0.0	120.66868996620178
307	-21.829533	2.9682515	-17.904936	-29.11905	25.73913	-20.216892	0.81514823	-19.616161	-28.549927	184800	1.6887983e-08	10.966617	-0.010173357	-2.8420563	0.0067260084	1.0	121.04359698295593
308	-20.4675	2.9436102	-17.212017	-31.823042	25.608696	-21.751387	0.5418056	-20.749779	-28.545633	185400	-7.152557e-09	9.899223	-0.0106037995	-1.9005284	0.009492276	0.0	121.42388224601746
309	-20.672998	2.3536313	-17.705833	-25.399586	25.652174	-20.489197	0.45145687	-19.617476	-25.269085	186000	3.0199686e-08	5.182622	-0.012082085	-0.13518333	0.006780945	0.0	121.81585812568665
310	-21.965582	3.1954052	-17.978903	-28.517006	25.73913	-20.556797	0.4405661	-18.210222	-25.260437	186600	2.9404958e-08	11.895163	-0.012571918	-2.0605373	0.008930609	0.0	122.45593118667603
311	-21.209597	2.6164308	-17.573395	-25.915936	25.608696	-22.027573	0.57888263	-20.94017	-26.884666	187200	-1.66893e-08	7.657741	-0.023074811	-1.1172943	0.008101476	0.0	122.82352447509766
312	-22.298355	3.6849186	-17.03986	-31.201672	25.73913	-21.263031	0.5315874	-19.975674	-27.063602	187800	-2.3047129e-08	14.097428	-0.013505814	-1.2716322	0.007948309	1.0	123.19219136238098
313	-20.839903	1.994992	-18.198223	-24.73614	25.652174	-22.204775	0.33453202	-20.701847	-25.052486	188400	-8.34465e-08	5.7576804	-0.0143720135	-1.9496572	0.008082865	0.0	123.56950759887695
314	-21.74238	2.443787	-17.678047	-26.529844	25.47826	-20.93575	0.70853007	-19.548433	-31.286116	189000	-5.8809917e-08	6.3908095	-0.014252591	-0.80480623	0.009745031	0.0	123.93451952934265
315	-19.837536	1.9075637	-17.519365	-24.251728	25.826086	-21.5849	0.5095313	-19.583288	-30.909943	189600	-2.8610229e-08	6.751393	-0.013541301	-3.2306547	0.007528348	1.0	124.32088708877563
316	-21.141132	2.26544	-17.196379	-25.538622	25.73913	-19.886292	0.70114523	-18.639816	-30.368444	190200	-6.079674e-08	6.7484784	-0.013655732	-1.7770462	0.0097177485	0.0	124.69769597053528
317	-20.822603	2.7512054	-16.901508	-27.57102	25.434782	-21.072458	0.26883653	-19.613354	-23.330832	190800	-4.887581e-08	7.4263444	-0.024153689	-0.3105092	0.0072466284	0.0	125.07037472724915
318	-20.640186	2.349414	-16.811457	-26.009844	25.608696	-20.859692	0.44272265	-19.60339	-23.836697	191400	-2.3841858e-08	5.502859	-0.016997185	-0.18047857	0.008916982	0.0	125.44750308990479
319	-21.454384	2.6794128	-17.37253	-26.405407	25.695652	-20.680733	0.473561	-18.820377	-28.120823	192000	1.4503797e-08	7.2269506	-0.01376721	-0.8689289	0.008769416	0.0	125.83018565177917
320	-20.937307	2.3482256	-17.572021	-25.875648	25.695652	-21.280916	0.5180612	-19.424753	-24.461079	192600	1.6490619e-08	5.5222454	-0.012765836	-0.41020012	0.0074979137	0.0	126.48114776611328
321	-20.26082	2.4366114	-17.097067	-26.066174	25.869566	-21.003935	0.6616256	-19.273794	-25.61377	193200	2.7418137e-08	6.0871587	-0.012600806	-0.76188755	0.006404564	1.0	126.8469090461731
322	-21.051975	2.109704	-17.066193	-26.78664	25.47826	-20.266184	0.5556135	-18.586634	-24.591047	193800	-1.0331472e-08	4.8290415	-0.016550997	-0.6970062	0.008365868	0.0	127.2174117565155
323	-20.795544	2.916547	-17.364504	-30.877459	25.565218	-20.993288	0.45072892	-19.297646	-25.991545	194400	9.497007e-08	7.8076906	-0.010900352	-0.5836005	0.007735486	1.0	127.58096051216125
324	-20.460657	1.9146433	-17.342754	-24.624262	25.565218	-20.67669	0.5146329	-19.195084	-25.072239	195000	3.059705e-08	3.6282716	-0.008385775	-0.14713311	0.0065789176	1.0	127.94770860671997
325	-20.355947	2.333173	-16.84641	-25.856031	25.695652	-20.480383	0.41410798	-19.112772	-25.2368	195600	2.6623407e-08	5.3303905	-0.009108601	-0.13202763	0.0067632007	1.0	128.31255888938904
326	-21.415516	3.0657406	-17.135885	-29.770458	25.391304	-20.372652	0.41302806	-18.85416	-24.351099	196200	3.576279e-08	10.209548	-0.018906295	-1.5220613	0.008853053	0.0	128.67823576927185
327	-20.250847	2.0330372	-17.012901	-23.979425	25.695652	-21.338606	0.39642763	-19.882101	-24.377844	196800	-7.589658e-08	5.330686	-0.023872918	-1.3071051	0.00872924	0.0	129.04986929893494
328	-20.182585	2.272664	-16.75439	-26.232447	25.652174	-20.27758	0.40788952	-18.768341	-24.956167	197400	1.7086665e-08	5.076479	-0.01525087	-0.18902445	0.0069919126	1.0	129.41603708267212
329	-21.601063	3.506539	-17.137291	-32.349953	25.652174	-20.285072	1.0935954	-18.376175	-34.183693	198000	-6.357829e-09	12.397214	-0.013797241	-3.143732	0.007394821	0.0	129.77878165245056
330	-21.146164	3.0572429	-17.703438	-29.519098	25.608696	-21.349115	0.49502832	-19.6848	-25.844278	198600	5.6823094e-08	9.171023	-0.005247227	-0.24104786	0.005658893	0.0	130.4350016117096
331	-21.853369	4.525651	-17.673412	-39.953945	25.434782	-21.193247	0.79858965	-19.117151	-32.212555	199200	-2.026558e-08	20.161583	-0.016421536	-1.382412	0.009728814	0.0	130.7943205833435
332	-20.932158	2.4458814	-17.676773	-26.731546	25.826086	-21.863857	0.6937781	-19.980417	-29.018442	199800	-1.9868216e-09	6.861168	-0.012030688	-1.3742223	0.008417536	0.0	131.15348839759827
333	-21.611122	3.5412104	-17.286741	-31.122108	25.565218	-20.932701	0.8090326	-18.515684	-25.143389	200400	4.3908756e-08	12.524458	-0.011171335	-0.7067852	0.008496763	0.0	131.54073691368103
334	-20.719599	2.4627566	-18.05913	-27.790485	25.652174	-21.519161	0.5560459	-20.151958	-25.317152	201000	1.1920929e-09	6.394641	-0.021440933	-0.9118676	0.008899722	0.0	131.91786193847656
335	-21.58277	2.5169406	-17.664131	-25.643337	25.73913	-20.71002	0.7346468	-18.764713	-25.84662	201600	-1.8080076e-08	7.169208	-0.009433238	-0.99474335	0.006990637	1.0	132.28880333900452
336	-19.57407	1.743641	-16.950558	-22.796236	25.869566	-21.542332	0.24935758	-19.602077	-23.519026	202200	4.0928523e-08	6.7756915	-0.013119564	-3.776163	0.009072747	0.0	132.67435264587402
337	-20.68449	2.2088783	-17.416515	-25.581455	25.826086	-19.6478	0.55000526	-17.78869	-25.294334	202800	3.89417e-08	6.203393	-0.010336787	-1.364891	0.008393695	0.0	133.05495882034302
338	-20.28636	1.9671266	-17.018225	-24.644232	25.565218	-20.684063	0.45487204	-19.899805	-25.251558	203400	-7.152557e-09	3.861179	-0.017580137	-0.2036283	0.009061117	0.0	133.4218943119049
339	-20.51307	2.529959	-16.756964	-27.48306	25.869566	-20.259417	0.21115798	-19.249887	-21.819157	204000	-5.8412553e-08	6.3728337	-0.010511078	-0.11893654	0.008882596	0.0	133.78139686584473
340	-21.351294	5.363768	-17.679829	-43.828762	25.52174	-20.571259	0.6632325	-19.486818	-29.185	204600	-9.934108e-10	26.842182	-0.017826686	-2.4727554	0.009167961	0.0	134.4453423023224
341	-20.925337	1.7975782	-17.643414	-24.582495	25.826086	-21.241367	1.0663112	-19.786377	-31.609373	205200	-1.66893e-08	3.957258	-0.016796052	-0.7751615	0.0065580383	1.0	134.82971048355103
342	-19.891771	2.1723206	-16.809046	-26.183096	26.0	-20.902275	0.24001314	-19.095722	-22.753984	205800	-5.741914e-08	5.6104198	-0.014179037	-1.8347528	0.006378719	1.0	135.19847989082336
343	-21.327106	2.7262576	-16.447184	-29.18062	26.0	-19.861164	0.9006953	-18.050554	-30.746704	206400	-8.304914e-08	9.263745	-0.015608695	-2.2635794	0.0086176265	0.0	135.57946062088013
344	-20.735308	2.6685688	-16.969025	-25.07974	25.826086	-21.206903	0.35661745	-19.299667	-24.397848	207000	5.5034956e-08	7.184182	-0.012200312	-0.42687416	0.009426369	0.0	135.95610427856445
345	-20.586504	2.4363682	-17.315367	-25.904133	25.52174	-20.77902	0.485076	-19.435606	-25.669119	207600	-3.586213e-08	5.899103	-0.008833819	-0.17624426	0.008692059	0.0	136.318176984787
346	-20.464643	2.2773976	-16.508965	-25.599688	25.47826	-20.584122	0.30313608	-19.54511	-22.942354	208200	1.3113022e-08	5.0347567	-0.022060096	-0.31196213	0.0069030616	0.0	136.6858422756195
347	-20.176847	1.7816087	-16.969753	-23.479694	25.869566	-20.445509	0.60592896	-18.647535	-23.760237	208800	4.0133795e-08	3.5175498	-0.012883079	-0.4777727	0.008299486	0.0	137.0645956993103
348	-19.586649	1.6421343	-16.535988	-23.345858	25.652174	-20.168447	0.35718718	-18.511248	-24.681063	209400	1.1920929e-08	3.0605948	-0.014382883	-0.42797875	0.0081355255	0.0	137.43851518630981
349	-22.49985	7.0347776	-16.516033	-52.12486	25.652174	-19.735096	1.06136	-18.31241	-31.742096	210000	8.543332e-08	50.214676	-0.015637273	-9.005203	0.008113832	1.0	137.79356932640076
350	-20.739069	1.9802678	-17.132664	-24.676285	25.695652	-22.082216	0.7038431	-19.131569	-26.55092	210600	7.311503e-08	6.0721803	-0.0128070675	-2.1725519	0.00731037	0.0	138.4570860862732
351	-20.7075	2.0419927	-17.46439	-25.972492	25.826086	-20.792448	0.28626907	-19.468702	-23.324314	211200	1.9073486e-08	4.2178335	-0.017072778	-0.03191614	0.007867062	0.0	138.8199007511139
352	-20.394705	2.6014063	-17.347042	-27.449318	25.826086	-20.735132	0.32173884	-19.950788	-26.689322	211800	7.947286e-10	6.704642	-0.013645491	-0.20774317	0.0073382347	1.0	139.1865358352661
353	-20.76442	2.9382832	-16.961647	-28.674858	25.73913	-20.434244	0.6530232	-19.285944	-31.75806	212400	-3.526608e-08	8.231004	-0.018800832	-0.9087763	0.0068211835	1.0	139.54947924613953
354	-21.481857	2.552387	-16.83072	-26.269472	25.652174	-20.83814	1.0909777	-18.958084	-31.200903	213000	2.4636586e-08	6.659425	-0.012401299	-0.7378645	0.005939047	2.0	139.90613746643066
355	-21.066132	2.4859893	-17.874186	-27.741514	25.47826	-21.33794	0.54980034	-18.941847	-26.23644	213600	2.8610229e-08	6.1877213	-0.022172527	-0.5542531	0.00716894	0.0	140.27111339569092
356	-21.230793	2.6834178	-17.257671	-26.476303	25.826086	-21.015596	0.4371057	-19.05199	-24.730698	214200	1.1920929e-08	7.28625	-0.015122489	-0.18646908	0.009181782	0.0	140.66682600975037
357	-20.511618	2.0578141	-17.194754	-23.76895	25.73913	-21.26643	0.41208494	-19.566572	-24.735708	214800	-2.8212865e-08	4.719222	-0.008481715	-0.61770916	0.007392327	0.0	141.05081129074097
358	-21.486654	2.3415205	-17.004898	-27.673	25.869566	-20.496647	0.27523512	-18.96191	-22.220755	215400	2.8212865e-08	6.410762	-0.01811227	-1.0171046	0.007517594	0.0	141.4212942123413
359	-20.278948	2.894515	-17.117205	-27.257198	26.227272	-21.479305	0.27334923	-20.30623	-25.969164	216000	-1.6291937e-08	9.271147	-0.0064053335	-1.5770226	0.005211528	0.0	141.78620958328247
360	-20.367237	2.5915678	-16.714937	-28.808176	25.782608	-20.480621	1.0061748	-19.371943	-28.129665	216600	-9.536743e-09	5.7694864	-0.019299723	-0.7598734	0.00942195	0.0	142.46474695205688
361	-20.94958	2.1006963	-17.76489	-24.647537	26.0	-20.260069	1.0418873	-18.546331	-28.206465	217200	-7.112821e-08	4.732778	-0.009488823	-0.6142955	0.008199369	0.0	142.8436460494995
362	-20.050962	2.8573565	-16.589247	-28.75858	25.652174	-20.83434	0.27473167	-20.146776	-25.947687	217800	4.1325887e-08	8.401349	-0.0145689575	-1.3123193	0.00885514	0.0	143.21383619308472
363	-19.420713	1.8788294	-16.995583	-23.803478	25.913044	-20.108206	1.0227273	-18.446028	-26.656921	218400	-2.503395e-08	4.477465	-0.008573628	-1.0362525	0.008396677	0.0	143.59572505950928
364	-20.427034	2.5798328	-17.344578	-26.61558	25.608696	-19.434599	0.27189583	-18.496372	-21.951801	219000	-2.6226044e-08	7.3313103	-0.013050125	-0.9320078	0.0066116494	1.0	143.9730188846588
365	-21.070442	2.6047463	-17.79305	-28.6162	25.73913	-20.387627	0.42263922	-19.09805	-28.791882	219600	4.430612e-08	7.1960044	-0.014705998	-0.5254984	0.006994629	0.0	144.33289885520935
366	-20.512903	2.5554318	-17.854668	-27.112387	25.608696	-21.02969	0.5076034	-19.296337	-31.394989	220200	-2.6623407e-08	6.6962934	-0.01843015	-0.38330603	0.0065925517	1.0	144.70768451690674
367	-20.195692	1.9410797	-16.793373	-24.050613	25.695652	-20.565952	0.5321633	-18.983326	-26.912851	220800	6.020069e-08	3.7238135	-0.006547426	-0.1543088	0.0057949247	0.0	145.08787178993225
368	-20.180403	2.369416	-16.70104	-26.487219	26.086956	-20.133839	0.26555824	-18.820639	-22.356506	221400	-8.34465e-09	5.532658	-0.017890431	-0.26612663	0.007984171	0.0	145.46909499168396
369	-20.859983	2.040942	-17.034857	-25.766706	25.826086	-20.204212	0.4899465	-18.878635	-25.51714	222000	-3.1789146e-08	4.631469	-0.006616222	-0.57715464	0.007326026	0.0	145.84906435012817
370	-20.44288	1.5234551	-17.526636	-23.93884	25.782608	-20.8363	0.29143548	-19.267792	-24.215324	222600	-1.1920929e-08	2.4300876	-0.015346753	-0.15643382	0.009009231	0.0	146.55165791511536
371	-20.265594	2.4162128	-17.034077	-25.639446	26.0	-20.46062	0.2906075	-19.14206	-25.29215	223200	1.39077505e-08	5.8412504	-0.012450467	-0.051956654	0.00849736	0.0	146.9187343120575
372	-20.274595	1.9608927	-17.071312	-24.063217	25.782608	-20.251108	0.24141826	-19.029829	-23.972975	223800	1.4305114e-08	3.7503312	-0.0076651415	-0.027950287	0.0069821486	0.0	147.2839925289154
373	-20.53259	2.0860238	-17.930925	-27.548695	25.826086	-20.281746	0.18970813	-19.209866	-23.109934	224400	-3.973643e-09	4.3079605	-0.014356883	-0.07569265	0.0071527213	0.0	147.64188432693481
374	-20.24054	2.1157956	-17.196775	-26.205545	25.826086	-20.515759	0.24757604	-19.312946	-24.119568	225000	-8.34465e-09	4.420287	-0.016668385	-0.109240055	0.0045681563	0.0	148.01680374145508
375	-20.618074	2.8471777	-17.310318	-30.07701	25.826086	-20.233568	0.39319932	-18.766376	-26.24077	225600	2.1656355e-08	7.929181	-0.015260451	-0.19859362	0.0065207426	1.0	148.38538265228271
376	-20.22866	2.5280209	-17.221554	-26.742838	26.227272	-20.584557	0.4046948	-18.403328	-21.661253	226200	1.3113022e-08	6.4087243	-0.016303184	-0.29147577	0.008631773	0.0	148.75294160842896
377	-20.542334	2.904988	-17.46694	-31.123363	25.826086	-20.18877	0.20554279	-19.41935	-22.330202	226800	1.5894572e-09	8.119305	-0.012891217	-2.0098157	0.009529864	1.0	149.11940503120422
378	-21.124575	2.3901827	-17.877348	-28.042461	25.695652	-20.344177	0.5620118	-19.307764	-26.636131	227400	-3.218651e-08	6.120341	-0.012438332	-0.77748346	0.009305586	0.0	149.48676419258118
379	-21.032312	2.4980178	-17.21433	-26.662651	25.652174	-21.069393	0.5354961	-18.808342	-25.910696	228000	-4.8478444e-08	6.095295	-0.018120993	-0.28479052	0.0074463394	0.0	149.85059094429016
380	-21.447495	3.5302758	-17.50713	-33.578194	25.869566	-21.160786	1.1430185	-19.757359	-30.106638	228600	1.7484028e-08	11.564365	-0.016975371	-0.91884804	0.0059039625	0.0	150.53835558891296
381	-20.266462	2.352624	-16.42298	-25.12903	25.73913	-21.318584	0.2748833	-20.20197	-23.923357	229200	3.059705e-08	6.3905716	-0.023004638	-1.3529348	0.009544317	0.0	150.91793608665466
382	-19.699675	2.0430102	-17.078136	-27.6555	26.0	-20.192247	0.4354792	-18.183191	-24.464453	229800	1.0530154e-08	4.31939	-0.014935306	-0.46720958	0.00811049	0.0	151.2925317287445
383	-20.373005	2.559456	-17.38779	-27.055696	26.043478	-19.677267	0.5193924	-18.512074	-30.34072	230400	6.3975655e-08	6.775113	-0.016191613	-0.54615736	0.007763624	1.0	151.65890288352966
384	-20.37474	2.4008648	-16.788254	-25.395653	26.0	-20.366716	0.46155903	-18.566143	-27.292904	231000	-2.503395e-08	5.680908	-0.015388131	-0.11439848	0.005869263	0.0	152.0175461769104
385	-20.738485	2.5484147	-17.190304	-25.837448	25.73913	-20.429457	0.74632365	-19.628212	-29.373028	231600	3.0994414e-08	6.441717	-0.01746668	-0.3088174	0.009969661	0.0	152.39800119400024
386	-19.885962	1.597358	-16.549368	-22.902115	25.565218	-20.66662	0.2791256	-18.8191	-23.351053	232200	5.9604646e-09	3.169748	-0.0150159905	-0.6352515	0.007171856	1.0	152.7581717967987
387	-20.645441	3.0184214	-17.77797	-32.292137	26.0	-19.895954	0.24680026	-18.422213	-22.955011	232800	-7.947286e-10	9.799683	-0.016684148	-1.0187178	0.008902645	0.0	153.13705468177795
388	-20.451382	1.9860662	-16.740908	-24.611176	26.09091	-20.57587	0.44222677	-18.646193	-24.733425	233400	1.11262e-08	3.6907487	-0.013619809	-0.17448926	0.006638222	1.0	153.5030996799469
389	-20.216585	2.2421532	-17.94452	-26.95209	26.0	-20.398129	0.7113194	-19.349207	-26.69679	234000	1.7086665e-08	5.384875	-0.011097775	-0.45956135	0.009526903	0.0	153.8767158985138
390	-19.691717	2.221717	-16.567299	-24.280386	25.73913	-20.219538	0.3171725	-19.267159	-24.86087	234600	6.8048635e-08	4.983584	-0.010986243	-0.33193016	0.009431169	0.0	154.56632041931152
391	-20.119675	1.7841098	-17.242563	-23.66342	25.695652	-19.669071	0.3095507	-18.606144	-21.68915	235200	-4.2120615e-08	3.2817411	-0.015069656	-0.21384811	0.007196929	0.0	154.93367910385132
392	-21.180578	3.4088283	-16.804188	-32.396553	25.913044	-20.074675	0.4481563	-18.599033	-26.249743	235800	-6.477038e-08	12.709132	-0.012339007	-1.4785824	0.006754194	1.0	155.30166721343994
393	-20.317398	1.7511837	-17.076561	-24.364258	25.695652	-21.14076	0.24668929	-20.225086	-25.513758	236400	-1.8080076e-08	3.6662593	-0.013084828	-0.72995305	0.007672032	0.0	155.69679403305054
394	-19.802095	1.6405692	-17.611816	-23.678377	25.913044	-20.317568	0.3459084	-18.627348	-23.7803	237000	-1.9868216e-08	2.9415128	-0.0135128	-0.33207178	0.0074648983	1.0	156.0609428882599
395	-20.485785	2.1348858	-16.779705	-26.161633	26.043478	-19.831537	0.30387798	-18.552782	-24.540592	237600	-2.6424726e-08	5.0724154	-0.0036002651	-0.556437	0.0071598627	0.0	156.4381422996521
396	-19.62052	1.4615365	-17.556572	-23.535534	25.956522	-20.47101	0.10605294	-19.584774	-21.09691	238200	8.861224e-08	2.8177483	-0.011351611	-0.71905947	0.008767994	0.0	156.82920455932617
397	-19.948654	1.5762485	-17.169817	-23.639849	25.913044	-19.612667	0.13070339	-17.191694	-20.028406	238800	-1.9868216e-08	2.5297096	-0.017884495	-0.123343945	0.008336074	0.0	157.20088720321655
398	-20.707672	2.4099202	-17.252085	-29.015055	25.956522	-19.966621	0.32262474	-16.563847	-26.50968	239400	7.549922e-09	6.0206656	-0.019909699	-1.4092913	0.007047294	1.0	157.56126832962036
399	-21.189556	2.7710726	-16.994862	-28.822187	25.782608	-20.57039	0.6141939	-19.144814	-28.927776	240000	-2.8610229e-08	7.5966578	-0.012296567	-0.37480736	0.0065028765	0.0	157.9254059791565
400	-20.67822	2.1423113	-17.572449	-25.060356	25.869566	-21.14781	0.3938745	-19.007893	-26.004982	240600	8.543332e-09	4.678754	-0.014252032	-0.29488277	0.009996638	0.0	158.63271355628967
401	-19.870066	2.1453767	-16.889475	-24.968729	25.608696	-20.602533	0.44087923	-17.932037	-22.66411	241200	6.9538753e-09	5.0394287	-0.023421736	-0.74038076	0.009509946	0.0	159.00736379623413
402	-20.706135	2.755625	-17.184704	-27.23751	25.913044	-19.974388	0.71005577	-18.35314	-27.263182	241800	4.688899e-08	7.3656373	-0.01588975	-0.9448433	0.009728682	0.0	159.36701202392578
403	-21.004612	4.1057673	-17.0454	-35.798912	25.913044	-20.732283	1.2199987	-19.211666	-29.673197	242400	-7.2518986e-08	12.505361	-0.018403936	-1.8238668	0.0069357697	0.0	159.7470920085907
404	-20.261902	2.1594324	-16.64423	-25.636639	25.826086	-20.700933	0.60603786	-19.074516	-27.73926	243000	-5.7220458e-08	4.719026	-0.008567494	-0.29802656	0.008161314	0.0	160.10983085632324
405	-20.738464	2.3549135	-17.391264	-24.688475	25.869566	-20.254534	0.35180312	-18.816603	-24.477442	243600	8.742014e-09	5.671764	-0.012092231	-0.34649897	0.008573142	0.0	160.46267867088318
406	-20.723555	2.4013803	-17.40133	-25.218994	25.608696	-20.74497	0.45653266	-19.194036	-27.616983	244200	-1.8278758e-08	5.765318	-0.015192391	-0.24136877	0.009033851	0.0	160.8354058265686
407	-20.044043	2.0183408	-17.46665	-25.28593	25.695652	-20.664745	0.25834897	-19.612642	-23.829206	244800	-3.059705e-08	4.479312	-0.00910228	-0.47683048	0.0074527846	0.0	161.21874904632568
408	-20.826132	2.1218317	-17.634403	-24.589226	25.913044	-20.09335	0.39705026	-19.50486	-25.868303	245400	-2.5431316e-08	5.054183	-0.004862623	-0.7173772	0.00638047	0.0	161.60318446159363
409	-20.25502	1.73884	-17.466936	-23.51743	25.73913	-20.805735	0.37139127	-19.773684	-25.878565	246000	-1.5894572e-09	3.2672937	-0.008431132	-0.34991646	0.008037041	1.0	161.97439694404602
410	-19.61889	1.6948919	-17.277338	-25.526539	25.73913	-20.260136	0.41848433	-18.853586	-26.348398	246600	3.059705e-08	2.996	-0.011192618	-0.4313991	0.008681592	0.0	162.67694783210754
411	-19.767263	1.8850099	-17.840113	-24.269707	25.782608	-19.577358	0.14918004	-18.68206	-20.750645	247200	1.3510387e-08	3.5275724	-0.011721849	-0.1934514	0.007044845	1.0	163.05095314979553
412	-20.31967	2.1348553	-17.68316	-26.194668	25.913044	-19.77763	0.38707975	-18.741693	-23.430237	247800	3.5762786e-09	4.775345	-0.012868772	-0.32559347	0.0075854356	1.0	163.44126892089844
413	-20.063557	1.4638282	-17.377216	-22.68931	25.913044	-20.294392	0.24182317	-19.3652	-23.50254	248400	-2.4636586e-08	2.1477883	-0.008158102	-0.10289931	0.006216272	0.0	163.82073163986206
414	-20.242252	1.716342	-16.939157	-22.785303	25.652174	-20.11598	0.45310506	-19.835976	-24.95642	249000	4.808108e-08	2.9510505	-0.01654613	-0.121801615	0.009927448	0.0	164.18650603294373
415	-20.868553	3.02175	-16.662966	-27.758886	26.09091	-20.24547	0.4927124	-19.337473	-27.04226	249600	-2.0066897e-08	8.661623	-0.01950969	-0.39197922	0.0075091077	1.0	164.5450792312622
416	-20.606668	2.0282104	-16.830854	-24.780844	25.695652	-20.750227	0.3435175	-19.582771	-23.807083	250200	8.742014e-09	4.07421	-0.0075815488	-0.073410034	0.007942624	0.0	164.91521859169006
417	-21.311712	3.9266226	-16.838951	-33.504536	26.043478	-20.590816	0.5709928	-19.076012	-32.26991	250800	-2.6226044e-08	15.666041	-0.0094504785	-0.6142721	0.008213097	0.0	165.28185176849365
418	-21.52576	2.5961492	-17.761215	-28.116552	25.73913	-21.389658	0.51109856	-19.993755	-27.22737	251400	-1.2318293e-08	6.5385385	-0.011125989	-0.32219124	0.007001679	0.0	165.65072631835938
419	-20.927109	2.0420659	-17.581266	-25.95535	25.869566	-21.408995	0.3982273	-19.311466	-24.750427	252000	-2.7815501e-08	4.4450836	-0.0102147395	-0.38119793	0.0070172604	0.0	166.01456427574158
420	-20.702307	2.2759361	-16.886646	-24.752752	25.869566	-20.998577	0.5175615	-19.818329	-27.60009	252600	1.1523564e-08	5.093879	-0.015962197	-0.25928545	0.006968719	1.0	166.74184775352478
421	-20.377539	1.7505119	-17.723341	-25.471972	25.826086	-20.605879	0.5316986	-18.696959	-25.746458	253200	-1.4702479e-08	3.3515353	-0.011516204	-0.3906858	0.009033747	0.0	167.1080813407898
422	-20.942165	2.4350722	-17.809347	-26.81539	25.652174	-20.38429	0.4189153	-19.735558	-27.230684	253800	-2.3841858e-08	5.9834285	-0.013166175	-0.818594	0.006916378	1.0	167.47131657600403
423	-19.486086	1.4355866	-17.192038	-22.854315	25.826086	-20.797485	0.30801457	-19.159252	-23.291628	254400	-5.5631e-09	3.8142693	-0.009211231	-1.7618682	0.008912768	0.0	167.83681416511536
424	-20.962132	2.15156	-17.659437	-25.635948	25.565218	-19.515764	0.3792543	-18.399202	-25.334953	255000	5.066395e-09	6.5897365	-0.011927964	-2.0471983	0.008664892	0.0	168.20528030395508
425	-19.232765	1.3201278	-17.129358	-22.250055	25.956522	-20.944275	0.14817432	-20.157423	-23.603226	255600	5.741914e-08	4.619644	-0.016344141	-2.9196954	0.008182615	0.0	168.56698441505432
426	-19.211594	1.3966048	-16.56691	-22.67663	26.0	-19.237167	0.14138553	-18.429882	-21.286716	256200	3.218651e-08	1.9230025	-0.0061704013	-0.012435079	0.008334519	0.0	168.94082379341125
427	-20.182089	2.2977867	-17.500006	-27.12142	25.869566	-19.289404	0.69719595	-18.06451	-26.381674	256800	7.669131e-08	5.5042067	-0.0015808934	-0.8139663	0.004613856	4.0	169.3047251701355
428	-20.467045	2.6386778	-16.526936	-27.533901	25.826086	-20.093174	0.32406744	-17.854591	-22.708134	257400	9.198983e-08	6.9358625	-0.007908657	-0.27122116	0.0071581076	0.0	169.67537546157837
429	-19.84152	2.3139858	-17.43215	-27.711447	26.181818	-20.497242	0.56113845	-18.209545	-24.803074	258000	-5.165736e-09	5.583541	-0.007992176	-0.5176525	0.0032224194	0.0	170.034898519516
430	-20.28831	2.1056192	-16.893148	-26.116114	25.869566	-19.849041	0.403666	-18.670666	-25.960175	258600	7.549922e-09	4.581905	-0.005169959	-0.34822464	0.00840757	0.0	170.74432253837585
431	-20.698765	1.8129746	-17.902971	-24.322744	26.086956	-20.272425	0.36170486	-18.970253	-25.557955	259200	1.4702479e-08	3.6113045	-0.014037878	-0.3771994	0.0071849376	0.0	171.11235761642456
432	-20.752304	3.574068	-17.352802	-35.777626	25.652174	-20.721842	0.29158992	-20.267132	-25.736519	259800	-5.5631e-09	12.265167	-0.015243124	-0.098893166	0.0065711914	1.0	171.47281646728516
433	-20.191387	1.603149	-17.182089	-23.202694	25.913044	-20.74356	0.33745858	-20.2224	-26.757294	260400	-3.9339067e-08	2.9515336	-0.004270087	-0.5151417	0.00598762	0.0	171.8459815979004
434	-19.572464	2.382773	-16.749058	-27.197613	26.043478	-20.18719	0.5824289	-18.750696	-27.116339	261000	2.125899e-08	5.4076915	-0.014343036	-0.50832033	0.008646606	1.0	172.20977425575256
435	-19.557798	2.042468	-16.839907	-24.812971	26.086956	-19.474165	0.23709999	-18.16029	-21.075941	261600	1.090765e-07	4.158547	-0.0074512674	-0.039625168	0.006482775	1.0	172.57851839065552
436	-20.729263	2.7788749	-17.144588	-28.539629	25.695652	-19.62595	0.5504459	-18.820389	-25.840334	262200	7.410844e-08	8.831245	-0.009283482	-1.3791709	0.0073538925	0.0	172.96440148353577
437	-19.796026	1.6862929	-16.284166	-22.319433	25.608696	-20.685873	0.0716381	-19.850298	-20.769186	262800	4.7286353e-08	3.5966802	-0.013912336	-0.8241358	0.00875951	0.0	173.35873126983643
438	-20.627216	3.139743	-16.86585	-28.513685	25.782608	-19.84894	0.5112887	-18.000198	-27.069496	263400	-1.390775e-09	10.323679	-0.0129498895	-0.72324944	0.009683429	0.0	173.72497010231018
439	-20.525726	2.4314568	-17.148008	-25.591724	25.869566	-20.578075	0.29911008	-18.798922	-21.177406	264000	-1.39077505e-08	5.8637595	-0.012214611	-0.07732773	0.006598765	1.0	174.11270093917847
440	-18.706358	1.3606664	-16.736156	-22.273853	26.043478	-20.500866	0.17011139	-18.763111	-21.212372	264600	1.7285346e-08	5.084568	-0.019661458	-3.3910139	0.009673336	0.0	174.85689544677734
441	-20.417252	2.2450483	-16.688332	-24.695967	25.869566	-18.653393	0.1099508	-18.014547	-20.336555	265200	-3.33786e-08	8.069589	-0.018292408	-3.1072187	0.008198826	0.0	175.22929978370667
442	-21.879797	5.7216673	-17.152853	-44.527687	26.086956	-20.56764	1.1678834	-17.851332	-32.005466	265800	-6.834666e-08	29.033009	-0.012446568	-8.712706	0.008098814	0.0	175.6093339920044
443	-19.357346	1.6103952	-16.582653	-23.669313	26.0	-21.447327	1.1593051	-19.53089	-29.692482	266400	0.0	7.2226963	-0.0046291105	-4.9162817	0.0032155626	0.0	175.99536323547363
444	-20.707033	1.858982	-17.744162	-25.779598	25.913044	-19.312593	0.42628214	-17.902178	-24.279917	267000	-3.1391778e-08	5.472021	-0.009695091	-2.0391533	0.007001165	0.0	176.3851022720337
445	-20.096823	2.0859125	-17.141624	-24.700773	26.086956	-20.681572	0.26127985	-19.416613	-25.798798	267600	-3.89417e-08	4.709227	-0.009184969	-0.39631605	0.007654767	0.0	176.7493498325348
446	-20.730108	3.1672008	-17.285349	-28.391382	26.043478	-20.104033	0.31109896	-19.30209	-24.645931	268200	-2.404054e-08	10.2077	-0.024710994	-1.0282354	0.008957739	0.0	177.1235408782959
447	-20.523405	1.929722	-17.497965	-26.117086	26.0	-20.672373	0.5639792	-18.878912	-26.476522	268800	-3.0199686e-08	3.95017	-0.01245042	-0.32309127	0.008958437	0.0	177.50143098831177
448	-20.489855	2.0781794	-17.153585	-24.081587	25.956522	-20.480545	0.20193356	-17.475153	-21.94772	269400	2.2947788e-08	4.275362	-0.013182189	-0.035559177	0.004892435	0.0	177.86304187774658
449	-21.162378	5.2152	-16.993032	-43.630062	25.913044	-20.645172	1.3569411	-19.131868	-36.515743	270000	-2.3841857e-09	22.481977	-0.011169487	-0.83810997	0.005793674	0.0	178.2274935245514
450	-19.56161	2.009459	-17.00663	-23.801771	25.73913	-20.8928	0.47858864	-18.510109	-23.37372	270600	2.95043e-08	5.942802	-0.01694104	-2.0442567	0.006467691	0.0	179.01974749565125
451	-20.473629	2.2685761	-17.09266	-25.339386	25.956522	-19.541143	0.14738832	-18.832859	-21.027367	271200	-1.0331472e-08	5.946394	-0.020908661	-0.84605074	0.0077364263	1.0	179.3924252986908
452	-19.12488	1.1188035	-17.419632	-21.084274	25.73913	-20.441875	0.17336112	-19.488186	-22.941427	271800	1.7881393e-09	2.9613235	-0.0061129373	-1.7152555	0.0056191767	0.0	179.7578992843628
453	-20.100714	1.8990855	-16.781574	-25.350986	25.52174	-19.233727	0.52464724	-17.612238	-24.567642	272400	-3.1789145e-09	4.417896	-0.012579836	-0.9223726	0.00732905	0.0	180.1247055530548
454	-19.980707	1.9111832	-17.471865	-26.142784	25.913044	-20.065128	0.49715492	-18.920086	-28.856068	273000	2.0662943e-08	3.4771569	-0.013413062	-0.051555157	0.009435242	0.0	180.49267435073853
455	-19.903786	2.5049386	-17.000801	-28.583641	25.826086	-19.956837	0.5412274	-18.756756	-26.875694	273600	-1.0331472e-08	5.798746	-0.0021110945	-0.06210041	0.006074646	0.0	180.86497569084167
456	-20.255995	2.02637	-17.169317	-25.411213	25.782608	-19.944206	0.702882	-18.718132	-26.880344	274200	5.5631002e-08	3.9176445	-0.017486043	-0.17894912	0.0074428907	0.0	181.2262954711914
457	-20.332602	2.7399757	-17.041231	-29.544867	25.434782	-20.397802	1.4089575	-18.891361	-32.20797	274800	-2.78155e-09	5.63593	-0.012948947	-0.25790405	0.0060636546	0.0	181.6128180027008
458	-20.518448	2.2551734	-17.473251	-25.463064	25.826086	-20.159492	0.5961341	-18.665356	-25.45685	275400	-6.079674e-08	5.326827	-0.009747453	-0.38746834	0.006854453	0.0	181.99047684669495
459	-19.500105	1.8719387	-16.889057	-24.5737	26.043478	-20.48208	0.22877261	-19.503925	-23.332357	276000	2.3841857e-09	4.4694076	-0.011803838	-1.0382805	0.0067921733	1.0	182.35466027259827
460	-19.768902	1.9760065	-17.3792	-23.70539	26.043478	-19.553448	0.59312403	-18.250853	-26.32605	276600	-3.973643e-09	4.028119	-0.015743615	-0.19246268	0.009597466	0.0	183.0938277244568
461	-20.248001	2.489266	-16.8543	-28.008762	25.826086	-19.789026	0.39968216	-19.408527	-23.62299	277200	-3.5762786e-09	6.247775	-0.014046449	-0.34255838	0.009137151	0.0	183.48174452781677
462	-19.476152	1.7321483	-17.397991	-24.330332	25.869566	-20.22291	0.26568896	-19.323395	-24.204771	277800	-2.1457673e-08	3.6454456	-0.01359123	-0.7067232	0.008851153	0.0	183.8367314338684
463	-20.144272	1.7512612	-17.392256	-22.852308	25.913044	-19.469948	0.16566847	-18.980598	-21.775608	278400	-4.2120615e-08	3.4716902	-0.014917388	-0.44541907	0.00624824	0.0	184.21082162857056
464	-20.14789	2.1774745	-17.562517	-28.432804	26.043478	-20.236227	0.8577947	-19.342443	-32.11034	279000	-7.947286e-09	4.137047	-0.018619739	-0.44392753	0.00994655	0.0	184.57340478897095
465	-19.248163	2.000581	-16.8814	-23.677095	25.913044	-20.19331	1.101875	-18.823444	-26.840277	279600	-3.576279e-08	6.441514	-0.012506515	-2.536505	0.00861812	0.0	184.9405539035797
466	-20.149368	3.1059701	-16.979984	-30.708092	25.782608	-19.257744	0.23144677	-18.347609	-22.803467	280200	-1.7285346e-08	10.206686	-0.0138472505	-0.8979721	0.008678659	0.0	185.31115865707397
467	-20.424643	2.087351	-17.27425	-23.613981	25.913044	-20.112982	0.11907797	-18.782679	-20.638336	280800	1.9868216e-09	4.3735576	-0.013475852	-0.119618416	0.006207493	0.0	185.6692509651184
468	-21.133917	2.3909118	-17.458492	-26.432386	25.695652	-20.458416	0.39943478	-19.429754	-27.611378	281400	1.7881393e-09	6.08272	-0.017722482	-0.52044344	0.006550103	1.0	186.02943778038025
469	-20.319818	2.49648	-17.027391	-28.639503	25.956522	-21.102444	0.44748843	-16.287851	-23.42738	282000	3.3775965e-08	6.7683296	-0.0078836335	-0.8622198	0.008479771	0.0	186.3956093788147
470	-20.408531	2.0305555	-18.020811	-25.06213	26.0	-20.300642	0.2796202	-18.885395	-22.870213	282600	-2.3841858e-08	4.0827465	-0.008011772	-0.10033107	0.0062004	0.0	187.1454472541809
471	-19.193562	1.6797321	-17.166513	-25.8645	26.0	-20.370987	0.17063162	-19.251925	-21.044147	283200	2.5431316e-08	4.22152	-0.01231724	-1.4605913	0.007868149	0.0	187.5002954006195
472	-19.253796	1.7385966	-16.984781	-24.063663	25.565218	-19.193176	0.065410934	-18.694609	-19.894558	283800	-3.7749608e-08	2.9556477	-0.010207404	-0.03331375	0.008625439	0.0	187.8742160797119
473	-21.241632	6.0546527	-17.58765	-48.603226	25.73913	-19.442337	1.3587968	-18.358606	-35.212765	284400	2.3841858e-08	30.98127	-0.007245162	-11.805414	0.0063622096	1.0	188.2446005344391
474	-20.518545	2.0166657	-17.783619	-25.385199	25.913044	-21.109106	0.84049666	-19.53723	-31.202192	285000	-5.4836274e-08	4.76938	-0.01158014	-0.8204591	0.0076610995	0.0	188.60348105430603
475	-20.35266	2.4170976	-17.657314	-26.551838	26.086956	-20.537132	0.3718575	-20.004612	-25.874405	285600	-4.371007e-09	5.7079206	-0.0136434715	-0.12564039	0.0065050125	1.0	188.9785487651825
476	-19.72019	1.9420111	-17.36284	-24.810564	26.086956	-20.317318	0.21171352	-19.42554	-23.23574	286200	-6.5962475e-08	4.0881023	-0.0104713235	-0.37740827	0.0068097147	0.0	189.35041666030884
477	-21.13033	3.7530644	-17.86936	-35.726147	25.956522	-19.78815	0.8824822	-18.725203	-36.124626	286800	2.324581e-08	14.84512	-0.011079327	-5.7539825	0.007990848	0.0	189.7120156288147
478	-20.356203	2.1961265	-17.318508	-25.217455	25.565218	-20.769117	0.38313758	-18.558088	-24.669645	287400	-6.357829e-09	4.8480487	-0.007833541	-0.29246044	0.007050341	0.0	190.0741696357727
479	-20.551731	2.1989083	-16.62623	-25.718609	25.869566	-20.436749	0.8187556	-18.990242	-32.87205	288000	-3.6160152e-08	5.0418696	-0.00991018	-0.34150267	0.008350381	0.0	190.44589686393738
480	-20.151056	2.742199	-17.11407	-26.513508	25.869566	-20.514647	0.43685865	-17.155323	-27.326996	288600	-1.5894572e-09	7.534052	-0.011901634	-0.41897154	0.007009863	0.0	191.18378615379333
481	-19.788404	2.7306619	-16.900246	-29.230793	26.181818	-20.325853	1.3938653	-17.629154	-36.24412	289200	5.7220458e-08	5.8073406	-0.012654523	-0.6474128	0.006388251	1.0	191.5588026046753
482	-19.620302	1.7886091	-17.131535	-23.833166	25.956522	-19.593433	0.37057388	-17.896564	-21.952139	289800	-2.3841857e-09	3.2112312	-0.008112441	-0.08651686	0.007564741	0.0	191.95765709877014
483	-19.87604	2.1929917	-16.949644	-23.30103	26.043478	-19.622297	0.20847288	-18.014198	-21.858778	290400	-6.9141386e-08	4.806949	-0.013199461	-0.10324049	0.007998894	0.0	192.34813117980957
484	-19.064835	1.5851799	-16.97218	-22.624172	25.913044	-19.863457	0.21326737	-18.323492	-21.635717	291000	-1.8576781e-08	3.0482712	-0.006648993	-0.7135711	0.009091451	0.0	192.71327590942383
485	-19.470657	1.9433317	-16.89416	-23.598082	26.043478	-19.157923	0.7196375	-17.637291	-24.31123	291600	9.934108e-10	4.4712687	-0.01316655	-0.79880166	0.006500457	0.0	193.0909333229065
486	-20.92016	2.808681	-17.03028	-28.921774	26.136364	-19.496094	0.5041208	-18.11501	-25.299067	292200	1.2715658e-08	9.425758	-0.015258332	-2.1745915	0.009123722	0.0	193.4599392414093
487	-20.504932	2.2480583	-17.224386	-25.157778	25.695652	-20.815372	0.22110748	-17.652775	-22.753044	292800	-2.8212865e-08	5.071582	-0.004680341	-0.1268506	0.008602991	0.0	193.82458543777466
488	-20.127514	2.1338618	-17.298532	-24.442148	25.913044	-20.48071	0.19633882	-18.295786	-24.057472	293400	-1.11262e-08	4.648851	-0.015239628	-0.23455572	0.0077385376	0.0	194.19715094566345
489	-20.554842	2.4348764	-17.128105	-26.149872	25.956522	-20.088951	0.5466263	-18.025269	-25.832636	294000	-1.66893e-08	5.938442	-0.016112639	-0.24934387	0.008293208	0.0	194.56820344924927
490	-20.430197	1.3942922	-17.501293	-23.207249	25.913044	-20.512556	0.2198782	-18.329071	-24.475266	294600	7.947286e-10	1.9661298	-0.0054218476	-0.051937938	0.006889925	0.0	195.3125936985016
491	-20.213179	1.8832526	-17.458658	-23.57049	25.73913	-20.432741	0.29927045	-19.320135	-26.003746	295200	2.9404958e-08	3.512298	-0.012598416	-0.09335041	0.006735894	1.0	195.68629145622253
492	-20.456953	1.9087347	-16.883852	-24.174824	26.086956	-20.152298	0.38338965	-16.14754	-21.815638	295800	1.3510387e-08	3.9722185	-0.014791282	-0.36644936	0.008263439	0.0	196.06038880348206
493	-19.145752	2.0169163	-17.05	-26.042852	25.956522	-20.51872	0.488995	-18.551176	-26.108831	296400	-1.0530154e-08	5.8468504	-0.013296103	-1.9461541	0.009313152	0.0	196.41557431221008
494	-20.282572	2.511031	-17.14825	-28.268684	25.826086	-19.102644	0.58404255	-15.663967	-25.874786	297000	6.7551933e-09	7.4695354	-0.0056468383	-2.2756968	0.007685128	0.0	196.78657722473145
495	-19.383146	1.8236499	-16.798635	-24.831785	26.136364	-20.135288	0.64305496	-17.102064	-26.549019	297600	-3.4570693e-08	3.9913158	-0.013590497	-0.85925937	0.00895163	0.0	197.14776396751404
496	-20.145153	2.0596454	-17.510191	-25.893747	25.73913	-19.373653	0.4653129	-17.602245	-25.193485	298200	3.218651e-08	4.7075734	-0.008303486	-0.6353731	0.008909229	0.0	197.51502132415771
497	-19.90118	2.9391682	-16.417572	-29.502258	26.0	-20.134048	0.535632	-18.108595	-26.893873	298800	1.4702479e-08	8.197515	-0.017987773	-0.26749277	0.00897857	0.0	197.87818336486816
498	-21.134233	2.1676672	-18.150547	-26.662373	25.869566	-19.856451	0.4580601	-17.313278	-25.971752	299400	6.7551933e-09	6.419874	-0.015003344	-1.765502	0.00868732	0.0	198.2485752105713
499	-20.261646	2.602517	-17.570406	-26.54254	25.956522	-21.132338	0.4468064	-18.908184	-28.572794	300000	-1.7881393e-09	7.405301	-0.023373904	-0.8572717	0.009898254	0.0	199.0188343524933
