Epoch	AverageEpRet	StdEpRet	MaxEpRet	MinEpRet	EpLen	AverageVVals	StdVVals	MaxVVals	MinVVals	TotalEnvInteracts	LossPi	LossV	DeltaLossPi	DeltaLossV	KL	BacktrackIters	Time
0	-789.2151	95.62651	-330.7737	-885.7119	12.391304	2.2381434	0.84656966	3.3879626	0.0	600	7.947286e-08	509756.22	-0.037419513	-7718.875	0.0089641055	0.0	0.8845808506011963
1	-780.7555	82.91276	-571.06775	-879.7188	11.734694	-3.6302185	1.1268256	-0.65618354	-5.1911883	1200	3.1789146e-08	465584.75	-0.041371588	-5658.1875	0.009501327	0.0	1.3443183898925781
2	-753.6917	123.79449	-331.95135	-869.024	15.210526	-8.04501	1.7918565	-1.6125572	-8.886082	1800	1.66893e-08	418816.34	-0.03696973	-3571.9688	0.009469959	0.0	1.830075740814209
3	-737.2432	195.83981	-146.98207	-877.2316	11.288462	-10.671741	2.4495618	-2.9345412	-11.5757265	2400	-1.3748804e-07	313002.2	-0.034057558	-2382.2188	0.00844908	0.0	2.2080039978027344
4	-713.79834	167.98796	-345.37366	-877.3978	16.216217	-13.293585	2.1897883	-4.7731795	-13.883938	3000	-5.8809917e-08	316456.1	-0.030618353	-2735.875	0.0075958245	0.0	2.5944266319274902
5	-602.473	241.64984	-136.58154	-870.78076	20.892857	-15.9396515	2.0809596	-6.7104735	-16.419058	3600	8.662542e-08	222880.19	-0.025296563	-1867.5938	0.008449504	0.0	2.9738776683807373
6	-695.1934	221.31783	-76.89062	-883.196	13.27907	-17.832813	2.6489866	-8.425226	-18.594053	4200	8.106232e-08	233564.22	-0.03492564	-1932.5938	0.008124144	0.0	3.445828437805176
7	-641.6243	248.20409	-49.381767	-872.3095	16.166666	-20.136995	2.3798199	-10.859981	-20.76074	4800	-1.5894573e-08	218224.86	-0.030067226	-1843.0469	0.008835648	0.0	3.955518960952759
8	-624.7781	246.76228	-103.56769	-872.69794	16.857143	-22.34666	2.3086753	-13.211188	-22.937656	5400	-6.7551933e-09	196336.89	-0.026299043	-1769.5312	0.0066393246	1.0	4.465020179748535
9	-604.63684	291.0151	-57.652096	-886.0752	15.0	-24.462034	2.370327	-15.603755	-25.105608	6000	3.774961e-09	148082.1	-0.027663508	-1247.1406	0.008716303	0.0	4.933984279632568
10	-530.4385	329.71448	-37.59845	-881.87384	15.358974	-26.338451	2.2565453	-17.942593	-26.952877	6600	6.834666e-08	85490.734	-0.025139742	-687.1875	0.008556469	0.0	5.579679727554321
11	-445.64484	344.6664	-23.96584	-876.1642	16.914286	-27.83168	2.0157306	-19.874725	-28.349327	7200	-3.2583873e-08	50499.484	-0.025497474	-374.02344	0.008795336	0.0	6.005359172821045
12	-445.94003	356.29718	-39.262802	-879.45483	15.8918915	-28.894596	1.9635204	-21.343624	-29.407578	7800	1.4305114e-08	34334.355	-0.03072737	-243.30078	0.008308179	0.0	6.401194334030151
13	-383.3989	366.50027	-36.76445	-865.4943	16.852942	-29.81004	1.7788119	-22.663328	-30.255621	8400	-4.3710074e-08	27554.117	-0.02776272	-126.9375	0.0067494633	0.0	6.881901741027832
14	-424.2778	382.07568	-20.821877	-872.00446	15.025641	-30.399076	1.7969173	-23.675783	-30.881725	9000	-7.947286e-10	26961.37	-0.035254963	-124.2793	0.005298607	0.0	7.424414396286011
15	-371.474	371.7885	-19.484661	-871.65985	16.657143	-31.068632	1.5968962	-24.748055	-31.473946	9600	-1.2715658e-08	21956.104	-0.026541993	-99.15234	0.0070817424	0.0	7.949162244796753
16	-452.22665	389.16162	-25.706486	-882.0026	13.177778	-31.549635	1.6949118	-25.67008	-32.041725	10200	5.5631e-09	27374.64	-0.043621495	-107.07031	0.003374133	0.0	8.565370559692383
17	-166.2718	251.1631	-34.37124	-876.0037	22.5	-32.30782	1.2093642	-26.736744	-32.57222	10800	-7.947286e-09	5861.798	-0.024744097	-40.097656	0.0048114094	0.0	9.105401754379272
18	-207.32158	299.33932	-24.839338	-855.9423	20.857143	-32.711918	1.2296343	-27.255741	-32.990433	11400	9.536743e-09	8328.507	-0.035277672	-33.589844	0.004207542	0.0	9.77011227607727
19	-192.3875	284.67313	-23.52046	-870.46936	21.814816	-33.106674	1.1886315	-27.734653	-33.37187	12000	3.9339067e-08	10560.156	-0.038727228	-46.57715	0.005975894	0.0	10.168088436126709
20	-229.73993	322.531	-26.366705	-866.57477	19.931034	-33.553238	1.211469	-28.272682	-33.83271	12600	5.4836274e-08	9010.831	-0.035959404	-33.411133	0.0040627224	0.0	10.728879690170288
21	-179.98622	277.32562	-29.530926	-883.166	21.285715	-33.964672	1.1634845	-28.802046	-34.228394	13200	-1.2715658e-08	6412.967	-0.03603234	-31.672363	0.003899346	0.0	11.099448680877686
22	-182.49817	271.32028	-27.86713	-857.48895	21.357143	-34.368046	1.1436484	-29.293447	-34.62732	13800	1.5894573e-08	6710.2275	-0.035771493	-40.009277	0.0047275764	0.0	11.468835592269897
23	-161.08379	245.80763	-26.50934	-871.3354	22.037037	-34.840824	1.1072102	-29.836521	-35.086956	14400	-7.947286e-10	5547.0186	-0.031363856	-42.96338	0.004900738	0.0	11.84216022491455
24	-99.575836	159.16545	-19.037838	-838.81537	24.0	-35.363815	1.0370053	-30.39061	-35.581364	15000	3.4968057e-08	3729.2258	-0.03076461	-26.297607	0.00537116	0.0	12.217752456665039
25	-95.417725	160.80937	-20.013227	-850.96704	24.0	-35.771816	1.0346514	-30.80989	-35.98876	15600	2.22524e-08	2808.8374	-0.015574541	-18.206543	0.009044295	2.0	12.597420454025269
26	-162.33226	256.4336	-27.698128	-881.9042	22.307692	-36.099678	1.0707229	-31.1672	-36.33335	16200	-3.0199686e-08	5672.7935	-0.033766825	-35.774902	0.006450429	0.0	12.956762313842773
27	-74.170166	29.301975	-29.816017	-143.088	24.833334	-36.59408	1.0191618	-31.706436	-36.80779	16800	3.7352244e-08	2271.0088	-0.023262322	-38.890625	0.009471279	0.0	13.410487174987793
28	-155.57402	246.4286	-19.01269	-840.3837	22.153847	-37.09891	1.0608994	-32.21169	-37.330452	17400	1.5099843e-08	5770.8154	-0.039777823	-32.88037	0.0050835353	0.0	13.866772890090942
29	-60.816082	21.829	-25.63924	-102.26169	24.541666	-37.604923	1.0095323	-32.763424	-37.816402	18000	1.9073486e-08	992.80835	-0.019535353	-16.194153	0.006652835	1.0	14.316881895065308
30	-89.46234	154.79329	-20.347677	-836.9876	23.96	-37.9572	1.0294814	-33.120136	-38.17742	18600	-2.7020773e-08	2191.1	-0.01833778	-14.644043	0.0066795223	1.0	14.917733192443848
31	-65.83721	22.11972	-30.058228	-120.56065	25.0	-38.31589	0.9871768	-33.4798	-38.518494	19200	-1.2715658e-08	1252.4357	-0.026326891	-24.371704	0.006636243	0.0	15.326259136199951
32	-87.22465	152.67793	-21.96385	-828.29364	24.0	-38.752834	1.0098412	-33.909878	-38.964523	19800	1.5894573e-08	1798.7804	-0.021948084	-12.567505	0.0049440367	0.0	15.832932233810425
33	-99.65221	153.107	-27.297863	-841.07886	23.84	-39.082306	1.0243115	-34.26952	-39.30138	20400	3.4968057e-08	2521.9014	-0.026159445	-32.16504	0.0077893767	0.0	16.690666675567627
34	-58.52055	19.553976	-30.000738	-94.801056	25.217392	-39.626564	0.9819647	-34.816006	-39.82804	21000	2.7815501e-08	707.03424	-0.017579477	-13.075195	0.009585803	0.0	17.282604455947876
35	-59.559643	31.838697	-26.517054	-158.01349	25.652174	-39.991375	0.98354334	-35.17309	-40.19324	21600	-2.3047129e-08	1458.4407	-0.023027658	-15.141968	0.008981856	0.0	17.83298969268799
36	-92.36632	161.89952	-29.723637	-878.22437	24.0	-40.36782	1.0059031	-35.54372	-40.578518	22200	4.7683717e-08	2035.0493	-0.024619004	-16.63977	0.008060875	0.0	18.311456441879272
37	-53.625957	18.446774	-23.411655	-98.62118	24.916666	-40.779167	0.99966884	-35.984985	-40.988655	22800	6.576379e-08	513.00885	-0.022927452	-7.342926	0.009869266	0.0	18.89998507499695
38	-89.05109	160.04991	-25.750317	-851.1176	24.208334	-41.068504	0.9998582	-36.273403	-41.277966	23400	-7.947286e-09	1710.5714	-0.029453035	-11.005127	0.0065095355	0.0	19.30280327796936
39	-85.83661	161.99034	-30.70339	-859.6586	24.166666	-41.413105	0.99250597	-36.65326	-41.621025	24000	0.0	1447.4799	-0.02761666	-6.6328125	0.0063816705	0.0	19.666207551956177
40	-51.43646	20.972122	-28.408314	-95.54145	25.26087	-41.70084	0.9638065	-36.979233	-41.89859	24600	2.3841857e-09	518.71686	-0.017431904	-4.2528076	0.008251805	0.0	20.18031668663025
41	-52.447968	18.14698	-26.52509	-87.05832	25.304348	-41.93114	0.963176	-37.212612	-42.128666	25200	-1.4503797e-08	431.1622	-0.019364698	-5.157196	0.0069943634	0.0	20.555964946746826
42	-49.168373	13.953455	-26.749	-74.83681	25.086956	-42.185314	0.96390647	-37.463203	-42.382996	25800	2.5530657e-08	236.26398	-0.025099907	-2.4637146	0.007829613	0.0	20.940927982330322
43	-61.90236	21.272272	-29.087286	-108.41377	25.52174	-42.370567	0.9638788	-37.648594	-42.568253	26400	3.0994414e-08	835.699	-0.019772328	-18.527649	0.0074691614	0.0	21.309030055999756
44	-50.97522	15.716858	-28.088875	-84.24579	25.391304	-42.85675	0.96652573	-38.121826	-43.055088	27000	7.152557e-09	309.81366	-0.018536543	-4.1084595	0.009056033	0.0	21.691181421279907
45	-56.91199	25.368431	-27.528418	-107.88203	25.434782	-43.117077	0.96697253	-38.37995	-43.315487	27600	-4.7485035e-08	814.2407	-0.028409613	-10.075928	0.009440736	1.0	22.09518003463745
46	-54.31873	32.15124	-25.090864	-168.8239	25.304348	-43.49584	0.96828777	-38.752266	-43.69443	28200	1.3510387e-08	1171.5424	-0.026437858	-7.546875	0.008344048	0.0	22.480649948120117
47	-50.390003	15.861695	-22.872564	-77.46941	25.217392	-43.84203	0.9693337	-39.09333	-44.040802	28800	-4.0133795e-08	285.35568	-0.02058534	-2.6385498	0.008501604	0.0	22.84319305419922
48	-55.696877	22.62625	-27.649887	-112.43605	25.652174	-44.056736	0.9689035	-39.310154	-44.255497	29400	-3.1292437e-08	644.4982	-0.0150268935	-8.2335205	0.008213968	0.0	23.2004075050354
49	-49.0708	13.320134	-25.270426	-76.26625	25.304348	-44.419468	0.9696593	-39.669167	-44.61831	30000	2.7219455e-08	191.56369	-0.024807345	-1.5446777	0.009161862	0.0	23.561134338378906
50	-41.68686	10.786159	-26.40201	-63.47948	25.347826	-44.597527	0.9686883	-39.851994	-44.79618	30600	-1.7285346e-08	122.46919	-0.013981568	-0.4432907	0.0076329834	0.0	24.059450387954712
51	-53.83407	20.228832	-28.104498	-96.50256	25.52174	-44.52116	0.96563894	-39.790558	-44.71917	31200	-9.536743e-08	488.6304	-0.0138577875	-5.377594	0.007024819	1.0	24.40404224395752
52	-78.33373	164.46979	-22.525537	-863.98035	24.5	-44.808815	0.9845642	-40.08705	-45.015007	31800	3.1789145e-09	1352.7617	-0.02913321	-0.36035156	0.0061572837	0.0	24.78825068473816
53	-45.58074	20.44091	-21.422588	-122.64277	25.695652	-44.87784	0.9475107	-40.23605	-45.07217	32400	5.165736e-08	426.27222	-0.024435276	-0.071746826	0.009776168	0.0	25.151545763015747
54	-50.638206	21.12796	-20.165747	-95.75212	25.565218	-44.913437	0.94332534	-40.29215	-45.106876	33000	2.0662943e-08	472.0709	-0.024254555	-2.2404175	0.008817862	0.0	25.523728847503662
55	-47.630367	18.991873	-21.561783	-86.35319	25.565218	-45.122295	0.9422449	-40.506306	-45.31557	33600	-6.357829e-09	364.34442	-0.016637553	-0.6611023	0.0065954197	1.0	25.90170121192932
56	-46.296276	18.463331	-22.485231	-90.92814	25.26087	-45.250286	0.94058216	-40.642433	-45.443165	34200	2.7517478e-08	329.886	-0.017341446	-0.10992432	0.008144418	0.0	26.270068645477295
57	-41.602055	15.047777	-21.299763	-70.21318	25.391304	-45.303684	0.93816	-40.707706	-45.496075	34800	1.0331472e-08	235.43312	-0.0152201075	-1.1313782	0.006990994	0.0	26.62988519668579
58	-42.060364	13.075166	-25.836466	-71.45882	25.391304	-45.150204	0.9339839	-40.574684	-45.34175	35400	3.0199686e-08	176.61797	-0.024677558	-0.9313507	0.0099357115	0.0	26.991326570510864
59	-78.94339	163.01869	-28.886435	-858.97943	24.083334	-44.987747	0.94809735	-40.440872	-45.18631	36000	6.357829e-09	1237.6085	-0.029855594	-0.43920898	0.005317732	0.0	27.50432586669922
60	-39.326633	10.681069	-20.46752	-60.18985	25.434782	-45.03561	0.9075699	-40.589497	-45.22178	36600	-5.4836274e-08	145.24991	-0.022246163	-2.9477386	0.009483339	0.0	28.018099069595337
61	-44.93481	15.609832	-25.059118	-86.71503	25.565218	-44.771458	0.89997816	-40.362534	-44.95604	37200	1.0430813e-08	238.49417	-0.018462658	0.0028839111	0.008874507	0.0	28.37435555458069
62	-46.811703	17.346464	-22.9737	-88.20936	25.391304	-44.746075	0.89672816	-40.353065	-44.92996	37800	-3.6259493e-09	295.2553	-0.0205456	-0.372406	0.007297198	0.0	28.731915712356567
63	-44.24027	15.696546	-23.733643	-86.1918	25.304348	-44.84513	0.89431846	-40.46392	-45.028522	38400	-4.967054e-09	242.48833	-0.017762965	-0.034088135	0.009333131	0.0	29.092111587524414
64	-38.070866	13.769244	-21.40917	-69.72466	25.782608	-44.822662	0.89086103	-40.458393	-45.005363	39000	9.934108e-09	233.7862	-0.022765847	-4.9743958	0.009110865	0.0	29.470186710357666
65	-44.43668	14.2826605	-20.457935	-72.51059	25.826086	-44.44312	0.8843716	-40.11064	-44.624496	39600	-1.5894573e-08	203.4107	-0.017707916	0.0029907227	0.0063894065	1.0	29.824556827545166
66	-47.683105	18.361107	-22.450037	-94.640015	25.826086	-44.40336	0.8807161	-40.0888	-44.583996	40200	-6.67572e-08	349.10852	-0.026471088	-1.2789001	0.009732075	0.0	30.177300691604614
67	-41.07438	14.249349	-22.252375	-79.03567	25.565218	-44.602726	0.87893534	-40.296886	-44.782974	40800	1.947085e-08	209.5166	-0.017228639	-1.378418	0.0080944775	0.0	30.54683518409729
68	-41.870293	14.412402	-19.811798	-71.811745	25.695652	-44.403946	0.87363684	-40.12406	-44.583126	41400	2.3643176e-08	212.19063	-0.023698993	-0.7987976	0.009008381	0.0	30.899980545043945
69	-43.859222	14.062174	-21.184914	-75.171265	25.652174	-44.226276	0.8685905	-39.971115	-44.404423	42000	2.9206277e-08	195.82634	-0.01479483	-0.011810303	0.007833499	0.0	31.25506043434143
70	-43.303627	14.984765	-19.966072	-69.88271	25.565218	-44.200077	0.86480236	-39.963478	-44.377453	42600	3.0199686e-08	220.51187	-0.02210198	-0.10923767	0.008225689	0.0	31.901544094085693
71	-44.01251	25.09504	-22.888727	-143.46992	25.695652	-44.13847	0.8604491	-39.92319	-44.31494	43200	-4.1325887e-08	657.9107	-0.022542158	-0.021484375	0.007728345	0.0	32.34113073348999
72	-39.73433	11.482283	-22.471407	-70.83642	25.26087	-44.159935	0.85707873	-39.961166	-44.335724	43800	3.1193096e-08	146.68135	-0.025375376	-2.726059	0.009613064	0.0	32.73134970664978
73	-48.307648	14.439744	-22.803814	-73.554535	25.217392	-43.833763	0.8502926	-39.66824	-44.008152	44400	1.5099843e-08	219.48537	-0.0179036	-2.3164368	0.007977754	0.0	33.1552677154541
74	-42.949387	14.458497	-24.208939	-83.92806	25.52174	-44.122677	0.84837425	-39.96655	-44.296684	45000	-1.5894572e-09	204.46916	-0.032447413	-0.15089417	0.009321427	0.0	33.51230335235596
75	-45.111767	15.67389	-22.853199	-81.39658	25.73913	-44.06173	0.843477	-39.929604	-44.234776	45600	-1.0430813e-08	249.34666	-0.019273032	-0.22280884	0.00922597	0.0	33.90067911148071
76	-42.858788	17.388752	-23.737206	-107.08519	25.391304	-44.154022	0.840036	-40.038746	-44.326294	46200	4.1921933e-08	312.8248	-0.02207974	-0.15298462	0.009640156	0.0	34.27009344100952
77	-44.112583	12.758331	-19.483	-75.031204	25.347826	-44.077625	0.83515394	-39.98626	-44.248894	46800	1.0331472e-08	158.51555	-0.025153855	-0.008102417	0.009354756	0.0	34.63181829452515
78	-45.34619	17.729143	-22.052708	-95.233406	25.47826	-44.065834	0.8304075	-39.997726	-44.236145	47400	1.4702479e-08	306.98145	-0.016977113	-0.27471924	0.009042369	0.0	34.982383012771606
79	-44.30021	15.802899	-25.762934	-82.67134	25.391304	-44.181698	0.8265956	-40.132267	-44.351242	48000	-1.7484028e-08	244.32466	-0.021742195	-0.013259888	0.009104789	0.0	35.350396394729614
80	-42.376167	11.529773	-18.919825	-60.69207	25.652174	-44.2066	0.82194304	-40.179955	-44.375168	48600	3.317992e-08	135.79427	-0.01975204	-0.60565186	0.009095874	0.0	35.885895013809204
81	-37.596687	12.377203	-21.494156	-69.75723	25.52174	-44.0266	0.8154996	-40.031525	-44.19385	49200	-2.3543835e-08	189.49356	-0.015125015	-8.423126	0.009110442	0.0	36.224372148513794
82	-39.084385	10.2461	-21.933292	-55.92857	25.52174	-43.32491	0.8043727	-39.384346	-43.4899	49800	-5.9604646e-09	120.81057	-0.0096018305	-4.2322464	0.005646026	0.0	36.577956438064575
83	-38.714638	10.162343	-20.853912	-67.68447	25.652174	-42.784546	0.79451936	-38.892246	-42.947502	50400	-4.45048e-08	119.49363	-0.019366099	-3.6828232	0.008267546	0.0	36.920125246047974
84	-42.842407	17.99623	-21.562077	-105.60841	25.565218	-42.28255	0.78498906	-38.436954	-42.443604	51000	-3.695488e-08	320.68036	-0.021240022	-0.04309082	0.009376464	0.0	37.32285118103027
85	-72.39203	156.10294	-19.96457	-818.2557	24.958334	-42.304153	0.7956729	-38.488304	-42.47097	51600	-2.3047129e-08	3213.3142	-0.030464156	-1.1533203	0.008011994	0.0	37.726447105407715
86	-38.093235	12.667823	-20.470707	-73.85879	25.52174	-42.50449	0.74309325	-38.864132	-42.65694	52200	2.582868e-09	178.2539	-0.017525824	-4.2429047	0.0071531287	0.0	38.10992193222046
87	-39.201164	10.590844	-20.862082	-64.14636	25.782608	-41.97449	0.7295495	-38.400486	-42.124172	52800	1.11262e-08	120.07409	-0.018464325	-2.169815	0.006108391	0.0	38.468346118927
88	-40.20355	17.311	-21.18296	-100.91393	25.347826	-41.54735	0.7209698	-38.01538	-41.695267	53400	7.778406e-08	290.25717	-0.023335865	-0.62268066	0.008822417	0.0	38.83275818824768
89	-41.33438	10.569293	-25.394318	-63.147213	25.652174	-41.31132	0.71401304	-37.81343	-41.457825	54000	2.5431316e-08	110.400406	-0.0142686935	-0.0056152344	0.006946883	0.0	39.19033646583557
90	-39.951168	12.292107	-21.516888	-66.0692	25.434782	-41.30872	0.70942307	-37.833317	-41.45429	54600	-3.9339067e-08	150.14185	-0.020342968	-0.5302582	0.008163425	0.0	39.703139305114746
91	-37.31966	12.395678	-23.012115	-62.18384	25.391304	-41.104023	0.7026838	-37.661633	-41.248173	55200	-5.9604643e-10	162.83864	-0.023513485	-4.2396393	0.0068958728	1.0	40.119369983673096
92	-41.006927	15.089807	-19.394278	-82.345634	25.869566	-40.49504	0.69193834	-37.10529	-40.637016	55800	-2.8610229e-08	231.9999	-0.019554269	-0.078063965	0.0066811997	1.0	40.53994059562683
93	-39.098576	13.729485	-18.737162	-69.88029	25.565218	-40.548378	0.68790144	-37.178406	-40.68953	56400	-3.774961e-09	185.80167	-0.012559818	-0.6641083	0.008236529	0.0	40.901886224746704
94	-69.217804	159.90694	-21.947945	-834.6053	24.625	-40.304558	0.6940659	-36.975967	-40.450005	57000	-1.11262e-08	1182.8821	-0.032466438	-3.6134033	0.0041212398	0.0	41.24518132209778
95	-40.24487	12.705814	-23.135727	-81.87075	25.695652	-39.764343	0.6312035	-36.67213	-39.89387	57600	5.73198e-08	159.92682	-0.024463324	-0.03302002	0.007514097	0.0	41.60652184486389
96	-35.744495	9.657239	-18.603472	-58.798763	25.347826	-39.79049	0.6226476	-36.74019	-39.91826	58200	2.0662943e-08	106.37352	-0.010899652	-5.0676804	0.008479355	2.0	41.9702672958374
97	-38.886845	13.437964	-19.83452	-72.26911	25.52174	-39.074364	0.6116919	-36.077736	-39.199913	58800	6.11941e-08	173.1274	-0.015963199	-0.07008362	0.008616573	0.0	42.32817769050598
98	-38.436584	14.346084	-22.405853	-95.2265	25.826086	-38.943127	0.60623765	-35.973225	-39.067543	59400	-1.8278758e-08	210.62268	-0.009445474	-0.058914185	0.007983467	0.0	42.675169706344604
99	-36.398155	17.579885	-21.133377	-111.67735	25.391304	-38.86308	0.601487	-35.91644	-38.986504	60000	-9.934108e-09	312.56314	-0.012357345	-2.0645447	0.006779566	1.0	43.07670211791992
100	-34.181576	13.383443	-20.023214	-73.614365	25.695652	-38.37092	0.59259486	-35.46785	-38.49253	60600	2.2649765e-08	196.8268	-0.024620118	-6.665985	0.0067284503	1.0	43.651952028274536
101	-33.14397	9.331575	-21.353874	-55.463135	25.869566	-37.45093	0.57928866	-34.613052	-37.56983	61200	5.00679e-08	105.8079	-0.014745508	-7.6122513	0.008762901	0.0	44.00975847244263
102	-42.82895	13.21288	-26.42289	-82.14621	25.652174	-36.432526	0.5648038	-33.6656	-36.548454	61800	4.887581e-08	218.02527	-0.024512626	-15.689301	0.009333694	0.0	44.36091613769531
103	-42.958286	12.221365	-24.913265	-67.01026	25.608696	-37.802235	0.5749661	-34.985527	-37.920235	62400	-4.6690307e-08	173.09837	-0.024685958	-11.425659	0.00859539	0.0	44.714026927948
104	-33.370304	8.381882	-20.321117	-52.44936	25.782608	-39.106678	0.58322006	-36.24953	-39.226364	63000	5.761782e-09	102.7367	-0.017695451	-12.823326	0.0068969387	1.0	45.060166358947754
105	-38.308456	12.988224	-20.303722	-78.244225	25.695652	-37.8454	0.56652504	-35.070045	-37.961674	63600	-5.5631e-09	169.9474	-0.013749815	-0.022079468	0.0071751983	0.0	45.413134813308716
106	-40.288292	12.886301	-22.937233	-66.61774	25.608696	-37.86102	0.56240696	-35.10584	-37.97645	64200	7.549922e-09	170.48735	-0.015756931	-2.721817	0.0073375083	0.0	45.79246139526367
107	-39.03773	13.728155	-23.247068	-77.73456	25.652174	-38.499767	0.5640692	-35.736435	-38.615524	64800	9.23872e-09	187.85468	-0.019837564	-0.19909668	0.0085738925	0.0	46.16054010391235
108	-38.27082	10.064882	-24.449709	-58.604362	25.52174	-38.704918	0.5613305	-35.955006	-38.820114	65400	-1.3113022e-08	98.884476	-0.012201074	-0.11193848	0.0077870283	0.0	46.60449767112732
109	-38.160427	13.875964	-21.334398	-69.386086	25.52174	-38.581707	0.5552538	-35.86157	-38.695656	66000	-1.3212363e-08	188.1284	-0.014356962	-0.16191101	0.0080379965	0.0	46.987125873565674
110	-37.886673	9.564386	-23.885984	-54.04987	25.782608	-38.41454	0.54859835	-35.727	-38.527126	66600	6.1591465e-09	91.44342	-0.020860238	-0.11842346	0.008480852	0.0	47.61770415306091
111	-37.377995	12.869475	-20.736387	-66.823875	25.782608	-38.267727	0.54240334	-35.61054	-38.379044	67200	1.07288365e-08	165.6281	-0.0192503	-0.27062988	0.00854417	0.0	47.979243993759155
112	-35.588802	11.64691	-20.921663	-62.88337	25.826086	-38.043556	0.5356781	-35.41931	-38.153492	67800	2.7020773e-08	140.83177	-0.020625748	-3.0730438	0.009371407	0.0	48.34139347076416
113	-33.454174	7.1350513	-20.660612	-46.60564	25.608696	-37.279175	0.52367646	-34.71373	-37.386658	68400	-1.3510387e-08	64.47817	-0.007753119	-7.7897034	0.009331199	0.0	48.697179317474365
114	-39.17296	10.380797	-24.401154	-56.854683	25.782608	-36.02265	0.506962	-33.539093	-36.126717	69000	7.549922e-09	116.61708	-0.009061487	-4.870308	0.0072638895	0.0	49.062204360961914
115	-37.188633	9.120709	-21.061789	-61.09111	25.652174	-36.95238	0.5112307	-34.447914	-37.05732	69600	-6.000201e-08	81.621056	-0.01928051	-0.033988953	0.008987847	0.0	49.47625946998596
116	-34.910778	8.348237	-19.377066	-57.516407	25.782608	-37.090828	0.5075598	-34.604336	-37.195004	70200	-7.947286e-10	73.14221	-0.02131272	-2.744995	0.007999104	0.0	49.83073830604553
117	-40.553978	8.991649	-28.686115	-58.467716	25.782608	-36.326538	0.49545744	-33.899334	-36.428234	70800	3.1789146e-08	98.347595	-0.01521396	-10.171814	0.008701496	0.0	50.18744707107544
118	-38.01141	10.715314	-25.008211	-62.277405	25.434782	-37.788456	0.504072	-35.319054	-37.891914	71400	-2.8610229e-08	112.785576	-0.016491456	-0.055290222	0.008455976	0.0	50.55500626564026
119	-37.026257	11.268713	-19.473522	-54.83966	25.652174	-37.98058	0.5005429	-35.528458	-38.083298	72000	-5.443891e-08	126.34991	-0.018976545	-0.6200638	0.0065392624	1.0	50.90581703186035
120	-39.30539	13.092203	-19.916096	-76.060905	25.695652	-37.599926	0.49174917	-35.190887	-37.70085	72600	1.8676122e-08	169.85153	-0.016775653	-1.6032715	0.0073740575	0.0	51.48056101799011
121	-40.406925	16.608744	-22.64957	-89.84256	25.608696	-38.211327	0.4916357	-35.80284	-38.31222	73200	-1.9073486e-08	267.26544	-0.029442104	-2.685913	0.00864559	0.0	51.93906784057617
122	-35.859257	8.145617	-25.71294	-51.28511	25.869566	-39.06571	0.49299768	-36.65056	-39.166885	73800	3.437201e-08	75.952866	-0.022756042	-6.6521835	0.0066070054	1.0	52.28663444519043
123	-41.075653	15.203426	-20.718798	-83.12943	25.695652	-37.77398	0.47626433	-35.4408	-37.87172	74400	4.053116e-08	236.4497	-0.017486973	-6.854294	0.008589464	0.0	52.655617475509644
124	-35.724106	7.9517655	-21.141167	-49.860405	25.652174	-39.08151	0.48171037	-36.721657	-39.180367	75000	-2.1855036e-09	73.49181	-0.02206041	-7.2083206	0.008331805	0.0	53.0172700881958
125	-41.55349	9.567551	-27.78326	-72.05665	25.434782	-37.724094	0.46478713	-35.447144	-37.81949	75600	-6.357829e-09	104.88239	-0.021044785	-9.146805	0.0076090456	1.0	53.37003493309021
126	-37.431652	9.075193	-24.212025	-59.002674	25.608696	-39.27603	0.4716712	-36.965355	-39.37282	76200	-2.4239222e-08	84.194405	-0.0058799023	-2.0681305	0.008158552	0.0	53.718554735183716
127	-40.207684	10.008163	-23.432398	-55.34592	25.608696	-38.56207	0.46019825	-36.307606	-38.656532	76800	3.536542e-08	101.136024	-0.019295808	-1.7787399	0.008304517	0.0	54.091912508010864
128	-38.755302	12.795111	-18.509491	-64.178055	25.565218	-39.261864	0.45988747	-37.008915	-39.356243	77400	-1.42057734e-08	160.16269	-0.009093293	-0.1835022	0.008890615	0.0	54.44614934921265
129	-35.43633	12.737273	-20.337694	-74.85297	25.608696	-39.052437	0.45227006	-36.836803	-39.145252	78000	-2.0464261e-08	172.86565	-0.02898606	-9.5533905	0.0085986955	0.0	54.801565170288086
130	-39.80016	10.273679	-25.61716	-65.123	25.304348	-37.288208	0.43268338	-35.168533	-37.377018	78600	-1.9073486e-08	109.03593	-0.023158653	-4.0045395	0.008726374	0.0	55.376851081848145
131	-38.253937	13.964665	-18.983059	-70.123055	25.347826	-38.3801	0.43550813	-36.246582	-38.46948	79200	1.09275184e-08	189.01904	-0.03511078	-0.013809204	0.0084241275	0.0	55.7933087348938
132	-36.627235	11.3402195	-21.298756	-65.14396	25.434782	-38.35379	0.42946655	-36.24987	-38.441925	79800	1.9868216e-08	128.03432	-0.013980456	-2.4696426	0.008431148	0.0	56.19891834259033
133	-38.17268	10.709693	-19.539766	-57.806324	25.565218	-37.412766	0.41648683	-35.372433	-37.49824	80400	-3.7749608e-08	112.45219	-0.012177768	-0.40000153	0.006683787	1.0	56.579766035079956
134	-41.074886	8.579452	-19.23979	-56.60707	25.52174	-37.76637	0.41369325	-35.739723	-37.851276	81000	-2.3047129e-08	82.31571	-0.019052614	-8.262604	0.009226603	0.0	56.96723699569702
135	-34.50671	9.716086	-18.635366	-54.975334	25.782608	-39.547108	0.4209204	-37.485054	-39.633488	81600	8.742014e-09	118.68908	-0.033280753	-19.266205	0.00882725	1.0	57.45296931266785
136	-34.072357	9.875794	-21.927992	-58.408726	25.695652	-36.908085	0.39619783	-34.967144	-36.989403	82200	8.106232e-08	103.843376	-0.023479788	-6.1057434	0.0091515025	0.0	57.96634006500244
137	-41.148853	10.2083	-22.636335	-59.34702	25.869566	-35.296703	0.3792669	-33.43871	-35.374557	82800	-2.22524e-08	137.73799	-0.026111806	-26.39013	0.008018799	0.0	58.305750608444214
138	-34.993847	11.503476	-19.419178	-65.727196	25.652174	-38.40179	0.3964356	-36.459686	-38.48315	83400	5.5631002e-08	142.64177	-0.015027898	-8.411392	0.0081575215	0.0	58.712820291519165
139	-39.537865	13.3672495	-20.693657	-73.278755	25.52174	-36.722	0.37964758	-34.86214	-36.799923	84000	-1.8278758e-08	180.0044	-0.007687549	-5.3909454	0.007553409	1.0	59.211590051651
140	-38.3713	15.047081	-20.696207	-75.82113	25.52174	-38.097313	0.3832223	-36.219936	-38.17596	84600	-1.07288365e-08	220.94698	-0.016650544	-0.05015564	0.008661754	0.0	59.79137825965881
141	-37.47982	8.050266	-22.42794	-52.824818	25.73913	-38.286167	0.37869415	-36.43098	-38.3639	85200	5.3048133e-08	64.90214	-0.02024568	-0.5263748	0.00872708	0.0	60.1495680809021
142	-32.238144	9.740741	-20.67785	-65.09919	25.826086	-37.82401	0.37016863	-36.010586	-37.899982	85800	1.39077505e-08	125.73758	-0.015416341	-25.667336	0.0081606535	0.0	60.5047607421875
143	-40.887096	13.538499	-24.155674	-77.3651	25.434782	-34.58562	0.34357327	-32.902485	-34.65615	86400	2.2997458e-08	211.48662	-0.024130393	-28.43599	0.0092870295	0.0	61.09542989730835
144	-36.527477	8.405625	-22.841898	-55.25937	25.652174	-37.819347	0.35862985	-36.062454	-37.89295	87000	8.781751e-08	70.94621	-0.02098167	-1.237854	0.009518493	0.0	61.50485444068909
145	-36.797077	10.607805	-19.782288	-57.880756	26.0	-37.21836	0.349659	-35.505413	-37.290127	87600	7.2320304e-08	112.43285	-0.01617537	-0.09938812	0.0056639975	0.0	61.99663043022156
146	-36.38284	10.172093	-19.89165	-62.630306	25.652174	-36.991474	0.34341425	-35.30912	-37.06196	88200	-5.2452087e-08	101.53937	-0.016909897	-0.408638	0.00687023	1.0	62.43057990074158
147	-36.894947	8.348072	-26.69328	-57.198376	25.826086	-36.573753	0.33569804	-34.9292	-36.642654	88800	-4.251798e-08	69.15496	-0.012976015	-0.076927185	0.0043980344	0.0	62.80290651321411
148	-33.623825	6.4420815	-21.001488	-49.676643	25.47826	-36.743153	0.33168036	-35.11828	-36.81123	89400	1.9073486e-08	50.21429	-0.016682932	-7.6017456	0.007563247	0.0	63.155996799468994
149	-33.56961	9.183215	-20.20687	-59.85061	25.565218	-34.900677	0.316158	-33.351845	-34.965572	90000	-7.947286e-09	84.10527	-0.00889416	-1.6409073	0.005355177	0.0	63.62102746963501
150	-35.99113	7.149433	-24.603312	-56.368935	25.47826	-33.982674	0.30606183	-32.483307	-34.04551	90600	2.125899e-08	53.365116	-0.0073365173	-3.3377228	0.0056307577	0.0	64.19744539260864
151	-34.505123	10.285704	-21.94147	-53.961254	25.73913	-35.225014	0.30919144	-33.71032	-35.28849	91200	-5.0465268e-08	104.615234	-0.017214285	-0.4822464	0.007456937	0.0	64.54321527481079
152	-35.742943	11.459283	-20.353909	-64.79577	25.782608	-34.76847	0.30190486	-33.289467	-34.83045	91800	-1.6291937e-08	132.3381	-0.018606622	-0.8739319	0.0066776127	1.0	64.89052629470825
153	-33.659584	7.7653604	-23.286695	-50.750847	25.73913	-35.422638	0.3013507	-33.946346	-35.484493	92400	5.2452087e-08	62.958332	-0.01089516	-2.7152061	0.0052500176	0.0	65.23732542991638
154	-34.122387	8.446152	-22.336702	-46.860615	25.782608	-34.24379	0.29008645	-32.822678	-34.303337	93000	-4.4107438e-08	70.268585	-0.022164809	-0.037742615	0.00802269	0.0	65.59449481964111
155	-35.553764	6.2814646	-22.71705	-47.4315	25.652174	-34.078842	0.28473657	-32.683937	-34.13729	93600	5.5631e-09	40.474407	-0.01886694	-1.7828255	0.008891546	0.0	65.96271419525146
156	-33.25406	8.839015	-19.971045	-52.343502	25.695652	-35.077423	0.2860401	-33.67614	-35.136143	94200	-3.8146972e-08	80.360405	-0.0115549425	-3.0498657	0.007482381	1.0	66.32604098320007
157	-33.783463	8.814777	-19.826738	-56.385517	25.652174	-33.77057	0.27430242	-32.42679	-33.826885	94800	-4.8478444e-08	77.18948	-0.012295455	-0.0012817383	0.007171415	0.0	66.71444654464722
158	-37.085514	10.36908	-19.601847	-53.598404	25.52174	-33.749893	0.2701493	-32.426456	-33.805355	95400	2.0066897e-08	116.938805	-0.017269494	-9.936874	0.0067061973	0.0	67.16802763938904
159	-38.44647	16.22322	-19.33187	-95.05232	26.043478	-36.18881	0.27908978	-34.821568	-36.24608	96000	2.7020773e-08	267.39868	-0.013500916	-4.786957	0.008626906	1.0	67.53925514221191
160	-38.18283	10.601814	-22.66818	-56.40183	25.869566	-37.93024	0.2831156	-36.54328	-37.988342	96600	-3.5564106e-08	111.91458	-0.016246023	-0.09736633	0.008840475	0.0	68.09992790222168
161	-69.66196	163.76228	-20.269556	-853.1613	24.666666	-38.1957	0.28513703	-36.82825	-38.255478	97200	1.11262e-08	1249.5461	-0.023495803	-2.44458	0.007683276	0.0	68.45466089248657
162	-37.684418	12.157381	-22.085075	-64.21694	26.043478	-37.244648	0.20085084	-36.2607	-37.28587	97800	6.8545343e-09	147.64331	-0.01256591	-0.12797546	0.007964197	0.0	68.7991795539856
163	-36.19588	7.427887	-19.50882	-49.746407	25.608696	-37.520782	0.19420138	-36.56941	-37.560646	98400	5.00679e-08	56.75453	-0.021331962	-1.6509819	0.009236248	0.0	69.15338826179504
164	-35.50265	12.585226	-19.292542	-71.1034	26.0	-36.461704	0.18834388	-35.53903	-36.50037	99000	-6.9538753e-09	158.6316	-0.01172157	-0.852829	0.005820681	0.0	69.5107114315033
165	-32.738457	8.119445	-21.482243	-49.034973	26.043478	-35.67486	0.18366896	-34.775078	-35.71255	99600	5.284945e-08	74.03267	-0.007479968	-8.045937	0.009902488	1.0	69.88499522209167
166	-34.772476	11.397193	-18.515663	-61.24035	25.826086	-33.28332	0.17234452	-32.439022	-33.318707	100200	3.2583873e-08	131.26213	-0.014192456	-2.2733002	0.008212618	0.0	70.39271712303162
167	-34.466976	8.103832	-21.080704	-48.867134	25.782608	-34.538235	0.17644197	-33.673862	-34.57446	100800	-4.053116e-08	64.95435	-0.025931235	-0.0008773804	0.009631623	0.0	70.72609972953796
168	-37.65983	9.561381	-20.48938	-55.719814	25.782608	-34.52826	0.17512733	-33.670326	-34.564213	101400	-1.1523564e-08	100.70927	-0.021881487	-9.586884	0.008796781	0.0	71.096431016922
169	-35.264435	9.461684	-20.663464	-53.20933	26.086956	-37.18406	0.1805859	-36.279575	-37.220318	102000	-4.808108e-08	93.01936	-0.0067637805	-3.5631561	0.008190174	0.0	71.47159242630005
170	-33.87219	11.319945	-20.271217	-65.359726	25.73913	-35.57955	0.17659767	-34.714413	-35.615803	102600	-1.3113022e-08	129.60886	-0.01636313	-2.6625824	0.007054585	0.0	72.18005990982056
171	-35.03553	9.633729	-19.275269	-52.63449	25.782608	-34.146984	0.16954426	-33.316406	-34.181797	103200	-2.3444494e-08	92.837425	-0.008867646	-0.8666153	0.0064202393	0.0	72.61921977996826
172	-67.34827	158.75899	-18.940186	-827.47797	24.666666	-34.954624	0.17478175	-34.116405	-34.991264	103800	-7.947286e-09	1135.2333	-0.015256106	-0.90234375	0.009335093	2.0	73.04678726196289
173	-41.806442	14.632796	-23.737125	-74.30312	26.09091	-35.515926	0.13162069	-34.856686	-35.542355	104400	-1.0212263e-07	245.87349	-0.021785637	-37.22589	0.00910109	0.0	73.43934154510498
174	-34.94848	8.817737	-20.860506	-51.634068	25.869566	-40.655506	0.14531983	-39.943592	-40.68533	105000	2.7418137e-08	109.22095	-0.015689772	-29.786644	0.0075455857	0.0	73.813405752182
175	-35.55016	7.51419	-22.003101	-51.4415	25.869566	-36.358555	0.13257866	-35.709064	-36.385777	105600	1.3113022e-08	56.591785	-0.016130919	-0.54190445	0.007144558	0.0	74.20985150337219
176	-37.673965	11.347248	-20.65183	-59.138897	25.826086	-35.705624	0.1300591	-35.06848	-35.732334	106200	-6.308158e-08	131.91057	-0.017225714	-3.7989655	0.0075511783	0.0	74.55964541435242
177	-32.926228	8.999806	-21.07325	-53.693596	25.913044	-37.27669	0.13386984	-36.620876	-37.304176	106800	-5.284945e-08	98.029335	-0.009934343	-17.5485	0.00786193	1.0	74.93029928207397
178	-33.61259	6.6115074	-23.229591	-49.57059	25.73913	-33.963585	0.123837374	-33.35692	-33.989017	107400	8.742014e-09	43.205345	-0.012909161	-0.101745605	0.007542499	0.0	75.26194095611572
179	-34.017887	8.9205265	-19.407495	-55.41033	25.695652	-33.65737	0.122336686	-33.05806	-33.6825	108000	-4.7683715e-09	78.605835	-0.01357973	-0.10391998	0.008775102	0.0	75.63698124885559
180	-39.98745	11.13508	-20.087065	-62.20998	25.52174	-33.919975	0.12242724	-33.320213	-33.945114	108600	4.967054e-09	155.72711	-0.020182591	-32.64615	0.0076624155	0.0	76.37361216545105
181	-34.15527	7.4694085	-21.828903	-48.111725	25.73913	-38.41672	0.13350797	-37.76268	-38.44413	109200	-1.38084095e-08	72.76529	-0.012710993	-16.48383	0.008344954	0.0	76.91965365409851
182	-34.709007	9.65973	-20.639128	-54.485935	25.73913	-35.36903	0.1250584	-34.756382	-35.39471	109800	4.7683715e-09	92.361626	-0.013328787	-0.25317383	0.006071393	0.0	77.34447264671326
183	-37.034332	7.764957	-22.64947	-50.929493	25.695652	-34.922108	0.12328914	-34.31813	-34.94743	110400	2.9802322e-08	64.03147	-0.017497145	-4.108795	0.006865689	0.0	77.70969462394714
184	-38.885075	12.8664	-20.623358	-65.32029	25.695652	-36.506203	0.1265236	-35.88638	-36.532185	111000	-6.7551933e-09	167.33319	-0.0118139675	-5.0997314	0.0075554936	0.0	78.05969667434692
185	-37.839123	9.789779	-20.37067	-55.160114	25.913044	-38.312378	0.12991755	-37.675922	-38.339046	111600	2.8212865e-08	96.12179	-0.021489393	-0.17463684	0.0083750235	0.0	78.55911588668823
186	-35.664185	9.890816	-22.949291	-67.75752	25.73913	-38.00048	0.12828203	-37.372036	-38.026814	112200	2.3047129e-08	103.884346	-0.01805516	-5.0815353	0.008811262	0.0	78.96708178520203
187	-35.66698	7.3209896	-20.305317	-52.265526	25.73913	-36.172916	0.12304814	-35.570118	-36.198185	112800	-8.662542e-08	53.39983	-0.015119902	-0.22934341	0.009913357	0.0	79.32802176475525
188	-36.98109	9.400849	-21.000698	-55.674316	25.826086	-35.75749	0.12117884	-35.16384	-35.78237	113400	-2.1855036e-09	88.24833	-0.020171624	-1.3029251	0.008445404	0.0	79.67797017097473
189	-33.43437	7.9227867	-20.136261	-48.59798	25.73913	-36.703693	0.12247522	-36.1037	-36.72884	114000	6.337961e-08	72.717766	-0.016604748	-10.14167	0.0074773096	0.0	80.03981447219849
190	-34.416595	9.384514	-19.432451	-51.01998	26.043478	-34.07323	0.11530121	-33.508385	-34.09691	114600	1.9868216e-08	88.4735	-0.01607866	-0.24475098	0.0092126895	0.0	80.61978435516357
191	-34.336483	10.198588	-20.511824	-54.93789	25.52174	-34.46046	0.11561261	-33.89409	-34.484207	115200	-1.2318293e-08	101.79346	-0.01858826	-0.016944885	0.009341989	0.0	81.14837384223938
192	-32.07882	9.894757	-19.696474	-53.033485	25.608696	-34.355667	0.11451637	-33.794666	-34.379192	115800	-1.5894572e-09	100.95497	-0.020819608	-4.646614	0.009892667	0.0	81.56141114234924
193	-39.09242	10.269541	-23.690382	-66.99888	25.565218	-32.504486	0.109249115	-31.96929	-32.52693	116400	1.2735526e-07	146.31972	-0.020734357	-39.84349	0.008145779	0.0	81.93161725997925
194	-33.694405	8.495448	-19.546894	-51.473755	25.695652	-37.586998	0.11938249	-37.00215	-37.611504	117000	9.139379e-09	84.714386	-0.01730794	-13.487564	0.009697386	0.0	82.30588698387146
195	-67.82137	161.51855	-20.291918	-841.36	24.708334	-34.75899	0.115183614	-34.2066	-34.78315	117600	-1.11262e-08	1161.0403	-0.025685703	-1.0675049	0.008829632	0.0	82.66429686546326
196	-35.081547	9.927835	-22.474277	-54.878544	25.652174	-35.35157	0.081933625	-34.950184	-35.368397	118200	2.026558e-08	97.361824	-0.022701645	-0.037971497	0.009951922	0.0	83.07409071922302
197	-38.016186	6.8203654	-28.078737	-49.99302	25.826086	-35.205715	0.078733265	-34.820007	-35.221886	118800	3.33786e-08	54.004646	-0.025019592	-7.4244614	0.0069475053	0.0	83.4521713256836
198	-39.82942	11.322686	-24.223646	-70.52889	25.956522	-37.415546	0.08221968	-37.012756	-37.432426	119400	-2.0960966e-08	134.39795	-0.019801332	-6.2826385	0.007864251	0.0	83.81713008880615
199	-32.956463	6.468082	-22.868795	-48.522118	25.695652	-39.48605	0.085347116	-39.067947	-39.50358	120000	-1.07288365e-08	83.4452	-0.012980727	-39.26985	0.00852105	0.0	84.16609072685242
200	-34.400803	12.563671	-20.191647	-72.029465	25.956522	-34.664783	0.0774473	-34.285385	-34.680702	120600	4.371007e-09	157.04153	-0.019937394	-0.046539307	0.007684918	0.0	84.75191140174866
201	-34.228085	7.7118306	-22.779423	-52.056465	25.913044	-34.405804	0.076744676	-34.029846	-34.421577	121200	3.218651e-08	58.91543	-0.003149689	-0.054523468	0.0067106932	0.0	85.10884070396423
202	-37.968563	9.9799385	-25.623165	-66.19502	25.782608	-34.223866	0.076108634	-33.851017	-34.239502	121800	-4.8478444e-08	114.17114	-0.019374048	-13.316673	0.0072375233	0.0	85.46524214744568
203	-36.79757	8.8069315	-20.93824	-51.609447	25.782608	-37.081978	0.080294244	-36.688625	-37.09847	122400	-3.5762786e-09	76.438156	-0.02043827	-0.046035767	0.0069361576	1.0	85.82189750671387
204	-33.9691	7.092101	-20.871063	-46.43263	25.956522	-36.948517	0.07977918	-36.557682	-36.964897	123000	6.2783556e-08	58.848404	-0.016120808	-8.760349	0.009925165	0.0	86.1761577129364
205	-34.310436	10.307013	-20.01646	-61.948048	25.956522	-34.589226	0.07577761	-34.217995	-34.60479	123600	-4.3710074e-08	105.52674	-0.019524481	-0.069740295	0.0063764867	1.0	86.53301429748535
206	-34.733387	9.101881	-19.452995	-55.459984	25.608696	-34.342674	0.07505107	-33.975006	-34.358093	124200	1.1364619e-07	80.90493	-0.017415911	-0.118507385	0.008373755	0.0	86.8771903514862
207	-36.343395	9.959927	-21.595697	-53.7552	25.73913	-34.623974	0.07512071	-34.25597	-34.639412	124800	2.9802323e-09	102.21784	-0.019071506	-3.1494446	0.009849984	0.0	87.22789740562439
208	-32.966244	8.4779005	-18.21408	-50.46621	25.695652	-36.098743	0.07707275	-35.721172	-36.114574	125400	7.708867e-08	80.20396	-0.014500113	-8.91053	0.007728463	0.0	87.58169603347778
209	-34.53021	9.134389	-20.818249	-58.769314	25.826086	-33.64357	0.07308222	-33.28555	-33.65859	126000	2.8212865e-08	83.84888	-0.014857457	-0.72953796	0.0069515095	1.0	87.93992757797241
210	-34.629364	9.152472	-19.748505	-58.525856	25.52174	-34.331398	0.07376932	-33.97001	-34.346554	126600	-1.2199084e-07	81.745926	-0.020371657	-0.08888245	0.0077573084	0.0	88.52398371696472
211	-37.012814	10.919608	-19.103577	-69.85854	25.47826	-34.593586	0.0737911	-34.232094	-34.60875	127200	-5.761782e-09	122.135635	-0.02053418	-5.345375	0.0062082116	3.0	88.87904119491577
212	-35.962498	9.152014	-21.271538	-65.541176	25.73913	-36.572212	0.07618131	-36.199013	-36.587864	127800	2.7020773e-08	82.092224	-0.022642562	-0.39764404	0.009645995	0.0	89.22781682014465
213	-34.329945	8.585457	-19.645754	-53.26708	25.565218	-36.04282	0.07496216	-35.675587	-36.058216	128400	-3.3775965e-08	75.68741	-0.013890669	-3.030571	0.006868163	0.0	89.5671923160553
214	-36.806183	8.875948	-20.350166	-53.991486	25.47826	-34.51637	0.072291985	-34.162216	-34.53122	129000	-3.0994414e-08	81.85605	-0.014705659	-4.596466	0.007243188	1.0	89.9380829334259
215	-35.29334	11.851097	-19.488216	-72.96638	25.869566	-36.387184	0.07435405	-36.02293	-36.402454	129600	-1.4901161e-08	141.46754	-0.010133466	-1.2082367	0.0069799027	1.0	90.29384231567383
216	-32.94733	9.671102	-19.305805	-52.318996	25.52174	-35.42591	0.07255248	-35.070484	-35.440815	130200	9.338061e-08	97.71006	-0.012076995	-5.8814545	0.0054485546	0.0	90.65565180778503
217	-33.93281	8.603306	-22.185259	-54.354996	25.52174	-33.263264	0.069092974	-32.924786	-33.277462	130800	-4.8478444e-08	72.081345	-0.014548156	-0.37677765	0.007015655	0.0	91.0237340927124
218	-37.562374	9.033825	-24.179558	-61.84518	25.913044	-33.802616	0.06939646	-33.462654	-33.81688	131400	-4.887581e-08	96.353294	-0.014554742	-13.943748	0.008902467	0.0	91.3741021156311
219	-32.79816	9.401934	-20.13023	-57.507618	25.652174	-37.116627	0.07329403	-36.75757	-37.13168	132000	1.090765e-07	105.57061	-0.010801841	-17.295326	0.008117489	0.0	91.73520374298096
220	-35.42339	6.6058044	-22.5306	-48.58088	25.47826	-33.547794	0.06856433	-33.211906	-33.561886	132600	-1.4702479e-08	46.420486	-0.020061031	-3.2408028	0.009388975	0.0	92.32873201370239
221	-32.010345	7.4987264	-20.137766	-46.04851	25.695652	-35.07448	0.06994568	-34.731823	-35.08885	133200	1.1086464e-07	64.75011	-0.028611079	-8.875706	0.008205101	0.0	92.68235111236572
222	-32.008556	8.5553465	-19.630259	-46.465023	25.695652	-32.523254	0.06639937	-32.197975	-32.536907	133800	2.3047129e-08	72.55194	-0.015167667	-0.2974167	0.008940661	0.0	93.04306674003601
223	-35.018364	7.958579	-21.437286	-52.68399	25.695652	-32.0263	0.06527513	-31.706524	-32.03972	134400	6.556511e-08	71.28168	-0.0054656593	-8.516613	0.009280196	0.0	93.38254761695862
224	-35.231857	12.502008	-19.314049	-68.70342	25.47826	-34.561382	0.06784837	-34.229004	-34.575325	135000	-6.477038e-08	154.60492	-0.019424265	-0.49726868	0.008936589	0.0	93.74561929702759
225	-39.57718	8.96334	-20.109158	-55.803772	25.608696	-35.200695	0.06811698	-34.866993	-35.214684	135600	-4.3114028e-08	97.777054	-0.01624296	-17.784195	0.007414791	0.0	94.10895681381226
226	-36.440685	9.2686205	-23.762978	-52.951767	25.347826	-38.83942	0.0708932	-38.492123	-38.853973	136200	-2.6226044e-08	88.98994	-0.017854681	-5.2419815	0.009570987	1.0	94.45543265342712
227	-34.579094	9.90926	-18.594046	-55.513283	25.52174	-36.900566	0.068750195	-36.563766	-36.914684	136800	-2.1457673e-08	101.39887	-0.0123304995	-5.0091324	0.007957703	0.0	94.80260062217712
228	-33.985905	8.807819	-18.875948	-46.264835	25.73913	-34.949783	0.066455305	-34.62423	-34.96344	137400	-6.7551933e-09	77.45944	-0.013324696	-0.84635925	0.006945583	1.0	95.15892624855042
229	-33.71294	7.8192806	-22.270922	-49.332333	25.47826	-34.131275	0.06514765	-33.812126	-34.144665	138000	1.7881394e-08	59.915783	-0.02013602	-0.20264435	0.006787959	1.0	95.52743983268738
230	-35.30203	8.023343	-20.422459	-53.275517	25.391304	-33.727264	0.06414888	-33.41301	-33.74045	138600	1.390775e-09	64.60499	-0.0095804045	-2.0856895	0.0074742856	0.0	96.12995910644531
231	-38.67356	9.742849	-20.685297	-60.502716	25.434782	-35.018253	0.06469401	-34.701324	-35.031544	139200	1.847744e-08	104.9456	-0.0139144445	-12.026863	0.0037357076	0.0	96.48545289039612
232	-35.36312	8.475955	-20.32101	-56.62545	25.52174	-38.099945	0.066408075	-37.774616	-38.113575	139800	2.6226044e-08	77.37058	-0.013697659	-7.2112885	0.008678747	0.0	96.84731483459473
233	-34.05697	8.925068	-19.285648	-50.737568	25.608696	-35.75161	0.0640422	-35.43787	-35.76476	140400	-1.6887983e-08	80.93503	-0.01460246	-2.7648697	0.007150199	1.0	97.21308755874634
234	-31.357136	7.464931	-19.595844	-46.486313	25.434782	-34.258453	0.06223104	-33.95359	-34.27124	141000	-1.7484028e-08	62.285873	-0.010619861	-7.758457	0.00802198	0.0	97.55588412284851
235	-37.41267	13.280248	-19.656387	-65.57657	25.608696	-31.780573	0.059582908	-31.488688	-31.792831	141600	-1.947085e-08	205.04799	-0.014013894	-29.857788	0.006877741	1.0	97.9039876461029
236	-37.137722	9.102898	-18.85722	-52.99408	25.565218	-36.381977	0.0622098	-36.077213	-36.394745	142200	2.5431316e-08	81.635925	-0.016804792	-0.5091171	0.008302855	0.0	98.25567269325256
237	-31.427004	7.9602895	-20.160624	-49.0432	25.565218	-37.032948	0.061907485	-36.729668	-37.045654	142800	-1.7484028e-08	92.828415	-0.011461318	-28.805588	0.005957749	0.0	98.59744429588318
238	-35.927685	10.706104	-20.350613	-69.92502	25.47826	-32.648952	0.059315678	-32.35837	-32.661148	143400	-3.3775966e-09	123.91771	-0.012149629	-9.864532	0.006773398	1.0	98.94751763343811
239	-34.0965	9.238993	-19.971272	-57.980076	25.52174	-35.127415	0.059838463	-34.834274	-35.139706	144000	-8.742014e-09	84.38721	-0.0062787435	-0.98215485	0.007086002	0.0	99.29349541664124
240	-35.49672	10.244385	-19.77783	-54.09723	25.391304	-34.35509	0.05896182	-34.066246	-34.367207	144600	3.417333e-08	104.182014	-0.011548974	-1.1866074	0.007547702	0.0	99.91047477722168
241	-35.745068	7.2481318	-21.076641	-48.010574	25.608696	-35.242683	0.058683123	-34.955204	-35.254738	145200	-3.5564106e-08	51.924927	-0.015871206	-0.25421524	0.0067519993	0.0	100.26492500305176
242	-35.77659	10.094233	-22.277748	-61.75827	25.52174	-35.67601	0.058263466	-35.390583	-35.687973	145800	1.1324882e-08	99.51577	-0.023361742	-0.0044784546	0.008790729	1.0	100.62222695350647
243	-33.07781	6.625984	-21.432404	-45.36172	25.652174	-35.73616	0.057617906	-35.4539	-35.747993	146400	-2.582868e-09	50.263313	-0.014472493	-6.6005707	0.008281006	1.0	100.97571659088135
244	-36.024025	6.9308944	-25.94934	-52.187782	25.608696	-33.54056	0.0561885	-33.2653	-33.55211	147000	3.3775965e-08	53.273647	-0.023944816	-5.901016	0.008754432	0.0	101.33741235733032
245	-35.37208	9.477996	-19.466358	-52.09264	25.565218	-35.599667	0.056356158	-35.32359	-35.611244	147600	-3.695488e-08	88.161804	-0.010794262	-0.042427063	0.0066102673	1.0	101.69811964035034
246	-34.817028	8.742555	-20.100863	-48.32719	25.695652	-35.439026	0.055728577	-35.16602	-35.450474	148200	2.8610229e-08	76.197014	-0.012711196	-0.46727753	0.007714734	0.0	102.05150318145752
247	-33.146774	7.3458977	-21.086153	-47.086193	25.652174	-34.83577	0.054758567	-34.56751	-34.84701	148800	9.040038e-08	55.519947	-0.014230486	-2.87669	0.008079478	1.0	102.41413426399231
248	-32.41562	5.330299	-20.200047	-38.851837	25.695652	-33.327286	0.05345774	-33.065403	-33.338272	149400	-5.6624412e-08	28.989428	-0.004781963	-0.8693485	0.009465	0.0	102.78842568397522
249	-34.30207	7.9345145	-19.769535	-47.71063	25.47826	-32.481358	0.05239204	-32.224697	-32.49213	150000	-1.0530154e-08	64.62009	-0.024309607	-2.992405	0.008390397	0.0	103.15183973312378
250	-32.084553	8.234256	-18.575163	-46.82791	25.52174	-34.041294	0.05234801	-33.784847	-34.052048	150600	-2.6623407e-08	70.20921	-0.008361369	-3.5840988	0.0073372833	0.0	103.73930954933167
251	-36.686546	12.949711	-20.121641	-84.02241	25.652174	-32.32937	0.05109612	-32.079056	-32.339874	151200	1.0331472e-07	189.80037	-0.021109592	-19.133636	0.009523504	0.0	104.10446691513062
252	-36.638985	9.111648	-20.511604	-58.65049	25.565218	-36.186398	0.051780898	-35.93273	-36.19703	151800	2.8212865e-08	80.97349	-0.012453364	-0.123435974	0.005052781	0.0	104.46510529518127
253	-34.81711	7.9117866	-23.545355	-54.15974	25.52174	-36.525356	0.051077966	-36.27513	-36.53584	152400	-9.139379e-08	63.57616	-0.015150948	-2.8728905	0.0067016324	1.0	104.81579613685608
254	-33.327793	8.052314	-19.578922	-48.21248	25.608696	-35.003605	0.050135374	-34.757996	-35.013897	153000	-2.3543835e-08	66.16113	-0.014891855	-2.801941	0.005133751	2.0	105.18551564216614
255	-37.102486	11.077809	-22.435572	-64.13691	25.52174	-33.48048	0.049099855	-33.239944	-33.490566	153600	-2.5232634e-08	131.34125	-0.014790915	-11.895401	0.007521374	0.0	105.55428147315979
256	-33.494663	8.838669	-19.73294	-54.381	25.73913	-36.556458	0.048762012	-36.31758	-36.566467	154200	-3.4968057e-08	86.43282	-0.018939842	-9.05204	0.008635092	0.0	105.92058849334717
257	-35.284348	9.020376	-21.938429	-55.274967	25.608696	-33.91064	0.04791126	-33.67593	-33.920483	154800	8.940697e-08	81.07779	-0.011262126	-1.5315399	0.009464015	0.0	106.25588393211365
258	-33.702038	6.5825086	-20.975657	-45.9798	25.652174	-34.997387	0.047209725	-34.766106	-35.007072	155400	-2.3841858e-08	44.36913	-0.008056418	-1.683033	0.008476467	0.0	106.60033941268921
259	-36.198627	9.119611	-18.958128	-58.447582	26.0	-33.83547	0.046418216	-33.60807	-33.845	156000	-9.9738436e-08	89.09609	-0.013782109	-5.5868073	0.009450614	0.0	106.96894335746765
260	-35.417465	7.331131	-21.777178	-52.839428	25.608696	-35.961937	0.04612228	-35.73599	-35.9714	156600	1.4305114e-08	53.621128	-0.0112091	-0.24039078	0.0088435495	0.0	107.56154036521912
261	-36.509846	9.47097	-20.759315	-53.753788	25.608696	-35.525448	0.04565107	-35.301804	-35.534813	157200	-3.218651e-08	88.386734	-0.008893525	-0.76994324	0.00709188	1.0	107.90434694290161
262	-35.348217	10.054398	-20.750858	-59.848347	25.73913	-36.332848	0.04493405	-36.112717	-36.342064	157800	1.5298525e-08	100.54681	-0.019484732	-1.0424347	0.008471865	0.0	108.26293516159058
263	-38.386982	10.735183	-19.318441	-64.335915	25.652174	-35.384132	0.044157036	-35.167812	-35.393196	158400	1.6291937e-08	122.98099	-0.012692918	-8.270958	0.007208354	0.0	108.60909533500671
264	-38.227146	9.50135	-23.73259	-62.386734	25.565218	-38.046772	0.043465655	-37.833836	-38.055687	159000	-1.5497207e-08	87.93781	-0.017266134	-0.038490295	0.008745576	0.0	108.95980310440063
265	-38.565243	10.638926	-22.216553	-68.169464	25.652174	-38.23995	0.042950816	-38.029537	-38.248756	159600	-2.9206277e-08	112.58643	-0.014530283	-0.119781494	0.006415787	0.0	109.3109073638916
266	-37.56297	7.8306475	-21.097351	-51.924397	25.782608	-38.567833	0.04246061	-38.35982	-38.576538	160200	-7.490317e-08	61.602684	-0.013467215	-1.0843697	0.005890452	0.0	109.66290736198425
267	-34.085384	8.5170555	-21.462994	-52.762962	25.782608	-37.573746	0.041790545	-37.36902	-37.582317	160800	-5.165736e-09	83.73354	-0.014816492	-12.139931	0.0067707016	0.0	110.02535891532898
268	-33.69946	9.041491	-21.221191	-53.05447	25.826086	-34.289955	0.041061	-34.088802	-34.298386	161400	1.5894572e-09	80.24945	-0.011424949	-0.4054947	0.00668681	1.0	110.4281210899353
269	-34.72661	9.673497	-21.996862	-62.674393	25.826086	-33.67711	0.04031633	-33.479603	-33.685387	162000	1.6887983e-08	94.00526	-0.015756125	-1.1400528	0.0069324197	1.0	110.78855586051941
270	-33.752525	8.878273	-20.657724	-52.317772	25.652174	-34.69813	0.039925326	-34.502537	-34.70632	162600	-8.424123e-08	78.22977	-0.018049432	-0.904541	0.006383779	0.0	111.44602108001709
271	-32.82718	7.3834896	-21.556026	-51.16419	25.826086	-33.782246	0.039295465	-33.58974	-33.790314	163200	-2.503395e-08	54.537148	-0.008494991	-0.9180336	0.008684238	0.0	111.81215381622314
272	-33.881916	9.995126	-20.105906	-54.662273	25.608696	-32.84922	0.038605794	-32.6601	-32.857155	163800	3.3775965e-08	100.05173	-0.013180418	-1.1025467	0.0055835787	0.0	112.16418886184692
273	-34.202496	8.2414	-19.737907	-48.930946	25.608696	-33.876076	0.03828056	-33.688538	-33.88393	164400	-2.7815501e-08	66.70508	-0.0070268163	-0.06820679	0.0076763146	0.0	112.50731706619263
274	-35.179718	9.258687	-20.708838	-51.636395	25.782608	-34.134468	0.03765604	-33.949993	-34.142197	165000	7.2022277e-09	86.41137	-0.019480255	-1.0106125	0.008212027	0.0	112.92592406272888
275	-33.213947	8.848331	-18.973524	-54.219223	25.47826	-35.132202	0.037165552	-34.950127	-35.139824	165600	4.9273172e-08	79.86092	-0.0062011178	-3.5569305	0.007667779	0.0	113.29655051231384
276	-33.62556	9.0099745	-20.067602	-57.28214	25.652174	-33.259895	0.03646878	-33.081238	-33.267384	166200	5.4836274e-08	80.070625	-0.01706826	-0.17567444	0.009756676	0.0	113.66467118263245
277	-33.064266	7.71321	-19.367233	-46.992794	25.695652	-33.67799	0.036146726	-33.50091	-33.685413	166800	-3.317992e-08	59.1369	-0.024291113	-0.339283	0.008065519	0.0	114.03842353820801
278	-39.016	10.083767	-24.341803	-69.2476	25.73913	-33.093082	0.035629105	-32.918537	-33.1004	167400	-6.000201e-08	130.43932	-0.013431102	-32.605736	0.007055059	0.0	114.39389514923096
279	-36.632347	9.881044	-20.267979	-53.576344	25.695652	-38.525806	0.034323584	-38.357662	-38.532845	168000	-1.2318293e-08	99.856514	-0.019419871	-3.5638428	0.0071850554	0.0	114.76537847518921
280	-33.48778	8.940522	-19.103367	-51.958252	25.47826	-36.750046	0.03417352	-36.58263	-36.75705	168600	1.5099843e-08	88.4816	-0.014703467	-10.462158	0.0064896853	1.0	115.38195848464966
281	-34.37456	10.446948	-19.817827	-57.830067	25.608696	-33.714012	0.034213047	-33.546402	-33.72103	169200	-1.11262e-08	108.225296	-0.0054897466	-0.4818573	0.0069045513	0.0	115.71948909759521
282	-36.387245	7.6503897	-21.681067	-48.601807	25.608696	-34.361145	0.033726133	-34.195927	-34.36807	169800	-2.9404958e-08	61.703594	-0.014685237	-3.9116554	0.00877246	0.0	116.07718014717102
283	-32.7803	9.044238	-21.666525	-52.63342	25.565218	-36.23694	0.032903545	-36.075752	-36.24369	170400	-2.5232634e-08	91.8717	-0.022757249	-10.839279	0.008898994	0.0	116.42794370651245
284	-37.106247	9.174423	-22.065006	-54.610596	25.956522	-33.162117	0.033415757	-32.998417	-33.16898	171000	1.001358e-07	98.21085	-0.025057953	-14.655548	0.009814226	0.0	116.80312466621399
285	-38.921616	9.174964	-23.99176	-57.546295	25.782608	-36.65286	0.03187186	-36.496716	-36.659386	171600	6.7551933e-09	89.16388	-0.012718421	-4.9533386	0.008025049	0.0	117.17568325996399
286	-36.77334	8.843996	-21.072842	-58.14926	25.652174	-38.70349	0.030827682	-38.55247	-38.70981	172200	-2.9206277e-08	79.98778	-0.009589516	-3.4551773	0.009012264	1.0	117.53072142601013
287	-37.5913	10.014903	-22.966501	-57.58135	25.608696	-37.00549	0.031107295	-36.853092	-37.01186	172800	-6.318092e-08	98.844894	-0.013324477	-0.37693787	0.008236898	0.0	117.90383243560791
288	-33.86997	9.155355	-21.85558	-50.547184	25.695652	-37.56799	0.030624617	-37.41796	-37.574265	173400	-1.1920929e-08	96.0456	-0.018874189	-13.231117	0.008450105	0.0	118.27912402153015
289	-35.5749	9.457987	-21.31214	-58.533867	25.782608	-34.24679	0.03139207	-34.093006	-34.253235	174000	8.861224e-08	89.92043	-0.018295756	-1.6418839	0.0088822385	0.0	118.61879825592041
290	-37.898434	9.02646	-23.915005	-55.95464	25.652174	-35.409103	0.030497396	-35.259697	-35.415356	174600	-2.026558e-08	86.87327	-0.016603129	-5.8239746	0.006831383	0.0	119.33768701553345
291	-33.736797	10.75602	-23.165836	-72.445175	25.608696	-37.632767	0.029264463	-37.489403	-37.638763	175200	-1.4354785e-08	125.12	-0.014585546	-14.993385	0.00995862	0.0	119.72013115882874
292	-35.32636	7.6624966	-23.105288	-49.742077	25.608696	-34.15597	0.030161055	-34.008213	-34.16216	175800	-1.3510387e-08	58.704536	-0.018340193	-1.3160515	0.0074020633	1.0	120.09429907798767
293	-34.052338	8.2539015	-21.282131	-55.30759	25.913044	-35.176018	0.02933599	-35.032303	-35.182034	176400	-3.536542e-08	68.932655	-0.014380661	-1.191864	0.0065001175	2.0	120.4327347278595
294	-35.047325	8.787862	-23.809305	-58.134773	26.0	-34.183155	0.029374886	-34.03925	-34.189182	177000	2.2550424e-08	77.75385	-0.014733696	-0.7265701	0.009498078	0.0	120.77817869186401
295	-33.85029	9.901845	-20.759138	-53.191917	25.826086	-34.967113	0.028716229	-34.826435	-34.973003	177600	-8.046627e-09	99.30382	-0.019013414	-1.0804443	0.00737635	1.0	121.11903715133667
296	-34.516064	10.845909	-19.559256	-62.686123	25.782608	-33.99916	0.028820684	-33.85797	-34.005077	178200	2.1855036e-09	116.73294	-0.0066968943	-0.19879913	0.006871968	0.0	121.48858261108398
297	-35.02833	7.743023	-21.505816	-53.76573	25.913044	-34.417248	0.028158985	-34.279297	-34.423023	178800	-2.3841857e-09	59.96168	-0.016362343	-0.34146118	0.007116918	0.0	121.84217882156372
298	-38.269833	12.58635	-20.87739	-68.63856	25.869566	-34.97611	0.027562248	-34.841084	-34.981762	179400	4.3710074e-08	165.80005	-0.027810505	-9.891556	0.008718213	1.0	122.19258761405945
299	-36.1379	10.709556	-20.476654	-66.861244	25.956522	-37.950428	0.02604036	-37.82286	-37.955765	180000	-4.45048e-08	119.06466	-0.011656449	-3.034256	0.0063452134	0.0	122.53929829597473
300	-37.104313	9.606532	-22.289307	-61.03345	25.826086	-36.307682	0.02634247	-36.17863	-36.31308	180600	-1.1920929e-09	90.69686	-0.020876572	-0.55514526	0.007235807	1.0	123.16799664497375
301	-32.350216	8.2157	-19.263042	-52.10867	25.869566	-37.015873	0.025711257	-36.88991	-37.021137	181200	-4.708767e-08	88.17	-0.017421486	-21.274399	0.0087934	0.0	123.5211546421051
302	-40.25248	8.617886	-23.178474	-56.4665	25.47826	-32.7547	0.026893785	-32.622955	-32.76023	181800	-2.682209e-08	125.83489	-0.0018179789	-50.282066	0.00638323	0.0	123.90659546852112
303	-35.565613	7.357176	-23.012094	-49.26103	25.434782	-38.689987	0.023479125	-38.574966	-38.694794	182400	-3.437201e-08	62.578358	-0.016744107	-9.013233	0.008583948	0.0	124.28449749946594
304	-35.06799	8.102372	-19.79616	-51.23807	25.565218	-36.294304	0.02705118	-36.153236	-36.300755	183000	-3.576279e-08	65.339424	-0.005086677	-1.3462601	0.007306018	1.0	124.65484523773193
305	-33.96402	8.2044	-22.413961	-51.23839	25.73913	-35.308647	0.09720856	-33.709866	-35.322258	183600	-4.708767e-08	68.36582	-0.029143466	-1.3644714	0.007224064	1.0	125.00686407089233
306	-36.246952	7.3883314	-21.76818	-51.646244	25.782608	-34.209507	0.61227864	-31.496758	-34.472923	184200	-8.861224e-08	59.05513	-0.010632098	-4.7968826	0.007087539	0.0	125.36304759979248
307	-36.158955	9.559428	-20.30737	-52.814472	25.47826	-35.990246	0.024783863	-35.86895	-35.99549	184800	2.1060307e-08	89.124626	-0.02031098	-0.027175903	0.009514887	0.0	125.72381615638733
308	-38.8437	12.208962	-22.571756	-66.12629	25.695652	-36.14666	0.02450573	-36.026684	-36.151794	185400	6.834666e-08	153.20976	-0.026724596	-6.6609344	0.007367484	1.0	126.0829963684082
309	-33.438263	10.177341	-19.66037	-54.9265	25.869566	-38.376617	0.023283638	-38.26259	-38.38147	186000	1.0331472e-08	125.470116	-0.017558677	-22.846497	0.0096604405	0.0	126.42574334144592
310	-32.500355	8.681685	-23.41257	-56.79413	25.73913	-34.39571	0.02484287	-34.274113	-34.400944	186600	-8.106232e-08	78.24388	-0.020665713	-3.283699	0.009255603	0.0	127.09888482093811
311	-36.599686	8.985028	-23.75868	-61.05849	25.913044	-32.83413	0.025411153	-32.70974	-32.839474	187200	-7.828077e-08	95.64819	-0.009897988	-13.8025055	0.008104334	0.0	127.43450212478638
312	-35.77313	7.730654	-23.343502	-48.202866	25.434782	-35.902447	0.02372754	-35.78627	-35.907425	187800	1.9868215e-10	58.221817	-0.006920789	-0.022857666	0.007066447	1.0	127.79809927940369
313	-35.232662	10.69692	-22.92567	-62.58737	25.52174	-35.804947	0.023533097	-35.689735	-35.80989	188400	6.2783556e-08	113.71407	-0.013424871	-0.22731781	0.007381503	0.0	128.1574366092682
314	-34.564972	10.069595	-21.892029	-58.55373	25.695652	-35.397266	0.023736069	-35.281845	-35.402542	189000	7.761022e-08	101.12891	-0.019149922	-0.58049774	0.007467551	0.0	128.51241850852966
315	-29.688707	7.366554	-20.621033	-44.626274	25.869566	-34.737038	0.023791749	-34.62053	-34.74201	189600	1.1920929e-08	79.137276	-0.012426221	-24.004498	0.0067040394	1.0	128.86849927902222
316	-37.939754	9.456069	-22.277077	-60.168373	25.565218	-30.62242	0.02563745	-30.496883	-30.627815	190200	-3.8246313e-08	140.61855	-0.014823208	-48.576775	0.008215603	0.0	129.21428227424622
317	-33.192432	7.7994304	-21.962046	-46.88019	25.782608	-35.973663	0.02250186	-35.86346	-35.978363	190800	-5.9604645e-08	67.839806	-0.010551746	-6.3153	0.009562551	0.0	129.5633864402771
318	-33.334026	7.0197906	-23.30284	-47.556705	25.565218	-34.143078	0.023375483	-34.028633	-34.147995	191400	4.9273172e-08	49.358723	-0.020955412	-0.5076294	0.0072952993	0.0	129.91781306266785
319	-36.07288	9.783871	-22.94018	-55.511955	25.695652	-33.55472	0.023607964	-33.439144	-33.55967	192000	1.9868216e-08	99.9912	-0.014146932	-5.4610596	0.008617002	0.0	130.27085971832275
320	-32.87347	9.199562	-19.582916	-55.953747	25.608696	-35.37004	0.02243483	-35.260212	-35.374744	192600	6.1591464e-08	89.114204	-0.017898612	-5.4237366	0.0076071396	0.0	130.93601965904236
321	-39.510258	7.170904	-28.795668	-52.473186	25.565218	-33.571743	0.023168689	-33.458282	-33.57658	193200	-1.5497207e-08	84.83834	-0.02069124	-31.21415	0.008139734	0.0	131.2830810546875
322	-33.254833	7.4910536	-22.314995	-52.87775	25.782608	-37.770187	0.020951595	-37.667587	-37.77458	193800	1.11262e-08	76.144165	-0.018645253	-18.223919	0.007987227	1.0	131.6587221622467
323	-34.247383	7.2502227	-22.697426	-45.47831	25.782608	-34.694817	0.02219178	-34.58614	-34.69945	194400	9.139379e-09	52.190506	-0.016216015	-0.13230133	0.00901299	0.0	132.03403973579407
324	-35.600674	8.5614395	-21.665136	-49.774334	25.826086	-34.35359	0.022278719	-34.244495	-34.358253	195000	-5.5631002e-08	73.56346	-0.015363359	-1.4613419	0.009641004	0.0	132.38893008232117
325	-34.063667	9.666293	-20.555885	-55.512524	25.782608	-35.26741	0.021711163	-35.161118	-35.27198	195600	-1.09275184e-08	93.62427	-0.013711732	-1.2381744	0.007659353	0.0	132.75534510612488
326	-33.60996	7.643299	-20.458506	-48.429207	25.52174	-34.427387	0.022707777	-34.289635	-34.432247	196200	-3.2782555e-08	57.691093	-0.011123162	-0.59235764	0.0074904496	0.0	133.10699915885925
327	-34.544407	8.815194	-19.784555	-49.787792	25.652174	-33.81279	0.02232601	-33.704346	-33.817757	196800	2.8610229e-08	76.81858	-0.013757245	-0.5393524	0.0065596257	1.0	133.4425985813141
328	-35.265858	8.356209	-20.466072	-53.159737	25.782608	-34.30682	0.2379575	-32.43645	-34.348083	197400	-2.4636586e-08	70.060585	-0.019115252	-0.99489594	0.008653686	0.0	133.7945487499237
329	-32.853817	6.460205	-21.272251	-42.918835	25.52174	-35.100117	0.021461213	-34.99614	-35.10493	198000	-6.576379e-08	45.7629	-0.020122102	-4.5333557	0.009747314	0.0	134.15330028533936
330	-35.192913	9.070032	-21.869661	-53.98177	25.782608	-33.375187	0.022947183	-33.26849	-33.380745	198600	4.5647223e-08	84.32918	-0.013405356	-3.136818	0.006912481	1.0	134.80456709861755
331	-34.72439	7.863883	-19.737736	-50.443054	25.782608	-34.808014	0.021133669	-34.704582	-34.812515	199200	6.9141386e-08	61.16969	-0.022369668	-0.008934021	0.0077419947	0.0	135.15538787841797
332	-35.893986	10.578063	-20.2551	-53.556976	25.826086	-34.7489	0.021028614	-34.646362	-34.753544	199800	1.3391177e-07	112.752396	-0.010444716	-1.5423813	0.0064365044	1.0	135.51339149475098
333	-36.70691	7.6828814	-19.889065	-46.170376	25.826086	-35.796726	0.020565847	-35.696075	-35.801086	200400	-2.0662943e-08	59.283306	-0.006791204	-0.84064865	0.00903781	0.0	135.8840160369873
334	-36.702843	9.152855	-23.58749	-67.71647	25.652174	-36.59233	0.020143248	-36.493736	-36.59661	201000	1.6291937e-08	82.84711	-0.029476112	-0.01876831	0.0071252813	1.0	136.22097253799438
335	-32.939465	6.415392	-18.80231	-47.54211	25.52174	-36.71662	0.020006388	-36.618942	-36.721027	201600	9.23872e-08	54.338463	-0.02785149	-13.158138	0.008513475	0.0	136.57271361351013
336	-32.539257	9.420562	-20.667467	-52.842064	25.52174	-33.556007	0.27608752	-31.85269	-33.609486	202200	-2.8610229e-08	88.23344	-0.018153459	-1.1456375	0.007516017	0.0	136.9344985485077
337	-36.444305	7.613228	-20.48626	-48.411987	25.913044	-32.65749	0.025102055	-32.55137	-32.663734	202800	1.0331472e-07	71.84366	-0.01707155	-13.688984	0.00696478	1.0	137.2987778186798
338	-33.099884	7.856819	-19.660246	-50.233093	25.782608	-35.827053	0.020690834	-35.73052	-35.831974	203400	5.5631e-09	67.95227	-0.019625297	-7.3032227	0.0070138583	1.0	137.6668665409088
339	-35.56533	9.697045	-21.34699	-54.68457	25.956522	-33.55021	0.24867438	-31.581741	-33.597008	204000	1.7722448e-07	96.89355	-0.014857889	-4.2944717	0.007856369	0.0	138.01012706756592
340	-37.30021	8.46795	-22.288395	-53.070927	25.869566	-35.288708	0.019912781	-35.191177	-35.292862	204600	-3.2782555e-08	75.352554	-0.009620081	-4.073105	0.009158107	0.0	138.66876196861267
341	-33.92439	7.8635206	-19.016857	-49.699127	26.086956	-37.047493	0.018770855	-36.953503	-37.05134	205200	-5.5829684e-08	71.163666	-0.017406255	-10.006023	0.0077342684	1.0	139.02060294151306
342	-32.51218	6.431895	-24.132774	-47.26353	25.869566	-34.34576	0.02001592	-34.24773	-34.349953	205800	-2.9802323e-09	44.122677	-0.012871531	-3.2710495	0.008184134	0.0	139.37941479682922
343	-33.698814	7.1939015	-22.475063	-44.777683	25.73913	-32.76013	0.020620503	-32.659893	-32.76451	206400	2.4636586e-08	51.882023	-0.020807907	-0.95768356	0.0075681433	1.0	139.7221372127533
344	-36.367584	9.814025	-20.662502	-57.816223	26.043478	-33.6031	0.020407446	-33.50548	-33.60783	207000	4.0928523e-08	102.684555	-0.03220535	-7.3577957	0.009070913	0.0	140.08157682418823
345	-33.750183	8.806923	-21.082703	-56.153645	25.782608	-35.98159	0.018898506	-35.88902	-35.985516	207600	-2.1457673e-08	81.931	-0.025174828	-4.6211395	0.0074086282	1.0	140.4448857307434
346	-32.03811	8.396014	-19.959646	-51.2988	25.869566	-34.11403	0.019524083	-34.018394	-34.118084	208200	3.039837e-08	74.01944	-0.018675536	-4.218399	0.0077194977	1.0	140.8127818107605
347	-33.817795	7.642309	-23.134808	-51.44292	25.47826	-32.289925	0.020065153	-32.19165	-32.294106	208800	-5.9405963e-08	59.191353	-0.020084716	-2.1432533	0.009945187	0.0	141.16318273544312
348	-35.261463	6.811338	-22.983753	-46.54543	25.608696	-33.579826	0.019263677	-33.485466	-33.583824	209400	-5.00679e-08	48.158066	-0.020757964	-2.5184555	0.008136325	0.0	141.5221860408783
349	-35.87362	9.718239	-19.957872	-50.159973	25.826086	-35.011086	0.018459637	-34.92067	-35.014927	210000	-4.688899e-08	94.33821	-0.017061885	-0.58841705	0.0065203276	0.0	141.8518660068512
350	-33.293495	8.152995	-21.801863	-53.2859	25.782608	-35.71449	0.017935734	-35.626637	-35.718224	210600	-2.78155e-09	71.75688	-0.013401454	-5.732506	0.0075892275	0.0	142.5141146183014
351	-34.480858	8.647784	-23.095581	-53.11387	25.695652	-33.54224	0.018455973	-33.451855	-33.546112	211200	1.2318293e-08	74.38929	-0.014255437	-0.8531189	0.009858887	0.0	142.86093473434448
352	-33.372116	7.350861	-22.956076	-45.293022	25.782608	-34.37921	0.017994191	-34.291084	-34.38298	211800	-5.086263e-08	54.133335	-0.012655097	-1.1197548	0.008823051	0.0	143.2092640399933
353	-35.832394	7.6141834	-22.216623	-51.29942	25.782608	-33.402695	0.018036883	-33.31435	-33.406452	212400	9.4572705e-08	63.239166	-0.020039741	-5.758339	0.008569693	0.0	143.54565334320068
354	-37.52298	10.984227	-20.720474	-60.658825	25.956522	-35.621967	0.017189207	-35.53777	-35.62554	213000	-7.947286e-09	125.42798	-0.013352469	-3.959694	0.009247028	0.0	143.89204835891724
355	-36.247757	8.582644	-20.814	-58.78915	25.695652	-37.476463	0.07085437	-35.791176	-37.48279	213600	-4.7286353e-08	73.9991	-0.007377278	-1.6023407	0.005856928	0.0	144.24066495895386
356	-34.702843	8.192715	-22.436022	-54.881287	25.782608	-36.317833	0.016681565	-36.236107	-36.32124	214200	-4.793207e-08	68.417946	-0.015109118	-2.6022186	0.0071425415	1.0	144.5915834903717
357	-34.358368	7.6891384	-21.873175	-48.069466	25.608696	-34.794235	0.016926855	-34.711315	-34.797703	214800	1.2348096e-07	58.242115	-0.015742738	-0.21996689	0.008368924	0.0	144.954674243927
358	-38.11895	10.451212	-21.21722	-59.788143	25.347826	-34.34408	0.016824167	-34.261658	-34.34752	215400	1.001358e-07	121.841774	-0.013602002	-14.068443	0.008794782	0.0	145.2992901802063
359	-33.359406	8.659936	-20.766245	-50.741825	25.73913	-37.848846	0.015701735	-37.771927	-37.85206	216000	4.3710074e-08	93.443474	-0.011504402	-18.827194	0.0073662996	0.0	145.65993094444275
360	-33.301903	7.120269	-23.73904	-50.162613	25.73913	-33.934006	0.016929522	-33.85107	-33.93747	216600	5.2054723e-08	50.253586	-0.011409267	-0.40348053	0.00538929	0.0	146.3170609474182
361	-37.76836	11.410815	-21.013937	-70.57702	25.826086	-33.334835	0.016962957	-33.25173	-33.338303	217200	-6.680687e-08	152.63402	-0.015401315	-20.252045	0.0070793373	1.0	146.67815256118774
362	-32.909504	8.432891	-18.929174	-51.472645	25.652174	-37.321217	0.015624737	-37.244675	-37.324413	217800	-9.934108e-09	88.44534	-0.0220754	-17.907013	0.009220959	0.0	147.02480578422546
363	-34.34997	8.360027	-18.613882	-50.394676	25.73913	-33.708775	0.016973054	-33.625633	-33.712257	218400	1.5894572e-09	69.61092	-0.01762186	-0.3909607	0.007917112	0.0	147.37621212005615
364	-34.862957	8.468397	-19.034834	-50.16177	25.695652	-34.22011	0.016620798	-34.138687	-34.22351	219000	-1.3510387e-08	71.405594	-0.011376524	-0.36201477	0.009767483	0.0	147.73161816596985
365	-35.62415	10.26444	-20.721844	-53.58794	25.913044	-34.754723	0.016246412	-34.67513	-34.75804	219600	3.6557516e-08	105.148895	-0.015633693	-0.82847595	0.0083991205	0.0	148.09977173805237
366	-35.194035	10.898614	-18.898989	-55.11806	25.73913	-35.56837	0.01590117	-35.49047	-35.57162	220200	1.66893e-08	117.49878	-0.021184228	-0.10397339	0.009203281	0.0	148.45724296569824
367	-36.90228	9.315584	-21.704258	-56.57431	25.73913	-35.281773	0.015951226	-35.203625	-35.28503	220800	1.3113022e-08	87.74715	-0.01943686	-2.3078232	0.0095213875	0.0	148.79749202728271
368	-32.98941	8.357668	-21.388826	-53.42285	25.565218	-36.663258	0.015264462	-36.588474	-36.666374	221400	-1.9868216e-09	81.738045	-0.010221618	-12.96302	0.009524835	0.0	149.15165376663208
369	-37.655506	8.777173	-22.566439	-55.103676	25.826086	-33.439346	0.016245306	-33.35976	-33.44267	222000	-1.7086665e-08	95.17637	-0.016383365	-18.230148	0.007890042	0.0	149.48414587974548
370	-33.84109	9.435894	-22.077053	-60.995796	25.826086	-37.14307	0.014942403	-37.06987	-37.146126	222600	-7.808208e-08	100.23625	-0.009313004	-10.330818	0.007395393	0.0	150.15979766845703
371	-35.40492	6.971665	-19.918436	-52.604927	25.913044	-34.40739	0.01587202	-34.329628	-34.41063	223200	7.6293944e-08	49.71058	-0.019548014	-1.0148125	0.009237417	0.0	150.52125692367554
372	-33.76305	7.109714	-23.47584	-47.395943	25.652174	-35.257816	0.015458043	-35.182087	-35.260975	223800	-5.165736e-09	51.72634	-0.02213374	-2.0660477	0.009693804	0.0	150.8650360107422
373	-36.45316	8.5577135	-23.497187	-55.38402	26.0	-34.005184	0.015858477	-33.927494	-34.008427	224400	-1.013279e-08	80.2201	-0.018557606	-6.3180923	0.007834509	0.0	151.20595908164978
374	-33.777653	8.63165	-22.054306	-53.15998	26.043478	-36.202404	0.015061231	-36.12862	-36.205482	225000	5.2054723e-08	79.72128	-0.015300549	-5.408394	0.007900192	0.0	151.56373620033264
375	-37.217445	11.089184	-21.593348	-64.53265	25.73913	-34.174862	0.015798172	-34.097466	-34.178093	225600	1.0331472e-08	132.35396	-0.021977704	-9.630104	0.008004756	0.0	151.91908168792725
376	-35.42805	9.196676	-20.924124	-53.729435	25.47826	-36.86657	0.014815264	-36.793987	-36.869595	226200	6.4869724e-08	84.505646	-0.011896443	-1.997078	0.007833829	1.0	152.27063417434692
377	-33.770016	8.129665	-20.639536	-48.177998	25.695652	-35.64581	0.015176347	-35.571457	-35.648907	226800	5.2948792e-08	68.66172	-0.013854779	-3.3905334	0.008274423	0.0	152.63831090927124
378	-31.925049	8.429936	-20.366903	-52.05467	25.782608	-34.00671	0.015681433	-33.929882	-34.00991	227400	1.9073486e-08	74.09395	-0.016188014	-4.2142334	0.0070067644	1.0	153.00058221817017
379	-32.217407	9.322224	-18.644608	-60.183575	26.0	-32.170322	0.016284674	-32.090546	-32.173656	228000	4.967054e-09	88.11468	-0.021900771	-0.008262634	0.007982503	0.0	153.36590790748596
380	-34.395466	9.778404	-20.185968	-48.545044	25.695652	-32.242344	0.016162988	-32.163162	-32.245655	228600	7.7486035e-08	98.87	-0.019653905	-4.362976	0.006460206	1.0	154.0390501022339
381	-34.574963	6.6318026	-26.463404	-51.3875	25.73913	-34.1346	0.0152312955	-34.059982	-34.137714	229200	-2.4835268e-08	43.180637	-0.021444129	-0.12880325	0.009899419	0.0	154.38523864746094
382	-33.920753	6.905265	-24.931873	-50.889175	25.956522	-34.472633	0.014880088	-34.399734	-34.475674	229800	-4.5696893e-08	48.23799	-0.017163701	-0.25673294	0.0066802977	1.0	154.72949028015137
383	-37.49085	9.460556	-23.708216	-53.873356	25.73913	-34.00352	0.014956065	-33.930252	-34.00658	230400	-3.8544336e-08	100.61806	-0.02102182	-11.879044	0.00887482	0.0	155.08978271484375
384	-32.8226	7.40421	-20.543386	-49.504017	25.782608	-37.159367	0.013830889	-37.091606	-37.16219	231000	3.3775965e-08	72.77458	-0.013993101	-18.270638	0.008806472	0.0	155.4327473640442
385	-34.023354	10.143442	-19.840378	-65.830246	25.608696	-33.371662	0.014992063	-33.29822	-33.374733	231600	1.3550122e-07	101.55979	-0.014108649	-0.38869476	0.008594656	0.0	155.79352617263794
386	-36.171276	10.601466	-19.649096	-64.334145	25.869566	-33.90709	0.014629695	-33.83542	-33.91008	232200	1.2318293e-08	116.30892	-0.019195499	-5.2400284	0.0097123245	0.0	156.15856790542603
387	-34.34793	8.629201	-22.701258	-49.736034	25.695652	-35.968872	0.013900384	-35.900772	-35.97171	232800	-1.1920929e-09	75.57674	-0.014455626	-2.4414673	0.0075776456	0.0	156.49540281295776
388	-36.071877	7.0007186	-23.821035	-51.192696	25.695652	-34.5659	0.014320342	-34.495747	-34.56883	233400	-4.2915346e-08	50.427536	-0.017390594	-2.1465302	0.0069380063	1.0	156.85442996025085
389	-35.11106	9.104302	-20.603415	-51.818073	25.782608	-35.89468	0.013749955	-35.82732	-35.89749	234000	-1.2814999e-07	82.74856	-0.013689116	-0.58812714	0.0067050243	1.0	157.1922903060913
390	-38.72573	8.010746	-21.019331	-58.769875	25.695652	-35.1936	0.013874869	-35.125626	-35.196434	234600	2.7020773e-08	76.26436	-0.022930652	-12.3366165	0.009443466	0.0	157.87880539894104
391	-33.087494	8.910505	-21.710798	-56.052067	25.695652	-38.386894	0.012844993	-38.323967	-38.38952	235200	6.357829e-09	105.78921	-0.014433518	-26.354248	0.008056747	0.0	158.23436737060547
392	-36.05023	8.430568	-21.263432	-50.940823	25.608696	-33.93912	0.014301536	-33.869053	-33.94204	235800	-3.8544336e-08	73.82535	-0.01983441	-4.1016235	0.008557774	0.0	158.56791734695435
393	-34.743393	6.879663	-20.591684	-49.043476	25.652174	-35.658764	0.013513598	-35.59257	-35.661537	236400	4.3908756e-08	47.839676	-0.023594275	-0.66945267	0.008263976	0.0	158.91644978523254
394	-35.092026	10.493316	-19.51743	-57.776672	25.608696	-34.95671	0.013753827	-34.88933	-34.959522	237000	-4.912416e-08	108.817215	-0.017508036	-0.023017883	0.0077280356	0.0	159.26901412010193
395	-36.534145	8.209351	-22.68708	-50.99308	25.608696	-35.085964	0.013646179	-35.019115	-35.088757	237600	1.4305114e-08	67.9751	-0.012834159	-1.9254608	0.0072650337	0.0	159.656259059906
396	-35.551945	9.661437	-22.389868	-55.91399	25.52174	-36.333885	0.013099114	-36.269714	-36.336563	238200	1.1722247e-08	91.57079	-0.016106622	-0.63887787	0.006421494	1.0	160.04108834266663
397	-33.269966	8.039723	-21.048044	-52.049488	25.695652	-35.613747	0.013194679	-35.549103	-35.61644	238800	2.2649765e-08	68.59732	-0.010519555	-5.0218964	0.009625249	0.0	160.40591716766357
398	-37.272087	7.935615	-22.130745	-52.91587	25.52174	-33.566444	0.013836625	-33.49866	-33.569275	239400	-1.0530154e-07	75.07757	-0.025675954	-12.770863	0.009087675	0.0	160.77178740501404
399	-37.664467	10.47831	-21.047445	-59.425186	25.565218	-36.765945	0.012680688	-36.704178	-36.76858	240000	3.4471352e-08	108.56533	-0.01466299	-0.73735046	0.009332833	0.0	161.1203808784485
400	-33.518524	7.930313	-22.524078	-54.707386	25.434782	-37.561234	0.012249444	-37.501225	-37.563736	240600	-9.099642e-08	77.648	-0.02075367	-15.437832	0.006740742	1.0	161.8146665096283
401	-37.54518	6.3747373	-24.384441	-46.736	25.652174	-34.070324	0.0132487	-34.00542	-34.073032	241200	1.03910764e-07	51.85308	-0.01627226	-11.2438545	0.008505069	0.0	162.16199588775635
402	-35.811005	8.484037	-22.66779	-55.282387	25.695652	-36.985428	0.0121836625	-36.925747	-36.987923	241800	5.1458677e-08	71.90645	-0.009800964	-1.2000656	0.0076428936	0.0	162.52419018745422
403	-31.444616	7.576376	-19.135689	-47.47822	25.608696	-36.039776	0.012444578	-35.97881	-36.042316	242400	-8.0664954e-08	77.26409	-0.019988323	-20.377556	0.009660886	0.0	162.8952121734619
404	-31.148518	7.0621166	-19.57828	-44.662235	25.782608	-32.144886	0.013619917	-32.07816	-32.147667	243000	6.516775e-08	50.034267	-0.018103957	-1.0594978	0.009117448	0.0	163.27120971679688
405	-37.635258	7.415075	-23.76936	-51.32366	25.826086	-31.221275	0.013776325	-31.15379	-31.224104	243600	4.45048e-08	94.713135	-0.017997451	-38.363167	0.0073732836	1.0	163.64741158485413
406	-35.85804	7.068458	-21.906042	-47.80689	25.73913	-36.285877	0.011950455	-36.22733	-36.288315	244200	5.00679e-08	49.36288	-0.016347194	-0.1264801	0.0064707934	1.0	164.00239205360413
407	-32.825382	7.615213	-20.70289	-52.185837	25.608696	-36.047573	0.012005874	-35.988758	-36.050026	244800	1.4275312e-07	66.759346	-0.011925286	-9.592255	0.007993587	0.0	164.34936237335205
408	-35.285416	7.8352914	-21.183077	-46.02035	25.73913	-33.50477	0.012751874	-33.4423	-33.507374	245400	7.033348e-08	63.471725	-0.014769926	-3.0241928	0.0069647343	0.0	164.70144510269165
409	-35.06805	8.489014	-19.817196	-53.04415	25.52174	-34.909424	0.012242092	-34.84945	-34.911922	246000	1.2159347e-07	70.67774	-0.020274322	-0.019294739	0.0071369535	0.0	165.04736948013306
410	-36.768272	10.314927	-20.558159	-64.435104	25.869566	-35.0444	0.012125447	-34.984997	-35.046875	246600	-2.6027362e-08	109.07999	-0.017772496	-2.9699478	0.0076579633	1.0	165.7202672958374
411	-32.532776	7.517221	-20.782375	-43.73969	25.782608	-36.502304	0.011679953	-36.445084	-36.50469	247200	-2.2649765e-08	71.880035	-0.016749116	-15.371853	0.0068247286	0.0	166.08623456954956
412	-35.32953	8.017064	-22.003008	-48.28874	25.73913	-33.248047	0.012548578	-33.18657	-33.250607	247800	-1.291434e-07	67.483795	-0.014656965	-4.0884323	0.0077287867	0.0	166.44299936294556
413	-33.79918	10.039797	-21.648045	-58.06082	25.695652	-34.90142	0.011933365	-34.84296	-34.90386	248400	-2.026558e-08	100.6761	-0.018979901	-1.1349716	0.008520964	0.0	166.78603744506836
414	-36.398563	9.503434	-20.11083	-56.20386	25.826086	-34.02036	0.012148619	-33.960842	-34.02284	249000	-5.6028366e-08	94.45905	-0.012232803	-5.380417	0.007220908	0.0	167.1428554058075
415	-32.561577	6.462688	-19.179813	-47.249065	25.782608	-35.98009	0.01149681	-35.92377	-35.98244	249600	1.07288365e-08	52.52127	-0.015255044	-11.047039	0.006358852	1.0	167.50800347328186
416	-35.72742	9.301614	-20.591906	-54.240677	25.608696	-33.199837	0.012273422	-33.139713	-33.202347	250200	4.0133795e-08	91.30927	-0.0144125	-5.8761215	0.008585027	0.0	167.88161301612854
417	-34.777523	8.815236	-18.98945	-50.281784	25.608696	-35.21199	0.011540852	-35.155453	-35.214348	250800	-2.5629998e-08	77.350586	-0.01990758	-0.1723404	0.009124401	0.0	168.23931527137756
418	-34.693043	10.932735	-18.874683	-62.852097	25.782608	-34.87849	0.011582744	-34.821747	-34.880856	251400	-1.0550022e-07	120.35237	-0.011073317	-0.0004196167	0.0073177163	0.0	168.62852120399475
419	-32.42385	7.2689295	-22.687683	-52.889584	25.608696	-34.85877	0.011685894	-34.80152	-34.861156	252000	-3.0795732e-08	58.61836	-0.02466832	-5.3738976	0.008822219	0.0	168.986412525177
420	-37.42282	7.8975554	-23.159101	-50.50575	25.695652	-32.841496	0.012322763	-32.781128	-32.844013	252600	4.549821e-08	82.657616	-0.017901545	-19.781048	0.0065591945	1.0	169.73289394378662
421	-34.487606	8.862587	-21.307974	-49.40851	25.565218	-36.596092	0.01108346	-36.54179	-36.59835	253200	5.165736e-08	81.98895	-0.015246452	-4.4062347	0.009346954	0.0	170.09121584892273
422	-32.872818	8.8849945	-21.658382	-56.96079	25.782608	-34.85492	0.011483323	-34.79866	-34.85726	253800	4.251798e-08	81.74519	-0.013935243	-3.6955032	0.009579861	0.0	170.4573860168457
423	-36.131977	8.182995	-20.616014	-54.332497	25.782608	-33.19652	0.011920594	-33.138123	-33.198956	254400	-6.039937e-08	74.73003	-0.01413345	-8.141624	0.0070106047	0.0	170.81247186660767
424	-33.838688	9.833829	-18.39844	-60.247826	25.956522	-35.612343	0.011114762	-35.55789	-35.614613	255000	4.9471854e-08	100.43233	-0.008914363	-2.8407974	0.008717578	0.0	171.15186715126038
425	-34.260517	7.6234984	-19.908806	-44.965126	25.52174	-34.19037	0.011507275	-34.133995	-34.19272	255600	-3.3626954e-08	56.78733	-0.01725587	-0.00016403198	0.0097297905	0.0	171.51020002365112
426	-35.330772	9.12185	-19.706656	-49.085445	25.869566	-34.19393	0.011393621	-34.13811	-34.196255	256200	1.0728836e-07	83.94962	-0.015908916	-1.3469162	0.008179597	0.0	171.87212324142456
427	-32.14511	7.54816	-23.004559	-54.556126	25.695652	-35.21619	0.011083364	-35.161896	-35.218456	256800	-2.3444494e-08	65.28127	-0.018854568	-8.990444	0.009068996	0.0	172.21819424629211
428	-36.679047	8.11054	-22.970076	-54.453	25.913044	-32.595028	0.011793546	-32.537254	-32.59744	257400	-1.2318293e-07	82.15903	-0.01697713	-16.416252	0.009588909	0.0	172.57159090042114
429	-33.726227	5.296835	-26.223604	-45.505787	25.73913	-36.049595	0.010750034	-35.996937	-36.051796	258000	2.8610229e-08	33.014412	-0.011734844	-5.1779346	0.0075302506	0.0	172.9325249195099
430	-33.154114	9.140965	-20.034872	-52.371002	25.52174	-34.132923	0.01124265	-34.077847	-34.13522	258600	2.9404958e-08	82.3198	-0.017365783	-0.93379974	0.0067686336	1.0	173.62424206733704
431	-32.137917	7.8915925	-24.416798	-56.501595	25.73913	-33.277626	0.011419037	-33.221684	-33.279957	259200	1.1523564e-08	62.1409	-0.023952553	-1.3191414	0.009855797	0.0	173.9871780872345
432	-35.457916	8.265814	-19.77876	-55.91788	25.73913	-32.265007	0.011624511	-32.208057	-32.26738	259800	-5.5034956e-08	78.57733	-0.021154948	-10.232933	0.006931011	0.0	174.3290388584137
433	-36.813473	9.232447	-20.11092	-58.898582	25.608696	-35.04556	0.010791143	-34.992695	-35.047764	260400	-5.6823094e-08	86.882034	-0.014886493	-2.897934	0.009621892	0.0	174.6849718093872
434	-36.14981	8.179148	-22.037123	-55.20868	25.695652	-36.559376	0.010320268	-36.508816	-36.56148	261000	1.9073486e-08	66.73935	-0.02123836	-0.13949585	0.009047084	0.0	175.043696641922
435	-33.782337	7.371548	-21.507462	-47.290466	25.608696	-36.236473	0.010371848	-36.18566	-36.23859	261600	8.424123e-08	59.412395	-0.010896401	-5.7586975	0.007816178	0.0	175.40194392204285
436	-33.9303	6.686746	-21.09119	-45.609764	25.73913	-34.095287	0.010893556	-34.04192	-34.09751	262200	-1.7484028e-08	44.08132	-0.028550226	-0.013633728	0.009891117	0.0	175.77324104309082
437	-37.19565	10.076933	-19.21205	-54.167027	25.913044	-33.976948	0.010903275	-33.923534	-33.979176	262800	-1.0629495e-07	112.04634	-0.012995519	-10.449577	0.0065885843	1.0	176.10641956329346
438	-36.49002	10.181803	-22.983545	-58.81019	25.608696	-36.871353	0.010130367	-36.82173	-36.87343	263400	3.33786e-08	102.10731	-0.02122082	-0.076408386	0.0091026565	0.0	176.45319747924805
439	-35.29129	12.139214	-19.164349	-70.4936	25.652174	-36.636818	0.010245422	-36.586624	-36.63891	264000	-6.953875e-10	147.61685	-0.015826993	-1.6222229	0.006401312	1.0	176.79604244232178
440	-35.266243	8.339263	-19.496613	-53.205723	25.565218	-35.470898	0.010556394	-35.41919	-35.47306	264600	7.688999e-08	68.391785	-0.023916854	-0.065727234	0.00690156	1.0	177.4911665916443
441	-35.998257	8.373749	-21.64213	-51.463055	25.782608	-35.228756	0.010500358	-35.177315	-35.2309	265200	-2.1060307e-08	70.00245	-0.020479534	-0.5309677	0.008929169	0.0	177.85579752922058
442	-34.695	10.400591	-20.872147	-59.587772	25.608696	-35.909935	0.010215614	-35.859894	-35.912025	265800	-5.801519e-08	107.39476	-0.023291288	-1.3906784	0.007426378	0.0	178.2141146659851
443	-39.201855	11.04061	-24.606642	-60.668217	25.608696	-34.79891	0.01045177	-34.747707	-34.801044	266400	-4.529953e-08	138.90923	-0.016261289	-18.759697	0.0089523485	0.0	178.54070615768433
444	-32.84769	6.9063063	-22.143667	-43.14575	25.826086	-38.76992	0.009389536	-38.72392	-38.771835	267000	-7.127722e-08	82.66112	-0.016444888	-33.99686	0.008225209	0.0	178.89397192001343
445	-30.846355	6.1150894	-22.597195	-43.73039	25.869566	-33.767155	0.01067824	-33.71484	-33.769333	267600	5.066395e-08	45.576447	-0.012730048	-8.265488	0.0069160205	1.0	179.25198364257812
446	-34.147144	6.619496	-21.486473	-49.55465	25.52174	-31.274109	0.011421095	-31.218155	-31.27644	268200	-1.557668e-07	50.66314	-0.014659054	-7.701172	0.008626171	1.0	179.61142349243164
447	-34.25427	8.787338	-21.56442	-53.602486	25.782608	-33.61261	0.010514562	-33.561104	-33.61476	268800	-6.020069e-08	76.58769	-0.022590658	-0.4021454	0.007121591	1.0	179.95665764808655
448	-33.339176	6.504093	-20.329851	-47.8258	25.826086	-34.180733	0.010297779	-34.130283	-34.182835	269400	1.0331472e-08	42.703945	-0.023386922	-0.7190933	0.008424756	0.0	180.31337237358093
449	-32.63315	8.591764	-18.935986	-50.62687	25.869566	-33.444454	0.010436818	-33.393322	-33.446583	270000	-3.9935113e-08	74.0586	-0.012002122	-0.60847473	0.0057220347	0.0	180.672847032547
450	-34.745407	11.347229	-19.740505	-67.59226	25.782608	-32.749355	0.010595129	-32.69745	-32.75152	270600	-6.11941e-08	134.68375	-0.016521145	-4.057907	0.008733799	0.0	181.39734029769897
451	-34.050964	7.8653936	-22.376926	-48.405415	25.826086	-34.53655	0.010065331	-34.48724	-34.538605	271200	-2.0464261e-08	61.551548	-0.021682264	-0.2937622	0.008286793	0.0	181.7337555885315
452	-35.278107	11.412235	-21.45871	-70.84262	26.0	-34.05947	0.010087757	-34.010056	-34.061535	271800	-1.8278758e-08	133.64688	-0.022679511	-1.5291901	0.0065610697	1.0	182.1023154258728
453	-36.411148	10.427055	-22.338816	-70.17221	25.869566	-35.18107	0.009757382	-35.133263	-35.183056	272400	-4.0332477e-08	111.558174	-0.017837966	-1.726471	0.008224042	0.0	182.46486043930054
454	-36.960125	10.245949	-23.677618	-58.431984	25.782608	-36.392723	0.00950693	-36.34615	-36.394665	273000	-7.927418e-08	104.403824	-0.011869969	-0.35549164	0.006715223	1.0	182.82049870491028
455	-35.69242	6.5478473	-23.821714	-47.19697	25.695652	-36.951134	0.00937166	-36.90522	-36.953045	273600	2.503395e-08	43.49052	-0.022392748	-1.510437	0.009788559	0.0	183.15781807899475
456	-38.175114	10.495787	-24.22168	-62.748096	25.913044	-35.801064	0.0096168155	-35.753952	-35.80303	274200	-1.5894572e-09	116.06016	-0.01052908	-6.379738	0.0077325986	0.0	183.53202033042908
457	-34.972267	8.870104	-23.059994	-53.970413	25.434782	-38.15933	0.009155563	-38.11448	-38.1612	274800	8.6228056e-08	86.501205	-0.0047648232	-9.340225	0.0072275577	0.0	183.90367603302002
458	-34.712772	8.198614	-24.350288	-50.97624	25.826086	-35.33761	0.00995694	-35.28883	-35.33964	275400	1.4503797e-08	66.785515	-0.016345168	-0.35086823	0.008532297	0.0	184.26415276527405
459	-35.623486	7.216648	-24.443464	-49.32292	25.782608	-34.773712	0.01008324	-34.724316	-34.775772	276000	5.165736e-09	52.58617	-0.01622053	-0.707901	0.009795632	0.0	184.63330507278442
460	-34.389606	6.78101	-23.998978	-50.504005	25.73913	-35.566795	0.009790243	-35.518837	-35.568798	276600	-7.90755e-08	47.24413	-0.016288966	-1.3634567	0.008260311	0.0	185.36707043647766
461	-37.4997	8.99095	-24.017916	-53.70003	25.565218	-34.45741	0.010034681	-34.40825	-34.459457	277200	-5.165736e-08	88.263435	-0.009204344	-8.631142	0.009616008	1.0	185.7311305999756
462	-32.505272	8.794656	-21.94584	-54.574635	25.73913	-37.229942	0.009146654	-37.18513	-37.231808	277800	-1.2715658e-08	98.441986	-0.016963128	-21.305489	0.009303595	0.0	186.0964286327362
463	-38.239117	9.492059	-25.147648	-55.253307	25.826086	-33.032215	0.0102723325	-32.98189	-33.034313	278400	2.4437904e-08	116.91828	-0.017749935	-26.634705	0.008960414	0.0	186.46244883537292
464	-33.019283	7.367975	-21.247202	-47.64615	25.652174	-37.486977	0.008979956	-37.442986	-37.48881	279000	-8.9108944e-08	73.29474	-0.012958089	-19.137333	0.008687156	0.0	186.8052463531494
465	-36.351307	8.314916	-23.903004	-60.78367	25.913044	-33.855927	0.009935262	-33.807255	-33.857956	279600	4.8279762e-08	75.7817	-0.0153235765	-6.031227	0.0077916207	0.0	187.1526267528534
466	-33.69865	9.593372	-21.00771	-62.041668	25.782608	-35.867664	0.009303602	-35.822083	-35.86956	280200	6.67572e-08	97.149605	-0.013027922	-4.3038483	0.0084703425	0.0	187.50856232643127
467	-36.54467	11.767635	-19.831867	-68.29738	25.869566	-34.150223	0.009788029	-34.102272	-34.15222	280800	5.7220458e-08	142.81458	-0.021761877	-5.0286407	0.008686261	0.0	187.86418771743774
468	-34.58005	9.92666	-19.516415	-49.1365	25.869566	-36.021145	0.009133918	-35.976395	-36.023006	281400	7.152557e-09	99.92948	-0.017057052	-1.7982864	0.007586398	0.0	188.22174406051636
469	-32.93274	9.387259	-20.445084	-57.3798	25.782608	-34.898766	0.009438158	-34.852524	-34.90069	282000	5.8412553e-08	91.01243	-0.023095917	-3.9992218	0.0074566808	0.0	188.5764012336731
470	-38.309772	11.290829	-24.104708	-63.768253	25.782608	-33.171986	0.009818646	-33.123886	-33.173992	282600	6.536643e-08	155.84892	-0.01412664	-26.476883	0.009531374	0.0	189.29801392555237
471	-31.907269	6.5597315	-21.666876	-45.57825	25.73913	-37.413494	0.008707109	-37.370834	-37.415268	283200	-2.8610229e-08	72.48528	-0.015991116	-27.848194	0.007010848	1.0	189.62715578079224
472	-34.892124	10.128485	-18.622305	-56.298367	25.73913	-33.292694	0.009845558	-33.24446	-33.294704	283800	-3.576279e-08	103.866585	-0.014576616	-1.922081	0.008090375	0.0	190.00340270996094
473	-38.121788	10.332136	-20.888649	-54.430096	26.043478	-34.329384	0.009368672	-34.28348	-34.33129	284400	-2.8411547e-08	120.54055	-0.011349998	-13.310921	0.005194633	0.0	190.3514723777771
474	-35.049534	8.589345	-18.97103	-53.254616	25.608696	-37.22063	0.008553118	-37.178726	-37.222374	285000	5.801519e-08	77.43044	-0.021427976	-4.163452	0.008572235	1.0	190.71258997917175
475	-34.66696	8.951022	-20.501604	-51.969753	25.565218	-35.64738	0.008943326	-35.603565	-35.649204	285600	2.404054e-08	78.95286	-0.011116385	-1.0661774	0.0051595983	0.0	191.07356929779053
476	-35.376957	13.393769	-21.540869	-81.84338	25.652174	-34.79451	0.009077103	-34.750046	-34.796368	286200	2.7418137e-08	177.96559	-0.0102481	-0.32040405	0.007326911	1.0	191.41223239898682
477	-36.763752	8.951144	-20.381966	-55.585823	25.826086	-35.246437	0.008915668	-35.202763	-35.24826	286800	5.761782e-09	81.41977	-0.018580275	-2.0508728	0.00662538	0.0	191.7645230293274
478	-32.61495	7.6048026	-18.822676	-51.608578	25.52174	-36.434475	0.00855832	-36.39255	-36.436226	287400	-2.0861625e-08	70.902565	-0.019747576	-13.407261	0.008964025	0.0	192.11258029937744
479	-36.460316	9.072545	-19.595495	-55.717766	25.869566	-33.45175	0.009305846	-33.406166	-33.453655	288000	4.251798e-08	90.50678	-0.016751021	-8.420349	0.009252688	0.0	192.4753451347351
480	-34.175694	7.132956	-20.593397	-52.92314	25.869566	-35.777676	0.008640579	-35.735344	-35.779438	288600	-1.9868215e-10	53.350372	-0.02593049	-2.2466812	0.008102045	0.0	193.21325874328613
481	-35.63485	8.057971	-19.375925	-49.980507	25.52174	-34.577408	0.008945539	-34.53359	-34.57924	289200	-1.0003646e-07	64.47547	-0.0141999135	-0.89992523	0.008339565	0.0	193.53941416740417
482	-32.83678	7.7422676	-19.894804	-48.637756	25.652174	-35.351273	0.008659267	-35.308853	-35.353043	289800	6.7949294e-08	65.72873	-0.01869425	-6.081417	0.008779543	0.0	193.88769388198853
483	-34.301476	8.077965	-20.636076	-51.324318	25.52174	-33.299145	0.009116752	-33.254482	-33.301006	290400	-3.6557516e-08	64.88332	-0.020512683	-0.8295746	0.009615216	0.0	194.26124715805054
484	-35.780697	6.6609755	-24.495815	-47.990543	25.695652	-34.048496	0.00882447	-34.005264	-34.050297	291000	-7.947286e-09	46.67511	-0.004265161	-2.962616	0.005685843	0.0	194.61563158035278
485	-37.45189	8.803643	-21.036299	-55.232002	25.608696	-35.52772	0.008452951	-35.486305	-35.52944	291600	-6.198883e-08	78.967094	-0.018543115	-3.3781128	0.009674248	0.0	194.96837615966797
486	-34.29298	7.278283	-18.918638	-50.288685	25.652174	-37.124016	0.008046296	-37.0846	-37.12566	292200	2.2649765e-08	60.215324	-0.017926876	-7.7075005	0.0070166574	1.0	195.32797360420227
487	-33.65051	7.782175	-19.323456	-46.9183	25.565218	-34.747147	0.008521722	-34.7054	-34.748886	292800	8.324782e-08	60.53101	-0.017311739	-1.234539	0.009377929	0.0	195.67173981666565
488	-34.241425	8.421484	-21.348087	-52.883793	25.47826	-33.76056	0.0086794505	-33.718037	-33.76233	293400	3.89417e-08	69.45824	-0.010975837	-0.19076538	0.008597514	1.0	196.0330319404602
489	-33.93047	9.791336	-19.790043	-56.11054	25.695652	-34.13975	0.008514976	-34.09804	-34.141495	294000	-1.9868216e-08	95.00719	-0.013131699	-0.043647766	0.009685053	0.0	196.38227677345276
490	-37.281452	7.40202	-24.718258	-54.124397	25.608696	-33.955658	0.0085119745	-33.913963	-33.9574	294600	2.1060307e-08	63.961746	-0.016854396	-10.025471	0.009373709	1.0	197.11914920806885
491	-35.260334	9.357449	-22.094893	-64.570526	25.869566	-36.769943	0.007805594	-36.7317	-36.771534	295200	-1.013279e-08	88.62134	-0.0135160135	-2.110695	0.009555716	0.0	197.4759876728058
492	-37.317448	8.490934	-21.553581	-51.989063	25.826086	-35.48738	0.008041063	-35.44799	-35.489025	295800	8.324782e-08	74.3582	-0.004972868	-3.3256073	0.007218065	0.0	197.8284294605255
493	-35.02893	10.19756	-23.105139	-62.44513	25.52174	-37.12043	0.0077024354	-37.082695	-37.122	296400	-5.980333e-08	105.07291	-0.01788293	-4.145729	0.008933301	0.0	198.18955540657043
494	-37.834843	7.790784	-24.310694	-50.867443	25.782608	-35.290268	0.008048539	-35.25084	-35.291912	297000	2.682209e-08	66.44314	-0.008580249	-6.201355	0.008117839	0.0	198.55698585510254
495	-32.56696	6.480404	-20.433937	-46.311214	25.565218	-37.527485	0.007560405	-37.490448	-37.52903	297600	-1.001358e-07	65.80568	-0.018492492	-23.34016	0.0078185685	1.0	198.92636895179749
496	-33.091698	8.638937	-19.677578	-51.586407	26.0	-33.337257	0.008436504	-33.295925	-33.338978	298200	6.477038e-08	74.27952	-0.016319366	-0.018058777	0.0065060393	1.0	199.28884196281433
497	-32.94004	9.499824	-19.918411	-53.83514	25.52174	-33.183537	0.008509762	-33.141846	-33.185272	298800	7.78834e-08	88.02209	-0.029071184	-0.049179077	0.009271026	0.0	199.63709378242493
498	-33.711025	7.411735	-21.60411	-47.50458	25.52174	-32.98733	0.008542653	-32.94548	-32.989075	299400	9.934108e-10	54.380367	-0.009917223	-0.50837326	0.008682968	0.0	200.00077986717224
499	-34.78556	7.022402	-22.260921	-48.611137	25.782608	-33.62815	0.008346056	-33.58727	-33.62986	300000	6.0598055e-08	50.24373	-0.013674485	-1.3631783	0.008485033	0.0	200.7379596233368
