Epoch	AverageEpRet	StdEpRet	MaxEpRet	MinEpRet	EpLen	AverageVVals	StdVVals	MaxVVals	MinVVals	TotalEnvInteracts	LossPi	LossV	DeltaLossPi	DeltaLossV	KL	BacktrackIters	Time
0	-858.68896	44.323105	-688.42145	-890.20966	4.8898306	0.4313923	0.33784792	1.3340874	-0.18274167	600	1.66893e-07	614961.6	-0.044269633	-6109.0625	0.0095513845	0.0	0.689436674118042
1	-841.0751	68.39245	-609.11066	-889.4787	8.953125	-4.0627728	1.2047805	-0.6504725	-5.086879	1200	-6.635984e-08	543071.4	-0.02333895	-4866.4375	0.0060056183	2.0	1.0721909999847412
2	-853.6646	58.35229	-559.59125	-927.4145	6.818182	-7.191716	2.4292703	-1.3876977	-8.338602	1800	6.0598055e-08	596185.5	-0.038824134	-4431.0625	0.0068682116	0.0	1.44761323928833
3	-831.4784	76.19485	-665.76135	-891.2892	12.297873	-10.711451	2.3287601	-2.8273284	-11.437017	2400	-1.7484028e-08	520302.72	-0.030367743	-3797.9688	0.0085195415	0.0	1.8215723037719727
4	-843.43536	64.640114	-625.3017	-891.2378	9.0	-13.108924	3.115371	-4.3243785	-14.233466	3000	2.0464262e-07	572911.06	-0.02901314	-4158.75	0.0086362045	0.0	2.1879947185516357
5	-827.9151	79.54169	-634.1655	-891.32	10.581819	-16.095287	3.0628421	-6.5493827	-17.083082	3600	1.8239021e-07	498271.3	-0.03741999	-3661.9375	0.0065834927	0.0	2.5499420166015625
6	-836.89716	81.65397	-497.47284	-889.91504	8.081081	-18.405619	3.5889308	-8.910598	-19.77006	4200	8.7022784e-08	490133.53	-0.026115403	-3717.6875	0.0067453417	1.0	2.9188175201416016
7	-828.88104	82.349365	-613.98535	-888.5005	10.818182	-21.420782	3.0645447	-11.869487	-22.408302	4800	-7.828077e-08	497958.94	-0.025180776	-3801.2812	0.008850532	0.0	3.2831528186798096
8	-808.7302	118.50705	-362.5384	-889.91095	10.5	-24.064297	3.0682619	-14.678042	-25.125866	5400	1.056989e-07	385776.44	-0.030139655	-2943.4375	0.007950055	0.0	3.6411468982696533
9	-811.6411	123.23062	-399.7411	-889.87604	9.728813	-26.493425	3.0452163	-17.357859	-27.51085	6000	-7.390976e-08	380684.44	-0.037129838	-2868.5312	0.008156535	0.0	4.003937721252441
10	-810.5356	110.88564	-482.2737	-887.65027	10.321428	-28.95716	2.8351738	-20.206598	-29.878305	6600	-9.059906e-08	397905.84	-0.02834127	-3088.6562	0.00789464	0.0	4.483530521392822
11	-794.66254	126.64989	-442.38602	-887.84454	12.085107	-31.62136	2.5039694	-23.130009	-32.36087	7200	1.1920929e-08	358781.94	-0.03400382	-2796.875	0.007844822	0.0	4.839886903762817
12	-785.9186	156.00948	-215.69821	-889.2757	11.301887	-33.95474	2.54989	-25.858494	-34.766796	7800	1.1603038e-07	359616.38	-0.032468427	-2865.3438	0.008780758	0.0	5.205101728439331
13	-762.2063	190.04779	-129.79736	-890.33	11.755102	-36.49034	2.3416872	-28.723911	-37.197796	8400	-1.1285146e-07	279108.72	-0.024421467	-2152.3125	0.0055618584	1.0	5.567752122879028
14	-785.1271	175.73746	-151.29942	-890.2093	9.375	-38.483654	2.4825816	-31.29918	-39.342594	9000	-6.4969065e-08	291491.34	-0.035379346	-2347.5625	0.006854291	0.0	5.9308388233184814
15	-704.22363	231.38333	-157.79022	-889.406	13.55814	-41.007675	1.9311079	-34.14306	-41.55181	9600	-5.4836274e-08	197674.3	-0.03551278	-1571.1406	0.006829263	0.0	6.2751805782318115
16	-770.8049	189.65762	-249.81741	-889.7442	9.85	-42.718475	2.1416917	-36.352226	-43.440315	10200	-7.192294e-08	260731.73	-0.030896133	-2089.2812	0.0068691554	0.0	6.607177495956421
17	-755.1254	197.93277	-278.95364	-890.1633	10.759259	-44.97332	1.9022087	-38.98542	-45.57818	10800	3.1789145e-09	228634.08	-0.028143117	-1890.9844	0.009454092	0.0	6.971791982650757
18	-728.5782	226.88658	-204.0515	-889.0791	11.538462	-47.129997	1.7401162	-41.481064	-47.666534	11400	3.0994414e-08	205871.81	-0.029828072	-1704.8906	0.007022233	1.0	7.330721855163574
19	-669.5422	251.4504	-145.3536	-888.99426	14.589744	-49.2865	1.4577559	-43.83208	-49.67643	12000	-4.2915346e-08	153883.48	-0.028695004	-1261.9688	0.009177937	0.0	7.687097787857056
20	-687.6421	250.90811	-194.36295	-890.7269	13.311111	-51.019722	1.5019581	-45.807373	-51.452812	12600	5.5631002e-08	154978.94	-0.027457634	-1347.0469	0.0077736555	0.0	8.178049325942993
21	-706.06946	269.44952	-113.761856	-887.52405	10.942307	-52.809372	1.5345395	-47.879547	-53.287712	13200	-6.198883e-08	161316.56	-0.033653572	-1153.3594	0.008185005	0.0	8.526516914367676
22	-602.7481	302.1571	-130.76299	-890.17804	15.324325	-54.683952	1.2403182	-49.914074	-55.006947	13800	6.357829e-09	109877.12	-0.027343966	-796.875	0.0082866615	0.0	8.869128227233887
23	-683.7759	283.12463	-61.351418	-890.5455	10.818182	-56.020912	1.4331403	-51.55712	-56.483315	14400	-5.920728e-08	140251.88	-0.027460681	-1000.9219	0.007894645	0.0	9.205054998397827
24	-544.4161	333.2684	-67.20346	-888.0566	15.972222	-57.82873	1.1142714	-53.48219	-58.114628	15000	5.284945e-08	74445.53	-0.024481647	-487.9297	0.006908949	0.0	9.554499626159668
25	-552.97766	353.48264	-70.70961	-888.6477	14.023809	-58.932343	1.5136063	-40.83302	-59.323063	15600	6.039937e-08	64967.727	-0.025808401	-334.79297	0.007817035	0.0	9.896436929702759
26	-635.91425	342.00128	-20.859816	-889.7635	10.527273	-59.908607	1.2544485	-55.99877	-60.31137	16200	-2.4239222e-08	75925.28	-0.036937524	-340.64062	0.008452487	0.0	10.25914216041565
27	-595.15686	352.89822	-26.575005	-889.3472	11.745098	-60.943203	1.1352214	-57.257942	-61.293236	16800	3.7749608e-08	72564.6	-0.02031637	-319.65625	0.009702095	1.0	10.62337350845337
28	-556.27374	363.91864	-26.404524	-888.24744	12.955556	-61.985313	1.0135329	-58.46798	-62.27756	17400	-3.1789145e-09	59593.008	-0.023048583	-241.22656	0.0067064683	0.0	10.978615760803223
29	-527.4285	378.79712	-27.336912	-888.53955	13.348837	-62.89541	0.9487637	-59.522785	-63.162548	18000	-5.165736e-09	49429.52	-0.02533357	-138.67969	0.005632807	0.0	11.325631856918335
30	-572.45746	369.43942	-33.227734	-889.787	11.959184	-63.55535	0.96440095	-60.356796	-63.84641	18600	6.357829e-09	59224.36	-0.019994207	-191.28125	0.008621733	0.0	11.800923585891724
31	-528.8502	372.0646	-39.2965	-889.84015	13.4651165	-64.39794	0.86438036	-61.325275	-64.6413	19200	3.6557516e-08	53316.66	-0.018582013	-177.92578	0.0073751793	1.0	12.150134563446045
32	-535.1197	363.03598	-39.432724	-887.64355	13.976191	-65.21671	0.82115924	-62.26128	-65.445045	19800	1.1920929e-08	53090.69	-0.02129033	-248.17969	0.008219793	0.0	12.500523090362549
33	-507.1045	383.9136	-42.516865	-889.79877	14.4	-66.20283	0.7744634	-63.34316	-66.412766	20400	-1.9073486e-08	41148.9	-0.032511648	-126.77734	0.0069380603	0.0	12.857578039169312
34	-437.46313	382.60287	-19.951136	-889.40643	16.222221	-66.95173	0.71243966	-64.172646	-67.13447	21000	-1.1523564e-08	33881.355	-0.020587362	-84.42969	0.008729885	0.0	13.197624683380127
35	-516.2648	390.6169	-22.284584	-888.09796	12.933333	-67.50881	0.76659113	-64.848465	-67.72987	21600	2.1060307e-08	46518.402	-0.008342108	-92.08594	0.0051696445	4.0	13.56323528289795
36	-531.31335	391.17932	-28.046835	-887.8044	12.204082	-68.10908	0.7632195	-65.57777	-68.33933	22200	3.774961e-09	58119.715	-0.02508849	-93.734375	0.008759598	0.0	13.916535377502441
37	-504.80392	401.06998	-22.424112	-888.5227	13.25	-68.762955	0.6919392	-66.332954	-68.9601	22800	-5.5631e-09	38013.656	-0.029667474	-47.253906	0.006022708	0.0	14.2770836353302
38	-485.7992	398.72736	-26.553757	-887.8813	13.761905	-69.228424	0.6480999	-66.89584	-69.408554	23400	-1.1920929e-09	38715.766	-0.022384865	-49.30078	0.008261418	0.0	14.64711046218872
39	-424.1	399.3135	-29.465542	-888.583	15.657895	-69.71663	0.595548	-67.45789	-69.87378	24000	3.4968057e-08	30499.613	-0.02372715	-27.060547	0.00603979	0.0	14.999506950378418
40	-470.06744	401.02188	-21.388971	-890.7796	14.45	-70.07251	0.59078217	-67.89108	-70.232635	24600	-3.4968057e-08	36478.24	-0.022537269	-46.179688	0.00654054	1.0	15.50541377067566
41	-417.88095	394.49677	-32.674175	-888.97845	15.763158	-70.55556	0.5575334	-68.441	-70.70261	25200	-1.0331472e-08	32737.414	-0.01978539	-30.06836	0.008868456	0.0	15.860183954238892
42	-475.61694	407.16522	-25.256647	-889.4914	13.809524	-70.943016	0.5659441	-68.90613	-71.10037	25800	-1.66893e-08	40120.414	-0.027496843	-25.789062	0.008647881	0.0	16.216129779815674
43	-450.6099	384.34113	-38.210213	-888.5438	15.864865	-71.31945	0.5138396	-69.34337	-71.4531	26400	-4.7683717e-08	31494.396	-0.020350121	-92.86328	0.008745354	0.0	16.577521562576294
44	-356.8052	378.48184	-22.935764	-886.4785	18.181818	-72.064156	0.467487	-70.12637	-72.17697	27000	7.947286e-10	24205.588	-0.01528283	-26.810547	0.008178329	0.0	16.92791175842285
45	-346.14566	389.06796	-26.09859	-887.71173	17.939394	-72.49036	0.46419367	-70.59641	-72.60418	27600	-3.2981237e-08	22412.01	-0.018968655	-3.8144531	0.009053727	0.0	17.271610736846924
46	-574.6775	375.16504	-28.386042	-889.2765	10.924528	-72.53858	0.9232455	-54.59781	-72.74557	28200	-3.6160152e-08	66071.336	-0.014590497	-188.03125	0.008648729	0.0	17.629801750183105
47	-430.94818	403.77863	-22.409088	-888.52277	15.358974	-73.66167	0.46349183	-71.927444	-73.78559	28800	-1.11262e-08	31313.7	-0.022333313	-22.826172	0.008882543	0.0	17.997838020324707
48	-465.45895	401.74854	-24.890762	-889.9557	13.953488	-74.082085	0.46212456	-72.41886	-74.21053	29400	-1.2715658e-08	41316.516	-0.021641595	-36.26172	0.008849899	0.0	18.360705137252808
49	-512.5631	394.88278	-24.812937	-888.818	12.652174	-74.55767	0.46301594	-72.96946	-74.69271	30000	3.0199686e-08	48737.547	-0.03148026	-82.33203	0.00835111	0.0	18.72972273826599
50	-458.05997	401.45062	-25.717852	-887.6531	14.4	-75.339806	0.4160373	-73.80361	-75.45252	30600	1.3510387e-08	38063.96	-0.023726167	-36.535156	0.008763042	0.0	19.24396824836731
51	-365.51556	390.895	-23.356531	-888.6418	17.382353	-75.89664	0.3726952	-74.399216	-75.98944	31200	-7.947286e-09	26666.824	-0.027409876	-11.253906	0.007703934	0.0	19.600169897079468
52	-257.28305	344.72482	-25.656225	-880.70605	20.964285	-76.21651	0.33266515	-74.74036	-76.29149	31800	1.5894573e-08	16193.884	-0.014179443	-0.9375	0.0092100995	0.0	19.958468437194824
53	-417.1887	397.66458	-25.323544	-887.5253	15.763158	-76.27373	0.37678978	-74.84468	-76.37314	32400	-1.4305114e-08	31006.66	-0.020843867	-19.523438	0.0080090035	0.0	20.311139345169067
54	-295.0833	367.70627	-16.881178	-885.51843	19.7	-76.67629	0.3284439	-75.26916	-76.75299	33000	1.5099843e-08	17830.818	-0.022805728	-0.7792969	0.0079322625	0.0	20.67457675933838
55	-420.76428	403.40396	-23.811396	-889.3724	15.307693	-76.716644	0.36267033	-75.35965	-76.81359	33600	1.11262e-08	36277.684	-0.022286996	-13.4921875	0.008538604	0.0	21.030781745910645
56	-400.8353	390.4436	-20.681162	-886.95984	15.945946	-77.039566	0.3425676	-75.722145	-77.128654	34200	2.3841857e-09	34542.61	-0.03342045	-31.800781	0.008473948	0.0	21.378163814544678
57	-293.1021	363.8961	-22.765247	-886.44135	19.433332	-77.60375	0.30244046	-76.30802	-77.67437	34800	1.66893e-08	19571.688	-0.02080781	-1.5	0.008825851	0.0	21.728540420532227
58	-362.48102	386.24722	-21.503698	-888.26044	18.0	-77.73021	0.30542323	-76.4642	-77.80392	35400	-1.2715658e-08	23417.693	-0.021944659	-11.638672	0.0075819446	0.0	22.07747173309326
59	-381.25345	390.37668	-19.728662	-870.932	16.911764	-78.05682	0.3068989	-76.82375	-78.13322	36000	8.742014e-09	29776.287	-0.019403158	-13.484375	0.009913951	0.0	22.42995309829712
60	-436.56384	391.809	-25.81134	-876.88043	15.342105	-78.42634	0.31424475	-77.23451	-78.50923	36600	-1.0530154e-08	36879.48	-0.025228664	-56.726562	0.0072529824	0.0	22.92881417274475
61	-302.85205	366.32907	-29.9779	-887.7833	19.9	-79.2344	0.27337074	-78.06321	-79.29822	37200	-1.768271e-08	16870.514	-0.021436026	-3.0527344	0.00989292	0.0	23.268048763275146
62	-449.39032	394.52792	-32.105446	-887.8334	15.076923	-79.43597	0.30164447	-78.30732	-79.5166	37800	3.0795732e-08	36378.54	-0.012624043	-54.253906	0.0089454055	0.0	23.61638116836548
63	-363.06036	380.61096	-26.738504	-879.5942	18.125	-80.23817	0.26651627	-79.13342	-80.30248	38400	5.2253405e-08	27180.37	-0.014568953	-31.611328	0.009465263	0.0	23.9644033908844
64	-297.99466	366.52792	-24.62946	-886.0335	19.566668	-80.90291	0.2528316	-79.81972	-80.96194	39000	3.1789145e-09	18198.525	-0.022298362	-0.6855469	0.007995099	0.0	24.312970399856567
65	-351.06516	379.2973	-24.494904	-890.7837	18.151516	-80.98918	0.25850418	-79.93445	-81.052536	39600	-4.7683715e-09	23692.654	-0.01447742	-12.019531	0.009227683	0.0	24.6592435836792
66	-487.96484	395.34766	-28.08207	-887.69415	13.651163	-81.35485	0.28444493	-80.34372	-81.43488	40200	2.3841858e-08	44706.477	-0.014800454	-97.47656	0.009067739	0.0	25.006340503692627
67	-297.10526	362.4918	-24.974855	-876.70013	19.833334	-82.53606	0.23165202	-81.543594	-82.590126	40800	6.357829e-09	19050.307	-0.015654506	-1.2675781	0.009562178	0.0	25.357536792755127
68	-358.45352	383.58676	-28.753214	-885.4499	18.0	-82.72435	0.23299867	-81.758545	-82.78056	41400	1.1920929e-08	22455.877	-0.009686472	-5.3671875	0.0065277284	1.0	25.720075368881226
69	-273.3743	358.33838	-23.058062	-877.04517	20.344828	-82.990746	0.21695384	-82.045074	-83.04055	42000	-1.1920929e-08	17154.256	-0.022239728	-4.1992188	0.009507631	0.0	26.06827998161316
70	-398.31415	389.89597	-30.92736	-872.9776	16.685715	-82.75593	0.23096463	-81.84174	-82.81429	42600	-4.7683715e-09	31982.78	-0.016142642	-26.466797	0.007953211	0.0	26.562699556350708
71	-343.31238	381.6362	-28.05305	-880.4512	18.774193	-83.37999	0.21217453	-82.48608	-83.43035	43200	4.7683715e-09	22960.193	-0.01019063	-5.345703	0.0097949635	0.0	26.916197299957275
72	-444.86557	397.92606	-31.628199	-883.4641	15.205129	-83.68848	0.22946131	-82.82991	-83.74981	43800	1.2715658e-08	39138.645	-0.0097422935	-46.585938	0.009108698	0.0	27.274857759475708
73	-371.46622	383.50745	-21.160088	-888.02966	17.69697	-84.58816	0.20480534	-83.75253	-84.63836	44400	1.11262e-08	27564.344	-0.013777315	-19.578125	0.008718821	0.0	27.62614154815674
74	-484.4717	393.50644	-20.744528	-885.7004	14.02439	-85.20913	0.21963464	-84.40856	-85.26939	45000	-1.4305114e-08	44479.668	-0.012480048	-100.67578	0.0069293096	1.0	27.98941731452942
75	-416.89444	387.677	-26.678726	-870.01874	16.583334	-86.59327	0.19884297	-85.81762	-86.64426	45600	-4.45048e-08	34205.707	-0.010441395	-71.16016	0.0077788876	0.0	28.344815492630005
76	-367.00983	381.13782	-27.959013	-886.3934	18.3125	-87.83334	0.18274334	-87.07586	-87.87744	46200	-1.7484028e-08	24953.07	-0.010084714	-27.175781	0.009528705	0.0	28.69212818145752
77	-354.57684	383.88742	-26.54482	-853.33875	18.0	-88.623085	0.17823845	-87.88428	-88.6661	46800	-7.947286e-10	24536.2	-0.009305617	-1.4316406	0.0077104536	0.0	29.04417586326599
78	-284.45874	357.38812	-31.370022	-854.6087	20.535715	-88.79921	0.16275929	-88.077	-88.8359	47400	5.5631e-09	16701.5	-0.0077273753	-4.7109375	0.008913137	0.0	29.415668725967407
79	-338.00827	383.127	-26.647245	-878.2927	18.483871	-88.49589	0.16628134	-87.795334	-88.53536	48000	5.5631e-09	23072.74	-0.018902017	-1.6464844	0.009537824	0.0	29.787050008773804
80	-420.9763	399.64548	-26.49355	-885.47473	15.918919	-88.31261	0.17484924	-87.64018	-88.358086	48600	2.3047129e-08	33910.18	-0.014936318	-9.597656	0.007918891	0.0	30.320732593536377
81	-360.13	378.15668	-28.454885	-853.73444	18.3125	-88.74812	0.15724146	-88.096344	-88.786064	49200	5.2054723e-08	25045.54	-0.014085943	-15.138672	0.0090582995	0.0	30.674116611480713
82	-350.0247	385.0502	-19.91649	-864.2924	18.21875	-89.36489	0.15293863	-88.73094	-89.401794	49800	-6.7551933e-09	26301.758	-0.011257431	-0.6582031	0.0069821896	1.0	31.032385110855103
83	-257.5026	346.48206	-28.39378	-876.914	21.071428	-89.35186	0.13927725	-88.73385	-89.383255	50400	-3.973643e-09	15237.868	-0.011354771	-15.358398	0.007568388	1.0	31.381221055984497
84	-390.0391	392.49567	-25.13703	-879.14307	17.470589	-88.71562	0.1481585	-88.120346	-88.75251	51000	1.5099843e-08	29101.9	-0.016686868	-12.734375	0.0064301738	1.0	31.734214067459106
85	-371.3347	388.01477	-32.755085	-873.0787	17.757576	-89.245766	0.14158192	-88.668106	-89.28048	51600	5.9604646e-09	26443.02	-0.015531116	-3.7695312	0.008757815	0.0	32.08746027946472
86	-308.7299	377.20627	-25.549393	-883.9233	19.32258	-89.58143	0.13307291	-89.02078	-89.61302	52200	-9.536743e-09	21233.393	-0.02179871	-21.228516	0.009689067	0.0	32.46497702598572
87	-357.08582	382.77567	-25.00153	-887.45996	17.875	-88.82108	0.1301777	-88.28148	-88.852486	52800	-1.5894572e-09	24369.832	-0.015994694	-2.6425781	0.008628393	0.0	32.82757639884949
88	-293.4571	364.79657	-25.784445	-872.6275	19.8	-89.03023	0.12253631	-88.50525	-89.05883	53400	1.07288365e-08	18942.818	-0.016204378	-11.451172	0.008841206	0.0	33.19332194328308
89	-250.2644	346.14938	-24.533388	-874.78326	21.107143	-88.46154	0.11498196	-87.95133	-88.48746	54000	-2.3841857e-09	16913.229	-0.016892616	-33.873047	0.009087592	0.0	33.548837423324585
90	-398.12146	395.32675	-26.23404	-885.36316	16.514286	-87.37471	0.123393305	-86.88631	-87.40589	54600	1.3510387e-08	30474.69	-0.009832729	-9.957031	0.008273458	0.0	34.060691595077515
91	-397.69455	396.26212	-22.800203	-875.66345	16.685715	-87.872375	0.11908645	-87.40102	-87.902466	55200	2.5431316e-08	30788.58	-0.012618987	-9.980469	0.009311357	0.0	34.41524147987366
92	-338.88654	381.83942	-31.270248	-881.79816	18.483871	-88.48156	0.10855728	-88.02419	-88.507324	55800	-1.5099843e-08	22578.123	-0.022262717	-0.6464844	0.00866196	0.0	34.767786741256714
93	-409.54843	402.07202	-25.858055	-888.1497	16.166666	-88.41367	0.112362534	-87.975365	-88.44248	56400	1.11262e-08	31127.904	-0.020933447	-2.1074219	0.008991124	0.0	35.113985538482666
94	-356.08832	385.31247	-21.88644	-878.84534	18.125	-88.63177	0.102019295	-88.20889	-88.65639	57000	-1.0331472e-08	25669.33	-0.010047041	-2.3203125	0.006642781	1.0	35.465322494506836
95	-357.18024	387.69824	-21.409853	-886.9114	18.15625	-88.91708	0.09871048	-88.50791	-88.940895	57600	0.0	24836.225	-0.010799697	-0.8144531	0.0073999707	0.0	35.817312240600586
96	-400.0924	394.85315	-22.033436	-885.41156	16.657143	-89.0575	0.09943906	-88.6639	-89.08262	58200	-5.3246815e-08	30625.773	-0.018230127	-17.230469	0.008964223	0.0	36.1626980304718
97	-498.75714	397.11652	-23.315306	-877.7822	13.395349	-89.897514	0.10548697	-89.52253	-89.92719	58800	5.5631e-09	49755.215	-0.012509251	-158.5625	0.0095392605	0.0	36.53137755393982
98	-302.48395	377.51178	-20.742432	-870.6719	19.225807	-92.54824	0.08736379	-92.180176	-92.568985	59400	7.549922e-09	22586.799	-0.014903425	-64.45703	0.0065187947	1.0	36.873674392700195
99	-253.87495	344.3601	-25.006054	-852.7593	21.0	-91.03123	0.07947683	-90.67857	-91.04915	60000	-9.536743e-09	15402.503	-0.012037137	-50.0625	0.008984952	0.0	37.21588659286499
100	-330.09567	379.87466	-20.65676	-876.62146	18.5625	-89.43349	0.08141703	-89.096016	-89.45314	60600	1.4305114e-08	23097.154	-0.013858642	-4.6777344	0.0063995137	1.0	37.722153425216675
101	-440.9528	399.16156	-28.007837	-877.6214	14.794871	-88.89314	0.08595241	-88.57153	-88.916115	61200	-2.3841857e-09	38173.094	-0.010855571	-39.01953	0.006833362	1.0	38.09005784988403
102	-378.30133	389.58136	-27.435131	-887.9231	16.914286	-90.21479	0.07875495	-89.903076	-90.234695	61800	2.582868e-09	27941.035	-0.008973014	-9.642578	0.00702835	0.0	38.44917821884155
103	-325.9303	377.92874	-26.961514	-870.19214	18.5	-90.97119	0.073059276	-90.66835	-90.988815	62400	-1.2715658e-08	23827.787	-0.01100156	-9.525391	0.008849822	0.0	38.81775379180908
104	-277.53696	352.0599	-31.807964	-876.91364	20.344828	-90.32333	0.06718458	-90.03049	-90.33875	63000	1.4305114e-08	17603.156	-0.018693948	-11.095703	0.009645289	0.0	39.16504430770874
105	-327.65094	380.1754	-21.550516	-876.81024	18.59375	-89.52026	0.06806227	-89.23814	-89.53668	63600	-2.880891e-08	23255.19	-0.014385401	-10.972656	0.0064274906	1.0	39.511149883270264
106	-383.3621	399.02042	-20.85796	-886.7743	16.527779	-88.71166	0.06905791	-88.442276	-88.72936	64200	1.6490619e-08	30160.293	-0.0064144577	-2.7558594	0.0071469815	1.0	39.8558828830719
107	-353.5223	393.3213	-25.085505	-886.029	17.529411	-88.30516	0.0642253	-88.04711	-88.321144	64800	-9.536743e-09	27536.92	-0.01441409	-17.039062	0.006482337	1.0	40.2069776058197
108	-511.17502	394.51718	-25.41408	-879.5381	12.765958	-87.29198	0.07014148	-87.051384	-87.31243	65400	1.09275184e-08	55804.535	-0.019505117	-316.30078	0.009369904	0.0	40.559810638427734
109	-309.21658	376.23325	-22.890211	-879.21686	19.32258	-91.44796	0.05699854	-91.207825	-91.461494	66000	-2.8610229e-08	22405.95	-0.010495308	-23.794922	0.009134409	0.0	40.924495220184326
110	-437.9369	402.71902	-22.85259	-878.8856	15.076923	-90.52044	0.060609788	-90.29367	-90.53665	66600	5.5631e-09	39595.375	-0.012149012	-12.6875	0.0097591765	0.0	41.44188666343689
111	-453.02618	400.8171	-34.329334	-874.77454	14.775	-91.26966	0.05874121	-91.05276	-91.28557	67200	1.7484028e-08	41269.59	-0.015898542	-60.402344	0.009561717	0.0	41.8018217086792
112	-200.0318	317.17535	-27.685642	-854.54193	22.5	-93.19094	0.0465417	-92.97654	-93.20105	67800	1.5894572e-09	11834.286	-0.012662162	-211.71582	0.00822195	0.0	42.14374399185181
113	-309.18265	378.21912	-28.580654	-889.7619	19.161291	-89.832436	0.047857955	-89.6308	-89.84379	68400	7.152557e-09	20390.637	-0.011586057	-58.335938	0.008459684	0.0	42.496593713760376
114	-290.13757	371.02805	-19.69982	-887.5881	19.766666	-87.81403	0.04496198	-87.62141	-87.82453	69000	-3.5762786e-09	18609.004	-0.024176989	-62.384766	0.009127993	0.0	42.85393452644348
115	-397.84665	400.17154	-22.751064	-883.08496	16.62857	-85.831955	0.04604687	-85.6497	-85.84359	69600	-7.152557e-09	30284.744	-0.018145468	-5.6171875	0.0083051985	0.0	43.20874762535095
116	-393.2108	396.998	-26.753822	-882.973	16.62857	-86.29822	0.044476084	-86.12217	-86.309456	70200	7.152557e-09	29711.434	-0.01017819	-3.2929688	0.007850617	0.0	43.555174827575684
117	-349.40988	385.9947	-27.446058	-852.46185	17.96875	-86.77102	0.041177336	-86.60033	-86.780945	70800	7.947286e-10	25526.717	-0.013257856	-0.5410156	0.009298394	0.0	43.91691255569458
118	-323.66443	382.03738	-23.386478	-882.2624	18.71875	-86.63724	0.039766476	-86.4724	-86.64683	71400	2.026558e-08	23086.047	-0.008300698	-21.90625	0.007894892	0.0	44.264564514160156
119	-336.07175	386.81195	-21.242058	-876.2359	18.151516	-85.429985	0.03859513	-85.27252	-85.43945	72000	2.4636586e-08	27070.434	-0.014074136	-11.541016	0.0063882573	1.0	44.60993719100952
120	-325.65533	382.07306	-24.310892	-877.2155	18.375	-84.47898	0.03646177	-84.32785	-84.487785	72600	1.39077505e-08	23314.37	-0.016580718	-7.3710938	0.0077949446	0.0	45.13533878326416
121	-343.25067	381.34567	-26.834698	-851.17413	17.878788	-83.71596	0.035571773	-83.57083	-83.724686	73200	3.33786e-08	24523.951	-0.01013866	-2.9277344	0.008812088	0.0	45.49818158149719
122	-353.43118	376.73907	-31.99094	-889.561	17.60606	-84.13069	0.034596108	-83.98954	-84.139175	73800	1.947085e-08	23267.838	-0.010157044	-58.753906	0.0073434236	1.0	45.845314502716064
123	-301.94876	360.29828	-33.96095	-886.6036	19.866667	-86.255066	0.032789316	-86.11459	-86.262726	74400	-5.5631e-09	18446.834	-0.02114928	-4.8222656	0.009542934	0.0	46.20014500617981
124	-384.03134	393.41083	-23.829056	-877.6154	16.666666	-86.98467	0.034525264	-86.84801	-86.993385	75000	-3.1789146e-08	32344.447	-0.016364885	-14.3203125	0.008747948	0.0	46.56136178970337
125	-369.1714	389.1948	-26.692331	-885.7287	17.454546	-88.072556	0.032629285	-87.93942	-88.08055	75600	-7.947286e-10	26384.203	-0.016905705	-4.048828	0.009359717	0.0	46.916281938552856
126	-369.7999	394.33075	-23.322977	-880.67316	17.142857	-88.69936	0.03204838	-88.57061	-88.70735	76200	1.5894572e-09	28982.9	-0.018954152	-2.640625	0.009329133	0.0	47.26883387565613
127	-411.29364	395.8984	-20.609552	-876.927	15.789474	-88.26673	0.03183271	-88.1443	-88.275	76800	3.1789146e-08	34584.85	-0.021072507	-42.78125	0.009231459	0.0	47.61004972457886
128	-371.09283	387.5545	-23.861395	-868.7105	17.484848	-90.174065	0.029378157	-90.05419	-90.18126	77400	-3.1789146e-08	26390.656	-0.010941	-7.3085938	0.008768656	0.0	47.96142029762268
129	-207.18553	314.75882	-21.680168	-877.77295	22.384615	-91.09513	0.02557123	-90.977325	-91.10068	78000	-2.3841857e-09	12284.535	-0.009458325	-138.2334	0.005966394	0.0	48.306211948394775
130	-294.45694	366.8376	-20.563055	-880.6762	19.6	-87.62641	0.025870517	-87.51559	-87.63246	78600	1.1920929e-08	19221.473	-0.012538891	-26.386719	0.009937002	0.0	48.834593296051025
131	-431.859	400.33524	-30.872248	-884.6084	15.157895	-85.8966	0.02757671	-85.792015	-85.90388	79200	1.7484028e-08	37616.363	-0.010500946	-82.24219	0.008158851	0.0	49.181899070739746
132	-325.375	377.7901	-24.508646	-875.8171	18.59375	-88.52393	0.024971835	-88.420425	-88.52996	79800	7.947286e-10	23559.006	-0.020913651	-5.826172	0.009649545	0.0	49.52660775184631
133	-392.92255	400.72247	-22.09373	-880.78326	16.514286	-87.940834	0.024978468	-87.84196	-87.947136	80400	-2.1060307e-08	31339.45	-0.005203578	-0.1328125	0.0069144536	0.0	49.88995575904846
134	-513.856	393.51083	-22.17161	-877.9366	12.733334	-87.91653	0.026806563	-87.82349	-87.92424	81000	-1.7484028e-08	51738.492	-0.005748391	-386.8047	0.00632187	0.0	50.25736618041992
135	-392.80698	398.55386	-22.007477	-878.9607	16.542856	-93.61188	0.023617553	-93.51839	-93.617836	81600	-3.5762786e-09	31169.447	-0.016807592	0.20703125	0.0061260965	0.0	50.62131357192993
136	-495.8936	399.37244	-23.7601	-875.9622	13.266666	-93.66515	0.025241382	-93.57756	-93.67243	82200	-1.6291937e-08	50062.06	-0.008721777	-142.36719	0.006894043	1.0	50.969497203826904
137	-201.25821	314.5298	-19.042301	-853.07367	22.5	-96.97574	0.018957084	-96.88841	-96.97986	82800	3.6557516e-08	12793.731	-0.023534669	-256.08496	0.009429945	0.0	51.316349267959595
138	-279.7801	358.12784	-19.707968	-878.98224	19.931034	-92.852264	0.018744396	-92.77058	-92.85658	83400	2.6822091e-09	17798.201	-0.005629361	-40.35742	0.0064974334	0.0	51.661285400390625
139	-421.02695	396.60214	-18.834156	-877.39526	15.384615	-90.90766	0.020337544	-90.83053	-90.913025	84000	-1.5894572e-09	37500.883	-0.011055239	-34.496094	0.008924767	0.0	52.00562143325806
140	-247.04636	346.79504	-20.668377	-851.069	20.785715	-92.40019	0.017128406	-92.32419	-92.40405	84600	-3.1789145e-09	15521.144	-0.010880385	-149.15039	0.00733653	1.0	52.54769539833069
141	-314.35684	372.44702	-21.583021	-884.9159	18.774193	-89.24639	0.016969794	-89.1749	-89.25042	85200	-7.947286e-09	20469.89	-0.009970479	-10.650391	0.007094361	0.0	52.897263050079346
142	-416.308	399.922	-24.531425	-886.12445	15.333333	-88.17203	0.018128924	-88.10419	-88.176865	85800	1.7086665e-08	37428.227	-0.015475283	-13.8046875	0.009500672	0.0	53.25777769088745
143	-453.40976	398.94113	-19.338425	-885.2184	14.475	-89.13611	0.01765992	-89.07091	-89.1409	86400	1.9073486e-08	41198.625	-0.010690857	-118.77344	0.009175542	0.0	53.6221387386322
144	-396.45166	396.3804	-22.274675	-886.9425	16.37143	-92.15031	0.016219953	-92.0861	-92.1544	87000	3.5762786e-09	30003.477	-0.016696254	-1.8496094	0.0081582405	0.0	53.980287313461304
145	-327.77063	382.7319	-22.246191	-878.3755	18.71875	-92.7066	0.014991339	-92.644455	-92.71021	87600	-1.2715658e-08	23461.914	-0.011932232	-35.984375	0.007957629	1.0	54.336512088775635
146	-430.24423	400.95993	-19.864483	-881.7308	15.526316	-91.05608	0.015428455	-90.99757	-91.06015	88200	-8.34465e-09	36631.094	-0.01850967	-15.628906	0.009492766	0.0	54.68924021720886
147	-406.3468	400.20935	-22.54346	-878.0879	16.0	-92.07214	0.014494674	-92.015594	-92.07585	88800	-2.4636586e-08	32869.504	-0.017372988	-0.58984375	0.009985384	0.0	55.05035614967346
148	-432.03116	401.3018	-21.223003	-886.16296	15.368421	-92.35526	0.014237922	-92.30126	-92.35902	89400	1.2318293e-08	36563.2	-0.011912543	-21.792969	0.009144893	0.0	55.40935254096985
149	-325.6711	381.3772	-22.362995	-884.49	18.6875	-93.71683	0.012709362	-93.66414	-93.71989	90000	1.66893e-08	23142.89	-0.011144471	-57.453125	0.008518822	0.0	55.752230405807495
150	-270.3601	358.0327	-25.188398	-854.7335	20.310345	-91.574455	0.01150483	-91.52431	-91.577095	90600	3.973643e-10	17409.715	-0.01645956	-120.083984	0.00959848	0.0	56.28997588157654
151	-342.46198	381.23773	-28.967686	-851.1502	17.939394	-88.26538	0.011521998	-88.218376	-88.26821	91200	-4.172325e-09	25576.32	-0.013223612	-0.34570312	0.008995315	0.0	56.65338110923767
152	-309.32397	370.9922	-22.376715	-853.207	19.032259	-87.86854	0.010810314	-87.82299	-87.8711	91800	-3.89417e-08	21567.748	-0.010617573	-11.197266	0.009499059	0.0	56.994288206100464
153	-404.98502	395.8141	-22.984068	-849.4015	15.763158	-86.87134	0.01141853	-86.82803	-86.87436	92400	6.357829e-09	35534.0	-0.023299132	-21.226562	0.009493877	0.0	57.342737674713135
154	-457.6792	405.71835	-18.467718	-881.05493	14.170732	-88.20509	0.011482726	-88.16323	-88.20824	93000	1.2516975e-08	43096.246	-0.0123523455	-49.28125	0.0072158203	0.0	57.690699100494385
155	-354.628	395.08548	-20.407059	-879.13824	17.617647	-90.42025	0.010202987	-90.37925	-90.42278	93600	3.1789145e-09	28707.49	-0.016773244	-26.904297	0.008317896	0.0	58.03415584564209
156	-338.3196	390.47412	-23.984743	-884.5545	18.060606	-88.93846	0.009541073	-88.89954	-88.94081	94200	-2.1457673e-08	24573.648	-0.016632646	-68.04492	0.0077959076	1.0	58.403526306152344
157	-340.3847	383.70807	-22.723524	-850.2771	17.969696	-86.306274	0.008982039	-86.26962	-86.30847	94800	0.0	24864.05	-0.013126126	-5.0410156	0.009432631	0.0	58.75365495681763
158	-193.87538	312.6535	-20.904043	-851.07245	22.037037	-85.46768	0.007861048	-85.43215	-85.46942	95400	-4.529953e-08	11865.417	-0.008753235	-226.9082	0.006852287	0.0	59.097421646118164
159	-229.44847	335.11362	-19.914	-888.04224	21.214285	-80.87508	0.0074695447	-80.841934	-80.87676	96000	9.934108e-09	12235.054	-0.018618815	-55.71582	0.008906869	0.0	59.46491360664368
160	-313.06274	370.87653	-25.345118	-872.142	18.483871	-78.40596	0.0074812067	-78.37444	-78.40774	96600	1.7881394e-08	20919.854	-0.019930152	-10.041016	0.009047103	0.0	60.00449872016907
161	-416.57022	392.18655	-18.19537	-887.28613	15.342105	-79.25806	0.008089514	-79.22736	-79.26018	97200	2.8610229e-08	34282.547	-0.0101755	-235.52734	0.008403333	0.0	60.3653621673584
162	-361.39474	382.29794	-26.368061	-849.0822	17.058823	-83.8224	0.0077658026	-83.7912	-83.82433	97800	5.5631e-09	26605.49	-0.010273591	-47.183594	0.009461717	0.0	60.70372533798218
163	-412.62744	401.23984	-23.806517	-852.5186	15.282051	-86.055336	0.008164299	-86.024796	-86.057526	98400	-2.3841857e-09	38491.188	-0.012735573	-13.7421875	0.009903953	0.0	61.04825305938721
164	-443.1841	398.42108	-29.00124	-886.20776	14.463414	-87.23912	0.00807062	-87.2097	-87.24133	99000	7.152557e-09	39404.062	-0.011934027	-113.734375	0.009539397	0.0	61.39747500419617
165	-243.4714	347.17358	-23.307825	-888.2405	20.571428	-90.41556	0.0066383616	-90.3861	-90.41705	99600	1.66893e-08	16309.08	-0.017028308	-166.84375	0.009398607	0.0	61.74327325820923
166	-367.1484	391.80368	-20.334272	-851.08014	16.485714	-86.89365	0.0069105225	-86.8663	-86.89541	100200	-3.1789145e-09	28602.9	-0.009962092	-0.5605469	0.008881657	0.0	62.099430561065674
167	-384.24173	392.37137	-22.258911	-851.6567	16.36111	-86.38915	0.006716988	-86.36295	-86.39088	100800	6.357829e-09	30957.594	-0.013746005	-13.792969	0.009723663	0.0	62.45337224006653
168	-386.11322	392.34796	-25.1208	-885.07776	16.222221	-87.46056	0.006516954	-87.43515	-87.46224	101400	-2.7815501e-08	31397.514	-0.015956711	-25.320312	0.009502603	0.0	62.81961274147034
169	-400.31894	392.3975	-26.882406	-877.7358	16.081081	-88.999115	0.006431242	-88.97437	-89.00078	102000	1.11262e-08	34077.074	-0.015937248	-61.535156	0.009825097	0.0	63.187936544418335
170	-346.7289	383.19925	-20.177952	-878.2732	17.484848	-91.397644	0.005990307	-91.3732	-91.39911	102600	-4.4703485e-09	25165.586	-0.014677175	0.083984375	0.0077175973	0.0	63.747955560684204
171	-325.32233	371.29044	-26.413118	-873.33514	18.030304	-91.44392	0.005783995	-91.42032	-91.445335	103200	2.4239222e-08	22299.477	-0.014689595	-0.072265625	0.009606593	0.0	64.09978652000427
172	-433.5158	393.42767	-23.592737	-851.8343	14.775	-91.50201	0.0061215493	-91.4794	-91.50366	103800	8.34465e-09	38200.47	-0.017874714	-103.578125	0.009385007	0.0	64.46018981933594
173	-370.3155	391.54407	-26.372208	-876.92786	16.828571	-94.61486	0.005643999	-94.59253	-94.616295	104400	-9.536743e-09	28876.166	-0.009408072	-7.703125	0.009447624	0.0	64.80988883972168
174	-384.0576	399.07	-20.015234	-880.45984	16.277779	-93.91596	0.0054396447	-93.894745	-93.91736	105000	-3.0199686e-08	31533.78	-0.011139723	-10.332031	0.008615044	1.0	65.17630648612976
175	-343.6598	382.88522	-25.848238	-868.1256	17.636364	-92.855354	0.004961995	-92.835106	-92.85657	105600	1.5894572e-09	24902.6	-0.0151113765	-11.136719	0.008456941	0.0	65.51903939247131
176	-345.456	382.5218	-29.028288	-881.5712	17.454546	-91.74634	0.004737892	-91.727005	-91.7475	106200	2.7020773e-08	24768.803	-0.015170147	-2.0214844	0.0090019405	0.0	65.8584098815918
177	-343.27722	382.95975	-18.89898	-875.71893	17.484848	-91.2324	0.0045509962	-91.21382	-91.233505	106800	2.8610229e-08	24992.867	-0.018184466	-5.486328	0.009797034	0.0	66.21257257461548
178	-314.99802	363.1628	-25.708925	-889.28687	18.46875	-90.44124	0.0043031313	-90.42341	-90.44228	107400	2.2649765e-08	19558.268	-0.012513018	-8.042969	0.0089932	0.0	66.5775671005249
179	-324.76086	379.57385	-29.154408	-874.9787	18.0625	-91.350975	0.004217922	-91.33349	-91.35199	108000	-1.5894572e-09	22850.98	-0.009496111	-39.333984	0.007760962	1.0	66.94018292427063
180	-386.84534	388.84067	-24.84405	-874.80164	16.055555	-89.28461	0.0042284112	-89.268105	-89.28568	108600	-1.3510387e-08	31014.34	-0.014072818	-40.40625	0.009226439	0.0	67.50209522247314
181	-440.60803	401.14633	-24.575037	-888.58746	14.512196	-91.32473	0.0043935184	-91.30872	-91.32594	109200	-1.7484028e-08	40457.125	-0.013844205	-52.78125	0.0089582335	0.0	67.85777854919434
182	-381.3097	388.56207	-31.968832	-888.91064	16.216217	-93.908165	0.004022857	-93.89248	-93.9092	109800	-9.536743e-09	29401.934	-0.01547977	-10.113281	0.009508034	0.0	68.21601819992065
183	-321.2647	373.99033	-25.397684	-871.68445	18.181818	-95.12302	0.0036943736	-95.107704	-95.12391	110400	1.3510387e-08	22836.143	-0.018909572	-31.267578	0.009318175	0.0	68.56614971160889
184	-366.01837	393.1364	-23.162085	-852.7965	16.62857	-93.2375	0.00364731	-93.22307	-93.23843	111000	-1.4305114e-08	28916.893	-0.011724071	-35.83008	0.009536607	0.0	68.92163419723511
185	-264.63818	351.67047	-25.462906	-875.42316	19.933332	-91.04852	0.0031968816	-91.034836	-91.04928	111600	2.3841857e-09	17971.55	-0.017467787	-100.05078	0.009193954	0.0	69.28348064422607
186	-289.84772	363.7562	-25.625885	-885.2387	19.0	-87.498985	0.003053174	-87.48613	-87.49972	112200	5.165736e-09	18199.91	-0.016323946	-23.302734	0.008942665	0.0	69.64626407623291
187	-310.10846	360.2776	-21.34747	-848.9954	18.46875	-85.657875	0.002962133	-85.64561	-85.65861	112800	7.152557e-09	21618.2	-0.01436246	-30.298828	0.009077528	0.0	70.0056037902832
188	-302.92532	367.32343	-22.233662	-851.6747	18.53125	-87.49611	0.0029447281	-87.483894	-87.49681	113400	6.357829e-09	20642.195	-0.017099703	-9.732422	0.009137993	0.0	70.35211634635925
189	-345.1152	380.53552	-26.014978	-888.80396	17.484848	-86.49971	0.0028681576	-86.48801	-86.50041	114000	4.7683715e-09	24448.156	-0.014094906	-4.4433594	0.0074618426	0.0	70.69067168235779
190	-422.76538	400.39954	-22.75785	-886.43756	14.846154	-87.1909	0.0030183191	-87.17961	-87.19171	114600	-1.8278758e-08	35056.49	-0.021733306	-54.09375	0.008404188	0.0	71.25475358963013
191	-230.8923	322.99777	-24.580675	-850.7023	20.714285	-89.87454	0.0025395076	-89.86328	-89.87512	115200	3.1789145e-09	13028.327	-0.011265385	-44.097656	0.007782482	0.0	71.58422255516052
192	-319.024	373.77164	-25.212723	-849.8305	17.969696	-87.62551	0.0026141752	-87.614845	-87.62615	115800	4.9273172e-08	22658.924	-0.021967873	-5.6914062	0.008377705	0.0	71.92804718017578
193	-353.30615	382.6302	-25.249432	-880.1099	17.028572	-86.624374	0.0025800515	-86.61417	-86.62503	116400	9.536743e-09	26854.645	-0.023116281	-19.671875	0.008082834	0.0	72.28896832466125
194	-388.59634	390.3684	-32.46804	-878.77673	16.027779	-88.21307	0.0025601778	-88.20308	-88.21372	117000	2.22524e-08	30304.607	-0.008012968	-53.78711	0.007821346	0.0	72.65509605407715
195	-383.6887	391.4117	-22.405537	-850.0841	16.11111	-90.98879	0.002527178	-90.97895	-90.989456	117600	3.417333e-08	30355.184	-0.010153011	-4.4765625	0.008484718	0.0	73.00487041473389
196	-393.16788	397.2255	-21.981503	-887.4744	15.7027025	-91.91111	0.002467735	-91.90163	-91.91176	118200	-1.5894572e-09	31611.08	-0.015773343	-3.0664062	0.008290374	0.0	73.3642840385437
197	-240.74782	343.19406	-25.657578	-850.6883	20.413794	-91.282364	0.0020934655	-91.27325	-91.28285	118800	9.536743e-09	15696.122	-0.019037506	-249.42871	0.0065881032	0.0	73.70981240272522
198	-341.3846	388.6599	-25.773941	-851.18134	17.142857	-85.60489	0.0020706493	-85.596565	-85.6054	119400	-3.1789145e-09	27065.79	-0.011841753	-31.3125	0.00869721	0.0	74.06124114990234
199	-328.76215	382.61942	-27.850815	-849.43085	17.617647	-83.37793	0.001950865	-83.3701	-83.378426	120000	1.11262e-08	24905.834	-0.0052004936	-10.894531	0.009162159	0.0	74.42214846611023
200	-140.97954	260.03952	-21.968014	-846.41705	23.44	-82.12953	0.0016155496	-82.12193	-82.12987	120600	2.0662943e-08	7440.5317	-0.012218466	-294.3335	0.007700984	0.0	74.98180437088013
201	-338.3952	386.06055	-20.314922	-882.8368	17.727272	-76.36974	0.0016933957	-76.36283	-76.370155	121200	1.7881394e-08	26019.23	-0.012049381	-3.0976562	0.009580349	1.0	75.33763313293457
202	-389.0052	399.9055	-22.518513	-852.6536	15.837838	-76.72642	0.0017393467	-76.71974	-76.72688	121800	3.973643e-09	33076.535	-0.012209515	-19.601562	0.009221133	0.0	75.69655847549438
203	-275.60077	365.12817	-25.05249	-848.0789	19.35484	-78.2343	0.0015469342	-78.22767	-78.23466	122400	-1.9868216e-09	19149.93	-0.016346095	-47.666016	0.008897399	0.0	76.05110502243042
204	-393.6115	398.50153	-24.288324	-875.73175	16.054054	-76.02572	0.001611083	-76.01952	-76.02614	123000	-1.1920929e-08	32943.887	-0.010889734	-56.01953	0.0090748435	0.0	76.4100821018219
205	-325.06128	381.68073	-21.965578	-879.79584	18.1875	-78.3703	0.0014871454	-78.364136	-78.37066	123600	1.8676122e-08	23213.658	-0.022039613	-1.1054688	0.009464055	0.0	76.76446342468262
206	-290.80838	375.72736	-19.387663	-865.1699	18.6875	-78.88431	0.0014506356	-78.8783	-78.88467	124200	1.11262e-08	21503.617	-0.014321919	-70.95703	0.0093345735	0.0	77.10098671913147
207	-284.12402	369.01678	-22.999157	-851.9926	19.233334	-76.08353	0.0013273899	-76.07784	-76.08384	124800	0.0	19102.062	-0.0077938125	-24.304688	0.008977908	0.0	77.45912075042725
208	-393.8991	402.30814	-19.79564	-887.2158	16.027027	-74.27802	0.0013881056	-74.27269	-74.27839	125400	3.1789146e-08	32834.223	-0.014264572	-45.859375	0.009077328	0.0	77.81444311141968
209	-285.90497	372.05322	-20.697605	-877.5784	19.266666	-76.48201	0.0012412857	-76.4767	-76.48231	126000	3.973643e-10	19524.533	-0.009182829	-21.658203	0.008163932	0.0	78.16373562812805
210	-300.43335	379.17996	-21.572857	-876.01984	18.741936	-75.02524	0.0012085886	-75.02015	-75.02553	126600	1.3510387e-08	21454.264	-0.011402793	-24.927734	0.009524875	0.0	78.7306170463562
211	-275.53647	368.67386	-22.547817	-882.4285	19.32258	-73.22339	0.0011485828	-73.21855	-73.22366	127200	-4.371007e-09	19443.822	-0.0076515395	-33.410156	0.0085513955	0.0	79.10290503501892
212	-213.10808	330.33664	-20.482544	-849.70166	21.25	-71.143074	0.001037409	-71.138466	-71.1433	127800	1.1920929e-08	13013.41	-0.008853319	-79.71094	0.00912407	0.0	79.46085262298584
213	-316.55048	384.4548	-22.747892	-852.5333	18.3125	-67.9744	0.0010401573	-67.970085	-67.974655	128400	-2.22524e-08	23276.39	-0.009328943	0.171875	0.009170354	0.0	79.81048798561096
214	-362.22635	395.7711	-20.041788	-854.9947	16.914286	-67.87249	0.0010508919	-67.86833	-67.87276	129000	9.934108e-09	29215.94	-0.0133998785	-35.458984	0.009875064	0.0	80.16682648658752
215	-347.56573	392.78003	-19.007017	-851.99835	17.147058	-69.97093	0.0010317584	-69.96678	-69.97118	129600	-7.947286e-09	27244.54	-0.015109149	-9.923828	0.009216857	0.0	80.54580402374268
216	-311.01523	380.6872	-21.921402	-873.9837	18.151516	-71.198944	0.0009966323	-71.19488	-71.19919	130200	3.1789145e-09	23347.45	-0.010866837	-0.052734375	0.009916822	0.0	80.89984822273254
217	-134.46924	263.5396	-20.478653	-850.6829	23.24	-71.34304	0.00085281447	-71.339035	-71.34322	130800	-5.5631e-09	7292.1685	-0.013558846	-237.11035	0.008479258	0.0	81.24253058433533
218	-421.89276	407.14105	-19.526817	-879.035	14.9	-66.031364	0.00097021903	-66.02778	-66.031624	131400	-7.3512396e-09	39944.926	-0.009485336	-130.1211	0.009311626	0.0	81.61153388023376
219	-255.027	355.36017	-20.94229	-851.0712	19.8	-69.5059	0.0008528799	-69.502235	-69.50609	132000	2.1457673e-08	17908.959	-0.015790077	-7.373047	0.009203652	0.0	81.97665119171143
220	-330.49045	394.93802	-18.086239	-885.17816	17.787878	-68.80935	0.00086257485	-68.80583	-68.80956	132600	-2.3841857e-09	24828.873	-0.012243397	-7.966797	0.009290288	0.0	82.63423752784729
221	-377.7989	399.25656	-19.481861	-883.96796	16.11111	-67.81409	0.000855223	-67.81075	-67.81431	133200	1.11262e-08	32391.326	-0.011109125	-79.89258	0.009156724	0.0	82.97744011878967
222	-257.72687	355.49136	-23.19119	-849.85236	19.6	-70.71527	0.00078359887	-70.711914	-70.715454	133800	7.8479445e-09	17023.197	-0.010916823	-7.873047	0.00872776	0.0	83.33543872833252
223	-326.03104	383.7062	-19.982521	-876.81445	17.529411	-69.929756	0.000802868	-69.92653	-69.929955	134400	-1.5894572e-09	25957.623	-0.005100648	-13.146484	0.0075681275	1.0	83.68251752853394
224	-291.14633	377.16556	-20.911968	-879.3056	18.59375	-71.08965	0.00076357607	-71.08649	-71.089836	135000	-8.742014e-09	21495.637	-0.014188782	-16.24414	0.008852452	0.0	84.04243803024292
225	-330.125	381.1912	-19.900494	-851.26013	17.617647	-69.78367	0.00074744056	-69.78066	-69.78385	135600	3.7252903e-09	24809.61	-0.009543019	-39.52539	0.007632962	0.0	84.40625667572021
226	-349.62778	386.61426	-19.298264	-881.4018	16.971428	-71.862946	0.0007555512	-71.859955	-71.86314	136200	3.1789145e-09	27220.547	-0.011807173	-94.43945	0.008390853	0.0	84.7572729587555
227	-366.02966	385.10046	-27.445114	-872.87683	16.555555	-75.28123	0.0007689683	-75.27823	-75.281425	136800	5.165736e-09	28803.127	-0.023693427	-158.76758	0.008357989	0.0	85.1154670715332
228	-389.6175	393.8343	-20.895962	-886.0117	15.789474	-79.59959	0.00078428246	-79.59656	-79.59978	137400	3.5762786e-09	31799.2	-0.010841473	-87.853516	0.007708375	0.0	85.46884894371033
229	-312.70453	377.24533	-26.689823	-850.80566	18.151516	-82.83905	0.0007320503	-82.83606	-82.839226	138000	2.3444494e-08	23067.377	-0.0075672455	-16.091797	0.008087263	0.0	85.82081627845764
230	-361.36157	395.2529	-19.928911	-849.6914	16.457144	-81.67554	0.0007139907	-81.6727	-81.675705	138600	-1.5099843e-08	28975.117	-0.010143439	-5.6171875	0.00804817	0.0	86.40868735313416
231	-328.75488	383.7374	-22.279295	-851.944	17.558823	-80.81011	0.00067057885	-80.80741	-80.81027	139200	-7.3264044e-09	25114.12	-0.015714189	-4.28125	0.0075134104	0.0	86.76326847076416
232	-227.7418	323.9462	-22.270548	-848.6568	20.821428	-80.077835	0.00058579043	-80.07523	-80.077965	139800	-1.5894572e-09	13005.038	-0.01321124	-10.581055	0.009281033	0.0	87.123361825943
233	-285.78116	361.46478	-24.293737	-877.71277	18.870968	-78.93035	0.000591443	-78.92786	-78.93049	140400	-1.39077505e-08	18626.873	-0.010235483	0.0078125	0.00848293	0.0	87.46302437782288
234	-315.08398	376.99536	-26.364319	-873.67487	17.90909	-78.84004	0.00058743317	-78.83764	-78.84018	141000	-5.5631e-09	22774.688	-0.0086528305	-0.15429688	0.00982264	0.0	87.82609176635742
235	-279.55237	366.6486	-23.49447	-883.5213	19.0	-78.705536	0.00055372017	-78.7032	-78.705666	141600	-1.2715658e-08	19161.78	-0.010652736	-32.351562	0.008117633	0.0	88.16373586654663
236	-315.80634	373.3571	-25.413109	-878.2985	18.0	-76.652824	0.0005380328	-76.650635	-76.65296	142200	-2.0662943e-08	24206.744	-0.007956329	-17.53711	0.006527517	1.0	88.51728010177612
237	-278.35434	362.69293	-21.18069	-849.61334	19.096775	-78.07184	0.00051262794	-78.06967	-78.07195	142800	5.165736e-09	18975.844	-0.013667094	-21.976562	0.0076815374	0.0	88.86782956123352
238	-415.1276	399.2938	-21.654816	-851.10144	14.871795	-76.43815	0.00054448796	-76.43613	-76.43831	143400	-3.973643e-09	36676.06	-0.011902702	-126.40625	0.008700616	0.0	89.22203159332275
239	-280.4493	362.7301	-19.370243	-851.24664	19.129032	-80.36842	0.0004817196	-80.366394	-80.36854	144000	-1.4305114e-08	18990.734	-0.008597832	-19.501953	0.009142777	0.0	89.57504367828369
240	-314.24304	378.6695	-22.162432	-878.3405	18.060606	-78.99725	0.00047459762	-78.99531	-78.99736	144600	1.0331472e-08	22927.01	-0.014665351	-3.6132812	0.008358425	0.0	90.18803381919861
241	-236.02109	347.40942	-25.859093	-885.3083	20.448277	-78.214066	0.00042571747	-78.212204	-78.21416	145200	1.6291937e-08	14400.36	-0.013607931	-160.0	0.008905209	0.0	90.55644512176514
242	-349.05594	394.78976	-23.88159	-878.73114	17.235294	-73.75338	0.00042736132	-73.75166	-73.75349	145800	1.11262e-08	27469.133	-0.006018328	0.39648438	0.006521229	1.0	90.91681218147278
243	-392.03284	399.24948	-21.615612	-878.3684	15.837838	-73.55066	0.00042368908	-73.54903	-73.550766	146400	4.7683715e-09	33124.574	-0.0049358765	-73.48828	0.009551617	0.0	91.28153872489929
244	-436.38547	403.29205	-25.705664	-878.3035	14.317073	-76.54996	0.00043993763	-76.548355	-76.55008	147000	4.7683715e-09	40970.87	-0.010358534	-170.10547	0.009442153	0.0	91.65191674232483
245	-237.80807	343.5702	-21.19265	-850.1842	20.62069	-81.09635	0.00037246762	-81.09473	-81.096436	147600	-1.9073486e-08	15315.595	-0.016697483	-103.896484	0.009662369	0.0	92.01872968673706
246	-348.67484	395.51355	-22.583101	-877.69275	17.058823	-77.979645	0.00037928656	-77.978134	-77.97975	148200	1.7881393e-09	27529.668	-0.013486684	-6.814453	0.005909867	0.0	92.38754391670227
247	-333.10812	392.51633	-20.05464	-878.56586	17.454546	-76.9215	0.000349313	-76.92008	-76.92159	148800	-7.0532162e-09	25689.32	-0.017139195	-14.064453	0.009153519	0.0	92.75791883468628
248	-210.22055	332.47446	-21.546476	-848.5533	21.0	-75.64306	0.00030958283	-75.6417	-75.64314	149400	-1.11262e-08	13469.028	-0.013130239	-172.30664	0.009082783	0.0	93.11765575408936
249	-292.60828	374.0921	-21.854195	-849.1812	18.6875	-71.31894	0.00030093343	-71.31769	-71.31901	150000	1.5894572e-09	21257.705	-0.023019971	-7.546875	0.009172763	0.0	93.47972178459167
250	-411.37265	405.0781	-19.56782	-880.0903	15.179487	-70.192055	0.00031625965	-70.19089	-70.192154	150600	-1.5894573e-08	38488.555	-0.006906314	-93.50781	0.009348443	0.0	94.09614872932434
251	-365.57266	395.0878	-22.826937	-880.22986	16.514286	-73.27092	0.00030077237	-73.26973	-73.270996	151200	1.9073486e-08	29178.773	-0.0053922143	-28.419922	0.008592507	0.0	94.45157527923584
252	-252.01276	358.45258	-24.457817	-848.9586	19.966667	-75.16211	0.00027359865	-75.160934	-75.16217	151800	-5.5631e-09	17459.197	-0.014653169	-98.634766	0.008501377	0.0	94.80764842033386
253	-231.88454	344.86963	-20.094614	-851.00385	20.655172	-72.06363	0.00025110444	-72.06254	-72.06369	152400	-5.5631e-09	16127.847	-0.009301562	-75.48828	0.009240098	0.0	95.16915917396545
254	-292.60638	378.51746	-21.111193	-886.5628	18.625	-69.13259	0.00024699216	-69.13157	-69.13265	153000	1.66893e-08	20461.459	-0.006871872	-13.363281	0.009277785	0.0	95.52933144569397
255	-212.66438	331.0875	-22.16334	-849.34796	21.142857	-67.82009	0.00022257617	-67.8191	-67.82014	153600	1.7484028e-08	13070.097	-0.009725957	-46.521484	0.009456083	0.0	95.88350582122803
256	-468.57257	405.39856	-20.657055	-853.41187	13.44186	-65.56517	0.00025659503	-65.56426	-65.56525	154200	1.2715658e-08	47752.76	-0.0105714835	-304.20703	0.009076338	0.0	96.25468134880066
257	-400.652	401.61252	-19.637835	-877.5279	15.736842	-70.77844	0.0002445337	-70.77751	-70.7785	154800	1.5894573e-08	36188.566	-0.00740889	-88.41406	0.0065468177	1.0	96.61511659622192
258	-333.997	390.22238	-25.341908	-876.3817	17.545454	-73.83745	0.00022579399	-73.836525	-73.8375	155400	-4.520019e-09	25303.824	-0.012286575	0.15234375	0.009127554	0.0	96.96912598609924
259	-432.99838	403.02655	-25.281708	-878.241	14.846154	-73.90254	0.00023426092	-73.90166	-73.902596	156000	1.942118e-08	40898.84	-0.008072564	-136.02734	0.009046591	0.0	97.3299310207367
260	-163.9048	294.3372	-23.452179	-873.57935	22.576923	-77.34195	0.00019458022	-77.34105	-77.34199	156600	-5.9604646e-09	9637.893	-0.0288975	-192.07129	0.0058434773	0.0	97.94854736328125
261	-390.80002	398.38733	-24.607622	-877.3563	15.918919	-73.564384	0.00021376605	-73.56357	-73.564445	157200	-6.7551933e-09	33870.29	-0.00836737	-46.429688	0.0069795013	1.0	98.31110572814941
262	-250.19511	358.76785	-21.45267	-847.1181	19.966667	-75.26948	0.00018923974	-75.26866	-75.269516	157800	3.4968057e-08	17563.926	-0.012144689	-96.79492	0.00975278	0.0	98.66495108604431
263	-346.98834	396.26364	-22.24402	-886.2422	17.264706	-72.6357	0.0001865487	-72.634964	-72.63576	158400	1.4305114e-08	26568.037	-0.016635673	-2.9863281	0.00884226	0.0	99.01816463470459
264	-313.98895	385.88672	-22.47264	-880.935	18.0	-71.96265	0.00017397697	-71.96192	-71.962685	159000	-8.742014e-09	24344.389	-0.008474061	-6.390625	0.0091728	0.0	99.37064385414124
265	-399.2041	403.68243	-24.01312	-877.1794	15.552631	-71.21806	0.00017868508	-71.217384	-71.21811	159600	1.5497207e-08	35406.227	-0.012175249	-35.92578	0.00910528	0.0	99.72620606422424
266	-333.56174	388.26215	-22.392735	-854.69354	17.636364	-72.92278	0.00016589095	-72.92211	-72.92283	160200	8.841355e-09	25177.32	-0.0070146974	-0.18554688	0.008434907	0.0	100.09149646759033
267	-261.33597	361.79816	-22.041065	-854.8742	19.827587	-73.182335	0.00015300693	-73.18167	-73.18237	160800	5.3644182e-09	17321.295	-0.008031012	-43.527344	0.00954442	0.0	100.46134948730469
268	-301.7255	378.6791	-23.050392	-874.22284	18.935484	-71.21164	0.00014782399	-71.21103	-71.211685	161400	-1.9868216e-09	21359.027	-0.013322076	-3.328125	0.007966779	0.0	100.83488488197327
269	-422.14825	404.23395	-21.391512	-851.9479	14.975	-70.53982	0.00016009827	-70.53924	-70.53987	162000	1.5894573e-08	39360.16	-0.008363124	-103.73828	0.006514096	1.0	101.18130946159363
270	-211.04492	331.3364	-20.326378	-851.3953	21.392857	-73.601524	0.00013581073	-73.60092	-73.601555	162600	-1.7881394e-08	14208.62	-0.020368952	-88.81055	0.009223071	0.0	101.76406455039978
271	-237.65086	352.44403	-20.044487	-852.08374	20.5	-70.947	0.00012797385	-70.94644	-70.94704	163200	2.78155e-09	15428.236	-0.00772692	-85.56641	0.009430735	0.0	102.11764740943909
272	-298.12567	380.56125	-21.301186	-876.16693	18.548388	-68.03584	0.0001217265	-68.03533	-68.03587	163800	2.5431316e-08	21468.04	-0.015643984	-6.294922	0.009763714	0.0	102.45515561103821
273	-361.00107	397.3065	-23.365246	-874.9006	16.685715	-67.13194	0.00012697843	-67.13145	-67.13198	164400	-1.7484028e-08	30387.44	-0.02507133	-26.832031	0.009735809	0.0	102.81116986274719
274	-298.5291	378.83768	-22.055367	-854.2342	18.483871	-68.6732	0.000120389814	-68.67271	-68.67324	165000	-7.152557e-09	21222.97	-0.010877372	-2.3027344	0.009472973	0.0	103.16507625579834
275	-332.2181	388.97723	-24.347261	-849.6713	17.39394	-68.28497	0.00011819489	-68.28449	-68.285	165600	6.9042048e-09	25145.473	-0.008861224	-3.859375	0.00924545	0.0	103.52160859107971
276	-359.4653	398.2006	-19.98131	-854.76776	16.685715	-68.872246	0.00011416083	-68.871796	-68.87228	166200	-1.0331472e-08	29460.193	-0.0059569767	-6.7929688	0.0091805635	0.0	103.8628499507904
277	-294.835	377.89517	-22.67283	-890.3166	18.71875	-69.743515	0.000104497645	-69.74309	-69.743546	166800	-3.973643e-09	20395.06	-0.009934642	-4.513672	0.008977305	0.0	104.21353840827942
278	-331.2715	389.65	-20.96659	-850.539	17.424242	-69.091675	0.00010410607	-69.09125	-69.0917	167400	-8.841355e-09	25315.287	-0.009908596	-0.4375	0.009221806	0.0	104.55263018608093
279	-347.0174	395.9262	-20.10221	-878.4333	17.147058	-69.27325	0.00010381772	-69.272835	-69.27328	168000	-7.947286e-10	27551.125	-0.008878634	-2.4804688	0.0093439035	0.0	104.90104627609253
280	-297.04208	371.31104	-23.055475	-875.46	18.4375	-69.82207	9.5953095e-05	-69.82168	-69.8221	168600	2.5431316e-08	21945.188	-0.0032336386	-10.152344	0.009488669	0.0	105.50286316871643
281	-138.72462	262.36197	-22.07802	-849.3552	23.16	-70.95014	8.556608e-05	-70.949745	-70.950165	169200	2.5431316e-08	7006.5415	-0.011917159	-145.32812	0.009090732	0.0	105.85574913024902
282	-252.78209	357.0375	-21.636465	-846.9605	19.733334	-66.9263	8.4556734e-05	-66.925934	-66.926315	169800	1.0331472e-08	17135.188	-0.004783563	-25.31836	0.0068326737	1.0	106.22427725791931
283	-349.30734	393.4575	-21.39358	-872.65814	16.941177	-65.01616	8.6316744e-05	-65.01582	-65.01619	170400	1.5894572e-09	27403.717	-0.0076717357	-40.1875	0.009214561	0.0	106.56658959388733
284	-271.91678	368.22308	-22.327507	-851.72485	19.161291	-67.081215	8.0660175e-05	-67.08088	-67.08124	171000	-1.3510387e-08	19293.637	-0.012469487	-11.703125	0.009281192	0.0	106.93039155006409
285	-274.99808	368.796	-23.067127	-879.1696	19.258064	-66.02691	7.896822e-05	-66.02658	-66.02693	171600	-7.947286e-09	19360.875	-0.008479266	-2.5878906	0.009591915	0.0	107.25741004943848
286	-473.83685	397.68283	-23.71589	-875.98834	13.133333	-65.39453	8.944306e-05	-65.394226	-65.39456	172200	-1.3510387e-08	51089.207	-0.008235024	-740.1328	0.006399549	1.0	107.58888554573059
287	-341.66977	390.98294	-23.60909	-879.7487	17.114286	-73.458275	8.3547966e-05	-73.45794	-73.45829	172800	1.1920929e-09	27343.13	-0.0059276936	-4.701172	0.009134717	0.0	107.93010234832764
288	-423.78403	402.5404	-22.43547	-851.3074	14.75	-74.54892	8.897981e-05	-74.548584	-74.548935	173400	-1.9868215e-10	38973.965	-0.010882411	-86.25	0.008925354	0.0	108.27866888046265
289	-348.5719	390.21103	-21.980099	-849.99615	17.147058	-77.15091	7.8796045e-05	-77.15059	-77.150925	174000	2.3841857e-09	27786.463	-0.01845304	-1.2929688	0.009496843	0.0	108.64471578598022
290	-314.25696	386.4366	-21.464134	-877.43335	18.09375	-77.64318	7.1339935e-05	-77.64288	-77.643196	174600	-1.1920929e-09	24520.582	-0.016337713	-30.361328	0.00926209	0.0	109.2190113067627
291	-343.34454	386.67096	-25.117325	-849.29443	17.057142	-76.079506	7.139907e-05	-76.079216	-76.07951	175200	-1.5894572e-09	26776.41	-0.012221691	-4.845703	0.009707658	0.0	109.5473222732544
292	-199.3491	309.4032	-24.351685	-850.40173	21.62963	-76.63541	5.9798753e-05	-76.63513	-76.635414	175800	-2.22524e-08	11124.164	-0.008571829	-35.03711	0.008149438	0.0	109.86933207511902
293	-185.22928	315.16614	-21.055912	-847.582	21.814816	-74.937965	5.9577706e-05	-74.9377	-74.93798	176400	-6.357829e-09	11620.72	-0.008582361	-197.82422	0.009573565	0.0	110.1871030330658
294	-298.31824	379.9046	-19.171553	-853.5073	18.612904	-70.78501	6.036389e-05	-70.78475	-70.78502	177000	1.5894572e-09	21460.36	-0.010906253	-14.216797	0.009563443	0.0	110.51191639900208
295	-315.39258	384.5357	-23.390234	-849.85126	18.0625	-69.47069	5.5689354e-05	-69.47046	-69.4707	177600	1.2715658e-08	23193.586	-0.016960341	-0.875	0.00933825	0.0	110.84030890464783
296	-346.87878	394.93457	-20.345444	-874.3757	17.117647	-69.14424	5.7228935e-05	-69.14401	-69.14426	178200	6.7551933e-09	27432.44	-0.006591237	-3.0820312	0.009440402	0.0	111.16718554496765
297	-316.16327	385.9411	-20.775757	-877.0121	18.1875	-69.654976	5.0535742e-05	-69.65477	-69.65499	178800	-8.742014e-09	23388.111	-0.00862493	-1.1074219	0.0093877455	0.0	111.48827910423279
298	-234.87213	346.48895	-22.47109	-852.756	20.655172	-69.36284	4.6657973e-05	-69.36263	-69.36285	179400	1.7484028e-08	15171.358	-0.019512082	-38.868164	0.009098055	0.0	111.80652713775635
299	-391.65125	397.76733	-23.795015	-853.89795	15.837838	-67.422775	5.0463703e-05	-67.42258	-67.42278	180000	-1.66893e-08	33071.508	-0.006347538	-122.30078	0.009209881	0.0	112.1228551864624
300	-387.89645	400.1601	-21.947395	-855.46216	15.864865	-70.68887	4.666837e-05	-70.68869	-70.68888	180600	0.0	33110.82	-0.011530461	-48.53125	0.009607416	0.0	112.70885252952576
301	-251.55179	358.31894	-18.501583	-848.2211	19.9	-72.99195	4.419345e-05	-72.99177	-72.99197	181200	9.536743e-09	17385.12	-0.008026503	-70.78906	0.009128402	0.0	113.02740097045898
302	-373.76276	399.95193	-22.801731	-879.17737	16.277779	-70.546616	4.6066845e-05	-70.54643	-70.54662	181800	1.2715658e-08	33224.4	-0.010683292	-22.179688	0.009823478	0.0	113.34457802772522
303	-251.57607	360.47086	-22.457785	-876.9914	19.933332	-71.84089	3.9332717e-05	-71.84073	-71.840904	182400	-5.4836274e-08	17560.396	-0.0094328	-73.052734	0.009432238	0.0	113.66877889633179
304	-274.0165	366.1564	-19.706106	-850.52496	19.35484	-69.327705	3.9332717e-05	-69.327545	-69.32772	183000	-1.9868216e-09	19094.648	-0.0071291015	-10.841797	0.0090429345	0.0	113.99195194244385
305	-300.28952	380.93896	-21.7682	-878.8913	18.580645	-68.16134	3.773788e-05	-68.16118	-68.16135	183600	2.6226044e-08	22377.217	-0.008136724	-0.390625	0.009751882	0.0	114.31404733657837
306	-292.1195	376.01273	-23.602533	-875.72266	18.5625	-67.91625	3.9363535e-05	-67.916084	-67.91625	184200	2.503395e-08	21362.414	-0.016472904	-1.4765625	0.009718032	0.0	114.62724804878235
307	-391.8885	399.33075	-22.495977	-879.60297	15.864865	-67.519806	3.5340378e-05	-67.51967	-67.51981	184800	-5.9604643e-10	33274.035	-0.007285122	-122.64844	0.009493529	0.0	114.94662976264954
308	-315.35834	384.78906	-21.361055	-850.6994	17.96875	-71.00426	3.7574282e-05	-71.0041	-71.00426	185400	-2.3841857e-09	23255.914	-0.0098247705	-1.1933594	0.009806981	0.0	115.27388119697571
309	-402.87183	399.82315	-21.381077	-880.58264	15.368421	-70.79723	3.388001e-05	-70.797104	-70.79724	186000	1.1920929e-09	35973.008	-0.004821564	-128.60938	0.0067921733	1.0	115.60257339477539
310	-378.64908	398.16345	-20.869501	-879.4714	16.0	-74.32585	4.0672618e-05	-74.3257	-74.32587	186600	3.1789145e-09	31222.533	-0.006563378	-34.496094	0.008723103	0.0	116.18756103515625
311	-389.80045	399.323	-22.51552	-852.7022	15.756757	-76.36168	3.1595275e-05	-76.36156	-76.36169	187200	-1.66893e-08	32947.168	-0.009129534	-27.875	0.009652171	0.0	116.50660991668701
312	-301.44174	376.96683	-20.411602	-851.3013	18.548388	-78.120735	3.1861287e-05	-78.12061	-78.12075	187800	-7.947286e-10	21230.217	-0.0072629075	-21.517578	0.00986238	0.0	116.82316398620605
313	-333.09738	390.32867	-20.824821	-879.1419	17.454546	-76.71899	3.3520173e-05	-76.71885	-76.71898	188400	-2.4537245e-08	25431.426	-0.008447039	-8.521484	0.009915474	0.0	117.1438057422638
314	-346.66153	394.45697	-20.470156	-850.754	17.205883	-75.68146	2.6838774e-05	-75.68135	-75.681465	189000	-1.2715658e-08	27382.879	-0.009209709	-3.5996094	0.0090201935	0.0	117.46743774414062
315	-349.51575	392.2717	-25.063427	-876.94275	17.0	-75.00707	3.1327003e-05	-75.00694	-75.00707	189600	-5.5631e-09	27959.867	-0.0101548135	-4.0117188	0.00841175	0.0	117.79337644577026
316	-272.86172	366.356	-22.180037	-850.54297	19.032259	-75.65193	2.57598e-05	-75.651825	-75.65194	190200	2.1457673e-08	19251.688	-0.009901952	-55.802734	0.009489298	0.0	118.1138174533844
317	-291.78168	374.49393	-26.056108	-849.52203	18.6875	-73.15916	2.8628026e-05	-73.159035	-73.15916	190800	-5.2452087e-08	21183.166	-0.010554125	-19.917969	0.009746423	0.0	118.43507099151611
318	-295.14667	372.66824	-24.417303	-852.4509	18.46875	-71.497734	2.5049523e-05	-71.49763	-71.497734	191400	2.9007595e-08	21019.94	-0.0057882005	-0.1484375	0.007023856	1.0	118.75683522224426
319	-260.40167	354.18057	-23.32757	-853.9484	19.5	-71.27749	2.2096725e-05	-71.2774	-71.2775	192000	3.1789145e-09	17038.414	-0.008221478	-2.9414062	0.009421218	0.0	119.07267832756042
320	-350.3678	392.28372	-25.917805	-874.8171	17.029411	-70.66707	2.3318587e-05	-70.66698	-70.667076	192600	6.357829e-09	27120.223	-0.008926992	-19.373047	0.00869795	0.0	119.65307784080505
321	-272.17603	365.4715	-20.993994	-851.2602	19.096775	-72.215935	2.0754198e-05	-72.21585	-72.21594	193200	3.973643e-09	19978.03	-0.010515681	-24.076172	0.009125328	0.0	119.9718177318573
322	-315.84735	385.96872	-23.186802	-880.3635	17.96875	-70.519905	2.3241495e-05	-70.51983	-70.51992	193800	-1.9868216e-08	23442.42	-0.014946254	-3.9394531	0.009207253	0.0	120.29477596282959
323	-308.61978	378.90356	-26.055014	-849.5982	18.151516	-69.68785	1.7946653e-05	-69.68778	-69.68786	194400	-1.5894572e-09	23918.826	-0.005525214	-1.2070312	0.009315255	0.0	120.62029123306274
324	-327.2043	386.1169	-20.823303	-880.459	17.588236	-70.069405	1.816159e-05	-70.069336	-70.06941	195000	7.152557e-09	25495.29	-0.009927185	-8.884766	0.0090646865	0.0	120.93843007087708
325	-410.87192	405.9045	-20.694525	-878.2597	15.128205	-71.228935	1.9200223e-05	-71.22887	-71.22894	195600	3.5762786e-09	38531.1	-0.0061614807	-95.61328	0.007437724	0.0	121.25931167602539
326	-274.75598	364.6154	-20.803993	-849.62445	19.193548	-74.97008	1.4095465e-05	-74.97002	-74.97008	196200	-1.11262e-08	19908.963	-0.0045948145	-22.265625	0.005197231	0.0	121.58144021034241
327	-346.9681	394.33716	-19.644537	-852.22473	16.941177	-73.3701	1.816159e-05	-73.37003	-73.37011	196800	6.357829e-09	27346.643	-0.013184465	0.0234375	0.009896877	0.0	121.90414047241211
328	-388.976	402.1322	-19.427988	-877.8812	15.7027025	-73.19177	1.9968036e-05	-73.19172	-73.19179	197400	-1.2715658e-08	33351.188	-0.014086906	-37.632812	0.008993788	0.0	122.22100973129272
329	-349.3876	395.58798	-18.545809	-889.92834	17.0	-75.54424	1.816159e-05	-75.544174	-75.544235	198000	-1.5894573e-08	26411.54	-0.010328269	-1.1191406	0.009461516	0.0	122.54795598983765
330	-471.17316	403.92706	-21.656836	-880.6729	13.372093	-75.234245	1.8594448e-05	-75.23418	-75.234245	198600	-3.973643e-10	47064.773	-0.0062850504	-284.20703	0.008917584	0.0	123.14179158210754
331	-254.13452	354.84387	-19.029907	-847.37115	19.9	-81.29192	1.7285813e-05	-81.291855	-81.29193	199200	-9.536743e-09	18185.053	-0.015214866	-109.03906	0.0077875946	0.0	123.46533298492432
332	-293.34592	373.7681	-22.650566	-851.13586	18.59375	-78.03228	1.6103264e-05	-78.03221	-78.03228	199800	4.371007e-09	21225.574	-0.006808646	-37.38086	0.009826855	0.0	123.7818992137909
333	-190.51631	313.66632	-20.034826	-849.6864	21.703703	-75.77434	1.373291e-05	-75.774284	-75.77433	200400	-7.947286e-09	11285.478	-0.0057873935	-156.16797	0.006544854	1.0	124.09450507164001
334	-402.03815	401.29224	-20.940321	-875.18146	15.315789	-71.57258	1.5560972e-05	-71.57252	-71.57258	201000	5.9604646e-09	35224.65	-0.012419617	-77.24219	0.009206829	0.0	124.41698956489563
335	-214.00061	334.00308	-21.390804	-877.90857	20.964285	-74.1975	1.3901418e-05	-74.19745	-74.197495	201600	8.34465e-09	13396.985	-0.015314228	-92.83203	0.009685421	0.0	124.74326467514038
336	-331.90375	388.95203	-20.55455	-853.62714	17.484848	-71.31169	1.4715043e-05	-71.31164	-71.3117	202200	3.973643e-08	25184.38	-0.01261296	0.21289062	0.009468271	0.0	125.07717752456665
337	-306.69717	381.86478	-21.06465	-851.734	18.151516	-71.048996	1.4529273e-05	-71.048935	-71.048996	202800	-1.1920929e-09	23271.154	-0.013483147	-7.1816406	0.009722532	0.0	125.39707374572754
338	-329.7807	382.14557	-20.35171	-851.2075	17.617647	-70.189285	1.330595e-05	-70.18924	-70.18929	203400	-1.768271e-08	25099.07	-0.008534555	-29.730469	0.009616125	0.0	125.71213817596436
339	-327.53864	385.37762	-20.377766	-873.8114	17.647058	-71.92705	1.4715043e-05	-71.926994	-71.92704	204000	-6.655852e-09	25128.105	-0.010953488	-4.671875	0.009758864	0.0	126.02894926071167
340	-273.8447	370.57727	-20.828133	-879.6595	19.35484	-72.75	1.6398762e-05	-72.74997	-72.750015	204600	1.0331472e-08	19647.86	-0.007930287	-45.05664	0.009397721	0.0	126.62039518356323
341	-349.00128	392.39462	-24.514677	-851.998	17.117647	-70.534325	1.18194075e-05	-70.53429	-70.53433	205200	1.2715658e-08	27203.64	-0.015136478	-10.060547	0.00942976	0.0	126.9281394481659
342	-164.19601	290.913	-19.511553	-849.60077	22.76923	-71.49323	1.1003269e-05	-71.493195	-71.49324	205800	1.8402934e-08	9086.91	-0.012225039	-140.64551	0.009745285	0.0	127.24402856826782
343	-335.69092	385.97156	-21.932034	-850.78357	17.757576	-67.61977	1.0377099e-05	-67.619736	-67.619774	206400	1.11262e-08	24959.652	-0.01677764	-23.30664	0.009586278	0.0	127.57071089744568
344	-388.7625	402.26254	-23.256924	-881.69385	16.054054	-69.01435	7.680089e-06	-69.01432	-69.01435	207000	-1.8278758e-08	33574.957	-0.010520458	-58.58203	0.009138829	0.0	127.89110493659973
345	-360.47327	397.24048	-23.0172	-850.99054	16.742857	-71.63633	9.344062e-06	-71.63629	-71.63633	207600	2.7020773e-08	29294.926	-0.0057927226	-4.859375	0.006728954	1.0	128.2152075767517
346	-291.35828	374.67587	-19.803545	-876.33075	18.75	-72.50824	1.0235906e-05	-72.50821	-72.50825	208200	-2.7020773e-08	22282.074	-0.0056079864	-10.587891	0.0068599163	1.0	128.52942943572998
347	-388.20956	399.56232	-21.480078	-874.9891	16.135136	-71.436	5.7600664e-06	-71.435974	-71.436	208800	3.973643e-09	35023.785	-0.010121006	-71.70703	0.00951801	0.0	128.85628390312195
348	-244.30751	348.40076	-21.485882	-850.605	20.5	-74.24492	1.0063863e-05	-74.24487	-74.24492	209400	-1.8278758e-08	15107.003	-0.011100625	-37.40918	0.008818193	0.0	129.17634439468384
349	-346.61774	394.25378	-22.81314	-873.6784	17.352942	-72.32625	8.270066e-06	-72.32623	-72.326256	210000	-9.934108e-09	27329.836	-0.0077708173	0.056640625	0.009265247	0.0	129.493714094162
350	-317.3478	384.93195	-20.349024	-878.219	18.25	-72.12227	8.946258e-06	-72.12223	-72.12227	210600	-9.536743e-09	24283.438	-0.01026938	-0.6171875	0.008684524	0.0	130.10369420051575
351	-401.26767	403.89725	-20.940023	-879.7949	15.657895	-71.85171	1.0721947e-05	-71.85168	-71.851715	211200	-1.9073486e-08	35528.76	-0.0132099325	-59.320312	0.009610823	0.0	130.4152512550354
352	-273.25763	369.42572	-22.772882	-877.39343	19.35484	-74.535645	5.2025534e-06	-74.53562	-74.535645	211800	5.5631e-09	19591.502	-0.007754516	-60.539062	0.0089122765	0.0	130.71976923942566
353	-272.81012	366.6873	-24.673273	-850.10834	19.35484	-71.96727	1.0405107e-05	-71.967224	-71.96727	212400	7.152557e-09	19188.604	-0.0070949174	-38.33008	0.008659072	0.0	131.0172061920166
354	-282.46457	371.90952	-26.181084	-876.74475	19.266666	-69.664375	8.670922e-06	-69.66434	-69.664375	213000	-3.1789145e-09	19228.574	-0.012216973	-11.599609	0.008081387	0.0	131.33023619651794
355	-249.83304	360.23343	-20.476416	-853.9451	20.0	-68.36055	5.117953e-06	-68.36053	-68.36055	213600	-1.5099843e-08	17488.924	-0.008726309	-79.09961	0.008629471	0.0	131.63747906684875
356	-314.0606	385.77576	-21.239239	-849.33185	18.1875	-65.18393	5.367755e-06	-65.18391	-65.18393	214200	1.2318293e-08	23356.18	-0.0063807205	0.18945312	0.009516398	0.0	131.9583523273468
357	-281.7934	370.44766	-26.01563	-853.07135	19.166666	-65.02686	8.199381e-06	-65.02685	-65.02687	214800	6.357829e-09	19174.51	-0.0049562096	-0.033203125	0.0065098316	1.0	132.28188967704773
358	-344.77814	393.59384	-23.066206	-848.94653	17.294117	-64.97474	8.270066e-06	-64.974724	-64.97475	215400	-1.2715658e-08	27266.113	-0.0067441156	-14.544922	0.0065638875	1.0	132.60879158973694
359	-400.52213	401.8324	-22.47724	-880.9597	15.944445	-66.36822	9.323274e-06	-66.368195	-66.36821	216000	-2.22524e-08	33397.746	-0.009820126	-149.14453	0.009302976	0.0	132.93257308006287
360	-332.22433	386.14642	-22.858664	-849.9818	17.818182	-70.80614	8.252452e-06	-70.80612	-70.806145	216600	-4.7683715e-09	26944.785	-0.018415028	-13.529297	0.00936313	0.0	133.55991888046265
361	-374.5032	401.48737	-19.759893	-879.12335	16.38889	-72.33811	3.7891807e-06	-72.3381	-72.33811	217200	4.5696895e-09	31603.18	-0.0071118195	-8.265625	0.009088854	0.0	133.91249537467957
362	-399.96426	402.21017	-19.04305	-854.71625	15.684211	-73.430595	9.725608e-06	-73.43056	-73.430595	217800	-7.152557e-09	35299.895	-0.01681089	-50.195312	0.009510045	0.0	134.25101137161255
363	-331.928	391.5947	-20.370893	-879.6103	17.636364	-76.04917	5.4484776e-06	-76.04915	-76.04917	218400	1.7484028e-08	25565.316	-0.017240778	-14.4296875	0.009298321	0.0	134.59862685203552
364	-330.4927	391.68552	-20.94602	-852.59784	17.727272	-74.78365	1.8161592e-06	-74.783646	-74.78365	219000	2.4586916e-08	25570.064	-0.008353021	-19.81836	0.009908695	0.0	134.95693588256836
365	-311.53098	385.79062	-20.468594	-850.793	18.28125	-73.05975	8.2348e-06	-73.05974	-73.05976	219600	-5.5631e-09	24372.87	-0.0098179495	-32.816406	0.009592855	0.0	135.30222725868225
366	-298.71155	380.13593	-19.721825	-875.8757	18.806452	-70.850044	7.6293945e-06	-70.85004	-70.85005	220200	-1.9868216e-08	21484.713	-0.015592799	-18.023438	0.009746208	0.0	135.65571856498718
367	-374.97076	401.7605	-21.187849	-878.9907	16.305555	-69.150635	1.4901752e-05	-69.15064	-69.15065	220800	-2.7020773e-08	31666.688	-0.011497664	-25.560547	0.009840975	0.0	135.99596881866455
368	-345.989	396.33542	-22.419466	-874.85986	17.147058	-70.99337	1.8426739e-06	-70.99336	-70.99337	221400	0.0	27619.393	-0.016281664	0.05859375	0.009138395	0.0	136.35242009162903
369	-276.35114	375.98557	-21.757433	-880.57324	19.2	-71.046326	9.070106e-06	-71.0463	-71.04633	222000	1.4305114e-08	20781.73	-0.011413653	-77.25781	0.00982976	0.0	136.70571851730347
370	-344.1517	395.44803	-19.17997	-851.92755	17.029411	-67.676155	1.8426739e-06	-67.67615	-67.676155	222600	-7.947286e-09	27473.176	-0.006995517	-0.66796875	0.008760919	0.0	137.350590467453
371	-231.76768	350.63986	-23.383478	-877.04553	20.51724	-67.86765	1.7059845e-06	-67.867645	-67.86765	223200	3.4570693e-08	15589.535	-0.018645577	-91.336914	0.009551112	0.0	137.6588056087494
372	-370.9939	402.965	-20.384106	-851.65625	16.36111	-64.265205	1.8945904e-06	-64.2652	-64.265205	223800	7.947286e-09	31836.166	-0.005230468	-22.30664	0.009082536	0.0	137.97991609573364
373	-249.76242	360.4646	-21.279924	-852.5459	19.933332	-65.87808	8.199381e-06	-65.87807	-65.87809	224400	-2.22524e-08	17431.096	-0.015264057	-55.515625	0.009885995	0.0	138.30041098594666
374	-440.8433	405.3404	-22.983387	-849.86505	14.214286	-63.17931	4.7848735e-06	-63.1793	-63.179314	225000	-3.695488e-08	43688.215	-0.0099341525	-313.66797	0.009050011	0.0	138.62623357772827
375	-259.54517	362.3376	-21.027983	-847.69446	19.827587	-69.13513	6.823938e-06	-69.1351	-69.13513	225600	-2.036492e-09	17343.78	-0.0076954784	-27.865234	0.009614857	0.0	138.95171523094177
376	-296.9507	381.41003	-19.845516	-877.39105	18.806452	-67.66898	1.7619332e-06	-67.668976	-67.66898	226200	4.7683715e-09	21572.91	-0.009535971	-13.113281	0.00986171	0.0	139.2809567451477
377	-282.5739	369.18933	-19.010056	-851.3516	19.2	-66.34506	3.468369e-06	-66.34505	-66.34506	226800	1.11262e-08	20049.744	-0.009253144	-0.2734375	0.006636354	1.0	139.6041464805603
378	-329.3996	391.49744	-18.761335	-851.8731	17.69697	-66.47345	3.6323183e-06	-66.473434	-66.47345	227400	-3.89417e-08	25461.117	-0.008313405	-0.099609375	0.009261922	0.0	139.91575169563293
379	-327.39627	392.97726	-21.06001	-851.41235	17.60606	-66.59475	3.6323183e-06	-66.594734	-66.59475	228000	5.5631e-09	25660.314	-0.01360989	-2.1152344	0.008057002	0.0	140.23778414726257
380	-257.34305	366.26874	-20.906858	-877.89355	19.862068	-66.08641	3.411969e-06	-66.086395	-66.08641	228600	-4.7683715e-09	17636.742	-0.011917187	-53.63867	0.009917316	0.0	140.86493611335754
381	-360.09457	401.55872	-22.771982	-877.9893	16.828571	-63.459465	4.143822e-06	-63.459457	-63.45946	229200	4.2915346e-08	29961.24	-0.011432426	-21.033203	0.009289175	0.0	141.18737864494324
382	-333.4922	389.982	-20.72769	-879.4285	17.727272	-64.96834	7.410076e-06	-64.96834	-64.968346	229800	1.66893e-08	25347.51	-0.0107586505	-21.160156	0.0078743445	0.0	141.50007462501526
383	-377.06412	401.2427	-22.313467	-877.4708	16.527779	-66.7206	7.6293945e-06	-66.720604	-66.720604	230400	-5.5631e-09	31782.387	-0.008706229	-65.541016	0.009665599	0.0	141.81152844429016
384	-299.72202	380.55396	-21.396482	-875.7718	18.903225	-69.7135	7.4231566e-06	-69.7135	-69.71351	231000	-4.3710074e-08	21451.812	-0.007206601	-6.5625	0.008875161	0.0	142.12231707572937
385	-255.80766	365.52545	-20.736721	-849.75446	19.896551	-68.91699	7.4362138e-06	-68.91699	-68.917	231600	2.3841857e-09	17645.244	-0.007506408	-98.52734	0.0083634425	0.0	142.42893075942993
386	-371.62344	401.11786	-21.459093	-853.70013	16.277779	-65.29637	1.8945904e-06	-65.296364	-65.29637	232200	1.5894572e-09	32553.88	-0.01109347	-35.90039	0.009587106	0.0	142.74578142166138
387	-314.4667	385.87497	-22.586939	-850.55664	18.1875	-67.260925	1.7892517e-06	-67.26092	-67.260925	232800	2.1060307e-08	23395.543	-0.0059065777	-0.16210938	0.0070096366	1.0	143.06087970733643
388	-328.40384	391.76413	-22.928148	-849.1776	17.545454	-67.19663	1.8161592e-06	-67.196625	-67.19663	233400	-1.4603138e-08	25539.783	-0.016371343	-0.65625	0.009207678	0.0	143.3871099948883
389	-317.81638	387.14597	-21.989502	-877.0297	18.125	-66.88215	1.7892517e-06	-66.88214	-66.88215	234000	-6.357829e-09	23622.643	-0.014845516	-1.1269531	0.009721031	0.0	143.70884346961975
390	-429.40176	408.61838	-23.047071	-877.6787	14.560976	-67.26525	9.529111e-06	-67.26523	-67.26524	234600	6.357829e-09	41915.38	-0.0111802425	-137.64453	0.00899711	0.0	144.33701634407043
391	-159.77272	293.39435	-20.835615	-849.2645	22.846153	-71.58793	1.618439e-06	-71.58792	-71.58793	235200	-1.6887983e-09	9452.206	-0.005718083	-230.72949	0.009607398	0.0	144.64819502830505
392	-229.74432	351.50797	-21.162264	-879.7771	20.586206	-66.616554	0.0	-66.616554	-66.616554	235800	-1.3113022e-08	15705.59	-0.015865324	-98.28613	0.009227318	0.0	144.9671380519867
393	-253.47481	359.53296	-23.714159	-877.6939	19.866667	-63.09949	5.709316e-06	-63.099472	-63.099487	236400	-1.663963e-08	17265.705	-0.021003783	-8.941406	0.009596855	0.0	145.28680753707886
394	-305.98563	382.58783	-19.888578	-850.5293	18.121212	-61.949986	1.8161592e-06	-61.949978	-61.949986	237000	-9.139379e-09	23347.162	-0.0077576963	-3.6621094	0.008827219	0.0	145.62102556228638
395	-362.68195	401.93677	-20.604965	-879.1943	16.6	-62.54962	1.8688123e-06	-62.549614	-62.54962	237600	1.1920929e-08	30132.836	-0.007731206	-46.845703	0.009760536	0.0	145.9657804965973
396	-312.71558	385.66534	-21.205423	-850.4834	18.15625	-64.900024	7.416619e-06	-64.900024	-64.90003	238200	1.5894572e-09	23309.45	-0.0073103877	0.11328125	0.009212024	0.0	146.3168478012085
397	-422.08478	406.68616	-22.111004	-876.00006	14.875	-65.00177	1.994373e-06	-65.00176	-65.00177	238800	5.1259995e-08	39918.266	-0.010666408	-176.6914	0.009399763	0.0	146.6747522354126
398	-373.02454	400.83902	-20.93019	-849.2457	16.38889	-69.43293	7.6293945e-06	-69.43294	-69.43294	239400	7.152557e-09	31538.207	-0.02220907	-17.19336	0.009371773	0.0	147.03007793426514
399	-267.64047	371.25064	-22.304525	-851.68945	19.32258	-71.0462	0.0	-71.0462	-71.0462	240000	5.5233638e-08	19755.664	-0.009675242	-90.70117	0.009077483	0.0	147.37277626991272
400	-345.01715	394.45215	-20.260193	-851.4834	16.970589	-67.97057	0.0	-67.97057	-67.97057	240600	-1.39077505e-08	27464.406	-0.014999247	-1.7421875	0.006399347	1.0	148.03715872764587
401	-373.20526	400.72958	-20.907814	-854.40234	16.13889	-68.271	7.390412e-06	-68.271	-68.27101	241200	1.947085e-08	31456.156	-0.0039824406	-23.796875	0.007101169	1.0	148.38731241226196
402	-308.44257	380.8007	-20.41942	-852.5927	17.939394	-69.94303	1.8161592e-06	-69.94302	-69.94303	241800	7.152557e-09	23229.744	-0.010669133	-0.056640625	0.009401776	0.0	148.74195003509521
403	-278.7158	361.17734	-19.632475	-849.4786	19.064516	-69.91072	7.6293945e-06	-69.91073	-69.91073	242400	-1.11262e-08	19597.174	-0.0070426827	-3.6972656	0.008773851	0.0	149.0865626335144
404	-290.6718	374.26346	-20.722464	-848.82996	18.71875	-70.56724	9.155274e-06	-70.567215	-70.56723	243000	4.45048e-08	21199.305	-0.012050991	-10.591797	0.009423954	0.0	149.44070291519165
405	-252.83517	357.24802	-24.79953	-849.7367	19.7	-69.45242	0.0	-69.45242	-69.45242	243600	1.2293458e-08	17155.008	-0.006719866	-42.13086	0.009228295	0.0	149.78646850585938
406	-306.86896	381.70493	-19.627396	-874.18677	18.181818	-67.07984	7.6293945e-06	-67.07985	-67.07985	244200	5.5631e-09	24297.184	-0.010714691	0.013671875	0.0085815815	0.0	150.14337873458862
407	-384.38306	403.78418	-19.191172	-851.75464	15.783784	-67.0738	7.3838455e-06	-67.0738	-67.07381	244800	-1.947085e-08	33651.64	-0.0055252737	-35.585938	0.00897216	0.0	150.47792506217957
408	-430.1605	405.3883	-22.21365	-853.00275	14.487804	-69.25939	0.0	-69.25939	-69.25939	245400	2.0662943e-08	42300.94	-0.00860019	-179.17578	0.0068671284	1.0	150.8020215034485
409	-287.4164	375.70886	-20.703838	-851.99347	18.53125	-74.07704	7.6293945e-06	-74.077034	-74.07705	246000	1.4305114e-08	22318.88	-0.012248018	-40.248047	0.009773097	0.0	151.12047028541565
410	-360.10333	397.72406	-23.487698	-852.75073	16.457144	-72.10792	7.6293945e-06	-72.10791	-72.107925	246600	1.11262e-08	29335.684	-0.010445728	-1.6230469	0.0064148894	1.0	151.75876116752625
411	-213.05325	330.64758	-23.960636	-847.9949	20.892857	-72.440636	0.0	-72.440636	-72.440636	247200	2.3841857e-09	13139.781	-0.011300324	-86.17676	0.009608956	0.0	152.08131790161133
412	-487.55664	402.98254	-19.88144	-880.8708	12.8	-69.25732	7.6293945e-06	-69.25731	-69.25731	247800	3.973643e-10	52528.094	-0.010108537	-444.97656	0.0066247736	1.0	152.38875031471252
413	-347.39142	393.20337	-22.767853	-852.917	16.941177	-75.66708	1.8426739e-06	-75.667076	-75.66708	248400	-2.9404958e-08	27215.7	-0.008781964	1.1269531	0.009425822	0.0	152.71476793289185
414	-451.06644	405.76407	-20.800508	-852.6347	13.813953	-76.07987	0.0	-76.07987	-76.07987	249000	-4.1127205e-08	45201.184	-0.0070774946	-113.83203	0.008185567	1.0	153.0335772037506
415	-187.41766	313.92636	-25.563698	-849.81226	21.74074	-79.23445	7.6293945e-06	-79.23446	-79.23446	249600	6.357829e-09	11524.326	-0.010908681	-192.80469	0.009704271	0.0	153.33863425254822
416	-293.85004	377.10614	-21.835499	-877.26263	18.5625	-75.40957	7.6293945e-06	-75.40958	-75.40958	250200	-1.1920929e-08	21550.424	-0.0077005243	-25.328125	0.009615702	0.0	153.65435123443604
417	-270.82043	371.9851	-19.649858	-888.04443	19.32258	-73.7339	7.6293945e-06	-73.733894	-73.73391	250800	1.2715658e-08	19725.312	-0.014976852	-78.09375	0.009054647	0.0	153.98158240318298
418	-228.43393	348.6848	-21.272236	-850.02	20.51724	-71.1355	7.6293945e-06	-71.13549	-71.13549	251400	6.357829e-09	15590.597	-0.012742101	-119.44531	0.009451755	0.0	154.2996861934662
419	-327.44388	391.6334	-19.721876	-879.9644	17.484848	-67.89142	0.0	-67.89142	-67.89142	252000	-3.0199686e-08	26395.684	-0.009234938	-0.9003906	0.009207662	0.0	154.62715435028076
420	-421.46722	404.7588	-25.27922	-850.85944	14.75	-67.41248	7.6293945e-06	-67.41249	-67.41249	252600	-7.947286e-10	39447.87	-0.012660004	-121.53906	0.009696335	0.0	155.25863528251648
421	-343.93396	394.204	-21.344326	-851.4595	17.088236	-70.55726	0.0	-70.55726	-70.55726	253200	-6.357829e-09	28239.72	-0.009799173	-0.49804688	0.009573885	0.0	155.57129430770874
422	-358.0297	398.9505	-20.953608	-850.0178	16.514286	-70.99666	7.6293945e-06	-70.996666	-70.996666	253800	1.5894572e-09	29517.0	-0.010398435	-0.1796875	0.009493882	0.0	155.8876736164093
423	-327.68634	393.1826	-18.620403	-851.32574	17.484848	-71.12107	7.6293945e-06	-71.12106	-71.12106	254400	3.0199686e-08	25704.96	-0.013110158	-12.25	0.009414144	0.0	156.2146384716034
424	-326.71997	391.3861	-21.763853	-851.05664	17.484848	-70.08276	1.5258789e-05	-70.08275	-70.08275	255000	2.6226044e-08	26367.18	-0.00893126	-5.1757812	0.008749943	0.0	156.53805541992188
425	-322.80356	389.28693	-19.972038	-875.7149	17.588236	-69.32957	7.6293945e-06	-69.32956	-69.32956	255600	5.0167244e-09	25556.47	-0.0073444075	-0.7285156	0.00954694	0.0	156.86156821250916
426	-371.85452	400.56885	-23.707668	-849.2888	16.166666	-69.02852	0.0	-69.02852	-69.02852	256200	1.7484028e-08	31387.688	-0.01024147	-11.466797	0.006884818	1.0	157.18617749214172
427	-400.81775	402.16492	-20.574673	-875.53674	15.315789	-70.08476	7.3772735e-06	-70.08476	-70.08477	256800	-3.973643e-08	35249.395	-0.0045608156	-84.01172	0.0077192825	0.0	157.51175475120544
428	-324.5326	387.45383	-22.883818	-878.8241	17.647058	-73.03962	0.0	-73.03962	-73.03962	257400	3.1789145e-09	25362.414	-0.0047004367	-0.69140625	0.008221751	0.0	157.84454488754272
429	-279.87695	372.31564	-24.408754	-853.52014	19.166666	-72.88583	0.0	-72.88583	-72.88583	258000	2.0662943e-08	19386.576	-0.0057408	-40.57617	0.007323941	1.0	158.16811180114746
430	-189.17853	313.26804	-20.835321	-850.0863	21.592592	-70.807945	0.0	-70.807945	-70.807945	258600	9.536743e-09	11076.09	-0.007921444	-100.37109	0.009796382	0.0	158.82349729537964
431	-344.16446	395.51508	-20.782133	-852.40594	17.058823	-67.49365	0.0	-67.49365	-67.49365	259200	-1.11262e-08	27459.617	-0.0049130716	-0.25585938	0.009648818	0.0	159.1486852169037
432	-373.2401	398.3916	-19.566751	-851.08466	16.25	-67.556496	0.0	-67.556496	-67.556496	259800	-1.5099843e-08	32135.943	-0.011908577	-47.316406	0.006501379	1.0	159.47087216377258
433	-458.12488	406.47424	-21.518486	-850.7117	13.590909	-69.8147	7.6293945e-06	-69.814705	-69.814705	260400	-3.6557516e-08	47557.92	-0.0063858596	-220.92188	0.0098261805	1.0	159.79267644882202
434	-314.89917	385.40714	-22.599134	-852.1576	18.03125	-74.60278	1.5258789e-05	-74.6028	-74.6028	261000	5.8412553e-08	23380.72	-0.007359709	-11.486328	0.009780382	0.0	160.12326884269714
435	-231.11023	348.35703	-22.423952	-852.6166	20.689655	-73.76026	7.6293945e-06	-73.76027	-73.76027	261600	-2.3841857e-09	15574.745	-0.011448069	-131.83203	0.009520018	0.0	160.44320058822632
436	-233.89644	345.50513	-20.042643	-848.76135	20.48276	-70.15595	7.6293945e-06	-70.15596	-70.15596	262200	-1.2318293e-08	15112.691	-0.010152813	-51.926758	0.0099318195	0.0	160.77235889434814
437	-386.13388	400.38898	-21.607582	-879.65344	15.72973	-67.76294	0.0	-67.76294	-67.76294	262800	3.0199686e-08	35079.56	-0.006844894	-70.09375	0.00866823	0.0	161.09484839439392
438	-287.52475	377.13748	-21.664797	-849.36743	18.71875	-70.21354	0.0	-70.21354	-70.21354	263400	-2.1060307e-08	21494.822	-0.0080057625	-25.453125	0.0069002006	0.0	161.41685461997986
439	-312.91022	385.7661	-21.195517	-848.71	18.0	-68.80601	0.0	-68.80601	-68.80601	264000	1.4305114e-08	23342.732	-0.0072411993	-5.8984375	0.0074621597	1.0	161.74312615394592
440	-376.78394	398.12183	-24.28524	-878.53265	16.305555	-67.95088	7.6293945e-06	-67.95089	-67.95089	264600	4.7683715e-09	32178.24	-0.0056407633	-69.427734	0.0077126725	1.0	162.39861702919006
441	-212.14267	332.6185	-27.199793	-850.5613	21.25	-70.518776	0.0	-70.518776	-70.518776	265200	-2.7815501e-08	13189.328	-0.006030611	-71.68848	0.008695226	0.0	162.72696113586426
442	-211.21721	331.7431	-21.471663	-849.5369	21.142857	-68.02944	0.0	-68.02944	-68.02944	265800	1.4702479e-08	13073.0	-0.002896155	-63.86621	0.0067880233	1.0	163.02663493156433
443	-253.88808	357.36154	-20.5493	-850.10486	19.9	-65.40295	0.0	-65.40295	-65.40295	266400	-1.9073486e-08	17113.54	-0.009402798	-10.509766	0.008579644	0.0	163.33577704429626
444	-349.51898	395.71033	-21.075804	-878.65295	17.0	-64.257744	7.6293945e-06	-64.25774	-64.25774	267000	-7.947286e-10	27675.137	-0.011279103	-32.660156	0.009359987	0.0	163.65180683135986
445	-387.12875	403.49622	-22.841265	-880.09406	15.8918915	-66.019646	7.6293945e-06	-66.01964	-66.01964	267600	-2.9404958e-08	33707.812	-0.0070342543	-60.390625	0.009542939	0.0	163.96521019935608
446	-208.92506	332.5503	-23.18655	-848.2241	21.214285	-68.588936	7.6293945e-06	-68.58893	-68.58893	268200	1.39077505e-08	13213.887	-0.00500741	-86.43457	0.009355518	0.0	164.27771401405334
447	-290.83826	374.72845	-21.061176	-849.36865	18.625	-65.78478	0.0	-65.78478	-65.78478	268800	2.78155e-09	21146.729	-0.013763485	-0.24023438	0.009504148	0.0	164.60445833206177
448	-253.82892	357.34116	-21.594076	-848.87024	19.666666	-65.395515	7.6293945e-06	-65.39552	-65.39552	269400	1.0331472e-08	17105.926	-0.0056918063	-8.775391	0.009020586	0.0	164.92325639724731
449	-346.36456	393.7929	-19.673794	-850.8477	17.058823	-64.43859	7.6293945e-06	-64.43858	-64.43858	270000	-1.11262e-08	27360.287	-0.0066305883	-21.769531	0.009351964	0.0	165.2449221611023
450	-186.4679	315.69537	-19.077856	-851.64087	21.88889	-65.91434	0.0	-65.91434	-65.91434	270600	1.8278758e-08	11197.687	-0.006446438	-83.10156	0.008994025	0.0	165.90701460838318
451	-331.56042	389.3966	-18.69044	-850.29517	17.60606	-63.02799	3.8146973e-06	-63.027992	-63.027992	271200	2.2600095e-09	25290.846	-0.0045163725	-15.199219	0.0064358725	1.0	166.23913168907166
452	-209.92929	336.05286	-22.84918	-878.11926	21.178572	-64.1493	0.0	-64.1493	-64.1493	271800	2.4239222e-08	13419.27	-0.0050291093	-55.914062	0.0065057073	1.0	166.54140257835388
453	-295.4332	380.54263	-22.274961	-850.4477	18.64516	-61.779114	0.0	-61.779114	-61.779114	272400	-1.2715658e-08	21403.363	-0.005572592	-0.37304688	0.008698813	0.0	166.85576677322388
454	-264.4066	361.25946	-22.819452	-878.5485	20.0	-61.406685	3.8146973e-06	-61.40668	-61.40668	273000	2.3841857e-09	17084.186	-0.011145098	-2.2753906	0.0094854925	0.0	167.17240524291992
455	-374.22162	400.35263	-23.031519	-851.5345	16.416666	-61.91198	7.6293945e-06	-61.911972	-61.911972	273600	1.4702479e-08	31652.6	-0.013966242	-85.66016	0.00997705	0.0	167.49198698997498
456	-363.72128	397.09476	-22.473196	-876.2465	17.028572	-65.05975	1.5258789e-05	-65.05974	-65.05974	274200	2.6226044e-08	29506.232	-0.012502692	-63.552734	0.008621378	0.0	167.81209540367126
457	-298.16132	378.57947	-21.474272	-850.7337	18.741936	-67.89282	7.6293945e-06	-67.89283	-67.89283	274800	-1.5894572e-09	21248.246	-0.007273027	-2.0195312	0.0092314305	0.0	168.1368908882141
458	-348.46216	394.31064	-27.32272	-878.59235	17.147058	-67.52509	7.6293945e-06	-67.5251	-67.5251	275400	-1.1920929e-09	27374.521	-0.010990945	-16.544922	0.009744476	0.0	168.46228504180908
459	-244.13449	347.72232	-22.869051	-849.47394	20.535715	-68.88702	0.0	-68.88702	-68.88702	276000	6.357829e-09	15040.827	-0.0033674478	-9.841797	0.0064776945	1.0	168.79046869277954
460	-361.86926	395.88052	-20.075209	-851.98126	16.657143	-67.866646	0.0	-67.866646	-67.866646	276600	-1.0331472e-08	29252.732	-0.008162281	-32.652344	0.006488566	1.0	169.4667932987213
461	-434.82916	402.26535	-26.437975	-850.94556	14.414634	-69.81436	0.0	-69.81436	-69.81436	277200	7.947286e-10	41125.676	-0.007958435	-264.1172	0.008777033	0.0	169.7737398147583
462	-387.7745	401.00995	-21.752121	-856.0891	16.027027	-75.3466	7.6293945e-06	-75.346596	-75.346596	277800	-6.357829e-09	33242.1	-0.0059953416	-17.828125	0.009024127	0.0	170.09741640090942
463	-300.91394	378.8615	-20.299288	-877.10406	18.774193	-77.01202	7.6293945e-06	-77.01201	-77.01201	278400	3.1391778e-08	21480.61	-0.013272419	-27.667969	0.009931138	0.0	170.4053144454956
464	-386.7304	400.6315	-19.336903	-850.2852	16.027027	-75.330986	7.6293945e-06	-75.33099	-75.33099	279000	-1.0331472e-08	33232.652	-0.010856094	-9.171875	0.009426042	0.0	170.72346377372742
465	-319.76755	382.89978	-21.844675	-852.05493	18.28125	-76.253174	7.6293945e-06	-76.25318	-76.25318	279600	2.4636586e-08	23293.555	-0.012265729	-2.7050781	0.00941943	0.0	171.04394435882568
466	-277.5033	373.3532	-20.738903	-850.01855	19.333334	-75.74993	7.6293945e-06	-75.74992	-75.74992	280200	-1.5894572e-09	19705.916	-0.010027121	-105.01758	0.008779009	0.0	171.35938906669617
467	-348.35083	392.6955	-20.512262	-878.6861	17.411764	-72.24847	7.6293945e-06	-72.248474	-72.248474	280800	-1.2318293e-08	28098.654	-0.013420042	-4.044922	0.009849346	0.0	171.67986536026
468	-372.94473	397.2277	-22.630968	-850.0	16.583334	-72.77659	0.0	-72.77659	-72.77659	281400	-1.66893e-08	32786.7	-0.015140048	-23.308594	0.009123478	0.0	172.00059533119202
469	-303.08087	377.00494	-22.970106	-873.63684	18.903225	-74.48476	7.6293945e-06	-74.484764	-74.484764	282000	3.417333e-08	21433.973	-0.006559747	-3.9257812	0.00925547	0.0	172.31443309783936
470	-192.96663	312.52682	-24.151554	-853.94714	22.222221	-73.8717	7.6293945e-06	-73.87169	-73.87169	282600	7.947286e-10	11000.868	-0.00606854	-105.31641	0.0062897564	1.0	172.99257230758667
471	-319.66235	383.2596	-20.951624	-853.046	18.5	-70.2784	7.6293945e-06	-70.278404	-70.278404	283200	2.026558e-08	23427.787	-0.008085048	-1.03125	0.0064195697	1.0	173.29803323745728
472	-291.1922	363.4432	-19.246248	-851.3223	19.633333	-70.49484	0.0	-70.49484	-70.49484	283800	1.11262e-08	18813.62	-0.01587626	-22.77539	0.006885649	3.0	173.60137557983398
473	-367.43344	394.6607	-24.3525	-881.93115	17.114286	-72.20567	7.6293945e-06	-72.205666	-72.205666	284400	1.4702479e-08	29390.713	-0.0074376543	-50.359375	0.00995289	0.0	173.92813181877136
474	-404.2139	397.86996	-23.864449	-852.3165	16.0	-74.79632	7.6293945e-06	-74.796326	-74.796326	285000	-2.7567149e-08	32950.15	-0.0068758675	-127.12109	0.008329069	0.0	174.237238407135
475	-261.754	360.21704	-23.275454	-850.1644	20.068966	-78.82151	7.6293945e-06	-78.8215	-78.8215	285600	-2.9007595e-08	18313.672	-0.007338385	-75.19141	0.006619878	1.0	174.56555438041687
476	-347.9352	393.8513	-24.23478	-854.72614	17.441177	-76.068306	0.0	-76.068306	-76.068306	286200	0.0	27314.797	-0.008395955	-3.0175781	0.008761986	0.0	174.88613963127136
477	-397.00195	404.2435	-21.2981	-873.6481	15.972222	-75.290886	0.0	-75.290886	-75.290886	286800	-1.6093255e-08	34365.125	-0.015346941	-16.726562	0.009589006	0.0	175.20717120170593
478	-107.10125	224.0498	-21.744234	-848.16223	24.875	-76.68348	7.6293945e-06	-76.68349	-76.68349	287400	2.22524e-08	5614.686	-0.007266272	-326.98242	0.008933008	0.0	175.5284779071808
479	-374.3934	402.25543	-23.121689	-879.4956	16.583334	-70.90634	0.0	-70.90634	-70.90634	288000	-1.1920929e-09	32630.732	-0.0072968025	-6.142578	0.007539027	1.0	175.85151171684265
480	-345.37698	395.30417	-20.328976	-876.794	17.441177	-71.443794	7.6293945e-06	-71.4438	-71.4438	288600	5.2054723e-08	28438.854	-0.011186161	0.013671875	0.009642531	0.0	176.54735112190247
481	-257.84656	363.42004	-21.707317	-873.86896	19.896551	-71.56716	0.0	-71.56716	-71.56716	289200	-9.536743e-09	18368.943	-0.0067205057	-61.51758	0.008652585	0.0	176.86956787109375
482	-327.44867	392.29572	-19.250118	-855.66077	17.69697	-69.048195	0.0	-69.048195	-69.048195	289800	7.947286e-10	25624.943	-0.0033876323	-8.34375	0.006559938	1.0	177.20080065727234
483	-334.1505	397.4845	-20.160618	-877.3634	17.818182	-67.96845	0.0	-67.96845	-67.96845	290400	-1.5099843e-08	26300.748	-0.0071750446	-0.10546875	0.008932075	0.0	177.53528928756714
484	-299.26135	382.1244	-23.625204	-882.90753	18.838709	-67.81159	7.6293945e-06	-67.8116	-67.8116	291000	7.947286e-09	20488.504	-0.014134582	-10.828125	0.009817414	0.0	177.86914587020874
485	-397.19492	406.7185	-20.99109	-877.13947	15.789474	-66.70171	0.0	-66.70171	-66.70171	291600	-8.543332e-09	35924.668	-0.010736861	-42.339844	0.006309843	0.0	178.1693034172058
486	-294.32614	382.18845	-20.164423	-852.83374	18.870968	-68.8491	7.6293945e-06	-68.84909	-68.84909	292200	-1.11262e-08	21692.445	-0.008091342	-33.46875	0.006955174	1.0	178.4800100326538
487	-371.08606	403.62567	-20.79266	-877.27673	16.444445	-66.99766	7.6293945e-06	-66.99765	-66.99765	292800	-2.5431316e-08	31872.193	-0.017132701	-6.1992188	0.008567927	0.0	178.80271577835083
488	-329.94287	391.1286	-25.9233	-877.34705	17.878788	-67.750206	0.0	-67.750206	-67.750206	293400	9.536743e-09	26360.121	-0.0076644784	-0.48046875	0.0066521913	1.0	179.11665272712708
489	-384.0287	404.97153	-20.504496	-850.7975	16.135136	-68.0529	7.6293945e-06	-68.052895	-68.052895	294000	1.4305114e-08	33802.69	-0.009466519	-15.953125	0.008949473	0.0	179.4438259601593
490	-409.95755	402.88113	-21.691881	-851.68964	15.594595	-69.48521	7.6293945e-06	-69.4852	-69.4852	294600	-8.742014e-09	36140.85	-0.01036341	-122.16016	0.007204969	0.0	180.13583660125732
491	-330.69376	391.95016	-21.805681	-880.84717	17.848484	-73.43565	7.6293945e-06	-73.435646	-73.435646	295200	5.165736e-09	25562.33	-0.0072081997	-9.291016	0.0064829225	1.0	180.44839525222778
492	-258.87317	366.2061	-18.925922	-878.4371	20.172413	-72.543175	0.0	-72.543175	-72.543175	295800	-1.6093255e-08	17813.932	-0.008977496	-109.208984	0.008727771	0.0	180.74219059944153
493	-207.3513	337.90582	-20.554169	-880.0278	21.428572	-68.858604	0.0	-68.858604	-68.858604	296400	1.39077505e-08	13778.559	-0.011266722	-176.05176	0.008862861	0.0	181.05476832389832
494	-327.98596	392.1897	-20.70348	-851.2552	17.636364	-64.257515	7.6293945e-06	-64.25752	-64.25752	297000	-1.9073486e-08	25512.244	-0.010535557	0.40820312	0.0092111835	0.0	181.38036608695984
495	-362.9039	399.05606	-21.053198	-880.386	16.77143	-64.03833	0.0	-64.03833	-64.03833	297600	-1.7086665e-08	29774.06	-0.008827088	-51.253906	0.009185885	0.0	181.69827699661255
496	-230.43468	352.70444	-21.61148	-882.23267	20.689655	-66.44373	7.6293945e-06	-66.44374	-66.44374	298200	-3.1789145e-09	15772.014	-0.005081311	-81.68359	0.008847163	0.0	182.00292587280273
497	-314.68906	384.51068	-22.035404	-850.6319	18.1875	-63.57443	3.8146973e-06	-63.574425	-63.574425	298800	-4.371007e-09	23195.549	-0.004568038	-2.40625	0.008472632	0.0	182.31381249427795
498	-304.4476	385.44836	-20.749933	-883.1723	18.151516	-63.951447	0.0	-63.951447	-63.951447	299400	1.07288365e-08	23656.627	-0.007076733	-1.1875	0.009269697	0.0	182.63266444206238
499	-262.3948	361.7907	-22.542208	-878.752	20.034483	-63.618126	3.8146973e-06	-63.618122	-63.618122	300000	1.9073486e-08	18176.73	-0.0059427842	-0.18554688	0.008426428	0.0	183.32610154151917
