Epoch	AverageEpRet	StdEpRet	MaxEpRet	MinEpRet	EpLen	AverageVVals	StdVVals	MaxVVals	MinVVals	TotalEnvInteracts	LossPi	LossV	DeltaLossPi	DeltaLossV	KL	BacktrackIters	Time
0	-816.42004	52.4344	-664.8505	-871.6862	10.679245	-1.8417877	1.141905	2.4014983	-3.3329926	600	-3.3775964e-07	606397.1	-0.049079113	-6022.6875	0.008828133	0.0	0.7132549285888672
1	-810.0716	65.7575	-626.7455	-890.01074	12.543478	-5.8567076	0.688086	-0.9625269	-6.331135	1200	1.18811926e-07	599536.7	-0.040410075	-4318.0625	0.009497175	0.0	1.0973529815673828
2	-803.98193	57.863304	-660.15564	-878.9332	15.684211	-8.525553	1.2440252	1.8757315	-9.173952	1800	1.223882e-07	579797.4	-0.05933783	-4257.1875	0.009071937	0.0	1.48567795753479
3	-795.87775	76.73358	-633.8055	-892.20886	21.444445	-11.038377	1.9918028	3.597073	-11.994853	2400	-1.04904174e-07	563395.5	-0.03515404	-4644.6875	0.009091291	0.0	1.878253698348999
4	-758.6567	73.19397	-527.28564	-846.4798	26.045454	-14.2102785	1.2807204	0.22621441	-14.607327	3000	-1.5894573e-08	511541.28	-0.038961224	-3583.4062	0.0092226565	0.0	2.286029815673828
5	-770.6042	93.52756	-408.7355	-862.3873	24.458334	-16.805876	0.8250265	-4.8577414	-17.159948	3600	6.357829e-08	536618.4	-0.036350954	-3457.375	0.008122749	0.0	2.677323818206787
6	-767.6017	73.744286	-606.1742	-881.01215	32.88889	-19.049124	1.6300716	-1.4539654	-19.70871	4200	2.5351844e-07	547192.6	-0.03937906	-3621.0	0.008426834	0.0	3.065995693206787
7	-707.3911	90.391884	-530.0853	-874.1132	30.894737	-21.548834	0.8910073	-14.228651	-22.181877	4800	1.17619834e-07	444844.8	-0.04029206	-2908.125	0.0075969473	0.0	3.4470410346984863
8	-740.87024	96.691765	-497.27213	-866.84705	26.086956	-23.748072	0.8082475	-20.847597	-24.483013	5400	8.642674e-08	477440.1	-0.046939623	-3053.8438	0.008649045	0.0	3.8377366065979004
9	-683.3241	71.63458	-498.48868	-796.36316	35.17647	-25.898014	1.595029	-1.3562589	-26.835102	6000	1.223882e-07	436018.16	-0.03224744	-2939.2188	0.0059032347	0.0	4.227079391479492
10	-669.74347	105.41348	-398.5986	-865.1353	31.666666	-28.139565	1.0367157	-27.026617	-29.106085	6600	-4.887581e-08	371513.0	-0.036276434	-2318.7188	0.009499322	1.0	4.75674033164978
11	-676.5094	78.58268	-494.16238	-801.4169	33.941177	-30.110176	1.1388975	-28.891495	-31.175518	7200	1.6053518e-07	397369.12	-0.041142654	-2510.4062	0.008617583	0.0	5.138066530227661
12	-696.2544	102.791756	-436.46487	-874.792	30.157894	-32.162888	1.2544672	-25.197092	-33.304844	7800	-1.8000603e-07	389579.56	-0.0370796	-2492.3438	0.007389739	0.0	5.533703565597534
13	-610.2124	137.0348	-263.49127	-722.18365	35.375	-34.129684	1.5415492	-27.641628	-35.460697	8400	1.00930535e-07	336085.9	-0.04538614	-2141.2812	0.007878159	0.0	5.924578666687012
14	-605.85645	98.37966	-362.34567	-742.2234	35.875	-36.15595	1.4278535	-34.59847	-37.465004	9000	5.9604645e-08	323091.25	-0.039243754	-2162.0312	0.0066206353	0.0	6.316776514053345
15	-542.6119	100.991486	-385.97644	-686.42584	34.705883	-38.182663	1.4772879	-36.3952	-39.490673	9600	2.2490819e-07	264298.47	-0.025958449	-2173.7188	0.008861594	0.0	6.728634595870972
16	-583.11035	159.83684	-309.85718	-840.8473	32.5	-40.382473	1.434862	-38.741646	-41.637238	10200	1.5775363e-07	302114.25	-0.022922201	-2183.5625	0.007974646	0.0	7.131858587265015
17	-579.2196	160.41635	-294.16452	-867.8522	31.0	-42.44821	1.588943	-40.667698	-43.866253	10800	-2.8610229e-08	275315.72	-0.047269505	-2029.0938	0.007950765	0.0	7.516251087188721
18	-514.3777	153.96306	-246.31033	-844.37714	32.055557	-44.566303	1.7040783	-42.51266	-46.00656	11400	-5.8809917e-08	221895.97	-0.03496155	-1619.0156	0.006907475	0.0	7.903566598892212
19	-483.3561	126.76807	-336.5242	-675.55414	33.764706	-46.380928	1.8790696	-44.18779	-47.990963	12000	-3.1789145e-09	206639.14	-0.04792251	-1513.8906	0.008243705	0.0	8.313303232192993
20	-525.7975	154.05295	-259.76254	-731.2541	34.235294	-48.126488	2.0856347	-41.977894	-49.91895	12600	-8.742015e-08	255296.9	-0.032766312	-1877.2188	0.0075324853	0.0	8.823964595794678
21	-454.51096	173.51912	-181.89844	-852.2498	30.68421	-50.28314	2.2353559	-37.719097	-52.01381	13200	1.6550223e-07	174645.62	-0.037087236	-1314.8906	0.007999013	0.0	9.21107268333435
22	-396.8021	200.55153	-184.5403	-855.17847	28.380953	-52.121883	2.3908663	-44.98437	-53.906902	13800	-9.4572705e-08	118736.93	-0.035777405	-889.6094	0.0068692146	0.0	9.605738401412964
23	-333.75854	99.650826	-172.6893	-552.36743	31.052631	-53.633244	2.560516	-50.137787	-55.532913	14400	7.927418e-08	91624.34	-0.034755282	-757.5547	0.0067591467	0.0	9.977843046188354
24	-352.50015	126.58307	-150.40373	-622.92816	31.368422	-54.900677	2.8454394	-48.43939	-57.079597	15000	-4.529953e-08	111114.695	-0.032105554	-889.6406	0.008110561	0.0	10.356918334960938
25	-344.80023	150.60197	-178.36746	-695.9645	30.947369	-56.42999	3.0647168	-52.35843	-58.73685	15600	5.5829684e-08	114023.7	-0.03695857	-860.15625	0.00625331	0.0	10.736393451690674
26	-331.2239	139.40155	-192.79115	-797.9384	29.15	-58.10375	3.2282844	-53.538136	-60.3865	16200	5.801519e-08	73800.76	-0.030899946	-658.1328	0.006215544	0.0	11.121574878692627
27	-353.361	194.70364	-107.749306	-861.67053	27.52381	-59.414227	3.7273657	-37.98386	-61.923813	16800	-6.039937e-08	74296.92	-0.045771953	-631.8125	0.008311432	0.0	11.516300201416016
28	-302.72318	147.64407	-114.42509	-854.94434	28.142857	-60.92322	3.7279744	-50.66623	-63.42459	17400	2.7020773e-08	55411.19	-0.036313146	-543.8164	0.00712168	0.0	11.908325910568237
29	-258.7312	148.239	-56.951378	-844.26025	27.47619	-62.37888	4.090876	-39.163147	-64.87619	18000	-1.1364619e-07	33840.285	-0.047288626	-337.65234	0.0074497177	0.0	12.279139518737793
30	-219.00375	86.32871	-106.85502	-404.3238	28.6	-63.393906	4.144857	-56.960083	-66.0662	18600	-2.0662943e-08	32011.107	-0.027359264	-285.78125	0.00587423	0.0	12.79094409942627
31	-233.16846	154.72859	-93.13913	-827.7121	27.181818	-64.5485	4.265332	-57.580513	-67.16449	19200	9.179115e-08	30620.92	-0.03977038	-277.5957	0.008158497	0.0	13.162907600402832
32	-196.46698	65.82728	-80.26805	-382.97336	28.190475	-65.454544	4.519209	-58.116356	-68.27277	19800	1.14341574e-07	22270.049	-0.046808247	-234.07227	0.0081223985	0.0	13.525683164596558
33	-157.73148	66.29186	-84.119774	-317.19626	27.52381	-66.873695	4.4651546	-49.69915	-69.307175	20400	6.198883e-08	13157.175	-0.03228555	-120.92578	0.004374069	0.0	13.891096830368042
34	-150.84825	64.97493	-36.403515	-309.28055	27.714285	-67.474106	4.637329	-58.657146	-70.08009	21000	-6.6955884e-08	11455.658	-0.029306943	-101.34863	0.0077888537	0.0	14.254444599151611
35	-129.9784	72.66755	-26.226358	-317.3146	27.333334	-68.30922	4.88821	-43.156082	-70.78723	21600	-3.973643e-08	9464.338	-0.043145627	-72.61035	0.006561239	0.0	14.656764030456543
36	-125.74134	72.56202	-32.270454	-306.1961	27.09091	-68.56875	5.0157037	-36.23852	-71.34334	22200	3.238519e-08	9037.246	-0.038517036	-61.518555	0.006691018	0.0	15.034790754318237
37	-120.527954	58.747543	-25.804344	-254.77809	27.045454	-68.90713	5.5447536	-27.196758	-71.884766	22800	5.284945e-08	6457.758	-0.033643004	-54.50537	0.008026638	0.0	15.401420593261719
38	-94.90626	47.863953	-35.647045	-212.8935	26.454546	-68.99834	6.0433464	-22.18699	-72.39941	23400	0.0	3027.1892	-0.04347384	-36.348145	0.0058889324	0.0	15.782002449035645
39	-83.01655	51.784687	-29.218372	-243.54636	26.181818	-68.42854	5.5814266	-36.273792	-72.70383	24000	-7.3512396e-09	2863.6404	-0.049425025	-40.514404	0.007416778	0.0	16.176031589508057
40	-105.59307	161.9127	-31.251404	-849.50165	25.130434	-66.902565	6.4257903	-25.69256	-72.88832	24600	-3.33786e-08	2063.47	-0.040403783	-21.71753	0.004330368	0.0	16.71533179283142
41	-59.710228	30.908169	-26.850937	-151.5402	26.0	-65.5972	6.209902	-31.032558	-72.97936	25200	-2.9802323e-09	946.74207	-0.03311662	-77.53058	0.0058016377	0.0	17.099568367004395
42	-60.810673	28.911425	-24.939453	-134.74872	25.913044	-58.427097	5.440305	-18.967066	-73.00656	25800	1.07288365e-08	747.92566	-0.031029452	-32.21222	0.0049708104	0.0	17.464316844940186
43	-64.737495	29.049276	-23.190922	-119.40561	26.181818	-60.42544	6.5042386	-25.237072	-73.03217	26400	6.0598055e-09	737.0532	-0.03280847	-30.52179	0.004071679	0.0	17.83821177482605
44	-82.3477	156.39943	-23.329748	-823.38586	24.666666	-59.30746	6.185161	-34.372696	-73.08663	27000	-1.5894572e-09	1608.3724	-0.040108655	-82.155396	0.0026225485	0.0	18.19535779953003
45	-50.21294	20.282515	-23.199293	-99.01236	25.47826	-54.47031	5.138687	-34.337997	-73.077354	27600	6.1591465e-09	382.60733	-0.026690012	-18.64566	0.0044503547	0.0	18.57312798500061
46	-51.388565	21.696678	-26.53632	-111.15547	25.608696	-52.439728	4.907286	-10.863685	-69.941666	28200	1.0331472e-08	434.44208	-0.020241622	-25.73941	0.009982858	0.0	18.955528020858765
47	-77.214325	161.03621	-23.26032	-847.3094	24.708334	-50.07134	4.371471	-19.745827	-67.73847	28800	-1.5894573e-08	1230.6368	-0.038742255	-48.24414	0.0020004932	0.0	19.350484132766724
48	-52.95101	16.821335	-22.591206	-91.679955	25.869566	-45.541893	4.971502	-13.669095	-63.75074	29400	3.4570693e-08	288.8464	-0.03047382	-40.020126	0.00648575	0.0	19.7179012298584
49	-43.800617	16.247911	-23.48929	-83.448685	25.652174	-48.5895	4.4758496	-36.373905	-63.699657	30000	-2.7815501e-08	247.04068	-0.028053835	-38.12918	0.0059074047	0.0	20.083722591400146
50	-56.31896	23.483225	-26.138428	-111.32485	25.695652	-46.05265	4.8042827	-36.865974	-68.19572	30600	-2.2947788e-08	582.3326	-0.033989005	-82.4884	0.007857886	0.0	20.622669458389282
51	-49.86013	21.460434	-22.3637	-100.1078	25.608696	-52.53854	4.714199	-36.72892	-71.20629	31200	-9.139379e-09	405.54282	-0.03661055	-29.751892	0.008394383	0.0	20.986151218414307
52	-45.404366	17.51856	-21.648506	-85.02124	25.304348	-48.580055	4.1023765	-37.14046	-73.119225	31800	-6.357829e-09	296.98895	-0.029026633	-18.195465	0.0052150353	0.0	21.352319955825806
53	-43.89727	16.658892	-21.575129	-89.69608	25.956522	-47.9033	4.155526	-30.819176	-68.0917	32400	3.33786e-08	247.06537	-0.030771118	-8.7513275	0.0062737316	0.0	21.726298093795776
54	-46.68751	17.479925	-22.88783	-98.496956	25.695652	-47.022297	3.694264	-33.215057	-68.202515	33000	-9.536743e-09	281.3077	-0.026616335	-6.5102234	0.007272385	0.0	22.08516025543213
55	-44.82873	17.133945	-24.16963	-92.27203	25.608696	-46.661076	3.9714336	-26.254635	-66.85485	33600	-1.1920929e-08	263.54584	-0.035415128	-19.23906	0.008498757	0.0	22.445225954055786
56	-47.68388	18.385618	-23.989847	-95.5965	25.826086	-46.526733	4.706579	-32.277203	-63.124725	34200	-3.4968057e-08	289.06348	-0.030251462	-11.290314	0.007811397	0.0	22.816874742507935
57	-45.288124	17.063255	-20.497427	-84.67613	25.73913	-46.280704	4.1825857	-29.61741	-67.00698	34800	1.2119611e-08	258.55798	-0.030051911	-12.611465	0.00707729	0.0	23.178818464279175
58	-41.05151	14.556456	-23.470928	-77.206314	25.608696	-45.36761	4.3270025	-31.71595	-67.347176	35400	-1.11262e-08	194.77855	-0.027141506	-25.156387	0.007098162	0.0	23.547222137451172
59	-45.708565	20.682005	-22.031885	-124.3548	25.869566	-44.21492	5.2909126	-30.904736	-60.6962	36000	-1.9868216e-08	368.70755	-0.0076773246	-30.259491	0.0047347946	0.0	23.919705390930176
60	-43.450848	12.618826	-20.678349	-71.34397	25.826086	-43.615932	5.1057277	-33.657593	-59.91176	36600	1.11262e-08	157.6007	-0.02565481	-28.150452	0.006156865	0.0	24.42561364173889
61	-42.093475	12.231358	-22.631659	-70.813354	25.347826	-43.293293	3.5497842	-33.599216	-60.69252	37200	-1.4305114e-08	124.484505	-0.028046552	-5.3396454	0.0069678384	0.0	24.792088747024536
62	-38.245968	11.74833	-24.130934	-75.40045	25.782608	-42.415234	2.874659	-32.17555	-55.56503	37800	2.1060307e-08	130.9451	-0.01483488	-19.774567	0.008600862	0.0	25.170944452285767
63	-38.97375	10.825572	-21.549355	-61.02912	25.47826	-38.943756	2.770623	-29.54199	-55.30953	38400	-1.6291937e-08	110.642136	-0.038309656	-9.726898	0.0079730395	0.0	25.550314903259277
64	-52.93557	20.141344	-22.28163	-102.191635	25.869566	-42.512573	5.3889966	-27.287663	-60.638268	39000	-1.3113022e-08	439.28824	-0.02596064	-106.142426	0.0058203517	0.0	25.928152084350586
65	-41.197956	13.617377	-22.163048	-80.93972	25.47826	-46.023613	4.625878	-29.469206	-71.61015	39600	3.059705e-08	200.49498	-0.021571321	-42.24623	0.0066485363	0.0	26.305259704589844
66	-43.1769	12.368022	-25.400314	-73.27153	25.695652	-43.08757	3.15336	-31.81976	-60.633064	40200	-1.2715658e-08	133.15851	-0.021824514	-4.882889	0.005707455	0.0	26.666755437850952
67	-45.91337	15.472321	-26.433107	-75.526344	25.652174	-43.41902	3.2425778	-31.640442	-60.627472	40800	1.5099843e-08	215.85791	-0.021310255	-18.742828	0.005573313	0.0	27.043763160705566
68	-40.05333	10.40147	-20.096779	-70.70426	25.695652	-45.90256	3.5541961	-24.775951	-60.619595	41400	-3.0199686e-08	123.70513	-0.023579499	-32.351044	0.007130866	0.0	27.423226833343506
69	-41.67252	12.504523	-23.533195	-72.51633	25.608696	-42.45362	2.9025352	-31.164608	-60.56413	42000	1.66893e-08	133.97482	-0.018762348	-9.261154	0.0071065347	0.0	27.781349420547485
70	-39.59304	12.113118	-25.543396	-80.699844	25.347826	-43.528152	4.0574536	-26.80952	-60.52669	42600	-1.39077505e-08	134.21365	-0.027143173	-12.391808	0.0062103686	0.0	28.311806678771973
71	-43.777184	13.117181	-21.142447	-73.37924	25.52174	-42.851173	3.755957	-28.34552	-61.091522	43200	2.8610229e-08	148.89003	-0.018337874	-8.500076	0.0062027113	0.0	28.67588496208191
72	-37.28987	8.647776	-24.110332	-57.500484	25.434782	-42.235535	2.9191554	-22.927948	-60.230663	43800	-1.4901161e-09	96.754234	-0.033779003	-14.219482	0.008617296	0.0	29.038413763046265
73	-44.266346	18.615286	-26.150162	-107.06398	25.565218	-41.609802	3.516286	-26.078081	-60.38309	44400	-2.0662943e-08	300.63248	-0.026390329	-37.50592	0.005018601	0.0	29.420862674713135
74	-38.32867	10.84504	-24.829363	-69.82438	25.434782	-42.57585	3.426296	-30.248526	-60.380337	45000	5.9604645e-08	119.481514	-0.022864476	-15.342957	0.005823402	0.0	29.794797658920288
75	-39.214386	13.717702	-22.25229	-74.760315	25.608696	-41.315544	2.9635675	-23.946712	-54.98904	45600	1.8080076e-08	156.23637	-0.026372107	-14.281143	0.005864399	0.0	30.159960985183716
76	-42.07471	18.082026	-26.14937	-94.85204	25.434782	-42.25723	4.4988327	-27.040386	-60.24217	46200	5.5631e-09	241.6856	-0.02285604	-26.609497	0.00457123	0.0	30.527719020843506
77	-38.5539	12.353386	-19.60474	-60.290012	25.695652	-41.853848	5.456852	-25.419596	-63.87327	46800	3.1789145e-09	127.07844	-0.025680766	-8.589737	0.007145073	0.0	30.90820550918579
78	-40.85175	15.426684	-24.184227	-75.83512	25.47826	-41.017395	4.829893	-20.127241	-63.32894	47400	-2.0662943e-08	169.0643	-0.018075991	-23.585205	0.006986888	0.0	31.279949188232422
79	-42.02406	13.860667	-19.673895	-78.55965	25.608696	-40.395657	5.5503154	-26.495567	-60.125862	48000	-1.1920929e-08	140.27663	-0.02885211	-13.792618	0.009091098	0.0	31.656586170196533
80	-37.400635	9.595716	-23.792307	-54.299793	25.565218	-40.53049	5.4241314	-22.154959	-58.375465	48600	-2.7020773e-08	71.374176	-0.015260429	-16.502567	0.009027206	0.0	32.17965865135193
81	-34.54885	12.346364	-19.961073	-67.28262	25.391304	-37.555237	4.485698	-20.713764	-56.349285	49200	2.7020773e-08	121.01862	-0.030368999	-10.177933	0.008010755	0.0	32.54999756813049
82	-36.739452	14.788723	-23.680338	-85.73554	25.565218	-36.74915	4.3626976	-25.343576	-50.614044	49800	2.5431316e-08	149.881	-0.020196732	-27.800583	0.006119713	0.0	32.94800114631653
83	-36.87483	9.533761	-20.746222	-57.43509	25.47826	-37.015827	6.329212	-25.326525	-50.59781	50400	1.2715658e-08	54.400757	-0.025960442	-11.181351	0.009538929	0.0	33.324869871139526
84	-39.25729	8.456353	-23.001621	-55.46588	25.956522	-35.6064	3.7544231	-29.288881	-51.537342	51000	7.073084e-08	76.3713	-0.024310557	-25.750793	0.006343892	1.0	33.71722054481506
85	-34.10185	10.681807	-21.451296	-65.3687	26.0	-37.45944	4.24198	-20.876484	-50.553207	51600	-2.2649765e-08	101.63119	-0.025013452	-17.756027	0.007622358	0.0	34.103673219680786
86	-34.539806	8.920342	-22.486591	-57.971188	25.869566	-35.20202	3.4018567	-23.51717	-55.41062	52200	2.4636586e-08	74.51137	-0.024507172	-11.927017	0.00622721	0.0	34.46251678466797
87	-32.0931	8.103492	-20.948584	-50.096806	25.608696	-35.57765	3.6738985	-9.134823	-49.53305	52800	-3.8643677e-08	69.02599	-0.019234363	-14.382126	0.0068133944	0.0	34.82982516288757
88	-30.295065	5.8940897	-21.41424	-45.814888	25.782608	-33.347378	3.4663837	-21.82358	-46.193604	53400	2.7418137e-08	43.958374	-0.02166881	-21.439203	0.005977074	0.0	35.21006178855896
89	-31.355091	9.299891	-18.899391	-63.926266	25.826086	-30.587618	4.4235563	-20.300804	-53.40159	54000	-1.947085e-08	62.935352	-0.018138265	-11.362198	0.0050616367	0.0	35.58931851387024
90	-29.38741	8.1179085	-20.419842	-52.361942	25.565218	-29.511866	3.447537	-21.229673	-44.084602	54600	-1.9073486e-08	55.230293	-0.022824744	-8.338203	0.008135903	0.0	36.11763882637024
91	-27.85875	5.8165994	-20.42216	-43.555153	25.608696	-29.460043	3.6044722	-16.142561	-47.50542	55200	-3.695488e-08	32.551968	-0.02084089	-7.3681107	0.008112925	0.0	36.48611879348755
92	-30.286417	7.8643255	-20.284681	-48.48851	25.73913	-28.413805	3.9824252	-19.079945	-50.35876	55800	1.9868216e-08	55.461258	-0.01449403	-11.0720215	0.0029564116	0.0	36.864925384521484
93	-27.199009	6.0198226	-18.535297	-42.280342	25.391304	-30.186132	3.3484151	-19.619616	-40.973194	56400	4.1325887e-08	43.01577	-0.023148691	-16.337164	0.008719179	0.0	37.24527716636658
94	-27.950893	6.3063235	-20.654924	-44.7846	25.782608	-27.447487	2.8881	-16.303926	-40.06652	57000	-3.4570693e-08	31.035769	-0.028251015	-2.7789917	0.008644968	0.0	37.625009536743164
95	-31.053617	10.746892	-21.192749	-62.982964	25.782608	-28.30903	3.746069	-20.122051	-50.93397	57600	2.9404958e-08	90.520935	-0.024459774	-12.759659	0.008382321	1.0	37.99216437339783
96	-29.87898	10.280761	-19.02729	-54.811935	25.52174	-30.542711	4.623041	-17.01681	-56.008316	58200	-2.682209e-08	77.17689	-0.022398442	-10.134552	0.007798357	0.0	38.357423305511475
97	-28.805103	8.642629	-20.344835	-54.583942	25.52174	-29.114594	4.29454	-16.237469	-50.713017	58800	-9.536743e-09	51.229954	-0.020943273	-6.4343185	0.0074115046	0.0	38.74973201751709
98	-26.720753	8.256992	-20.308838	-58.52197	25.52174	-27.846745	3.8266146	-20.03187	-44.635387	59400	-1.390775e-09	40.509205	-0.024822293	-5.027916	0.008561935	0.0	39.11990284919739
99	-24.676136	3.5306792	-20.178467	-34.692356	25.695652	-26.510983	2.0092225	-18.263912	-41.85478	60000	-1.11262e-08	16.399284	-0.017216222	-2.3006678	0.008440492	0.0	39.48476600646973
100	-24.225397	4.351613	-18.856846	-36.875324	25.652174	-26.051039	2.186845	-19.89693	-45.81904	60600	2.4239222e-08	18.985773	-0.024400204	-2.1988335	0.006972748	0.0	40.02378702163696
101	-25.60786	4.737803	-18.182503	-42.801758	25.652174	-26.050716	2.0533493	-17.488577	-39.155582	61200	-4.9273172e-08	21.845661	-0.018360086	-2.2455597	0.0082683815	0.0	40.37332606315613
102	-24.968092	3.6121407	-19.411674	-33.382233	25.52174	-25.918703	1.885619	-19.583836	-39.373734	61800	-2.3841857e-09	16.018337	-0.018498575	-2.7266722	0.00600713	0.0	40.744431495666504
103	-26.561342	6.8197246	-18.403349	-50.950157	25.869566	-25.344593	2.0633814	-18.228395	-42.78251	62400	1.5894572e-09	41.008453	-0.021172404	-12.537699	0.008612519	0.0	41.11239051818848
104	-24.338062	2.605599	-19.586048	-31.011488	25.695652	-25.90541	1.8178515	-20.34156	-36.193287	63000	4.887581e-08	11.0202675	-0.015503722	-3.519617	0.009858032	0.0	41.48679494857788
105	-24.55274	4.0227714	-20.758135	-37.437916	25.826086	-25.04772	1.7675102	-18.271706	-42.364376	63600	2.7442972e-08	14.159525	-0.015646549	-1.226696	0.0060702227	0.0	41.86191201210022
106	-23.753311	3.1561182	-18.877857	-28.84405	25.73913	-24.794495	1.3966146	-19.269163	-30.576468	64200	-2.8610229e-08	11.674319	-0.018273404	-1.4610376	0.009006628	0.0	42.24833035469055
107	-23.708485	3.1012268	-19.356083	-31.581268	25.695652	-24.423124	1.3041592	-20.29572	-35.437443	64800	-1.5497207e-08	10.466705	-0.014073797	-0.96922493	0.009620878	0.0	42.63935828208923
108	-24.483961	3.2076867	-19.977032	-33.50545	25.73913	-24.183985	1.3376944	-19.095108	-35.65339	65400	1.0331472e-08	11.593374	-0.022316223	-0.84046364	0.009562647	0.0	43.019251585006714
109	-25.11658	5.006829	-19.54916	-40.413273	25.782608	-24.802353	1.7559357	-21.364798	-40.011284	66000	2.026558e-08	24.385738	-0.019013282	-1.0906258	0.0075391443	1.0	43.40242075920105
110	-24.85204	4.778144	-19.833914	-42.397552	25.652174	-24.723816	1.7361784	-18.10228	-45.701008	66600	1.11262e-08	20.417845	-0.014125228	-1.1348495	0.007948814	0.0	43.95650029182434
111	-26.397842	6.759505	-19.066994	-50.182335	25.434782	-24.879866	2.0377793	-19.19838	-42.26053	67200	2.0662943e-08	40.36093	-0.023039326	-4.139019	0.008859512	0.0	44.32119703292847
112	-24.825129	4.910536	-19.872625	-41.094296	25.695652	-26.366468	2.5480075	-19.232294	-39.164017	67800	-1.5894572e-09	22.506256	-0.027233262	-6.174179	0.009321444	0.0	44.686853885650635
113	-24.894049	3.9906142	-20.58939	-37.398388	25.782608	-24.40595	1.8500305	-18.128511	-38.984272	68400	-7.947286e-09	16.511318	-0.025384413	-1.7894468	0.008532122	0.0	45.04727578163147
114	-24.715935	4.503485	-19.233566	-37.353855	25.826086	-24.935335	1.4165202	-20.213884	-37.08155	69000	1.11262e-08	18.659033	-0.014423507	-0.6319828	0.00792574	0.0	45.432995557785034
115	-24.319681	3.689848	-18.98938	-31.89961	25.695652	-24.71436	1.4640898	-19.21382	-36.95228	69600	-4.0928523e-08	13.187469	-0.019518211	-0.42473698	0.006099754	0.0	45.81600475311279
116	-24.329388	3.3432348	-18.598679	-31.629093	25.52174	-24.489128	1.1696681	-18.233482	-36.56932	70200	7.947286e-10	11.69105	-0.018475512	-0.6699219	0.00941822	0.0	46.17647123336792
117	-23.678093	3.085276	-19.780493	-33.192604	25.608696	-24.464489	1.0669032	-20.46143	-34.132355	70800	-3.33786e-08	9.947283	-0.014244926	-0.6114702	0.007827466	0.0	46.55153226852417
118	-24.237114	3.532581	-19.507162	-32.500866	25.869566	-24.221153	1.0098263	-19.156155	-31.379822	71400	-2.7815501e-08	12.291974	-0.017296454	-0.28374004	0.007515372	0.0	46.93965983390808
119	-23.285576	3.3044634	-19.575275	-32.777042	25.608696	-24.160198	1.0604004	-20.916363	-32.81387	72000	-1.0331472e-08	11.161589	-0.019522347	-0.56327534	0.009005395	0.0	47.33281588554382
120	-24.248657	3.5245483	-18.558157	-31.810526	26.043478	-24.029158	1.1703036	-20.186052	-29.618645	72600	-1.390775e-09	11.602254	-0.017472113	-1.3607254	0.00871056	0.0	47.897217750549316
121	-23.023518	2.4436305	-18.831541	-27.744492	26.0	-24.15741	1.1820035	-19.649195	-31.409025	73200	-1.8676122e-08	7.829691	-0.015024317	-1.1362071	0.00821484	0.0	48.26942014694214
122	-22.941317	1.9849916	-18.494568	-26.983519	25.869566	-23.760534	1.227456	-19.733067	-37.954758	73800	-3.8146972e-08	5.4629235	-0.015754733	-0.5545082	0.00922912	0.0	48.65066432952881
123	-23.186815	2.3146467	-18.714159	-29.59478	25.52174	-23.162983	1.0015364	-18.02899	-27.915817	74400	-1.2715658e-08	6.1393995	-0.012966422	-0.59231234	0.009577918	0.0	49.0338876247406
124	-24.859238	6.165574	-19.739084	-50.289814	25.52174	-23.706305	1.6391045	-20.67369	-41.211	75000	8.225441e-08	34.12123	-0.02432233	-5.27376	0.00879726	0.0	49.396472454071045
125	-23.539797	1.9851682	-20.382574	-26.867886	25.826086	-24.383738	1.6705937	-20.895355	-31.519125	75600	-4.7683715e-09	6.9783025	-0.007903953	-2.7323265	0.005541619	0.0	49.7589795589447
126	-23.588024	2.6978369	-20.36768	-31.47092	26.0	-23.619509	0.8370781	-19.605785	-29.236856	76200	-2.9404958e-08	7.4818783	-0.013348635	-0.24234295	0.009850535	0.0	50.128620862960815
127	-23.191114	2.560463	-19.3553	-29.544819	25.73913	-23.78606	1.0570269	-20.365904	-31.12368	76800	-1.5894572e-09	7.208475	-0.010570549	-0.4453268	0.005886417	0.0	50.494818687438965
128	-23.487146	3.0324752	-18.937181	-31.256079	25.826086	-23.462194	0.96784073	-19.456041	-32.37794	77400	1.8278758e-08	8.9430685	-0.020308271	-0.19870472	0.0073717358	1.0	50.864802837371826
129	-24.125952	2.8657708	-20.273851	-30.9041	25.73913	-23.59123	0.9581007	-19.164684	-30.032444	78000	-4.7683715e-09	8.54751	-0.018783627	-0.8288903	0.008397527	0.0	51.23581504821777
130	-24.020187	4.929353	-19.21618	-44.49214	25.869566	-23.93043	1.5903624	-21.06151	-51.032665	78600	3.0994414e-08	22.68958	-0.0061945245	-0.6612263	0.0009314855	0.0	51.877851724624634
131	-23.318089	2.6163106	-18.841537	-31.272202	25.782608	-23.738007	0.8209074	-19.670717	-28.974314	79200	-6.9538753e-09	7.4324217	-0.0168482	-0.40513468	0.0065182517	1.0	52.24536395072937
132	-22.718697	3.3297787	-19.092205	-32.79992	25.652174	-23.568193	0.81374043	-19.904497	-29.411282	79800	-4.2120615e-08	11.275104	-0.017691636	-0.6232281	0.008031494	0.0	52.63361406326294
133	-22.472696	3.2388306	-19.48453	-33.94641	25.826086	-22.983418	1.1230237	-18.453596	-30.435865	80400	0.0	11.185182	-0.017996777	-1.200491	0.008828111	0.0	52.993133306503296
134	-22.754652	3.3119936	-18.920008	-31.966793	25.73913	-23.041857	1.1945683	-18.692274	-33.812588	81000	1.66893e-08	10.310029	-0.0148016475	-0.44676685	0.006940933	0.0	53.361820220947266
135	-23.411924	2.604539	-19.075	-29.361807	25.782608	-22.917486	1.0232441	-18.937233	-29.548994	81600	1.0331472e-08	7.2802114	-0.0065651503	-0.33607244	0.0075477106	2.0	53.74947476387024
136	-22.783838	2.2141337	-19.812845	-27.6983	25.826086	-23.086365	0.80537695	-18.403593	-27.342382	82200	3.6557516e-08	5.1348567	-0.014491191	-0.33296776	0.007098136	0.0	54.121744871139526
137	-22.431337	3.4878252	-19.014767	-31.19925	25.913044	-23.004702	1.2892714	-20.052065	-37.79647	82800	-3.159046e-08	11.017433	-0.024659261	-0.7544193	0.009513473	0.0	54.49988079071045
138	-21.954556	1.813844	-19.192528	-25.633944	25.73913	-22.496323	0.8009027	-19.547625	-27.149155	83400	1.2318293e-08	3.892356	-0.009528721	-0.3685918	0.009615354	0.0	54.87784719467163
139	-24.651888	3.8179672	-19.737421	-32.292683	25.695652	-22.51097	1.1855978	-20.31979	-34.96499	84000	-6.039937e-08	18.512413	-0.022147339	-5.5077353	0.009506304	0.0	55.24562883377075
140	-22.84699	3.0377753	-18.700327	-29.688925	25.869566	-23.589384	1.3018665	-18.533434	-28.226082	84600	-2.503395e-08	10.253298	-0.02363637	-1.628294	0.009663465	0.0	55.81626915931702
141	-22.399748	2.3465533	-19.179817	-26.68214	25.913044	-23.144125	1.1264602	-20.015242	-30.904932	85200	6.7551933e-09	5.8702044	-0.016470727	-0.7612014	0.007303683	1.0	56.19675660133362
142	-23.481604	3.2887988	-19.926233	-32.948383	25.73913	-22.56736	0.75694543	-17.956732	-27.363651	85800	3.0994414e-08	11.24095	-0.008834345	-0.9502802	0.008630228	0.0	56.547969341278076
143	-24.064112	4.3516264	-19.05028	-36.589222	26.086956	-23.370356	1.3524265	-21.263588	-37.440887	86400	-4.4107438e-08	17.205143	-0.012247509	-2.0171156	0.00507296	0.0	56.91566348075867
144	-22.786823	2.352735	-19.87934	-29.124916	25.869566	-23.616598	1.082506	-17.89212	-30.339607	87000	-7.192294e-08	7.071934	-0.021127969	-1.517911	0.009173972	0.0	57.275546073913574
145	-22.17693	2.3445148	-18.969868	-28.154608	25.826086	-22.940527	0.76335	-18.53937	-31.01373	87600	-2.3841857e-09	6.1119456	-0.0152585665	-0.57331467	0.008248786	0.0	57.63924193382263
146	-23.669847	2.6865973	-19.438105	-29.771805	25.826086	-22.693157	0.85601115	-19.684412	-29.822481	88200	-1.41064325e-08	8.603402	-0.021428678	-0.9690094	0.008205268	0.0	58.007585525512695
147	-22.684158	3.5551019	-19.389101	-32.969517	25.956522	-23.239773	0.82769525	-20.929165	-30.546185	88800	3.0199686e-08	12.587348	-0.011056451	-0.81670856	0.0066311737	1.0	58.389071226119995
148	-21.902956	2.2834606	-19.175533	-28.801819	26.086956	-23.02646	0.9290376	-19.711033	-27.700079	89400	-5.443891e-08	7.2295995	-0.016464112	-2.8094044	0.00848028	0.0	58.763946294784546
149	-23.3974	2.9602888	-19.220663	-30.50418	25.913044	-22.087343	1.9344672	18.410994	-30.380768	90000	3.33786e-08	14.292151	-0.012079144	-5.842719	0.0077142096	0.0	59.127647399902344
150	-22.024874	2.1141176	-18.544971	-27.989134	25.608696	-23.184254	1.0798495	-20.058706	-28.926851	90600	2.6325385e-08	5.780998	-0.009654355	-1.6522975	0.00959511	0.0	59.68851828575134
151	-22.757832	3.0126443	-19.396921	-32.88162	25.73913	-22.26411	1.0381222	-18.656576	-35.98251	91200	-1.1920929e-08	8.40682	-0.015946526	-0.62070465	0.008192832	0.0	60.072519063949585
152	-23.35256	2.99805	-19.52003	-29.68588	25.73913	-22.536041	0.59138	-18.71391	-25.8938	91800	6.357829e-08	9.623999	-0.023050042	-1.0938854	0.009403612	0.0	60.44998502731323
153	-22.610134	2.7977045	-18.595186	-28.269964	25.73913	-23.00812	0.5389548	-19.681578	-27.41095	92400	-3.7749608e-08	8.176682	-0.008946248	-1.0956864	0.0073465696	0.0	60.83106994628906
154	-22.40543	3.3434865	-18.982006	-33.31372	25.782608	-22.987415	1.2780486	-18.389761	-35.86898	93000	3.0199686e-08	9.162723	-0.014800273	-0.91890144	0.0072845886	0.0	61.20939493179321
155	-22.517626	2.914541	-18.204634	-29.913498	25.913044	-22.342604	0.873319	-18.785301	-28.01822	93600	-1.7484028e-08	8.238206	-0.0079793995	-0.5249009	0.0068209833	0.0	61.575926065444946
156	-23.113886	2.9508448	-18.886314	-30.07968	25.782608	-22.442425	0.75977576	-13.748012	-26.58805	94200	3.973643e-09	9.139211	-0.012257983	-0.87667465	0.008675148	0.0	61.950151681900024
157	-23.061888	3.135933	-19.089384	-32.52709	25.826086	-22.991817	0.80472964	-20.160028	-30.518099	94800	6.357829e-09	9.536328	-0.01833114	-0.55137444	0.008718511	0.0	62.32488989830017
158	-22.644072	2.239943	-19.201017	-27.03587	25.695652	-23.094843	0.96035165	-18.273022	-28.256367	95400	-6.7551933e-09	5.9303703	-0.013358928	-1.355473	0.006988702	1.0	62.70706820487976
159	-22.623508	1.8786904	-19.671717	-26.044048	25.782608	-22.622908	0.63909	-20.126617	-27.657036	96000	-5.642573e-08	3.5208569	-0.014507797	-0.15142918	0.008535925	0.0	63.07905101776123
160	-22.281696	2.2860727	-19.062387	-28.976572	25.695652	-22.555305	0.46757483	-19.95	-24.538187	96600	7.152557e-09	5.1737437	-0.009085673	-0.22908497	0.004416613	0.0	63.63521695137024
161	-23.258505	2.405315	-19.644596	-28.532307	25.652174	-22.392519	0.44973877	-20.672586	-26.351917	97200	1.9073486e-08	6.509948	-0.017594099	-0.9047818	0.0071138907	0.0	63.99653124809265
162	-22.619488	2.4870849	-18.902475	-28.684175	25.782608	-23.11973	0.46009627	-21.161587	-27.31987	97800	3.89417e-08	6.371234	-0.01820083	-0.53771067	0.009159118	0.0	64.35295796394348
163	-22.62485	2.7469525	-19.095545	-30.483786	25.73913	-22.748152	1.1024009	-19.552431	-43.12938	98400	-3.417333e-08	7.199743	-0.017667646	-0.27643538	0.0076341233	0.0	64.74315643310547
164	-23.237974	2.5194364	-19.018446	-27.649355	25.826086	-22.663134	0.85576195	-20.22327	-31.696512	99000	0.0	6.321775	-0.018231405	-0.5250845	0.009609085	0.0	65.11522006988525
165	-23.319017	2.2762225	-20.230345	-28.509562	25.826086	-23.032167	0.46620652	-21.502872	-26.687424	99600	3.1789146e-08	5.2782674	-0.023650562	-0.5598693	0.009757303	0.0	65.48428988456726
166	-22.75992	2.8885367	-19.031004	-28.403893	25.869566	-23.307611	1.0838649	-19.979452	-28.112812	100200	-3.218651e-08	8.078422	-0.016092286	-0.7524872	0.008349353	0.0	65.85241794586182
167	-21.298103	1.6437387	-18.823704	-25.503153	26.136364	-22.704248	0.74790967	-19.88235	-26.006203	100800	3.8146972e-08	4.856823	-0.013795713	-2.055704	0.007938809	0.0	66.20746207237244
168	-21.736338	2.520472	-18.90901	-27.954348	25.695652	-21.582916	0.36864546	-19.371374	-24.046572	101400	1.7881394e-08	6.2842374	-0.0150782345	-0.089187145	0.008617403	0.0	66.57614469528198
169	-23.119692	2.8778443	-18.473852	-28.511509	25.956522	-21.741201	0.56473655	-19.681192	-30.380802	102000	4.808108e-08	10.028442	-0.015861996	-2.117692	0.0074446406	0.0	66.94073057174683
170	-22.766214	2.7182405	-18.176744	-27.743889	25.956522	-23.016132	0.60372436	-20.771763	-28.429249	102600	7.947286e-09	7.2033544	-0.0154234255	-0.4387207	0.008459173	0.0	67.5234215259552
171	-22.38573	2.1909835	-18.849031	-28.68435	25.913044	-22.744043	0.63934755	-20.708126	-27.11554	103200	6.477038e-08	4.981146	-0.010207854	-0.31450462	0.0077052847	0.0	67.89161610603333
172	-23.179234	2.1544926	-20.116022	-28.320372	26.086956	-22.394356	0.35899583	-20.206532	-26.57696	103800	4.7286353e-08	5.2253313	-0.012225447	-0.81540394	0.009992862	0.0	68.25805068016052
173	-22.400995	3.6236846	-19.09718	-36.932358	25.869566	-23.250904	1.1084985	-21.268612	-36.75114	104400	-5.4836274e-08	10.521659	-0.0049199965	-1.9001064	0.005640685	0.0	68.62359237670898
174	-22.432049	3.1269338	-18.80883	-30.152641	25.913044	-22.206148	0.65752	-19.644547	-26.062592	105000	7.7486035e-09	9.979214	-0.01590987	-1.1111851	0.009413344	0.0	68.98961353302002
175	-22.157276	2.835751	-19.226978	-29.088772	26.043478	-22.553734	0.7417204	-20.656649	-26.750002	105600	4.6094257e-08	8.270072	-0.008656916	-1.245172	0.0062894034	0.0	69.3519356250763
176	-22.053024	2.5409648	-18.927284	-28.575987	25.869566	-21.959814	0.63535786	-19.8264	-26.764486	106200	2.3841857e-09	7.175469	-0.013545627	-0.84392166	0.007279728	0.0	69.71853995323181
177	-22.184868	3.0593748	-18.637745	-32.79161	26.0	-22.139664	0.65595263	-20.422186	-30.115349	106800	-1.11262e-08	8.623627	-0.01135567	-2.0377455	0.0069727334	0.0	70.09292078018188
178	-22.100397	2.4788458	-18.985329	-28.228338	26.086956	-21.903929	0.46886146	-18.37613	-26.201128	107400	2.3841857e-09	6.1316276	-0.016979752	-0.48724604	0.009856407	0.0	70.47562646865845
179	-22.769688	2.4216814	-19.059687	-27.751665	25.913044	-22.337008	1.1598824	-18.896933	-31.705744	108000	-2.78155e-09	6.8595123	-0.012231932	-1.4179368	0.0064071626	0.0	70.84587168693542
180	-22.188936	2.0875063	-18.783964	-28.600977	26.043478	-22.740845	0.87549114	-20.740685	-28.522837	108600	-7.947286e-10	4.4096875	-0.013988242	-0.574486	0.007010277	0.0	71.43233227729797
181	-21.71057	1.5516622	-19.309448	-25.228422	25.826086	-22.101389	0.5365633	-19.836277	-25.942408	109200	-1.2318293e-08	2.8488388	-0.010428817	-0.43641114	0.0069516595	1.0	71.81584095954895
182	-21.453358	1.6162502	-18.986176	-24.678104	25.956522	-21.708946	0.19507955	-20.415913	-22.96527	109800	-5.3644182e-09	2.6326964	-0.01592623	-0.1470573	0.008386362	0.0	72.17700386047363
183	-22.248632	2.2825584	-18.72296	-27.535585	25.869566	-21.444874	0.42380774	-19.24022	-23.93238	110400	1.942118e-08	5.8591714	-0.012987197	-1.0380807	0.008074862	0.0	72.56388115882874
184	-22.130636	2.6128683	-19.414509	-31.063826	26.0	-22.34471	1.0765593	-20.466007	-35.572773	111000	-2.8610229e-08	6.2149363	-0.014491043	-0.8066902	0.0072839307	0.0	72.9481406211853
185	-22.284765	2.3817685	-19.224548	-30.698254	25.956522	-22.003544	0.54191285	-19.733822	-27.429409	111600	2.9802322e-08	5.7640586	-0.014058912	-0.60369635	0.007813953	0.0	73.31017518043518
186	-21.944733	2.2570639	-19.391268	-26.617031	26.136364	-22.270832	0.49268126	-20.496567	-27.624838	112200	7.947286e-10	4.931724	-0.007839377	-0.2579584	0.0049580033	0.0	73.69746160507202
187	-22.151773	2.4756176	-19.196991	-31.874016	26.043478	-22.047344	0.59720695	-20.131607	-27.828093	112800	-8.106232e-08	6.2553997	-0.017789831	-0.44472456	0.0074902647	1.0	74.07206082344055
188	-21.371607	1.8333514	-18.708263	-25.497967	25.782608	-22.125706	0.5592975	-20.53686	-26.54571	113400	-2.125899e-08	3.8714812	-0.009803015	-0.63633585	0.006714751	0.0	74.43872380256653
189	-21.460115	2.031259	-18.865736	-27.012974	25.869566	-21.37858	0.44971168	-20.279692	-28.381937	114000	-1.5894572e-09	4.057067	-0.014515724	-0.18456173	0.0073466683	1.0	74.80528593063354
190	-21.658272	1.8987548	-18.873322	-25.553703	26.0	-21.412807	0.47890106	-19.255014	-26.279768	114600	-3.536542e-08	3.6241138	-0.009574666	-0.20093131	0.005566698	0.0	75.38571858406067
191	-22.069714	2.150756	-19.253584	-26.892975	25.782608	-21.71965	0.5642264	-19.695997	-26.927866	115200	-3.2583873e-08	4.512944	-0.013153837	-0.17273378	0.005667185	0.0	75.76316237449646
192	-21.283205	1.6451184	-18.476587	-24.353462	25.913044	-22.002962	0.4919953	-19.597807	-25.895058	115800	3.159046e-08	3.203435	-0.008677194	-0.6117151	0.0070223035	1.0	76.1496992111206
193	-21.806543	1.6279229	-19.149412	-25.620499	25.695652	-21.261267	0.34675425	-19.849606	-24.421204	116400	-2.9404958e-08	2.8029144	-0.0031102411	-0.40605068	0.007991212	0.0	76.54272890090942
194	-21.501045	1.8786858	-19.08234	-25.498854	25.913044	-21.830921	0.6360942	-20.095015	-27.321281	117000	2.8610229e-08	3.3931663	-0.01116659	-0.26997328	0.009401135	0.0	76.89498257637024
195	-22.2451	2.4455492	-19.165035	-28.28283	25.782608	-21.44201	0.46544626	-18.957651	-25.604734	117600	2.6623407e-08	6.366526	-0.005062195	-0.883286	0.00298789	0.0	77.26647782325745
196	-20.83879	1.43006	-19.061306	-24.576332	25.956522	-22.243837	0.51799005	-20.570385	-26.128511	118200	8.68241e-08	4.101407	-0.01374075	-2.1344128	0.0058524925	0.0	77.64318251609802
197	-21.288559	2.0780668	-18.3202	-27.624708	26.043478	-20.877502	0.461319	-19.37048	-25.835299	118800	-3.33786e-08	4.216711	-0.011169595	-0.24529338	0.0051879436	0.0	78.00669407844543
198	-21.288176	2.0760994	-19.440754	-27.252428	25.956522	-21.266218	0.45471305	-19.775467	-26.24512	119400	-3.0994414e-08	4.3813577	-0.015001648	-0.221663	0.006691143	0.0	78.39199161529541
199	-21.568947	1.6144876	-18.851967	-24.891182	25.52174	-21.289251	0.3331296	-19.880835	-24.174717	120000	-4.1325887e-08	2.6721094	-0.012788415	-0.16123366	0.0049451916	0.0	78.76494145393372
200	-21.723515	2.2753932	-18.622887	-27.15551	26.0	-21.604185	0.7420939	-19.01574	-36.587387	120600	-3.8146972e-08	5.1885905	-0.011768394	-0.39511728	0.005924654	0.0	79.35193419456482
201	-20.95208	1.5901556	-18.81435	-25.021475	26.043478	-21.677912	0.40987056	-18.907764	-25.381887	121200	-3.2583873e-08	3.0461097	-0.011256741	-0.6183927	0.005598614	0.0	79.7224063873291
202	-21.859856	2.6610484	-19.285553	-32.685764	26.086956	-21.035152	0.77121854	-20.081688	-35.33927	121800	-3.218651e-08	7.0712647	-0.018180553	-1.2514448	0.0074184006	0.0	80.10641121864319
203	-20.90957	1.1673142	-19.073977	-23.583603	25.695652	-21.76128	0.35639077	-20.347467	-25.80609	122400	8.940697e-08	2.1864998	-0.011946946	-0.85338044	0.009888791	0.0	80.45374870300293
204	-21.898874	1.9604626	-19.266315	-26.140543	25.869566	-20.981167	0.47966015	-19.639532	-27.384024	123000	-4.251798e-08	4.6674376	-0.011765285	-1.1875653	0.007025	0.0	80.82792258262634
205	-22.344446	2.9844513	-18.986	-29.857344	26.0	-21.927858	0.65072197	-20.233406	-28.59872	123600	-5.8412553e-08	8.556404	-0.01659179	-0.36721992	0.008868924	0.0	81.18888139724731
206	-21.530973	1.7438478	-18.378628	-24.824345	26.181818	-22.245127	0.47405818	-19.699308	-27.07651	124200	-4.2915346e-08	3.5184228	-0.005115579	-0.68503	0.0043784166	0.0	81.55555653572083
207	-21.597757	1.7530469	-18.599945	-24.617294	25.826086	-21.619085	0.36664712	-19.968292	-25.314259	124800	-7.549922e-09	3.100354	-0.013109959	-0.26884937	0.009066454	0.0	81.91415023803711
208	-21.931063	1.4362031	-19.234499	-24.600824	26.086956	-21.604897	0.5455801	-19.156752	-26.301426	125400	-1.66893e-08	2.4053555	-0.011644068	-0.3519354	0.009380161	0.0	82.28017258644104
209	-22.761969	3.733865	-19.22462	-36.094215	25.869566	-21.946098	0.4304128	-19.383213	-28.873213	126000	-4.0133795e-08	13.701713	-0.013117493	-4.1914587	0.0035432696	0.0	82.64125871658325
210	-22.905876	2.9902005	-19.431463	-30.841911	26.0	-22.810625	1.255796	-20.715036	-31.859385	126600	2.2848447e-08	8.758718	-0.019811867	-0.6304064	0.009582511	0.0	83.23706817626953
211	-21.238379	1.8098342	-18.841919	-26.952576	26.043478	-22.861078	0.7012288	-20.230858	-27.471045	127200	-6.2783556e-08	6.1543784	-0.009122913	-3.0526817	0.00791803	0.0	83.60868906974792
212	-22.410849	4.6977906	-18.768112	-43.085083	25.913044	-21.362299	1.2858001	-19.508308	-39.502884	127800	-3.417333e-08	19.849882	-0.008528764	-3.4705486	0.004652273	0.0	83.96290874481201
213	-21.114912	1.4838177	-18.86863	-23.97365	26.043478	-22.234356	0.7898859	-19.807467	-27.704126	128400	2.503395e-08	3.9065642	-0.008381108	-1.3608806	0.0076401727	0.0	84.33402180671692
214	-21.41239	1.7596905	-18.639427	-26.232445	25.782608	-21.131716	0.50162417	-18.88323	-27.017248	129000	-4.7683715e-09	3.07958	-0.007546392	-0.16098404	0.006094853	0.0	84.71536660194397
215	-22.333002	3.3712633	-19.131113	-30.999643	26.043478	-21.47112	0.7485588	-19.450264	-27.438152	129600	-3.159046e-08	11.563022	-0.02171942	-1.0733337	0.008421803	0.0	85.07407665252686
216	-21.152704	1.5544411	-18.636036	-25.949314	25.956522	-22.2279	0.5467003	-18.243076	-26.958235	130200	-7.2320304e-08	3.6275284	-0.01587342	-1.4726639	0.006691815	1.0	85.45042681694031
217	-21.154478	2.0773335	-18.785887	-27.252262	25.826086	-21.181425	0.6279127	-16.7741	-28.453222	130800	3.417333e-08	4.1745067	-0.009702315	-0.13985586	0.00939371	0.0	85.83165550231934
218	-20.745447	1.3176248	-18.964703	-23.535013	26.0	-21.139492	0.46934232	-18.82838	-24.224186	131400	2.8610229e-08	2.000334	-0.010226815	-0.31927896	0.008085536	0.0	86.19703221321106
219	-21.879145	2.605104	-19.241854	-32.208652	26.272728	-20.812834	0.5673454	-19.154156	-27.12058	132000	-1.41064325e-08	7.3282747	-0.015898677	-1.2234426	0.008462763	0.0	86.58289313316345
220	-20.930428	1.4196184	-18.589842	-23.364948	26.09091	-21.76611	0.4757751	-18.495836	-25.479298	132600	1.9868215e-10	2.769245	-0.0071863993	-0.7281029	0.0063785193	0.0	87.1957654953003
221	-21.221313	1.6935318	-18.57247	-25.053024	26.086956	-21.017252	0.41924244	-17.889614	-24.791174	133200	-4.371007e-09	2.7960823	-0.008671327	-0.1000278	0.005030253	0.0	87.56009888648987
222	-21.301033	1.8372965	-18.357115	-26.056406	26.181818	-21.216084	0.64794403	-16.240747	-28.210882	133800	5.5631e-09	3.271524	-0.014901933	-0.17894197	0.0051152892	0.0	87.92662739753723
223	-21.225597	1.5103979	-18.936243	-24.729414	25.826086	-21.268045	0.3131566	-18.87023	-23.99597	134400	1.5894572e-09	2.2528346	-0.009421841	-0.05836177	0.008733772	1.0	88.2918016910553
224	-21.055853	1.6295997	-18.75363	-24.639395	26.0	-21.239002	0.39049286	-18.745	-25.358482	135000	-4.331271e-08	2.5790956	-0.01957861	-0.07884669	0.007916074	0.0	88.66781282424927
225	-21.099407	1.7335578	-19.084581	-25.086224	26.086956	-21.071634	0.5179582	-19.399887	-26.560574	135600	-3.0795732e-08	2.769493	-0.014506143	-0.063431025	0.006635579	0.0	89.03489327430725
226	-21.051338	2.0009813	-18.714561	-26.806896	25.956522	-21.145641	0.4521294	-19.470732	-25.259167	136200	-1.1722247e-08	3.665712	-0.01158667	-0.17556524	0.00848552	0.0	89.4045262336731
227	-21.241154	1.3482391	-19.122322	-24.072401	26.136364	-21.08096	0.5829054	-19.105732	-25.50988	136800	2.0662943e-08	1.8722546	-0.017095884	-0.1731714	0.006499497	1.0	89.78682565689087
228	-20.723883	1.3734283	-18.82776	-23.372353	25.869566	-21.196068	0.3454201	-19.73686	-24.187822	137400	7.947286e-09	1.9794619	-0.01651607	-0.27303243	0.008762291	1.0	90.1597306728363
229	-21.462145	1.5068808	-19.218548	-24.281593	26.0	-20.721779	0.46675313	-16.70256	-24.356064	138000	5.5631e-09	2.8251204	-0.018376108	-0.68010616	0.009055221	0.0	90.5267481803894
230	-21.07401	2.1421638	-18.736242	-28.535244	26.086956	-21.459167	0.5040836	-19.319372	-28.003683	138600	-5.4836274e-08	4.474768	-0.013127661	-0.29456902	0.008512839	0.0	91.11729621887207
231	-20.948126	1.9432828	-18.538265	-26.540129	26.181818	-21.079002	0.5891927	-18.635284	-26.183006	139200	-4.2915346e-08	3.4292595	-0.0027790698	-0.1206193	0.0058683185	0.0	91.49169659614563
232	-21.068762	2.2513912	-18.80569	-28.52592	25.913044	-21.00286	0.6766472	-17.953655	-28.614862	139800	-5.086263e-08	4.6198325	-0.017148288	-0.6965525	0.008559163	0.0	91.87781596183777
233	-21.029451	1.5411129	-18.483511	-24.758965	26.0	-20.896338	0.60998815	-18.832714	-26.16807	140400	4.4107438e-08	2.4754689	-0.0077972654	-0.18147206	0.0064222664	0.0	92.25813484191895
234	-21.804926	1.7951081	-18.442581	-24.649393	26.086956	-21.002436	0.44681323	-16.841038	-23.475502	141000	-1.8278758e-08	3.9300342	-0.0069445064	-0.7449317	0.007213822	0.0	92.62908744812012
235	-22.418247	3.0201342	-18.843975	-32.882397	26.227272	-21.877373	0.71286243	-20.019878	-30.551376	141600	-4.7683715e-09	8.4622345	-0.018356103	-0.49760818	0.0076616565	0.0	92.98497557640076
236	-21.004694	1.5490667	-19.004093	-25.701126	26.086956	-22.196276	0.5185221	-17.103725	-25.517412	142200	-6.5962475e-08	3.8730974	-0.011189591	-1.6015103	0.0049042213	0.0	93.34173560142517
237	-21.827454	1.821663	-19.618078	-26.58124	26.086956	-21.102222	1.038776	-19.519512	-36.40389	142800	2.2649765e-08	3.765052	-0.008134531	-0.8199389	0.003816816	0.0	93.70093870162964
238	-20.726265	1.1480066	-18.72252	-23.405838	25.913044	-21.75486	0.29872674	-19.43811	-23.7599	143400	1.9073486e-08	2.3573666	-0.0085492525	-1.0911087	0.009434968	1.0	94.07101464271545
239	-21.285196	1.7989026	-18.853653	-25.592695	26.043478	-20.776985	0.39852506	-19.270435	-25.833792	144000	0.0	3.4046526	-0.009967546	-0.44321704	0.0065213116	0.0	94.44327592849731
240	-21.593517	1.6552063	-19.016558	-25.311785	25.869566	-21.247896	0.5136299	-19.363552	-25.543549	144600	3.973643e-09	2.598154	-0.011389224	-0.1939764	0.0070725093	0.0	95.05460166931152
241	-21.9714	1.8552114	-18.880373	-25.390064	25.869566	-21.571934	0.617852	-19.421627	-27.130972	145200	-3.7352244e-08	3.7619295	-0.013560121	-0.48221016	0.007838763	0.0	95.42391514778137
242	-20.504776	1.6771698	-18.824627	-25.974785	25.869566	-21.997175	0.31892154	-20.285137	-24.606018	145800	-1.1920929e-08	5.082206	-0.014772533	-2.3423486	0.008661041	0.0	95.79476261138916
243	-21.074795	1.4042856	-18.59929	-24.145721	25.869566	-20.524418	0.23979062	-18.630096	-22.092619	146400	4.7683715e-09	2.2402918	-0.007957348	-0.34652925	0.004739456	0.0	96.16891980171204
244	-21.16857	1.4041129	-18.609482	-24.25217	25.913044	-21.075022	0.22834286	-19.803936	-23.292044	147000	3.33786e-08	1.9358848	-0.014380284	-0.1037761	0.0051263343	0.0	96.54007744789124
245	-21.45537	1.6495309	-18.77423	-25.585896	26.181818	-21.183111	0.39184132	-18.125204	-23.661222	147600	8.34465e-09	2.6353955	-0.013428168	-0.25324798	0.008528698	0.0	96.90499877929688
246	-21.363464	1.875137	-18.999645	-24.42712	26.043478	-21.480188	0.42393166	-19.773676	-24.198801	148200	6.357829e-09	3.5446086	-0.008278903	-0.20235324	0.007402603	1.0	97.27480459213257
247	-20.620096	1.4733802	-18.518051	-23.23164	26.0	-21.331137	0.40671405	-18.793053	-23.67119	148800	-1.4305114e-08	2.635072	-0.011467443	-0.6726489	0.0076903882	0.0	97.65114879608154
248	-20.627611	1.429652	-18.472998	-24.161057	26.0	-20.600355	0.34540507	-18.72764	-22.38182	149400	-1.7484028e-08	1.9724624	-0.007801836	-0.049103856	0.004047387	0.0	98.02907252311707
249	-21.653223	2.0614028	-18.825945	-25.82011	25.869566	-20.643644	0.3865418	-18.712025	-23.718967	150000	-1.4702479e-08	5.103529	-0.015979724	-1.1207368	0.0049269367	0.0	98.4005491733551
250	-21.648369	2.2546773	-18.21865	-29.357643	26.086956	-21.669939	0.5613727	-19.075752	-28.077507	150600	-5.5631e-09	4.6981454	-0.015125123	-0.16382504	0.008585599	0.0	99.00764632225037
251	-20.702944	1.4260361	-19.00513	-24.415438	25.869566	-21.558277	0.39356115	-19.378782	-24.388466	151200	-6.357829e-09	2.789488	-0.011861386	-0.8312303	0.006230081	0.0	99.37434244155884
252	-21.376575	1.9097028	-18.569592	-24.90139	25.913044	-20.714716	0.37361178	-18.69995	-24.29475	151800	-2.1855037e-08	3.9478655	-0.012397583	-0.5211611	0.0074403817	0.0	99.73293662071228
253	-21.056574	1.6371602	-19.182665	-24.756987	26.0	-21.374239	0.38176897	-19.32914	-25.946459	152400	1.2318293e-08	2.6286433	-0.018262329	-0.14850283	0.009716729	0.0	100.09868097305298
254	-21.250889	2.079015	-18.630602	-27.373693	25.956522	-21.02939	0.3598533	-18.812744	-24.869274	153000	1.9073486e-08	4.171989	-0.008166977	-0.121119976	0.0064016487	0.0	100.46852660179138
255	-21.420904	2.771328	-18.80982	-32.039936	25.869566	-21.331936	0.81474423	-18.968786	-31.495377	153600	6.198883e-08	6.8466644	-0.017978372	-0.32128572	0.0087915035	0.0	100.84018397331238
256	-21.18322	1.6934711	-18.56241	-25.163694	26.136364	-21.355896	0.4502462	-19.163155	-24.53945	154200	-2.78155e-09	2.6335335	-0.01269034	-0.11396408	0.008810702	0.0	101.21125054359436
257	-21.761517	3.1312253	-18.922388	-30.453396	25.869566	-21.29055	1.037938	-19.23803	-30.702772	154800	6.139278e-08	8.956888	-0.01572956	-1.167203	0.0057631303	0.0	101.59342169761658
258	-21.010887	1.8774041	-19.042484	-25.825676	25.826086	-21.798845	1.0106211	-17.835728	-27.265793	155400	-1.41064325e-08	3.605152	-0.013406603	-0.9084432	0.008602918	0.0	101.96536421775818
259	-20.993088	1.3869728	-19.071888	-24.114113	25.826086	-20.890377	0.46467888	-19.331083	-25.308233	156000	2.4437904e-08	1.7967745	-0.009560924	-0.044510484	0.004611606	0.0	102.33213424682617
260	-21.716913	1.951978	-19.04798	-27.33581	26.043478	-20.980335	0.50078756	-18.465296	-25.700476	156600	-4.7683717e-08	4.1035914	-0.009134708	-0.60669374	0.008505036	0.0	102.9660964012146
261	-21.526705	1.9747196	-19.160341	-25.866545	26.043478	-21.731575	0.62553865	-19.454294	-27.62707	157200	2.5431316e-08	3.6000488	-0.013411226	-0.114061594	0.008262789	0.0	103.3474338054657
262	-20.741304	1.2487329	-19.102388	-24.171486	26.0	-21.468945	0.4497659	-18.051435	-23.879934	157800	-7.549922e-09	2.0513113	-0.012186521	-0.6328914	0.009233075	0.0	103.72924590110779
263	-20.70114	1.1668828	-18.707502	-22.753998	25.956522	-20.681345	0.31867623	-17.530375	-22.3874	158400	9.536743e-09	1.3415482	-0.01396354	-0.06944454	0.009415043	0.0	104.10122752189636
264	-20.826693	2.083298	-18.750103	-26.263325	26.043478	-20.728455	0.50259733	-16.497437	-25.688446	159000	1.9868216e-09	4.1157966	-0.016419146	-0.20482159	0.007993615	0.0	104.47509217262268
265	-21.450624	1.6753064	-18.370636	-24.556587	26.043478	-20.861504	0.5219334	-18.456676	-24.713346	159600	9.536743e-09	3.0646324	-0.010698407	-0.4542539	0.007475816	0.0	104.870774269104
266	-21.693014	2.93404	-18.659546	-32.84295	26.318182	-21.586521	1.5998887	-16.7216	-42.751472	160200	-2.8610229e-08	7.199836	-0.010034469	-0.54620314	0.0036055169	0.0	105.24395871162415
267	-20.749311	1.2953552	-18.45227	-23.786116	26.0	-21.517702	0.4047302	-19.285492	-24.136541	160800	6.039937e-08	2.243562	-0.006253602	-0.7195475	0.007143113	0.0	105.60469889640808
268	-20.722343	1.525129	-18.42728	-24.370546	26.181818	-20.74283	0.4937016	-17.836184	-25.355621	161400	-9.0201695e-08	2.0850313	-0.004124892	-0.050165176	0.0034922648	0.0	105.9680700302124
269	-21.024155	1.5285311	-18.60855	-24.603554	26.0	-20.735819	0.5480196	-18.750751	-24.841806	162000	5.364418e-08	2.275694	-0.014290862	-0.13480282	0.007085182	1.0	106.32499647140503
270	-20.92809	1.7633646	-18.681847	-24.778397	26.181818	-21.037718	0.41634712	-19.013645	-24.351416	162600	7.271767e-08	2.8178089	-0.008870666	-0.09015918	0.008196003	0.0	106.96213388442993
271	-20.861479	2.0109277	-18.23815	-25.355976	25.956522	-20.916872	0.6135273	-19.077723	-27.1348	163200	5.3246815e-08	3.6510425	-0.0014662377	-0.076756954	0.0031697901	0.0	107.32588529586792
272	-20.776884	1.8002496	-18.495306	-24.66299	26.0	-20.842213	0.6017226	-18.300343	-25.634876	163800	9.695689e-08	3.0385175	-0.011162873	-0.12761784	0.009341561	0.0	107.68419694900513
273	-21.22821	2.3535001	-18.35345	-29.333986	25.869566	-20.828485	0.83838016	-19.183538	-31.371946	164400	1.0967255e-07	5.1470547	-0.01116424	-0.42811108	0.005102903	0.0	108.04066395759583
274	-21.602776	2.5326412	-18.904875	-30.547342	26.136364	-21.327862	0.9854771	-18.75576	-30.275211	165000	-9.139379e-09	5.645266	-0.019669045	-0.29176855	0.007546174	1.0	108.4095618724823
275	-20.682283	1.7491136	-18.744345	-24.823545	26.043478	-21.46031	0.5857226	-19.443478	-25.189528	165600	-3.3775965e-08	3.3996642	-0.020703979	-0.8024404	0.0071956012	1.0	108.76520776748657
276	-20.806108	1.7701825	-18.287485	-24.941912	25.913044	-20.577864	0.645024	-18.71128	-27.176449	166200	-1.9868216e-08	3.145582	-0.0068313265	-0.28115034	0.005283945	0.0	109.13542652130127
277	-21.49385	3.3999894	-18.642815	-34.28505	26.318182	-20.836203	1.1711397	-13.168944	-35.23264	166800	-3.417333e-08	10.120302	-0.018389547	-0.89850426	0.007036485	1.0	109.50734090805054
278	-20.859911	2.1593702	-18.359638	-26.825079	26.086956	-21.305958	0.620777	-17.606682	-26.517727	167400	-1.13248824e-07	4.901934	-0.014275868	-0.60428095	0.007839835	0.0	109.86763858795166
279	-21.036736	1.3322103	-18.46548	-23.36736	25.869566	-20.841047	0.49111974	-18.546234	-25.024002	168000	5.165736e-08	1.8205727	-0.012435354	-0.14544785	0.0066223997	0.0	110.22961187362671
280	-21.070452	1.4429836	-18.665451	-23.62786	26.227272	-21.00669	0.31802985	-17.72447	-23.120487	168600	6.198883e-08	1.9611379	-0.020389132	-0.0641526	0.007930864	0.0	110.86513018608093
281	-21.23997	1.8212504	-18.671637	-24.630968	26.086956	-21.032188	0.3545153	-18.374292	-23.926138	169200	-4.7683715e-09	3.2499583	-0.0097436495	-0.14500141	0.006427735	0.0	111.24925351142883
282	-20.552662	1.6803788	-18.178001	-24.914883	25.913044	-21.233011	0.34885213	-18.21525	-23.9341	169800	3.417333e-08	3.1552656	-0.010350903	-0.60406494	0.008263921	0.0	111.63174772262573
283	-20.866734	1.5681202	-18.902828	-24.533655	26.086956	-20.654062	0.8697299	-18.73141	-28.432938	170400	2.7815501e-08	2.5587249	-0.0042632897	-0.40364623	0.0038312427	0.0	111.98834037780762
284	-21.209524	1.8187776	-18.417253	-25.629547	26.227272	-20.95863	0.78180367	-17.610073	-25.820364	171000	5.801519e-08	2.9731374	-0.011717201	-0.1622057	0.006644291	1.0	112.35966205596924
285	-20.75157	1.2245349	-18.917265	-23.010027	25.956522	-21.055714	0.50773984	-18.917145	-24.850842	171600	-1.2715658e-08	1.506214	-0.00823056	-0.15795171	0.006680746	0.0	112.74503469467163
286	-21.095243	1.5616349	-18.533699	-24.804224	26.136364	-20.776224	0.52033496	-18.921434	-26.44559	172200	-9.536743e-09	2.5170016	-0.021319034	-0.2730248	0.009133096	0.0	113.13178253173828
287	-20.64905	1.3374373	-19.097958	-23.80002	25.869566	-21.106087	0.41040492	-18.994612	-25.35021	172800	0.0	1.8888221	-0.018872796	-0.2685939	0.009377051	0.0	113.52522277832031
288	-21.4238	2.004016	-18.750141	-26.836857	26.181818	-20.72917	0.60194856	-18.989471	-25.601526	173400	-1.5099843e-08	4.0347385	-0.0078465	-0.739378	0.0033697223	0.0	113.89000964164734
289	-21.388783	1.4410232	-18.831718	-24.183342	26.0	-21.362587	0.4801107	-18.899004	-24.827383	174000	5.364418e-08	2.0693002	-0.005014541	-0.120333314	0.0069619757	1.0	114.2569899559021
290	-21.326294	1.5558469	-18.488085	-23.626299	26.181818	-21.387188	0.401836	-18.096685	-24.929777	174600	-1.0331472e-08	2.3223052	-0.00633144	-0.09512544	0.006838082	1.0	114.89671015739441
291	-21.078924	1.9404829	-18.458261	-26.012787	26.086956	-21.279121	0.42961103	-18.821325	-25.252514	175200	-6.28829e-08	3.6261117	-0.0044466527	-0.22708964	0.0025731132	0.0	115.2707269191742
292	-21.334965	1.8145608	-18.779732	-25.306814	26.40909	-21.101078	0.36290368	-19.716276	-23.59765	175800	-6.357829e-09	3.135657	-0.015147612	-0.29119277	0.0076552304	0.0	115.63606882095337
293	-20.77561	1.3454186	-18.642015	-23.271753	26.043478	-21.214294	0.470377	-19.062868	-24.348337	176400	3.1789146e-08	2.0008676	-0.013903539	-0.28122318	0.006192302	0.0	116.01405763626099
294	-20.788927	1.7800915	-18.357504	-24.820557	25.956522	-20.78921	0.4049188	-19.114534	-24.941969	177000	3.2782555e-08	2.976154	-0.01088037	-0.0957489	0.0066017876	1.0	116.39993333816528
295	-21.075674	1.5392296	-18.667974	-24.894857	25.913044	-20.816378	0.4378569	-18.50895	-25.208117	177600	-1.5099843e-08	2.3652673	-0.0056211194	-0.17586589	0.004926824	0.0	116.77128863334656
296	-20.372576	1.3703043	-18.318981	-23.744646	26.181818	-21.026485	0.4345619	-18.009748	-25.209501	178200	3.4968057e-08	2.2729902	-0.0050575305	-0.5784199	0.0073057637	0.0	117.1621458530426
297	-21.416763	2.081332	-19.243708	-27.814556	25.913044	-20.414623	0.3539777	-19.113918	-25.759033	178800	1.0331472e-08	5.139869	-0.014320595	-1.1032825	0.009104978	0.0	117.5485291481018
298	-21.059877	1.283658	-19.084478	-23.420883	26.136364	-21.428743	0.3066501	-19.179102	-23.488766	179400	-4.688899e-08	1.6238772	-0.0094841225	-0.16445017	0.009932147	0.0	117.91056799888611
299	-21.203808	1.6117944	-18.710752	-25.644793	25.956522	-21.068495	0.47094607	-17.583576	-25.315762	180000	9.934108e-09	2.3899653	-0.01498924	-0.114766836	0.006753981	0.0	118.27476644515991
300	-20.851467	1.6144364	-18.914125	-24.177294	26.181818	-21.163832	0.53008527	-18.853506	-25.012413	180600	-1.2715658e-08	2.504239	-0.022027818	-0.19250369	0.009595937	0.0	118.92123365402222
301	-21.134066	1.6913928	-18.890078	-24.5684	25.913044	-20.788273	0.3862428	-18.8438	-24.534378	181200	9.2188515e-08	2.8154707	-0.008684638	-0.16726422	0.006432632	0.0	119.27843165397644
302	-21.436184	1.7487086	-19.087467	-26.760624	26.0	-21.162865	0.64169085	-18.974594	-29.887314	181800	-1.9868216e-08	2.9687045	-0.019970637	-0.19548678	0.007935045	0.0	119.6583924293518
303	-21.27447	1.6003695	-18.458492	-24.393583	26.086956	-21.386421	0.30778524	-18.794575	-23.27513	182400	3.9339067e-08	2.482244	-0.0008651261	-0.14942098	0.003130929	0.0	120.0346188545227
304	-20.795656	1.8184056	-18.326471	-24.878742	26.181818	-21.272783	0.50265414	-18.36606	-24.829857	183000	-4.053116e-08	3.0886285	-0.012152024	-0.31288195	0.009081281	0.0	120.40607285499573
305	-20.367277	1.480762	-18.634516	-24.436863	26.363636	-20.80529	0.55648214	-18.41684	-25.389032	183600	-7.470449e-08	2.3035786	-0.05821181	-0.38346756	0.009057436	0.0	120.77955937385559
306	-22.046646	3.7553916	-18.394583	-33.511856	26.086956	-20.591059	1.4203173	-18.18538	-36.7477	184200	-5.165736e-09	13.8319235	-0.02067666	-3.6863194	0.0072548836	0.0	121.13243699073792
307	-21.225933	1.3229518	-19.056505	-25.23439	26.043478	-21.7315	0.6229149	-18.292776	-24.721992	184800	-5.5233638e-08	2.1312625	-0.010473533	-0.4673028	0.008454671	0.0	121.52259492874146
308	-21.707561	1.8769774	-19.03523	-26.67511	26.086956	-21.290398	0.48994333	-18.457544	-25.626617	185400	8.145968e-09	3.4059958	-0.007541821	-0.31180382	0.0059242724	0.0	121.90884494781494
309	-20.839455	1.6817918	-18.479317	-24.985153	26.09091	-21.77411	0.8701924	-19.05194	-29.004438	186000	-3.33786e-08	3.54837	-0.014937091	-1.0155642	0.0062803617	0.0	122.27692747116089
310	-21.04782	1.7225006	-18.720045	-25.029076	26.136364	-20.81131	0.5706547	-18.022842	-26.941624	186600	2.1457673e-08	3.077142	-0.011387907	-0.37576365	0.006435276	1.0	122.92893075942993
311	-20.417074	1.5307715	-18.737318	-25.09048	25.956522	-21.012817	0.32441854	-19.402393	-23.063215	187200	1.6291937e-08	2.6507707	-0.009487222	-0.42583537	0.0066247513	1.0	123.2928876876831
312	-21.211226	1.5523403	-18.25257	-25.093107	26.086956	-20.497978	0.46131846	-18.144993	-25.398207	187800	-2.4239222e-08	2.7440302	-0.016033415	-0.62991166	0.0077467863	0.0	123.65764451026917
313	-21.333788	1.4599367	-19.052172	-24.45148	26.136364	-21.29969	0.5776941	-17.49138	-26.07631	188400	5.9604645e-08	1.9167123	-0.010600347	-0.13488913	0.007082003	0.0	124.02754664421082
314	-21.177671	1.8313026	-19.14155	-24.581675	26.086956	-21.29766	0.51661223	-18.496355	-25.225973	189000	-2.3047129e-08	3.074725	-0.00693489	-0.15063596	0.0075729187	0.0	124.40076088905334
315	-20.780516	1.6347184	-18.587626	-25.417768	26.086956	-21.145643	0.6094733	-18.918388	-26.553967	189600	7.152557e-09	2.5939593	-0.01503691	-0.20834517	0.0077173067	0.0	124.77359580993652
316	-20.858746	1.6428262	-18.342876	-24.690252	26.0	-20.775255	0.53093517	-16.94145	-24.598381	190200	-1.3510387e-08	2.602451	-0.010826362	-0.16126251	0.005156958	0.0	125.14706778526306
317	-20.779299	1.9396294	-18.43851	-25.296616	26.227272	-20.878054	0.7193699	-18.090036	-27.395823	190800	1.3510387e-08	3.4165926	-0.0045743925	-0.16823244	0.0008783461	0.0	125.50767683982849
318	-20.398012	1.6472379	-18.421282	-25.029362	26.181818	-20.703663	0.515407	-18.519238	-26.444761	191400	-2.404054e-08	2.4940221	-0.01689966	-0.16889405	0.0073045674	0.0	125.88272047042847
319	-22.183304	2.949447	-18.879639	-33.50695	25.956522	-20.51898	0.74046654	-18.833403	-27.592205	192000	-4.808108e-08	11.362703	-0.013608277	-3.1188345	0.007273712	0.0	126.24849128723145
320	-20.746408	1.5356867	-18.544687	-24.673452	26.136364	-22.13125	0.5541083	-18.661993	-26.051817	192600	5.5631e-09	4.4939184	-0.013800188	-2.2937577	0.0052967463	0.0	126.8932523727417
321	-21.203077	1.972367	-18.469866	-24.483067	26.181818	-20.716137	0.3243121	-18.314573	-25.406797	193200	4.1325887e-08	3.9619198	-0.008772666	-0.29133558	0.0073868623	0.0	127.27762532234192
322	-20.892366	1.5769448	-18.378227	-24.579552	25.782608	-21.158585	0.23003149	-18.833967	-22.661066	193800	-3.89417e-08	2.4751303	-0.0066421884	-0.18887806	0.008538022	0.0	127.65088534355164
323	-20.526606	1.1259812	-18.298346	-22.811651	26.0	-20.868534	0.228555	-18.480583	-22.476828	194400	-7.5499216e-08	1.3650421	-0.012288146	-0.12842321	0.007588825	0.0	128.02679538726807
324	-21.301834	1.4502766	-18.752176	-23.92964	26.181818	-20.555521	0.3005051	-18.222826	-24.024395	195000	9.536743e-09	2.4674683	-0.024274787	-0.52986264	0.008087941	0.0	128.4021701812744
325	-20.72447	1.5247908	-18.61147	-25.640514	26.09091	-21.256182	0.41771036	-18.700775	-26.954842	195600	-2.3047129e-08	2.3495243	-0.014168576	-0.30080652	0.0069866516	1.0	128.77752113342285
326	-20.705732	2.0359552	-18.831867	-28.02464	25.869566	-20.727789	0.58403355	-18.829147	-31.194773	196200	4.7683717e-08	3.9157755	-0.011785391	-0.08969164	0.0064059864	0.0	129.14334893226624
327	-21.147213	2.290416	-18.170998	-29.438059	25.913044	-20.723858	0.41381449	-17.652319	-25.96735	196800	2.3841857e-09	5.2508364	-0.012979828	-0.35638237	0.008540171	0.0	129.53608870506287
328	-20.72533	2.005648	-18.405697	-25.10319	26.136364	-21.152594	0.51721174	-18.579052	-27.319916	197400	-2.4239222e-08	3.849003	-0.007607293	-0.30935717	0.008291789	0.0	129.93699097633362
329	-20.83893	1.19764	-18.822845	-23.916897	26.086956	-20.680143	0.27092156	-19.29125	-22.575024	198000	1.9868216e-08	1.4825006	-0.0050404794	-0.09257364	0.0060418216	1.0	130.3121063709259
330	-20.590694	1.1040914	-18.792336	-23.030575	26.227272	-20.83612	0.27548933	-19.570166	-24.634739	198600	-4.3710074e-08	1.2137146	-0.0101646315	-0.094857216	0.007797239	0.0	130.9789102077484
331	-20.785376	1.3492835	-18.741503	-23.779692	26.043478	-20.59856	0.33576077	-17.52318	-23.064806	199200	1.780192e-07	1.7347925	-0.011301805	-0.093686104	0.0023568892	0.0	131.36080861091614
332	-20.976149	1.404478	-18.809467	-24.295412	25.826086	-20.780987	0.4004715	-19.348755	-24.993221	199800	3.1789145e-09	1.8799998	-0.005963357	-0.08701396	0.00564305	0.0	131.73162293434143
333	-20.760426	1.3329262	-18.816254	-23.786459	26.136364	-20.919786	0.36061928	-18.18034	-23.982542	200400	5.284945e-08	1.6913532	-0.004567761	-0.0898149	0.008025842	0.0	132.1080505847931
334	-20.720636	1.3346932	-18.94525	-24.252924	26.0	-20.82041	0.33943242	-19.57584	-24.368593	201000	4.7683715e-09	1.6254811	-0.0126478635	-0.04804766	0.0064084115	1.0	132.4690055847168
335	-20.912273	1.1444033	-19.349987	-24.273094	26.0	-20.718473	0.38960278	-19.403494	-24.341505	201600	-5.00679e-08	1.3969824	-0.008062509	-0.13354409	0.009435989	0.0	132.83881735801697
336	-21.455313	1.6855419	-19.198103	-24.601513	26.181818	-20.93069	0.2386796	-19.547173	-23.826693	202200	3.218651e-08	2.8872018	-0.0070532802	-0.30520058	0.0024782086	0.0	133.21682453155518
337	-21.075146	1.3581905	-18.963768	-23.456814	25.913044	-21.398943	0.30018276	-18.368803	-23.663795	202800	1.4305114e-08	1.8759141	-0.01627949	-0.1263063	0.008340806	0.0	133.5948371887207
338	-20.698263	1.276203	-19.029709	-24.109003	26.227272	-21.062931	0.294251	-18.822334	-24.079056	203400	0.0	1.6088766	-0.0092437565	-0.15541208	0.007584086	0.0	133.9782452583313
339	-20.922031	1.3472718	-19.095083	-24.120798	26.043478	-20.787281	0.47079995	-19.347908	-24.249352	204000	-5.4935615e-08	1.6576313	-0.015584579	-0.07607746	0.007705593	0.0	134.37242698669434
340	-20.97753	1.6500806	-18.760328	-25.630314	26.086956	-20.939745	0.5063095	-18.865744	-25.443512	204600	5.5034956e-08	2.3857415	-0.008404069	-0.040206432	0.007904039	0.0	135.05790662765503
341	-20.642254	1.5186914	-18.226238	-24.84675	25.913044	-20.892994	0.38514516	-17.74858	-24.24934	205200	4.6690305e-09	2.2506669	-0.015893944	-0.12451506	0.007667575	0.0	135.4323308467865
342	-21.271751	2.1215117	-18.548298	-27.729057	26.181818	-20.667213	0.51375484	-18.187006	-25.42232	205800	7.688999e-08	4.3155565	-0.016845861	-0.4568882	0.0065399343	0.0	135.8251657485962
343	-20.736187	1.6309817	-18.619133	-24.779211	26.136364	-21.213596	0.49775362	-18.675268	-24.30152	206400	8.8214875e-08	2.9681432	-0.01736919	-0.4667399	0.00992136	0.0	136.20554327964783
344	-21.087564	1.9184027	-18.762066	-24.753052	25.956522	-20.69625	0.34469798	-17.592434	-24.14192	207000	5.5631e-09	3.677194	-0.015436967	-0.22005677	0.008132966	0.0	136.57655715942383
345	-21.127247	1.5962075	-18.845863	-24.751818	25.869566	-21.082348	0.37684393	-19.0985	-23.922178	207600	8.1857046e-08	2.2898428	-0.008716465	-0.021990538	0.008811111	0.0	136.95492267608643
346	-20.999313	1.6792779	-18.65144	-25.181374	26.043478	-21.114296	0.4046808	-18.299543	-23.60406	208200	-2.6623407e-08	2.705217	-0.021762839	-0.07702589	0.009188204	0.0	137.32584071159363
347	-21.564417	2.57766	-18.62834	-29.367435	25.913044	-21.058897	0.8227419	-19.559742	-35.640156	208800	-6.039937e-08	6.618112	-0.017595911	-0.6697211	0.007229538	0.0	137.68902277946472
348	-20.89416	1.3553548	-18.465574	-24.417171	26.043478	-21.48445	0.56244475	-17.916782	-25.520979	209400	5.7220458e-08	2.1198988	-0.008979582	-0.51008904	0.00731685	0.0	138.06870341300964
349	-21.579002	1.6051663	-18.959301	-25.806381	25.913044	-20.907486	0.4296311	-19.606825	-24.990274	210000	-1.2318293e-08	2.9231994	-0.009242419	-0.5719564	0.0060235253	0.0	138.43167281150818
350	-20.951145	1.2012084	-18.774288	-23.243042	26.086956	-21.549065	0.3815154	-19.005901	-23.821154	210600	1.02917355e-07	1.7664286	-0.008154582	-0.42545044	0.0054371343	0.0	139.10298323631287
351	-21.248743	1.4963336	-18.13929	-23.868244	26.181818	-20.942848	0.3141971	-19.007544	-23.252388	211200	-1.5099843e-08	2.1111865	-0.0074746236	-0.1083343	0.003999799	0.0	139.4767243862152
352	-20.703737	1.8891695	-18.434103	-25.524164	26.086956	-21.229525	0.44782716	-17.606539	-25.40042	211800	-5.9604646e-09	3.6976924	-0.012581345	-0.37701797	0.009032518	0.0	139.85047054290771
353	-21.161247	1.921716	-18.612438	-26.059309	26.086956	-20.749725	0.44409835	-19.161846	-25.326603	212400	3.5564106e-08	3.6515813	-0.0058678486	-0.2436111	0.0056237374	0.0	140.2159459590912
354	-20.495283	1.3720447	-18.670637	-24.00374	25.956522	-21.114843	0.3995266	-19.476543	-24.20051	213000	1.04109446e-07	2.1982093	-0.0073686205	-0.46673262	0.007928458	0.0	140.59023141860962
355	-20.851545	1.253649	-18.99033	-23.424395	26.086956	-20.520529	0.4095218	-19.010685	-25.59885	213600	4.0133795e-08	1.6542646	-0.011386546	-0.22852969	0.0066624605	1.0	140.97176694869995
356	-21.17597	1.6475428	-18.444271	-25.448103	26.318182	-20.88918	0.5238036	-19.068426	-24.843487	214200	-5.543232e-08	2.4241104	-0.01454884	-0.11377025	0.0077016004	0.0	141.3551962375641
357	-20.747417	1.3522587	-18.686853	-24.571789	25.956522	-21.08008	0.331093	-18.66246	-24.02809	214800	-2.3841857e-09	1.8925211	-0.0073886532	-0.18304563	0.0051083164	0.0	141.72286558151245
358	-20.24712	1.3018986	-18.19717	-23.2832	26.043478	-20.757273	0.34198177	-17.764214	-22.998213	215400	2.7616819e-08	1.863654	-0.010829633	-0.34985924	0.00755795	0.0	142.10729598999023
359	-20.718655	1.5345608	-18.35208	-23.564198	25.913044	-20.224815	0.3149537	-18.746044	-23.201008	216000	-7.549922e-09	2.5010123	-0.006005298	-0.30546546	0.0028300255	0.0	142.49213194847107
360	-21.049042	1.522017	-18.703932	-23.262203	26.272728	-20.705286	0.39284536	-17.817364	-22.978395	216600	-2.4636586e-08	2.219411	-0.01871487	-0.15626669	0.008461124	0.0	143.17406511306763
361	-20.50035	1.2992128	-18.628853	-24.368727	26.043478	-21.06084	0.40080497	-18.666601	-23.740923	217200	-5.9604646e-09	1.9100322	-0.0032658495	-0.42749858	0.0031123192	0.0	143.55534720420837
362	-20.874256	1.573704	-18.86295	-24.062817	26.0	-20.496454	0.41077256	-18.296839	-23.738005	217800	2.39412e-08	2.4845195	-0.00645203	-0.19831252	0.006080955	0.0	143.9316852092743
363	-20.681276	1.7961979	-18.565435	-23.747797	26.318182	-20.870838	0.36550134	-18.899878	-23.588917	218400	-3.059705e-08	3.0613406	-0.00537953	-0.10201931	0.0047525642	0.0	144.31192278862
364	-20.789055	1.502448	-18.404469	-23.703527	26.318182	-20.734259	0.37292966	-18.096067	-24.074583	219000	-1.00930535e-07	2.0871043	-0.0111561725	-0.06448364	0.006750161	1.0	144.68775391578674
365	-20.875248	1.3268023	-18.758234	-23.603897	25.956522	-20.74942	0.29991588	-17.568897	-22.831623	219600	3.0199686e-08	1.7422212	-0.0029257927	-0.06925547	0.0013773046	0.0	145.06136059761047
366	-20.81847	1.7206535	-18.381367	-24.553663	26.181818	-20.869007	0.31575516	-19.508125	-25.616343	220200	3.437201e-08	2.8339531	-0.0020379364	-0.29639292	0.0043158308	0.0	145.45085787773132
367	-20.381655	1.1072018	-18.44967	-22.506393	25.782608	-20.678528	0.25451452	-19.382532	-23.027903	220800	9.179115e-08	1.2911601	-0.016667832	-0.14356875	0.009439094	0.0	145.8269498348236
368	-20.65507	1.6013393	-18.175905	-24.62352	25.869566	-20.382973	0.36584908	-17.473421	-25.496374	221400	-5.00679e-08	2.5132344	-0.0073960787	-0.20178127	0.0064788717	1.0	146.20426082611084
369	-21.18147	2.0705323	-18.72288	-27.356789	25.826086	-20.705603	0.7159372	-17.609056	-29.411947	222000	-1.6887983e-08	4.196493	-0.01099622	-0.6474438	0.0037012568	0.0	146.56648516654968
370	-20.865782	1.6487726	-18.539915	-24.796711	26.227272	-21.112574	0.5060622	-17.794455	-24.526962	222600	-1.7086665e-08	2.625791	-0.013357804	-0.2451384	0.0073512825	0.0	147.25765681266785
371	-20.795914	1.1922601	-19.376022	-24.447865	25.913044	-20.753662	0.33077523	-19.06718	-23.938425	223200	4.2120615e-08	1.4238634	-0.021460585	-0.08459079	0.008727265	0.0	147.63186621665955
372	-21.842014	1.8766593	-18.758665	-25.361597	26.227272	-20.83818	0.45961094	-19.738575	-26.10476	223800	3.1789146e-08	4.2253942	-0.009705156	-1.0610704	0.009136474	0.0	148.0060167312622
373	-22.371073	1.5909346	-19.256731	-24.970284	26.0	-21.799133	0.48088652	-19.832273	-25.609198	224400	1.1920929e-09	2.6843727	-0.0072205914	-0.3865404	0.0063790395	0.0	148.36857914924622
374	-22.50571	3.6993835	-18.598928	-35.018	26.0	-22.35264	0.8091366	-19.63971	-32.6022	225000	4.2120615e-08	12.78875	-0.015426153	-3.1282234	0.0054392107	0.0	148.72390365600586
375	-20.83777	2.2027323	-18.39237	-28.404984	25.826086	-22.025589	0.59458643	-17.74689	-24.167881	225600	1.66893e-08	6.124586	-0.014206296	-1.5844283	0.009384297	0.0	149.08550357818604
376	-21.366407	1.8543066	-18.33996	-24.725101	26.0	-20.866417	0.41022408	-18.14328	-26.39101	226200	9.735425e-09	3.6216977	-0.010724188	-0.51273155	0.006936241	0.0	149.44841957092285
377	-21.108332	1.9132843	-18.464153	-24.66418	26.0	-21.319645	0.5618229	-18.571161	-27.251268	226800	-7.947286e-09	3.4991617	-0.01350956	-0.12686157	0.006329613	1.0	149.8169059753418
378	-20.770222	1.5097901	-18.8439	-24.688997	25.869566	-21.087126	0.44623062	-18.11829	-23.852419	227400	-8.265177e-08	2.2915294	-0.0059598903	-0.2127366	0.008097505	0.0	150.18317222595215
379	-21.564808	1.6388302	-18.998718	-24.224266	26.0	-20.825546	0.53995746	-18.970406	-27.586027	228000	-5.165736e-08	3.1525505	-0.017759694	-0.65999913	0.0076660076	0.0	150.5471169948578
380	-21.329021	1.7677339	-18.793024	-24.977797	26.136364	-21.551641	0.39892462	-19.172703	-25.152733	228600	1.9868216e-08	2.849015	-0.017126715	-0.12290478	0.008479773	0.0	151.2485113143921
381	-21.064083	1.6519903	-18.636189	-23.90782	26.043478	-21.297646	0.3644861	-18.905384	-23.645308	229200	1.11262e-08	2.602989	-0.0005702392	-0.15216088	0.0064840456	1.0	151.60969400405884
382	-21.130207	1.8957646	-18.68398	-25.514809	26.5	-21.065147	0.5804859	-18.8294	-27.41918	229800	3.0199686e-08	3.4109335	-0.0051573603	-0.2717867	0.006127443	0.0	151.98480820655823
383	-20.529408	1.409674	-18.279663	-23.90542	26.043478	-21.09066	0.36765632	-19.023737	-23.558355	230400	-2.7815501e-08	2.1739335	-0.010103576	-0.33951902	0.0056590466	0.0	152.34254002571106
384	-20.625181	1.3521384	-18.212606	-23.577843	26.086956	-20.542591	0.37851205	-18.781763	-25.359394	231000	-8.861224e-08	1.7189674	-0.010532979	-0.043828845	0.007310839	0.0	152.69993209838867
385	-21.59091	1.5149529	-19.082027	-24.43279	26.136364	-20.72208	0.5511263	-18.875628	-24.355324	231600	-2.9007595e-08	2.8574011	-0.019631537	-0.72917485	0.009193115	0.0	153.07140398025513
386	-21.56837	1.4868996	-18.738735	-24.224884	25.695652	-21.419344	0.3222713	-19.197897	-23.491611	232200	-2.0662943e-08	2.1167574	-0.015266376	-0.06595993	0.008806413	0.0	153.43744230270386
387	-21.182796	1.8280175	-18.466366	-26.389462	26.086956	-21.59486	0.52338064	-19.118645	-26.98429	232800	-3.6160152e-08	3.1853027	-0.01840328	-0.20293283	0.0065429593	2.0	153.82526016235352
388	-20.853148	1.6715233	-18.823486	-25.896036	26.318182	-21.187023	0.45599082	-19.027557	-25.367311	233400	-5.821387e-08	2.5368156	-0.010684918	-0.118775845	0.006735387	1.0	154.21340346336365
389	-20.778553	1.7642672	-18.472742	-25.763191	25.956522	-20.855598	0.50510067	-17.8153	-24.586197	234000	-3.973643e-09	2.8509238	-0.012454157	-0.069951296	0.006510367	1.0	154.57964634895325
390	-20.572989	1.9439615	-18.432047	-24.489716	26.086956	-20.783232	0.5304134	-17.48109	-24.973095	234600	1.5000502e-08	3.4991546	-0.008215163	-0.09028983	0.005051401	0.0	155.26899814605713
391	-20.656633	1.4007133	-18.56062	-24.354462	26.043478	-20.596172	0.4699808	-18.247057	-25.767351	235200	-5.00679e-08	1.825824	-0.016001184	-0.06049788	0.0020231826	0.0	155.6396243572235
392	-21.357002	1.7215897	-18.862343	-25.534273	26.227272	-20.746712	0.54308635	-18.744677	-25.270304	235800	1.1920929e-08	3.0231218	-0.004786261	-0.46392155	0.0062345252	0.0	156.01403880119324
393	-20.506744	1.4949178	-18.529348	-23.710064	26.318182	-21.25901	0.48951468	-17.814825	-24.368866	236400	4.7683715e-09	2.5757055	-0.005534376	-0.6730188	0.0076589147	1.0	156.39073157310486
394	-21.244715	1.1302481	-19.06818	-23.873339	26.086956	-20.593447	0.47831064	-18.824602	-24.526554	237000	-1.0331472e-08	1.7311906	-0.004054854	-0.52779925	0.005433197	0.0	156.7724404335022
395	-20.768898	1.5731993	-18.279974	-24.60301	26.09091	-21.211882	0.49053827	-17.841042	-25.478085	237600	-4.45048e-08	2.5574555	-0.011769258	-0.3824942	0.009899736	0.0	157.13431787490845
396	-20.556883	1.1629823	-18.665163	-23.941113	26.043478	-20.65377	0.39642057	-18.24647	-23.602322	238200	-7.311503e-08	1.2704563	-0.015458045	-0.02240944	0.008853888	0.0	157.5105962753296
397	-21.240597	2.0118694	-18.793604	-27.500551	26.181818	-20.634815	0.6365106	-18.90818	-28.024452	238800	5.2054723e-08	3.9440153	-0.0113173975	-0.8524854	0.007155168	0.0	157.88185715675354
398	-21.69496	1.7861063	-19.195822	-25.06463	26.043478	-21.125254	0.454648	-19.322094	-24.254265	239400	1.2040138e-07	3.3622484	-0.03652907	-0.5208194	0.006900007	0.0	158.2453155517578
399	-21.059519	1.6867205	-18.625511	-24.266088	26.181818	-21.77338	0.6646542	-18.994904	-25.119614	240000	8.781751e-08	3.393409	-0.012105874	-0.39799476	0.009126541	0.0	158.61316537857056
400	-20.954393	1.418792	-18.87484	-24.088676	26.181818	-21.175451	0.53233945	-18.25698	-26.18451	240600	-1.1006991e-07	1.8334022	-0.006429117	-0.12864482	0.007834465	0.0	159.31143188476562
401	-20.500854	1.2988657	-18.120657	-23.671633	26.043478	-20.870573	0.49769863	-18.53253	-24.97022	241200	1.056989e-07	1.6422741	-0.015891792	-0.17487979	0.0085168965	0.0	159.6865255832672
402	-21.035698	1.4634457	-19.23896	-23.923683	26.09091	-20.49139	0.4617291	-18.341667	-25.599974	241800	4.6094257e-08	2.3318555	-0.0108237	-0.33647346	0.008915539	0.0	160.06726264953613
403	-20.80437	1.6982979	-18.70398	-24.821846	26.086956	-20.983345	0.4923256	-18.576761	-25.059534	242400	9.497007e-08	2.6559856	-0.009915369	-0.13345718	0.005158436	0.0	160.44339728355408
404	-21.696207	2.3001895	-19.065786	-30.071096	25.956522	-20.916178	0.87568945	-18.246433	-31.87066	243000	-5.2452087e-08	5.2103086	-0.009887586	-0.76173115	0.0017015911	0.0	160.7976951599121
405	-20.837587	1.4087799	-18.257572	-23.238163	26.0	-21.554222	0.61408347	-18.96102	-25.455078	243600	-5.8809917e-08	2.4841733	-0.013170764	-0.67473364	0.0068490044	0.0	161.1564075946808
406	-20.205212	1.2764441	-18.32622	-23.068087	26.043478	-20.78484	0.38237903	-18.423922	-23.181963	244200	-5.5631002e-08	1.9169703	-0.0071524614	-0.37264407	0.0061045443	0.0	161.5162172317505
407	-21.203827	1.5628461	-18.52825	-24.398619	26.0	-20.255955	0.34869128	-18.640768	-24.215237	244800	-1.6053518e-07	3.165456	-0.0031112712	-0.9369941	0.0047869845	0.0	161.88211226463318
408	-20.412798	1.1506888	-18.898176	-22.705458	26.0	-21.13587	0.48827693	-17.450205	-25.185934	245400	-1.8278758e-08	1.7925205	-0.0022411847	-0.5849805	0.0012176939	0.0	162.24634790420532
409	-20.544626	1.0278277	-18.753996	-22.521736	25.956522	-20.404781	0.31541267	-18.252453	-22.25188	246000	9.993712e-08	1.0514716	-0.0073283864	-0.04683876	0.004365015	0.0	162.61039280891418
410	-20.969126	1.5017217	-18.827927	-24.53317	26.227272	-20.590405	0.39751643	-18.424881	-25.212927	246600	-8.90096e-08	2.1726742	-0.013540777	-0.18702722	0.0053573116	0.0	163.31809377670288
411	-21.42009	1.9438103	-19.140247	-24.800053	26.043478	-20.994635	0.506037	-18.32232	-25.597435	247200	-1.14440915e-07	3.7357447	-0.012226432	-0.23164797	0.005306958	0.0	163.68936467170715
412	-21.343279	1.799077	-19.05242	-24.832724	25.782608	-21.400751	0.55220985	-18.454317	-25.631084	247800	1.2715658e-08	2.9054718	-0.009266559	-0.1147089	0.0077528334	0.0	164.05759119987488
413	-20.711964	1.2369292	-19.211575	-23.92494	26.043478	-21.299185	0.42490056	-19.2466	-24.444418	248400	-2.0662943e-08	1.7949855	-0.011618696	-0.43734205	0.0077116154	0.0	164.42483973503113
414	-21.223358	1.9489199	-18.863745	-26.032846	26.136364	-20.759548	0.5561182	-18.647915	-26.751541	249000	-1.5894573e-08	3.8050878	-0.016379083	-0.19907784	0.006940035	1.0	164.79522228240967
415	-21.1548	1.6095842	-18.55706	-23.521181	26.136364	-21.04054	0.5180381	-18.01777	-24.39677	249600	1.5099843e-08	2.405428	-0.014390385	-0.09704256	0.009599081	0.0	165.16644883155823
416	-20.504686	1.4060943	-18.39289	-24.441753	25.956522	-21.03646	0.46772042	-17.655985	-23.930801	250200	3.059705e-08	2.1447325	-0.009915146	-0.3575698	0.006538962	0.0	165.54036712646484
417	-20.793829	1.3937123	-18.546803	-23.114168	26.136364	-20.57087	0.49371898	-18.527315	-23.69882	250800	-1.9868215e-10	1.9699955	-0.00589353	-0.17062533	0.0065582246	0.0	165.91762733459473
418	-20.422274	1.0621995	-18.6029	-22.571508	25.869566	-20.807354	0.3291583	-18.48825	-22.850044	251400	-1.390775e-07	1.2254008	-0.011268632	-0.19791508	0.0067252303	0.0	166.29309606552124
419	-21.003597	1.348361	-19.185915	-23.630175	26.086956	-20.543499	0.5946985	-18.485205	-23.39266	252000	-2.9404958e-08	1.9260079	-0.00022822857	-0.31471944	0.00031043583	8.0	166.65997457504272
420	-21.18942	2.2340677	-19.051237	-28.995937	26.043478	-21.015888	0.6224333	-17.854834	-26.493547	252600	7.9870226e-08	4.7474265	-0.011908706	-0.998266	0.0031541958	0.0	167.36792278289795
421	-20.702002	1.198572	-18.476398	-22.915194	25.956522	-21.003078	0.4488081	-18.475157	-23.35788	253200	7.708867e-08	1.5417918	-0.0146285845	-0.19927251	0.009742705	0.0	167.7172405719757
422	-20.863117	1.5937287	-18.829342	-23.84262	26.086956	-20.732094	0.43443292	-18.78719	-25.426136	253800	-5.5631e-09	2.390236	-0.011615556	-0.056491613	0.009655126	0.0	168.09791684150696
423	-21.201298	1.3230364	-18.941483	-24.603592	26.086956	-20.907976	0.35823438	-19.11574	-23.165136	254400	2.8411547e-08	1.8262479	-0.0051625515	-0.16135132	0.0036692126	0.0	168.48485779762268
424	-21.281034	1.4462324	-18.295141	-24.069283	25.913044	-21.204971	0.4314798	-18.846066	-24.815079	255000	8.1658364e-08	1.9312404	-0.0049343472	-0.02508974	0.009530605	0.0	168.88331174850464
425	-20.981518	1.5390521	-19.015764	-24.74208	25.869566	-21.255566	0.4069955	-18.731028	-24.918602	255600	3.6358834e-08	2.2905698	-0.0070295823	-0.106888056	0.0061613778	0.0	169.24045133590698
426	-21.193352	1.5751384	-18.844286	-24.28245	26.136364	-21.012104	0.5367351	-18.424423	-25.326097	256200	5.6823094e-08	2.4707751	-0.0073347916	-0.2151041	0.0064242603	0.0	169.60854077339172
427	-20.942219	1.5605136	-18.360964	-24.223448	26.043478	-21.227333	0.4303165	-18.494587	-23.856174	256800	6.1591465e-09	2.3309078	-0.011640053	-0.105955124	0.0065437076	1.0	169.97896456718445
428	-20.744194	1.6280229	-18.701601	-24.500301	26.227272	-20.924377	0.46192375	-18.529062	-25.049679	257400	-1.1384487e-07	2.4206128	-0.008850543	-0.23502493	0.007869188	0.0	170.36962914466858
429	-20.742296	1.5078262	-18.731932	-24.572952	26.043478	-20.842192	0.68958753	-18.601845	-24.785843	258000	-7.90755e-08	2.0108562	-0.00071132707	-0.1081301	0.0038270522	2.0	170.75065803527832
430	-20.664867	1.553584	-18.699375	-24.473019	26.181818	-20.739557	0.51767844	-18.630535	-24.499756	258600	1.0728836e-07	2.225363	-0.011040376	-0.10667753	0.008545135	0.0	171.47153282165527
431	-21.080849	1.1638494	-18.724619	-23.750984	26.0	-20.69073	0.39095122	-18.666351	-24.415007	259200	-1.4702479e-07	1.4628204	-0.005131743	-0.19641685	0.00853338	0.0	171.83937621116638
432	-20.546993	1.4865294	-18.603344	-23.883533	25.652174	-21.0045	0.47080553	-18.447939	-23.663181	259800	8.742014e-09	2.1989346	-0.006003338	-0.24925804	0.0071471157	0.0	172.21519017219543
433	-20.926058	1.3216524	-18.86626	-23.463795	25.913044	-20.596985	0.38286257	-18.745203	-23.670258	260400	-3.973643e-08	1.7432216	-0.008285586	-0.14616561	0.008424862	0.0	172.59942936897278
434	-20.686218	1.279896	-18.608387	-23.778284	26.0	-20.897894	0.35773245	-18.241669	-23.393524	261000	3.1789145e-09	1.6016316	-0.0094677815	-0.08680296	0.008871434	0.0	172.9738540649414
435	-20.73422	1.2597734	-18.208305	-24.653177	26.0	-20.687574	0.43291163	-18.481218	-24.523172	261600	-2.9007595e-08	1.486256	-0.0060565425	-0.04948306	0.006538496	0.0	173.35678505897522
436	-20.540766	1.4076768	-18.875896	-24.250082	26.0	-20.71661	0.37288237	-18.339489	-24.470295	262200	-1.66893e-08	1.8604511	-0.008012015	-0.08185935	0.00954453	0.0	173.74736046791077
437	-20.64872	1.510312	-18.736362	-24.742554	26.086956	-20.581745	0.5347014	-18.825531	-26.642384	262800	7.808208e-08	2.067644	-0.011019398	-0.15991068	0.005021915	0.0	174.13666677474976
438	-20.636591	1.5721508	-18.229664	-24.965004	26.086956	-20.65037	0.6102535	-18.800339	-25.795582	263400	7.8678134e-08	2.0985835	-0.012537702	-0.04471135	0.0065234588	1.0	174.53190994262695
439	-21.078732	1.448249	-18.643806	-23.586086	25.782608	-20.61221	0.47442675	-18.522371	-24.217997	264000	-2.1457673e-08	2.1836596	-0.013009934	-0.30497074	0.0063410164	1.0	174.89544892311096
440	-21.411552	1.8164638	-18.506742	-25.35711	26.318182	-21.087809	0.55617356	-17.92084	-24.869732	264600	1.1920929e-08	3.0353887	-0.0050242012	-0.22312641	0.005218793	0.0	175.6231393814087
441	-21.137014	1.6813918	-18.256643	-24.841148	25.869566	-21.347647	0.5448271	-18.559679	-25.29782	265200	7.947286e-08	2.5448234	-0.011948646	-0.09435749	0.008352456	0.0	175.9769787788391
442	-21.46994	1.9085587	-18.726412	-24.647776	26.043478	-21.14707	0.61742365	-18.523434	-24.539371	265800	-3.973643e-08	3.3617089	-0.007767541	-0.2001977	0.0065301564	1.0	176.34532856941223
443	-21.190163	1.6590544	-18.315458	-23.898825	26.136364	-21.470984	0.49644792	-18.352964	-24.137117	266400	-1.356999e-07	2.727989	-0.017616026	-0.2240665	0.008398271	0.0	176.72131633758545
444	-20.361773	1.0431582	-18.774649	-22.458036	26.40909	-21.034801	0.57377195	-18.389357	-24.060629	267000	-5.284945e-08	1.5585806	-0.011313379	-0.6363036	0.0073982645	0.0	177.09530305862427
445	-20.97313	1.2103379	-19.10162	-23.593569	26.086956	-20.366108	0.31701887	-18.84965	-23.274796	267600	-4.7683717e-08	1.8207316	-0.0008425836	-0.46177304	0.006076248	0.0	177.47059082984924
446	-20.91106	1.7047883	-18.53943	-24.34864	26.043478	-20.948763	0.40159538	-18.719204	-23.883894	268200	8.1857046e-08	2.742495	-0.0151142245	-0.06818318	0.0081264945	0.0	177.83159232139587
447	-20.703863	1.5693488	-18.216286	-23.854002	26.043478	-20.937973	0.4518745	-18.695326	-25.989496	268800	-6.298224e-08	2.3881192	-0.005508114	-0.14029074	0.0067076716	0.0	178.2316234111786
448	-20.665714	1.3283595	-19.091345	-23.700571	26.043478	-20.723238	0.4064102	-18.732792	-24.061535	269400	9.377798e-08	1.6644293	-0.017375218	-0.06728959	0.009895078	0.0	178.5961720943451
449	-20.94694	1.2923447	-18.891813	-24.41123	26.0	-20.693249	0.5496652	-18.366442	-25.613565	270000	-6.516775e-08	1.4964719	-0.008337247	-0.11017239	0.00855879	0.0	178.97259092330933
450	-21.322348	1.7173665	-18.713392	-24.886078	26.272728	-21.015512	0.7014988	-18.906685	-25.42426	270600	6.635984e-08	2.9495137	-0.0074141487	-0.28388214	0.008676818	0.0	179.7246220111847
451	-20.56746	1.5334018	-18.404095	-23.574215	26.0	-21.34737	0.5789962	-17.840479	-24.424475	271200	1.4146168e-07	2.6954703	-0.017878689	-0.6838851	0.008455803	0.0	180.10929584503174
452	-20.883904	1.6025352	-18.226133	-24.595644	26.09091	-20.643858	0.6527466	-18.366405	-27.324306	271800	3.536542e-08	2.545439	-0.027370362	-0.19271469	0.009762373	0.0	180.47044277191162
453	-21.055723	1.4406707	-18.820883	-23.979406	26.227272	-20.902102	0.5867198	-18.436644	-24.346386	272400	-8.8214875e-08	1.8583109	-0.015956115	-0.10058272	0.008341811	0.0	180.84101629257202
454	-20.344864	1.6173425	-18.27302	-24.20063	26.043478	-20.97712	0.47642618	-18.552895	-25.113203	273000	5.1259995e-08	2.8639014	-0.008657232	-0.48950958	0.008664137	0.0	181.22382593154907
455	-20.44126	1.4134618	-18.338223	-23.865494	25.913044	-20.37271	0.45835155	-18.532003	-24.409758	273600	9.8546344e-08	1.8394312	-0.010502945	-0.051949024	0.007534153	1.0	181.6005563735962
456	-20.798115	1.398676	-18.820314	-23.90274	25.913044	-20.504044	0.48409638	-18.758413	-25.070868	274200	-9.298324e-08	1.8392363	-0.003378376	-0.11681843	0.0068848743	0.0	181.97214794158936
457	-20.885633	1.3960512	-19.345175	-25.678152	26.0	-20.771667	0.4562532	-19.2747	-26.16084	274800	-1.8278758e-08	1.7654266	-0.0038667773	-0.060492396	0.007567175	0.0	182.3297255039215
458	-21.232397	1.5622746	-18.906689	-24.781015	26.0	-20.976166	0.6573711	-19.612862	-25.83197	275400	-7.152558e-08	2.2867537	-0.008040309	-0.14541459	0.009335054	0.0	182.70150423049927
459	-21.105743	1.2739221	-18.403322	-23.963451	25.913044	-21.157831	0.41371325	-18.612185	-25.078352	276000	1.3430913e-07	1.4998606	-0.010054439	-0.023298502	0.008971571	0.0	183.06583404541016
460	-21.363144	1.314421	-18.91376	-23.245985	26.086956	-21.189896	0.5263619	-19.12454	-23.955723	276600	-1.5099843e-08	1.5498674	-0.011875217	-0.07029283	0.0058819554	0.0	183.80052423477173
461	-21.34574	1.7766902	-18.837254	-25.463114	25.869566	-21.410439	0.66208994	-19.57037	-29.287918	277200	-2.3841857e-09	2.9888997	-0.01586372	-0.29235744	0.004535335	0.0	184.17394995689392
462	-20.888922	1.2913235	-18.773882	-23.535713	26.043478	-21.215065	0.4728145	-17.755348	-24.748178	277800	-5.6227048e-08	1.7174699	-0.010358125	-0.24437785	0.007727939	0.0	184.55698347091675
463	-20.221018	1.0460322	-18.50741	-22.741388	26.136364	-20.808815	0.4434259	-17.293694	-23.93694	278400	1.8159548e-07	1.3870766	-0.009815791	-0.4113896	0.008330304	0.0	184.92273998260498
464	-21.271505	1.6592281	-18.28133	-24.262379	26.363636	-20.287004	0.52143645	-18.576683	-24.970392	279000	-2.1060307e-08	3.3457716	-0.014892368	-0.9688599	0.00724893	0.0	185.30647587776184
465	-21.442003	1.7755861	-18.788643	-25.971418	26.136364	-21.286562	0.59014773	-18.43099	-26.954897	279600	-2.3841858e-08	3.209504	-0.011160415	-0.19606853	0.0044841873	0.0	185.67714381217957
466	-20.884106	1.2700306	-18.789246	-23.516108	25.652174	-21.141064	0.47276965	-18.437647	-24.352789	280200	1.4464061e-07	1.5404325	-0.021809395	-0.1520251	0.00905827	0.0	186.0511224269867
467	-20.443813	1.2561644	-18.301947	-23.33604	26.318182	-20.853327	0.49994144	-17.763865	-24.810095	280800	-1.4702479e-08	1.5569663	-0.017156787	-0.25414836	0.005978309	0.0	186.40782141685486
468	-21.510565	1.654462	-18.403591	-23.84262	26.0	-20.53098	0.59152997	-17.434221	-25.099443	281400	-3.0199686e-08	3.4587133	-0.010226721	-1.0705245	0.008555337	0.0	186.7755196094513
469	-20.9288	1.3592391	-18.487581	-23.629097	25.956522	-21.421228	0.5212638	-18.698496	-24.29472	282000	1.2556711e-07	1.9345695	-0.00230088	-0.31078982	0.001712393	0.0	187.14004015922546
470	-20.59287	1.331595	-19.157848	-23.50563	26.136364	-20.93435	0.5302706	-18.049606	-24.783863	282600	-5.4041546e-08	1.6683991	-0.010122641	-0.18912542	0.009046181	1.0	187.90765500068665
471	-20.772371	1.2846375	-18.871576	-24.070276	26.136364	-20.490616	0.33676228	-18.061064	-22.536964	283200	8.543332e-08	1.6580647	-0.005036041	-0.16369486	0.006860636	1.0	188.29029965400696
472	-20.742365	1.3337045	-18.771193	-24.42044	26.318182	-20.720709	0.3397671	-18.347723	-24.013224	283800	-2.3841858e-07	1.6230664	-0.012485691	-0.17692995	0.0065502184	1.0	188.68446254730225
473	-21.089375	1.7136228	-18.95399	-24.640038	25.956522	-20.77908	0.5154571	-18.677681	-25.04731	284400	9.944041e-08	2.74816	-0.007716716	-0.15108085	0.008530535	0.0	189.0942826271057
474	-20.966755	1.363359	-18.931368	-24.514389	25.956522	-21.046736	0.36708277	-18.91123	-23.965633	285000	-1.569589e-07	1.7368982	-0.008654494	-0.04796064	0.007836863	0.0	189.48146438598633
475	-20.435284	1.2521205	-18.423462	-22.759634	26.043478	-20.934694	0.5084973	-14.870086	-23.92388	285600	-7.2320304e-08	1.7909969	-0.009555736	-0.39745867	0.008096096	0.0	189.84502935409546
476	-20.495646	1.312766	-18.483492	-23.699343	26.181818	-20.435497	0.36524454	-18.61894	-22.67943	286200	-4.2120615e-08	1.5710486	-0.008017635	-0.02161789	0.007154865	0.0	190.23394227027893
477	-21.035246	1.6439409	-18.441189	-26.09717	26.043478	-20.49874	0.565273	-17.723106	-26.164398	286800	-5.9604645e-08	2.7002861	-0.008211328	-0.4298911	0.0059019015	0.0	190.6231565475464
478	-20.505087	1.6578501	-18.45654	-24.14662	26.086956	-20.941826	0.6093735	-17.578566	-26.244392	287400	7.311503e-08	2.7211874	-0.015908912	-0.37312913	0.007539448	0.0	190.98030042648315
479	-20.684742	1.1617954	-18.479103	-23.541708	25.869566	-20.534618	0.5044369	-17.790247	-23.413126	288000	-1.6351541e-07	1.3425689	-0.006791201	-0.17549205	0.00843679	0.0	191.33048701286316
480	-20.52461	1.0269984	-18.893368	-23.34273	26.043478	-20.667511	0.37287664	-18.703104	-23.84204	288600	-1.4225643e-07	0.96478516	-0.021350114	-0.04564923	0.008418636	0.0	192.074316740036
481	-20.980179	1.5206699	-18.761806	-25.150726	26.043478	-20.57901	0.46362466	-18.519188	-24.219341	289200	-5.3246815e-08	2.2664409	-0.0136768855	-0.23601437	0.0063707763	0.0	192.44192957878113
482	-20.973131	1.395954	-19.012117	-23.362309	25.913044	-20.923704	0.463411	-18.691395	-24.385216	289800	-4.7683715e-09	1.9287418	-0.008917714	-0.1675744	0.0062443004	1.0	192.7931809425354
483	-20.670773	1.813373	-18.558016	-24.556217	25.956522	-20.977057	0.5479666	-18.51422	-24.683918	290400	9.536743e-09	3.0529556	-0.011637166	-0.18069458	0.008734685	0.0	193.17367839813232
484	-20.856241	1.3959519	-19.164196	-25.04606	25.695652	-20.644394	0.3298662	-18.51515	-22.828281	291000	-1.00930535e-07	1.8542172	-0.01367176	-0.086699724	0.007931961	0.0	193.56979608535767
485	-20.571932	1.5483217	-18.462336	-23.665462	25.695652	-20.868002	0.44718426	-18.267359	-24.205462	291600	-1.5437602e-07	2.1963995	-0.0369659	-0.19138718	0.0044462564	0.0	193.94743728637695
486	-21.102919	1.5237421	-19.0874	-24.786093	25.956522	-20.542858	0.64671147	-16.912783	-25.313377	292200	-9.934107e-08	2.4770777	-0.027539333	-0.40491676	0.0062628295	0.0	194.31394720077515
487	-20.665285	2.4562168	-18.436468	-31.208513	26.043478	-21.12062	0.7764324	-18.81689	-28.292994	292800	-2.1060307e-08	4.7653375	-0.016737562	-1.2096653	0.005219472	0.0	194.69062447547913
488	-20.7236	1.5347593	-18.794775	-24.40876	26.181818	-20.457731	0.55629903	-18.527445	-24.081419	293400	-8.503596e-08	2.2020798	-0.0054662456	-0.28142607	0.0070740897	0.0	195.08402347564697
489	-21.182709	1.7829919	-18.842669	-24.871067	25.782608	-20.720781	0.6833849	-17.507748	-25.670547	294000	-1.9868216e-08	3.1344125	-0.0071091084	-0.33499694	0.0061146296	0.0	195.44854474067688
490	-21.355509	1.8868089	-18.422018	-24.956896	26.136364	-21.2361	0.7641515	-18.56872	-26.811089	294600	-2.9365222e-07	3.0086641	-0.008883045	-0.118116856	0.0097096255	1.0	196.21084761619568
491	-20.717026	1.4575568	-18.273033	-24.050106	26.043478	-21.181995	0.5699442	-18.865143	-24.442377	295200	1.11262004e-07	2.073509	-0.0092196325	-0.2582034	0.0057181576	1.0	196.58692598342896
492	-20.997253	1.8566874	-18.260895	-24.708023	26.227272	-20.740505	0.6429768	-17.99304	-25.292654	295800	-3.2782555e-08	2.931533	-0.022533746	-0.12921548	0.008995827	0.0	196.9486837387085
493	-21.186302	1.5256593	-18.745878	-24.30369	25.913044	-21.008583	0.6552635	-18.585026	-25.212639	296400	-2.3047129e-08	2.0762758	-0.014820568	-0.09948015	0.009067414	0.0	197.321781873703
494	-21.207024	1.620638	-19.247849	-24.820646	25.826086	-21.159164	0.5865539	-18.404783	-25.39453	297000	2.3047129e-08	2.263616	-0.0072142677	-0.055205822	0.009809431	0.0	197.69104886054993
495	-21.101133	1.6938668	-18.490953	-26.296421	26.227272	-21.25572	0.72526854	-17.62953	-26.493618	297600	-3.0994414e-08	2.6323404	-0.02561778	-0.109653234	0.008202038	0.0	198.0574243068695
496	-20.722027	1.4064379	-18.68326	-23.472752	25.869566	-20.935759	0.5027927	-18.396477	-23.792341	298200	3.6557516e-08	1.819158	-0.009951793	-0.10549259	0.007730247	0.0	198.41625022888184
497	-20.716667	1.288865	-19.080101	-23.695244	26.181818	-20.768257	0.6517546	-17.361298	-25.638092	298800	2.3047129e-08	1.9665954	-0.011404968	-0.09838879	0.009367405	0.0	198.78197526931763
498	-21.65628	1.6199	-18.810556	-26.80886	26.272728	-20.951797	0.59672344	-18.929565	-27.270008	299400	4.9769877e-08	2.8468156	-0.018736899	-0.6792841	0.007126654	0.0	199.13967275619507
499	-20.98362	1.6783117	-18.548986	-25.081432	25.956522	-21.575628	0.57074004	-19.029411	-25.524036	300000	1.6411146e-07	2.8390303	-0.008610046	-0.40020204	0.007690371	1.0	199.90309143066406
