Epoch	AverageEpRet	StdEpRet	MaxEpRet	MinEpRet	EpLen	AverageVVals	StdVVals	MaxVVals	MinVVals	TotalEnvInteracts	LossPi	LossV	DeltaLossPi	DeltaLossV	KL	BacktrackIters	Time
0	-848.8683	49.192253	-697.7844	-889.3244	6.6444445	0.5425178	0.58119047	2.6642718	-0.48841676	600	-7.947286e-09	625282.56	-0.026792362	-6976.3125	0.008505205	2.0	0.7059006690979004
1	-855.3682	50.86401	-692.091	-897.5508	4.3777776	-3.5964522	1.829847	-0.64567274	-5.472097	1200	-7.2320304e-08	613837.25	-0.042395405	-5152.625	0.008373528	0.0	1.0697672367095947
2	-856.27	45.51021	-701.39856	-889.1149	7.5657897	-7.728042	2.3515224	-1.7250364	-8.866927	1800	2.0186107e-07	642638.3	-0.03921916	-4337.125	0.009412655	0.0	1.405038595199585
3	-854.34985	58.191933	-499.67706	-900.6512	6.477778	-10.311127	3.0996249	-3.0113215	-11.712304	2400	1.545747e-07	604283.7	-0.03488403	-4088.75	0.007930727	0.0	1.7541866302490234
4	-841.1234	68.28576	-472.89774	-889.34814	9.523809	-13.472076	2.945636	-4.8770633	-14.506768	3000	-8.265177e-08	574149.06	-0.034332313	-4146.6875	0.0075575137	0.0	2.071875810623169
5	-844.654	61.637516	-624.18756	-890.0642	9.403226	-16.24189	3.1952069	-6.913881	-17.345467	3600	1.13248824e-07	569705.8	-0.032095257	-4051.0	0.009118319	0.0	2.4263484477996826
6	-829.7122	79.87251	-544.3153	-889.77734	9.75	-19.024597	3.270913	-9.301802	-20.130766	4200	2.1060307e-08	500696.22	-0.029364439	-3633.0312	0.0068665156	0.0	2.781520366668701
7	-830.0752	115.13753	-264.18277	-892.0216	7.525641	-21.305029	3.6730654	-11.893499	-22.760445	4800	3.973643e-08	440076.44	-0.02834083	-3202.625	0.0057519996	2.0	3.1438214778900146
8	-822.0707	102.83348	-358.24023	-888.6735	8.940298	-24.006882	3.2635226	-14.878692	-25.177505	5400	-2.8610229e-08	454628.6	-0.025502896	-3440.75	0.007081147	0.0	3.4975526332855225
9	-822.6118	92.668686	-486.81778	-903.87585	11.245283	-26.832788	2.8289845	-17.838099	-27.72639	6000	1.180172e-07	489745.72	-0.031472597	-3750.3125	0.007517735	0.0	3.830632209777832
10	-810.5251	129.47401	-262.9352	-890.4262	10.872727	-29.523516	2.8183062	-20.739529	-30.42981	6600	-4.4107438e-08	442457.97	-0.024366217	-3355.9688	0.00827496	0.0	4.308607816696167
11	-747.25806	196.88	-208.81572	-889.595	12.777778	-32.267036	2.4885917	-23.64384	-32.998264	7200	1.1841456e-07	270985.38	-0.028098568	-1988.9062	0.007612864	1.0	4.647759437561035
12	-753.06647	168.52563	-200.14442	-889.85895	15.0	-34.416313	2.2553139	-25.977741	-35.020466	7800	2.2172928e-07	323758.97	-0.029188028	-2456.25	0.008141702	0.0	4.957656621932983
13	-772.88666	169.37671	-192.56152	-888.8386	11.9	-36.508	2.469147	-28.40686	-37.261833	8400	-7.073084e-08	299386.84	-0.04307799	-2401.5625	0.0080061685	0.0	5.282371520996094
14	-739.8499	180.07022	-245.1707	-889.248	14.214286	-38.889473	2.1752224	-31.060656	-39.494984	9000	8.245309e-08	299457.06	-0.028314078	-2386.4375	0.0064230682	0.0	5.610854387283325
15	-723.53986	225.10834	-144.34956	-889.27924	13.636364	-41.15599	2.1211922	-33.61567	-41.753845	9600	-7.947286e-09	257758.64	-0.029013172	-1973.9531	0.0065853978	0.0	5.940922021865845
16	-706.9143	232.75574	-168.32095	-890.40857	14.536586	-43.288807	1.9884259	-36.041092	-43.83506	10200	6.2783556e-08	235265.92	-0.03610131	-1823.4688	0.008068101	0.0	6.25747537612915
17	-688.49304	257.12903	-100.19079	-891.46423	13.627907	-45.305096	1.9515096	-38.36794	-45.85472	10800	4.7683717e-08	178229.89	-0.028981918	-1343.3281	0.009980497	0.0	6.575535535812378
18	-695.4752	241.19688	-152.59245	-891.2254	13.386364	-47.080612	1.878676	-40.482933	-47.616264	11400	3.0199686e-08	172476.73	-0.03349019	-1397.2344	0.0066646207	0.0	6.892354249954224
19	-744.8358	229.8723	-141.98131	-888.9726	10.017544	-48.762867	2.0022051	-42.642273	-49.418808	12000	-1.6013782e-07	188770.56	-0.033993002	-1465.5156	0.0073578674	0.0	7.210841655731201
20	-713.1026	253.06178	-58.01293	-891.3239	11.226415	-50.70205	1.7902339	-45.009476	-51.265636	12600	1.3232231e-07	182632.77	-0.027229086	-1409.0625	0.006742395	1.0	7.668868064880371
21	-716.6337	283.58014	-25.621584	-888.9511	8.5074625	-52.450695	1.8530941	-47.27642	-53.11812	13200	1.9868216e-08	135570.73	-0.028032517	-814.875	0.008866063	0.0	7.980458736419678
22	-628.2645	315.83902	-65.77787	-888.0958	12.577778	-54.106915	1.4176923	-49.210938	-54.523125	13800	2.1855037e-08	94696.04	-0.027894933	-586.41406	0.007886997	0.0	8.308836460113525
23	-581.4817	333.77493	-46.93325	-889.1749	13.880953	-55.387596	1.3145033	-50.7232	-55.763824	14400	-3.973643e-08	79404.984	-0.02998866	-464.625	0.0074117025	0.0	8.62786865234375
24	-678.6324	302.64377	-50.96097	-889.19104	9.81356	-56.4016	1.4592465	-52.05361	-56.895084	15000	6.11941e-08	96609.8	-0.0201123	-595.72656	0.008220107	0.0	8.951285123825073
25	-597.37616	338.59167	-42.990276	-888.8215	12.9777775	-57.731125	1.2929469	-53.644817	-58.155308	15600	-7.947286e-09	77939.34	-0.028886229	-453.9297	0.009670304	0.0	9.277287244796753
26	-588.14594	347.59927	-75.489494	-888.54877	12.479167	-58.94103	1.202752	-55.009922	-59.31417	16200	1.9868216e-08	65262.68	-0.033065993	-346.83203	0.006424881	0.0	9.603471279144287
27	-547.62494	374.96182	-26.473547	-890.00476	12.844444	-60.017082	1.097141	-56.235737	-60.337925	16800	-4.1325887e-08	50802.742	-0.02610696	-164.21484	0.0069542024	0.0	9.932526588439941
28	-533.013	368.284	-29.647804	-888.0747	13.785714	-60.69508	1.1206236	-56.830936	-61.052547	17400	-5.8809917e-08	49747.31	-0.025669217	-192.02344	0.009920524	0.0	10.264678001403809
29	-502.76102	377.112	-28.605474	-888.9353	14.743589	-61.47282	1.1195315	-57.56506	-61.8342	18000	2.9802322e-08	43043.953	-0.024601331	-149.38672	0.007607429	0.0	10.589700937271118
30	-435.68677	385.68607	-35.705364	-888.4048	16.6	-62.190514	1.1015202	-58.236473	-62.549362	18600	0.0	24325.676	-0.03356478	-70.5332	0.006069118	0.0	11.047824382781982
31	-471.0207	384.2282	-32.14492	-889.17114	15.128205	-62.66913	1.1362247	-58.709335	-63.052837	19200	-1.2318293e-08	40643.203	-0.029734846	-103.90234	0.007676271	0.0	11.364981889724731
32	-577.5378	374.48773	-35.80269	-889.83685	10.925926	-62.75034	1.8534255	-48.26224	-63.65772	19800	-2.7815501e-08	63359.65	-0.02826198	-215.5	0.008470397	0.0	11.683427572250366
33	-507.56836	383.47894	-41.45796	-888.38	13.860465	-64.204346	0.8452032	-61.199852	-64.44235	20400	1.3510387e-08	45822.617	-0.023761695	-132.03125	0.0071365517	0.0	12.0072181224823
34	-402.1054	388.69806	-21.804005	-889.57263	16.882353	-64.985245	0.7292233	-62.055355	-65.166855	21000	1.11262e-08	26653.215	-0.014936757	-40.628906	0.0046970784	3.0	12.332561731338501
35	-458.45258	391.90714	-19.635805	-887.04816	15.153846	-65.3879	0.75618815	-62.558514	-65.590164	21600	-2.0662943e-08	40433.703	-0.018364886	-68.73047	0.008150325	0.0	12.662401676177979
36	-399.23962	390.5871	-21.766102	-886.7676	16.666666	-65.94295	0.6974221	-63.182472	-66.1193	22200	8.742014e-09	29633.217	-0.024344318	-35.390625	0.007703174	0.0	12.979806423187256
37	-345.35712	372.4542	-29.356337	-887.5169	18.21875	-66.36129	0.65139306	-63.661198	-66.51853	22800	1.5894572e-09	21010.162	-0.023223158	-26.339844	0.008847224	0.0	13.302306652069092
38	-469.1657	393.53616	-32.196945	-888.63385	14.4	-66.67749	0.706423	-64.06905	-66.86895	23400	-2.0662943e-08	39865.48	-0.021831768	-69.765625	0.009971049	0.0	13.629929542541504
39	-491.04105	399.16418	-28.42666	-889.8971	13.5348835	-67.216064	0.7705988	-59.988266	-67.43128	24000	-6.1591464e-08	44267.402	-0.023306467	-67.40234	0.006782132	0.0	13.950071096420288
40	-476.18396	391.72348	-34.017197	-887.7301	13.581395	-67.78789	0.6760588	-65.38464	-67.978195	24600	-8.145968e-09	43432.473	-0.028340207	-85.67969	0.00824423	0.0	14.425101518630981
41	-423.95364	390.7823	-23.0658	-887.43286	15.263158	-68.47468	0.6145345	-66.143936	-68.6368	25200	-1.39077505e-08	31715.846	-0.026648702	-47.48633	0.0074039474	0.0	14.73554253578186
42	-369.47452	386.80893	-25.473333	-889.05835	17.117647	-69.01035	0.5660258	-66.73617	-69.15131	25800	1.5099843e-08	26139.807	-0.0203083	-23.132812	0.0067945784	1.0	15.063194274902344
43	-410.57428	388.52072	-26.092026	-886.57965	15.72973	-69.366615	0.57380563	-67.15993	-69.51592	26400	3.0994414e-08	32679.83	-0.023522617	-45.896484	0.007936502	1.0	15.387596607208252
44	-341.12128	373.34262	-26.51798	-885.5712	18.09375	-69.89999	0.5221326	-67.7357	-70.02603	27000	-1.11262e-08	21254.73	-0.029924579	-21.728516	0.008467374	0.0	15.713385581970215
45	-428.62262	390.13416	-23.501377	-886.80707	15.105263	-70.2548	0.55267894	-68.15865	-70.40059	27600	1.5894572e-09	30279.98	-0.026021073	-51.79297	0.0077948435	0.0	16.03955101966858
46	-486.51074	393.17523	-23.435566	-889.5669	13.454545	-70.7999	0.5725676	-68.789116	-70.96303	28200	2.78155e-09	43828.473	-0.028651226	-96.30078	0.0073592295	0.0	16.374406814575195
47	-516.713	394.80835	-21.769121	-889.11005	12.382978	-71.58491	0.56560093	-69.66686	-71.75179	28800	7.947286e-10	54830.668	-0.02558543	-102.44141	0.0072846087	0.0	16.722736597061157
48	-399.9045	398.38834	-20.941622	-889.105	16.0	-72.46088	0.48337114	-70.601974	-72.58665	29400	-1.8278758e-08	33455.07	-0.024441121	-20.644531	0.006992581	0.0	17.079000234603882
49	-374.8177	379.00726	-32.71747	-886.15045	16.970589	-72.87304	0.45002884	-71.06491	-72.985115	30000	-1.7484028e-08	26926.822	-0.020365352	-41.35742	0.0083616	0.0	17.427907466888428
50	-423.80676	386.4376	-22.954018	-887.1743	15.526316	-73.41306	0.46230263	-71.65968	-73.53501	30600	5.5631e-09	35635.125	-0.01594746	-71.87891	0.0076584266	0.0	17.91864800453186
51	-398.894	386.9449	-29.837408	-883.84814	16.13889	-74.17004	0.4382064	-72.460686	-74.282425	31200	-3.4968057e-08	28195.514	-0.021910235	-40.13672	0.00791723	0.0	18.269885540008545
52	-366.3255	385.28485	-22.943167	-885.83746	17.17647	-74.76297	0.4150278	-73.09546	-74.86633	31800	-1.4702479e-08	26355.05	-0.02540224	-19.677734	0.009419464	0.0	18.622295141220093
53	-349.14557	379.95605	-22.015766	-874.72876	17.727272	-75.1802	0.39903426	-73.5521	-75.278046	32400	6.357829e-09	25557.863	-0.01053623	-15.330078	0.005812381	3.0	18.98202872276306
54	-352.24054	380.93814	-25.16243	-886.68256	17.484848	-75.54568	0.3896566	-73.95584	-75.64121	33000	-3.973643e-09	22939.771	-0.018434316	-14.001953	0.008611061	0.0	19.317602157592773
55	-318.24713	373.64972	-22.57878	-886.1368	18.580645	-75.90426	0.369571	-74.34724	-75.99202	33600	2.7815501e-08	19172.639	-0.021803467	-4.5878906	0.009498744	0.0	19.64766216278076
56	-407.21066	396.45624	-27.350163	-889.7593	15.8918915	-76.09071	0.39179215	-74.584	-76.192635	34200	2.0662943e-08	30372.066	-0.02179965	-24.933594	0.009471623	0.0	20.01197338104248
57	-299.94424	358.81644	-29.156704	-854.4267	19.166666	-76.58215	0.34478837	-75.104996	-76.66267	34800	-1.0331472e-08	18840.822	-0.022161284	-7.8984375	0.007068895	0.0	20.35533905029297
58	-428.5643	393.62482	-23.148664	-884.1011	15.282051	-76.85396	0.3806695	-75.42962	-76.95575	35400	1.9073486e-08	37165.54	-0.026833167	-53.871094	0.00970015	0.0	20.688868761062622
59	-337.66602	377.6426	-21.617489	-886.3082	18.03125	-77.60927	0.3363188	-76.2152	-77.690445	36000	0.0	21093.24	-0.019338887	-11.71875	0.007293237	0.0	21.03320574760437
60	-363.38345	386.85867	-27.12959	-885.6627	17.029411	-77.98746	0.33710513	-76.633026	-78.07139	36600	-1.9868216e-08	24773.29	-0.019919362	-10.128906	0.008014256	0.0	21.550095558166504
61	-202.18877	311.22522	-22.672848	-873.5788	22.148148	-78.3333	0.29484814	-77.00065	-78.39857	37200	-1.3510387e-08	11236.338	-0.021926308	-4.5146484	0.008826345	0.0	21.90728759765625
62	-365.80652	384.1413	-20.330557	-886.7668	17.32353	-78.11441	0.32219663	-76.819885	-78.19463	37800	-1.9073486e-08	25774.857	-0.023661708	-16.621094	0.009234613	0.0	22.246692180633545
63	-334.5223	379.82516	-19.596437	-889.70636	18.03125	-78.53133	0.3050785	-77.26675	-78.60496	38400	5.5631e-09	19984.176	-0.021489969	-4.138672	0.0076345857	0.0	22.583263397216797
64	-402.80264	397.49808	-18.910872	-888.4247	15.918919	-78.74665	0.31718802	-77.52684	-78.82916	39000	5.5631e-09	32167.217	-0.023294453	-20.333984	0.008638615	0.0	22.938413619995117
65	-412.76495	395.75272	-26.621824	-884.2894	15.736842	-79.242424	0.30982536	-78.06734	-79.324135	39600	7.7486035e-09	33727.176	-0.025349865	-28.734375	0.0085547315	0.0	23.294216632843018
66	-358.59644	388.47055	-21.891724	-888.1722	17.382353	-79.878555	0.28363034	-78.73898	-79.94917	40200	1.8278758e-08	26760.742	-0.022651754	-5.8964844	0.008752132	0.0	23.62688684463501
67	-402.76627	387.48	-27.383852	-871.8289	16.428572	-80.16892	0.27832526	-79.06728	-80.23927	40800	1.7484028e-08	31225.312	-0.023908993	-48.648438	0.0077658687	0.0	23.98831605911255
68	-283.9243	358.5669	-27.897707	-887.5368	20.310345	-81.01967	0.24782011	-79.93945	-81.07655	41400	-7.947286e-10	15431.222	-0.025613796	-0.9814453	0.007644334	0.0	24.342419385910034
69	-460.72784	397.9479	-22.256233	-874.69794	14.365853	-81.14667	0.28375062	-80.11242	-81.22456	42000	4.7683715e-09	44277.31	-0.021518772	-60.476562	0.009218936	0.0	24.678030967712402
70	-458.72638	393.74402	-24.359726	-875.3417	14.6	-82.100586	0.26895472	-81.10748	-82.17345	42600	-3.154079e-08	40501.19	-0.025154583	-94.93359	0.008971469	0.0	25.199086666107178
71	-415.79987	400.88022	-22.058043	-886.74036	15.230769	-83.38267	0.25530443	-82.4274	-83.45091	43200	-3.576279e-08	35673.88	-0.019109309	-8.8671875	0.009047478	0.0	25.52846598625183
72	-424.48343	396.93924	-25.063965	-887.89844	15.621622	-83.80484	0.23863801	-82.88711	-83.86692	43800	-5.5631e-09	34589.547	-0.026465852	-33.35547	0.008125728	0.0	25.882930040359497
73	-488.48767	402.01794	-20.932358	-878.29376	13.363636	-84.55169	0.24857172	-83.678734	-84.6225	44400	5.642573e-08	49044.36	-0.011920056	-65.6875	0.00850861	0.0	26.232849597930908
74	-383.17163	389.5734	-27.52285	-873.17694	16.882353	-85.67294	0.21045485	-84.82738	-85.72536	45000	5.5631e-09	30249.434	-0.017593615	-16.003906	0.0046543144	0.0	26.589411973953247
75	-324.33514	383.934	-25.362944	-884.93726	18.375	-86.269714	0.19809473	-85.4486	-86.31753	45600	-3.1789145e-09	21256.54	-0.024037361	-10.162109	0.007547788	0.0	26.949938774108887
76	-447.3717	399.2611	-22.7366	-889.16174	14.820513	-85.86036	0.20963618	-85.07597	-85.916405	46200	-2.8212865e-08	37166.035	-0.011777338	-38.304688	0.008447552	0.0	27.305098295211792
77	-247.5631	348.35165	-24.0858	-871.8289	20.821428	-86.70297	0.17330088	-85.933975	-86.742035	46800	1.9868216e-09	15478.993	-0.013788927	-28.15625	0.0067958967	1.0	27.642353296279907
78	-380.32263	400.50143	-21.303495	-876.30255	16.527779	-85.98578	0.18890853	-85.24888	-86.03422	47400	-8.742014e-09	32542.7	-0.0128692575	-1.5234375	0.0067236056	2.0	27.961132049560547
79	-359.23135	388.5341	-22.016665	-888.5258	17.470589	-85.821304	0.17712328	-85.10965	-85.865395	48000	-1.947085e-08	27453.844	-0.019564465	-2.3378906	0.009689106	0.0	28.286601066589355
80	-362.44345	378.72833	-29.852236	-855.2375	17.617647	-86.0045	0.17141873	-85.315765	-86.04717	48600	1.9868216e-09	27788.225	-0.02525542	-23.375	0.008311432	0.0	28.783944606781006
81	-250.09346	346.0316	-18.570127	-854.0213	20.5	-86.7503	0.15276203	-86.07246	-86.784744	49200	2.582868e-08	15182.32	-0.020154575	-21.003906	0.0063467813	1.0	29.085417985916138
82	-397.00555	391.17926	-25.899408	-850.43506	16.027027	-86.07478	0.16888398	-85.42531	-86.11871	49800	4.7683715e-09	32779.17	-0.018658042	-15.972656	0.009842523	0.0	29.40802264213562
83	-410.761	396.81223	-23.314318	-889.6777	15.763158	-86.64151	0.16518235	-86.01503	-86.68508	50400	-8.891027e-09	32560.12	-0.017821286	-13.193359	0.0090729585	0.0	29.73003125190735
84	-393.17688	397.16522	-25.363546	-875.08636	16.108109	-87.244194	0.15686162	-86.64095	-87.284996	51000	2.6226044e-08	33593.258	-0.014748987	-3.0390625	0.0093917055	0.0	30.048110485076904
85	-399.03873	394.7185	-23.904839	-878.2948	16.216217	-87.513916	0.14879887	-86.933495	-87.552086	51600	-3.1789145e-09	32646.996	-0.012158944	-12.183594	0.009244285	0.0	30.371065855026245
86	-462.121	399.3849	-25.183025	-887.2704	14.292683	-88.08362	0.15208173	-87.52928	-88.12535	52200	7.152557e-09	42169.42	-0.019445743	-56.476562	0.00898988	0.0	30.691233158111572
87	-408.004	400.00995	-20.01635	-888.54974	15.763158	-89.38536	0.14094037	-88.85081	-89.42252	52800	4.371007e-09	34726.18	-0.015409016	-4.6875	0.0066601355	1.0	31.005284070968628
88	-305.24866	375.86465	-27.629755	-878.6432	18.870968	-89.807915	0.12314625	-89.28909	-89.83716	53400	-8.742014e-09	21227.494	-0.013179129	-29.410156	0.007954818	0.0	31.336226224899292
89	-357.63892	386.82108	-23.412653	-885.63074	17.205883	-88.86871	0.12370574	-88.37168	-88.899506	54000	-2.5431316e-08	25776.404	-0.024896383	-0.9238281	0.0088597685	0.0	31.657077312469482
90	-338.87283	388.16736	-24.81886	-887.2683	17.69697	-88.68358	0.11779848	-88.20295	-88.712456	54600	5.5631e-09	24206.924	-0.013393147	-16.201172	0.0064187115	1.0	32.16246318817139
91	-407.68903	399.63718	-22.98816	-887.104	15.684211	-87.94742	0.12071997	-87.48958	-87.97927	55200	-1.0331472e-08	34704.99	-0.0126852095	-4.9609375	0.0082189785	0.0	32.47894334793091
92	-410.27206	396.17395	-26.418772	-886.0285	15.657895	-88.28577	0.11597257	-87.845924	-88.31636	55800	6.357829e-09	34425.29	-0.016528552	-18.121094	0.008021685	0.0	32.7964072227478
93	-287.83524	372.45026	-26.003874	-879.4927	19.333334	-89.11172	0.100384004	-88.681656	-89.13516	56400	1.0331472e-08	19832.293	-0.021153668	-48.867188	0.008801094	0.0	33.11875605583191
94	-410.09705	394.2535	-20.198357	-887.5426	15.944445	-87.803795	0.10486059	-87.39475	-87.83068	57000	-2.22524e-08	32137.26	-0.018040987	-23.640625	0.008532172	0.0	33.43982291221619
95	-469.28296	400.22006	-20.395342	-889.1182	13.714286	-88.66102	0.1089564	-88.26887	-88.69129	57600	4.45048e-08	44100.0	-0.016569631	-70.58594	0.0067388583	0.0	33.75747489929199
96	-418.0556	396.70407	-20.38948	-853.59357	15.205129	-90.38514	0.10132176	-90.00603	-90.412224	58200	3.059705e-08	36147.594	-0.011548367	-14.6953125	0.008289146	0.0	34.074055433273315
97	-309.74005	377.906	-21.83042	-878.4086	18.580645	-91.24567	0.08770257	-90.87617	-91.26649	58800	-2.22524e-08	21606.664	-0.015449139	-27.13086	0.008958629	0.0	34.39568614959717
98	-407.34332	395.55878	-19.179121	-876.94904	15.710526	-90.21479	0.092536174	-89.86383	-90.2392	59400	1.7484028e-08	35981.56	-0.009655227	-12.625	0.009719732	0.0	34.71936750411987
99	-414.3171	401.61398	-18.998735	-871.4741	15.256411	-90.875305	0.090358235	-90.53721	-90.89945	60000	-2.78155e-09	36843.387	-0.018983465	-0.7734375	0.0075306036	0.0	35.04188394546509
100	-357.12225	391.17062	-23.285141	-886.3635	17.352942	-91.002914	0.08112446	-90.67697	-91.02311	60600	3.4968057e-08	27018.812	-0.014235815	-6.4492188	0.009341026	0.0	35.54130458831787
101	-430.76108	399.08047	-23.046984	-886.9417	14.9	-90.46497	0.083843485	-90.15539	-90.487686	61200	-4.7683715e-09	37394.33	-0.018109392	-20.507812	0.009582589	0.0	35.86415719985962
102	-245.92111	349.50827	-21.683277	-873.77594	20.678572	-91.42516	0.06860503	-91.12075	-91.440636	61800	-2.1855037e-08	15771.422	-0.016584141	-121.35156	0.009632014	0.0	36.19166541099548
103	-278.65945	357.5576	-22.359726	-876.3222	20.310345	-89.03557	0.06658868	-88.74532	-89.05086	62400	-4.4703483e-10	17317.445	-0.016986383	-17.00586	0.009388143	0.0	36.50363206863403
104	-329.5155	379.81015	-22.651295	-888.25323	18.625	-87.95325	0.06746142	-87.67361	-87.96952	63000	-1.11262e-08	23095.424	-0.014416454	-2.3886719	0.008637972	0.0	36.82573223114014
105	-429.88654	398.00305	-24.762056	-873.27136	15.0	-87.563545	0.071485445	-87.29608	-87.582664	63600	-4.7683715e-09	38240.418	-0.018277006	-40.23047	0.008142608	0.0	37.130366563797
106	-432.5497	398.7579	-21.046345	-883.022	14.875	-89.00901	0.070004515	-88.75053	-89.02798	64200	-9.139379e-09	37529.82	-0.012513119	-46.152344	0.007839198	0.0	37.451722621917725
107	-325.1972	384.3316	-26.747839	-878.3754	18.25	-90.68923	0.061208602	-90.435524	-90.70401	64800	-2.9404958e-08	23494.318	-0.013231918	-29.28125	0.008060577	0.0	37.770862340927124
108	-306.01974	375.45117	-21.265041	-877.43866	18.516129	-89.48991	0.057737138	-89.246666	-89.503624	65400	-5.9604646e-09	21244.547	-0.011691536	-44.42383	0.00861778	0.0	38.09041953086853
109	-407.48434	398.2208	-28.559088	-873.9434	15.605263	-87.79961	0.060613103	-87.56972	-87.81559	66000	-1.1920929e-09	35368.074	-0.014132051	-13.5546875	0.009693481	0.0	38.408530950546265
110	-441.28345	398.64355	-23.179338	-875.9298	14.820513	-88.60304	0.059290167	-88.38119	-88.61888	66600	1.9868216e-08	39181.5	-0.0077710575	-70.54297	0.007987005	0.0	38.909064531326294
111	-352.2262	393.06662	-26.313509	-874.1237	17.382353	-90.73279	0.05420805	-90.51499	-90.746284	67200	1.3113022e-08	27514.62	-0.009855682	-27.396484	0.008347401	0.0	39.24007248878479
112	-221.682	329.30173	-22.658154	-874.5722	21.428572	-89.54494	0.046483394	-89.33483	-89.555214	67800	-1.3113022e-08	13591.17	-0.0074977847	-131.76758	0.009335288	0.0	39.55749773979187
113	-309.3205	375.67987	-22.234533	-877.76074	18.903225	-86.59222	0.047151443	-86.393555	-86.6034	68400	-9.536743e-09	21804.424	-0.009736562	-18.292969	0.009105382	0.0	39.874345779418945
114	-289.04022	365.03632	-20.186516	-850.92676	19.5	-85.35083	0.044698488	-85.15933	-85.36127	69000	1.39077505e-08	18961.926	-0.012068888	-25.43164	0.008727304	0.0	40.18190121650696
115	-414.80118	400.78214	-24.32881	-887.34454	15.384615	-84.00883	0.04790635	-83.82713	-84.02146	69600	-1.4702479e-08	36448.1	-0.013824572	-14.109375	0.008882639	0.0	40.50397706031799
116	-394.50186	396.92133	-26.466383	-875.1729	16.0	-84.90392	0.045726772	-84.728065	-84.91581	70200	-1.5894572e-09	32734.732	-0.014811309	-11.955078	0.009344841	0.0	40.82588076591492
117	-303.30875	376.5454	-21.303043	-874.5967	18.806452	-85.86987	0.040858477	-85.69772	-85.87956	70800	1.8278758e-08	21327.719	-0.011790167	-48.132812	0.009019089	0.0	41.14824390411377
118	-221.7955	336.80325	-22.978031	-875.66614	21.37037	-84.067375	0.036567587	-83.9021	-84.07547	71400	1.5497207e-08	13684.938	-0.013327058	-153.95703	0.009595588	0.0	41.46857476234436
119	-252.56396	348.3428	-21.78209	-873.9078	20.607143	-80.66707	0.035168104	-80.51102	-80.674995	72000	-9.139379e-09	15154.521	-0.017420305	-25.54004	0.008734899	0.0	41.7912015914917
120	-287.89377	370.23077	-22.78366	-878.82886	19.466667	-79.1361	0.03502001	-78.98606	-79.14427	72600	5.9604646e-09	19350.627	-0.013105616	-18.589844	0.006427061	1.0	42.30419135093689
121	-307.62997	373.82126	-22.653828	-875.74835	18.806452	-77.90581	0.03423103	-77.76158	-77.913925	73200	-1.5894572e-09	21921.719	-0.013691244	-0.056640625	0.009440406	0.0	42.617889642715454
122	-486.88782	396.4679	-22.776999	-884.99664	13.068182	-77.87014	0.039090704	-77.73286	-77.88127	73800	1.4305114e-08	48303.44	-0.01378507	-378.66797	0.00878493	0.0	42.92046499252319
123	-241.00537	343.65973	-21.959463	-875.3863	20.689655	-83.02315	0.031839974	-82.88187	-83.03033	74400	2.0662943e-08	15280.271	-0.009729495	-51.658203	0.009430739	0.0	43.23190355300903
124	-343.16888	386.73212	-28.345772	-888.314	17.666666	-81.4287	0.03290609	-81.29445	-81.436775	75000	9.536743e-09	24007.473	-0.024106722	0.078125	0.0092378985	0.0	43.55537486076355
125	-381.98535	393.69205	-23.347809	-875.41266	16.38889	-81.34486	0.033145923	-81.21556	-81.353355	75600	2.1457673e-08	32445.72	-0.017187906	-31.191406	0.008491341	0.0	43.880770206451416
126	-266.93808	358.17953	-17.841162	-850.7148	19.931034	-82.82951	0.029356321	-82.70156	-82.83626	76200	2.8610229e-08	17137.139	-0.020979447	-44.21289	0.009216189	0.0	44.20572209358215
127	-338.0773	385.60587	-28.649414	-851.94745	17.575758	-81.1355	0.029815717	-81.01384	-81.1428	76800	2.577901e-08	24936.555	-0.017502924	-1.1015625	0.008775742	0.0	44.524038314819336
128	-350.74448	391.38275	-22.949488	-873.82605	17.264706	-80.74016	0.029146122	-80.62305	-80.747406	77400	-1.66893e-08	27086.88	-0.011095277	-1.5195312	0.009637161	0.0	44.84819746017456
129	-339.13116	386.9878	-22.302834	-877.3423	17.90909	-80.404785	0.027640805	-80.292015	-80.41157	78000	-1.4305114e-08	25175.734	-0.008194715	-0.19335938	0.008506962	0.0	45.175689935684204
130	-383.2446	392.11273	-21.37749	-851.75146	16.61111	-80.30514	0.027777974	-80.19678	-80.312256	78600	1.2715658e-08	30854.336	-0.0082844375	-39.015625	0.007964148	0.0	45.6924786567688
131	-265.59134	357.0488	-25.653584	-849.143	20.068966	-82.08589	0.024667298	-81.97837	-82.09155	79200	1.0331472e-08	17893.676	-0.011864652	-42.84961	0.009058156	0.0	46.02102756500244
132	-264.49094	364.03607	-17.418207	-874.4845	20.0	-80.29841	0.023578132	-80.19563	-80.30382	79800	-7.947286e-09	17772.744	-0.011666948	-89.56055	0.008617401	0.0	46.341463804244995
133	-342.8367	384.7702	-26.016695	-887.54767	17.90909	-77.46096	0.023640366	-77.36451	-77.46676	80400	-2.6226044e-08	24152.162	-0.013758458	-8.542969	0.0064103645	1.0	46.64811730384827
134	-267.26254	357.02225	-24.444574	-847.03345	20.137932	-78.17451	0.021767369	-78.07962	-78.1795	81000	3.973643e-09	16946.188	-0.008544723	-21.484375	0.009483721	0.0	46.96506929397583
135	-341.21143	387.72656	-25.359049	-877.315	18.181818	-76.86678	0.021889536	-76.77604	-76.872055	81600	-8.742014e-09	26148.572	-0.007466103	-7.328125	0.008734933	0.0	47.2946240901947
136	-338.98773	389.70242	-24.29935	-880.56604	18.030304	-77.595024	0.021677004	-77.50659	-77.60035	82200	1.4305114e-08	26312.824	-0.022075277	-0.546875	0.00959417	0.0	47.63174390792847
137	-310.54135	374.48434	-19.69862	-889.67865	18.870968	-77.85863	0.020422367	-77.77259	-77.86348	82800	1.5497207e-08	20204.773	-0.013888435	-0.45703125	0.008504238	0.0	47.99624538421631
138	-286.69818	369.2625	-23.891747	-872.68225	19.4	-78.06362	0.019577999	-77.979744	-78.06819	83400	1.1523564e-08	19226.16	-0.010590477	-18.878906	0.009234381	0.0	48.34659504890442
139	-380.19824	395.23267	-26.54371	-872.7455	16.38889	-76.70164	0.020378325	-76.62214	-76.706856	84000	-4.7683715e-09	30811.744	-0.008738925	-32.083984	0.0073875403	0.0	48.70657014846802
140	-396.28995	400.96933	-27.074686	-885.3783	16.0	-78.43267	0.020219086	-78.35491	-78.43793	84600	5.9604646e-09	32280.883	-0.01606419	-38.25586	0.009091549	0.0	49.387608766555786
141	-450.14178	403.6768	-23.83308	-886.14813	14.375	-80.521614	0.020482052	-80.445984	-80.52716	85200	4.2319297e-08	41005.81	-0.0068045896	-159.45312	0.0084753465	1.0	49.805925607681274
142	-377.56918	383.0114	-22.956865	-850.9392	16.714285	-84.60667	0.019053623	-84.53125	-84.61148	85800	0.0	27901.684	-0.0143803805	-108.953125	0.008458638	0.0	50.17807650566101
143	-451.3994	395.9552	-24.468231	-876.8225	14.190476	-88.03801	0.020550195	-87.96405	-88.043724	86400	-7.947286e-09	42431.05	-0.015769001	-193.26562	0.009654996	0.0	50.54671359062195
144	-264.50015	353.19186	-20.275599	-875.72955	19.9	-92.37554	0.017328631	-92.30131	-92.37959	87000	0.0	18102.006	-0.012323271	-83.44922	0.008749769	0.0	50.91519069671631
145	-300.86667	372.80603	-24.144056	-877.6216	18.75	-89.89198	0.016659282	-89.82181	-89.89595	87600	-1.39077505e-08	21367.477	-0.0125330575	-61.333984	0.007234867	0.0	51.263672828674316
146	-393.85437	393.47504	-23.015652	-877.08997	16.054054	-87.42939	0.017071268	-87.36373	-87.43382	88200	-4.7683715e-09	33935.46	-0.012644814	-18.207031	0.0065087415	1.0	51.616657972335815
147	-355.84763	386.3991	-20.772453	-853.7308	17.264706	-88.57849	0.015876636	-88.514694	-88.582436	88800	1.2318293e-08	26477.006	-0.008996434	-0.28125	0.0063760295	1.0	51.95930790901184
148	-383.63287	394.42755	-25.044592	-879.5264	16.25	-88.49905	0.0156362	-88.43806	-88.50306	89400	1.9073486e-08	30533.96	-0.013484148	-2.4941406	0.008188052	0.0	52.31631636619568
149	-337.28458	390.39682	-22.873104	-875.9508	17.575758	-88.960205	0.014446699	-88.90126	-88.963745	90000	3.973643e-09	25592.844	-0.0134842945	-50.45117	0.009729228	0.0	52.66936135292053
150	-326.30475	375.87158	-29.67552	-849.79346	18.21875	-86.78539	0.013403411	-86.729836	-86.78863	90600	-1.6291937e-08	23380.17	-0.020389576	-0.89453125	0.008771703	0.0	53.219173192977905
151	-306.71762	370.1225	-21.739109	-848.95306	18.774193	-86.350876	0.01272695	-86.297264	-86.353905	91200	-6.7551933e-09	21497.637	-0.008084368	-14.1328125	0.0066089663	1.0	53.59015774726868
152	-403.89435	396.3129	-25.573353	-869.26154	15.631579	-85.14058	0.013378359	-85.089836	-85.144104	91800	-7.947286e-09	36125.664	-0.0170981	-35.597656	0.009084484	0.0	53.97561860084534
153	-398.97455	395.6263	-30.721786	-885.61163	15.837838	-87.000565	0.012858733	-86.951126	-87.00392	92400	3.973643e-09	31541.703	-0.011465841	-28.949219	0.008582581	0.0	54.33574151992798
154	-308.35513	375.81262	-27.727062	-886.117	18.774193	-88.85991	0.011535464	-88.8113	-88.86264	93000	-2.4636586e-08	20120.605	-0.014541426	-55.904297	0.008384948	0.0	54.6961727142334
155	-323.71368	379.88928	-24.570051	-873.9301	18.09375	-86.50529	0.011051641	-86.45949	-86.507965	93600	-1.5099843e-08	22893.238	-0.00781363	-20.36914	0.008879217	0.0	55.06524324417114
156	-506.06836	398.34018	-19.517174	-875.9079	12.574468	-84.882065	0.012511755	-84.83964	-84.88576	94200	1.7881394e-08	56158.14	-0.009701256	-363.2422	0.007886119	0.0	55.41773867607117
157	-338.7806	384.61868	-21.773525	-876.92224	17.818182	-90.67875	0.010539516	-90.63575	-90.681335	94800	1.07288365e-08	25801.55	-0.017229844	-11.855469	0.0088814115	0.0	55.76871967315674
158	-353.27005	389.3753	-21.8285	-874.2415	17.32353	-89.91142	0.010177908	-89.87054	-89.91396	95400	-3.1789145e-09	26867.164	-0.010836556	-18.101562	0.0065112505	1.0	56.122854709625244
159	-365.4217	391.31863	-21.15835	-850.1619	16.828571	-88.54971	0.009794894	-88.510956	-88.5522	96000	-1.4305114e-08	29494.33	-0.012532549	-4.0234375	0.006626207	1.0	56.47860336303711
160	-284.26193	360.22308	-21.108446	-854.0065	19.35484	-87.86912	0.008714099	-87.83179	-87.871155	96600	-2.78155e-09	18744.598	-0.009394776	-34.972656	0.009686878	0.0	57.048688888549805
161	-419.3723	396.12155	-27.43298	-873.45465	15.333333	-86.00044	0.009355643	-85.96544	-86.002945	97200	-1.7484028e-08	37031.1	-0.011876392	-74.57422	0.0073950146	0.0	57.40220069885254
162	-358.9346	387.45755	-21.622856	-878.1037	17.294117	-88.58533	0.008618597	-88.550705	-88.58748	97800	2.3841857e-09	27051.424	-0.012791378	-1.1738281	0.00741179	0.0	57.746258020401
163	-307.62555	369.62772	-30.169418	-873.99097	19.0	-89.1007	0.007986937	-89.067055	-89.1026	98400	8.742014e-09	23272.434	-0.016431704	-9.925781	0.009693072	0.0	58.096721172332764
164	-368.69415	390.01614	-19.306137	-877.4879	17.114286	-88.10647	0.008108108	-88.07438	-88.10852	99000	-2.7020773e-08	31193.68	-0.015940413	-4.2265625	0.009066892	0.0	58.47227382659912
165	-352.91238	391.51788	-23.08566	-885.0502	17.294117	-88.71783	0.0077532856	-88.686676	-88.71976	99600	-7.152557e-09	26914.863	-0.013344346	-22.3125	0.009855083	0.0	58.83626174926758
166	-230.41191	329.27628	-24.00334	-848.71796	21.62963	-87.20379	0.006604224	-87.17394	-87.20525	100200	2.78155e-09	12959.352	-0.014687316	-87.72656	0.009460029	0.0	59.18247056007385
167	-431.6594	396.02878	-35.751434	-877.5764	15.421053	-84.04322	0.0073108254	-84.01549	-84.04514	100800	-4.7683715e-09	36973.83	-0.010207629	-150.86719	0.007929853	1.0	59.531654834747314
168	-405.46478	394.58673	-27.6542	-884.3765	16.055555	-87.804146	0.007087694	-87.7765	-87.80596	101400	-2.4636586e-08	32780.312	-0.01654654	-38.67578	0.009750531	0.0	59.884655237197876
169	-410.50354	393.39005	-23.512472	-877.01776	16.0	-89.98683	0.0069243186	-89.95982	-89.98861	102000	-3.1789145e-09	33170.367	-0.019291608	-74.26172	0.009323181	0.0	60.25157928466797
170	-247.41652	346.6179	-21.095001	-872.44275	20.892857	-92.79898	0.006068946	-92.77204	-92.80034	102600	1.11262e-08	16299.187	-0.011914339	-172.53027	0.008777237	0.0	60.84465432167053
171	-320.18567	383.22696	-24.79995	-874.00146	18.5	-88.90723	0.006047632	-88.882164	-88.90869	103200	0.0	23444.309	-0.015056569	-84.46094	0.009148715	0.0	61.23884034156799
172	-339.02722	385.53815	-27.72097	-876.8744	17.818182	-85.9159	0.005757529	-85.89242	-85.91732	103800	-1.9868216e-08	25765.217	-0.014280913	-6.4179688	0.008488619	0.0	61.60353374481201
173	-423.87164	397.0211	-25.13678	-884.4459	15.205129	-84.998825	0.0059452686	-84.97657	-85.000404	104400	3.973643e-10	34636.01	-0.013938675	-89.91797	0.00993237	0.0	61.94817495346069
174	-343.38403	383.9136	-27.968512	-878.9972	17.757576	-87.849075	0.0053994334	-87.82704	-87.850395	105000	-1.4305114e-08	25785.562	-0.015060505	0.234375	0.006604543	1.0	62.30622935295105
175	-372.2007	389.73776	-28.19617	-887.5629	16.857143	-88.03398	0.005368526	-88.01273	-88.03534	105600	1.8278758e-08	28361.117	-0.017191868	-4.5429688	0.0076368083	0.0	62.64660573005676
176	-308.84836	371.22794	-28.960041	-851.4872	18.838709	-88.69001	0.004913203	-88.66933	-88.69119	106200	-7.947286e-09	20716.97	-0.013504085	-23.392578	0.009704582	0.0	63.00460457801819
177	-410.21915	396.04596	-23.990887	-888.0179	15.789474	-87.193565	0.00508597	-87.17401	-87.19489	106800	-3.417333e-08	34262.08	-0.011883695	-47.628906	0.006701103	1.0	63.35454058647156
178	-450.15625	398.1057	-21.097895	-873.14185	14.45	-89.30826	0.005139743	-89.28928	-89.309654	107400	-1.9868216e-08	41058.047	-0.019086152	-122.046875	0.009351895	0.0	63.72601866722107
179	-470.9168	400.32355	-21.030485	-876.7989	13.785714	-92.90971	0.0051459894	-92.89119	-92.91114	108000	-9.735425e-09	44236.414	-0.012471438	-119.77344	0.0077759204	0.0	64.08894371986389
180	-277.28357	352.9864	-27.483973	-851.5358	20.206896	-96.47157	0.0042234883	-96.45317	-96.47255	108600	1.5894572e-09	17324.072	-0.01399192	-62.71875	0.008704685	0.0	64.66432332992554
181	-384.58826	393.9823	-27.838806	-879.7442	16.63889	-94.20924	0.0044339565	-94.19194	-94.21037	109200	3.973643e-10	31343.23	-0.018921293	-0.6308594	0.009380118	0.0	65.01979780197144
182	-266.5165	361.15567	-21.72855	-873.2267	19.862068	-93.78927	0.0038410274	-93.77253	-93.79015	109800	2.0911296e-08	18183.48	-0.013256859	-205.48438	0.008734863	0.0	65.37406373023987
183	-390.62048	400.8972	-22.584364	-876.5059	16.162163	-89.4447	0.004002563	-89.429306	-89.44574	110400	-6.0598055e-09	33220.98	-0.018456666	-11.625	0.007717607	0.0	65.73012495040894
184	-264.24677	357.25333	-22.62756	-850.1584	20.103449	-88.17054	0.0033854132	-88.15578	-88.17131	111000	1.1920929e-08	18291.047	-0.016877137	-125.9707	0.0088048205	0.0	66.09087300300598
185	-369.30777	393.25354	-21.649645	-873.74133	16.857143	-84.77434	0.003464269	-84.76063	-84.775215	111600	5.5631e-09	29054.268	-0.015327275	0.1328125	0.009183046	0.0	66.46030282974243
186	-352.30884	390.45535	-21.864311	-851.25336	17.617647	-84.731186	0.0032990857	-84.71793	-84.73201	112200	6.7551933e-09	26998.334	-0.013794443	-5.6367188	0.009007631	0.0	66.82456970214844
187	-190.87	312.82016	-22.928173	-850.5467	22.185184	-84.025116	0.0028450952	-84.01226	-84.02576	112800	-7.947286e-10	11656.648	-0.00953403	-249.83301	0.009134985	0.0	67.18192195892334
188	-333.23904	393.69006	-22.701647	-876.58124	17.878788	-79.291756	0.002903464	-79.27991	-79.292465	113400	-9.536743e-09	25873.91	-0.018301327	-36.708984	0.009289098	0.0	67.5437524318695
189	-379.40872	396.2221	-25.832397	-871.63684	16.555555	-77.26239	0.0028629685	-77.25122	-77.26312	114000	1.3113022e-08	31093.207	-0.01617058	-17.234375	0.009531453	0.0	67.9024863243103
190	-317.9535	387.4209	-21.852903	-878.51154	18.46875	-78.41071	0.0026472171	-78.39974	-78.411354	114600	-1.8278758e-08	23670.2	-0.01242226	-29.191406	0.00963267	0.0	68.49960231781006
191	-335.2394	385.63684	-22.723806	-850.5538	17.848484	-76.86515	0.002552437	-76.85474	-76.865776	115200	3.5762786e-09	25875.953	-0.014874481	0.02734375	0.009663627	0.0	68.85428190231323
192	-364.4481	395.33618	-22.99597	-888.7922	17.0	-76.84435	0.0025492944	-76.83427	-76.845	115800	0.0	29171.363	-0.02341179	-3.453125	0.009457615	0.0	69.21650433540344
193	-390.9817	400.8993	-20.976595	-877.2322	16.162163	-77.43043	0.0025327804	-77.42068	-77.431076	116400	-2.5381645e-08	33270.312	-0.0099759465	-17.292969	0.0064589772	1.0	69.57918691635132
194	-458.70636	403.6662	-23.157307	-876.48566	14.268292	-78.77273	0.002588984	-78.76329	-78.77344	117000	3.1789146e-08	43042.285	-0.012518283	-186.0586	0.008722407	0.0	69.93592047691345
195	-394.21072	400.04495	-30.374529	-877.33704	16.18919	-83.05605	0.002451004	-83.04663	-83.056694	117600	7.947286e-09	34053.902	-0.013643156	-18.914062	0.0090170475	0.0	70.28963708877563
196	-288.5775	365.77332	-21.727139	-848.2474	19.5	-84.62329	0.0021667252	-84.61401	-84.6238	118200	-9.536743e-09	19371.346	-0.011837296	-31.033203	0.009714262	0.0	70.64194464683533
197	-319.19226	385.74893	-19.803314	-874.0441	18.15625	-82.95311	0.0021324784	-82.94428	-82.953636	118800	-1.7484028e-08	23607.637	-0.017541226	-47.75586	0.009292339	0.0	71.00936222076416
198	-351.3683	395.8358	-19.38248	-879.4152	17.411764	-80.694855	0.0020706397	-80.68653	-80.695366	119400	1.39077505e-08	27923.418	-0.011825015	-8.337891	0.0066852774	1.0	71.36118507385254
199	-301.7853	380.51093	-21.599413	-875.03546	18.806452	-79.66521	0.0018960335	-79.65723	-79.665665	120000	1.2318293e-08	21711.896	-0.01567207	-50.26953	0.009919771	0.0	71.730144739151
200	-426.35605	401.48828	-22.531378	-876.87445	14.875	-77.359634	0.0020212792	-77.35218	-77.36019	120600	-1.7881394e-08	39207.457	-0.012393801	-104.46484	0.0064867227	1.0	72.35481977462769
201	-383.09827	392.57028	-29.897623	-886.9026	16.5	-80.46815	0.0018976175	-80.46075	-80.468636	121200	-1.8278758e-08	32299.236	-0.013502322	-68.33203	0.009534573	0.0	72.70782327651978
202	-340.04135	384.88593	-19.601896	-875.24817	17.818182	-83.23618	0.0018045219	-83.22882	-83.236626	121800	-3.973643e-09	25749.777	-0.01858408	0.025390625	0.009597557	0.0	73.07516646385193
203	-484.47025	403.77426	-23.844063	-876.65906	13.340909	-83.47769	0.0019974567	-83.47067	-83.47826	122400	2.1457673e-08	49144.742	-0.01935889	-196.57031	0.009863417	0.0	73.43673396110535
204	-357.4482	394.72025	-24.04006	-878.07025	17.235294	-87.81603	0.0017488013	-87.809	-87.81646	123000	-3.1789145e-09	27651.107	-0.013172594	-3.328125	0.009220657	0.0	73.80732989311218
205	-262.28732	362.80923	-20.427341	-877.2274	20.034483	-87.439384	0.0015547173	-87.4326	-87.439735	123600	3.973643e-09	17953.238	-0.017000904	-205.70898	0.009618098	0.0	74.17506194114685
206	-377.02234	400.52002	-20.671515	-878.5874	16.61111	-83.08242	0.0015930284	-83.07622	-83.08284	124200	1.390775e-09	32432.057	-0.008680054	-2.9433594	0.008762778	0.0	74.52458477020264
207	-281.73087	372.0016	-21.147282	-876.2505	19.366667	-82.300156	0.0014017071	-82.29416	-82.30049	124800	-6.357829e-09	19586.025	-0.011502806	-100.18945	0.006684888	1.0	74.87253785133362
208	-345.9274	378.98895	-25.285091	-870.3355	17.757576	-79.29302	0.0013776511	-79.28741	-79.293365	125400	5.5631e-09	25470.865	-0.012890995	-46.552734	0.009126204	0.0	75.21746587753296
209	-418.2947	401.86945	-24.613089	-876.3962	15.307693	-81.17097	0.0014710763	-81.16546	-81.17136	126000	1.2318293e-08	37171.094	-0.015674837	-61.089844	0.008343078	0.0	75.56162786483765
210	-415.1794	404.22546	-19.186668	-876.21674	15.384615	-83.62938	0.0014256899	-83.62398	-83.62976	126600	1.6291937e-08	38216.01	-0.014920266	-20.570312	0.008478384	0.0	76.1628246307373
211	-216.08043	329.31067	-23.290367	-849.9378	21.285715	-85.12137	0.0011977984	-85.11604	-85.12163	127200	1.5894572e-09	13534.57	-0.011618226	-174.97559	0.009724766	0.0	76.50404334068298
212	-288.00232	370.94202	-20.022161	-877.4192	19.3	-81.2676	0.0011602052	-81.26263	-81.26787	127800	-2.0662943e-08	19435.04	-0.010313906	-38.777344	0.008305319	0.0	76.86541509628296
213	-358.38422	387.438	-23.04911	-878.30225	17.088236	-79.213264	0.0011730476	-79.20854	-79.21355	128400	1.5099843e-08	27873.184	-0.00856867	-33.26758	0.009633724	0.0	77.2458016872406
214	-357.22314	389.1911	-23.838419	-874.9307	17.294117	-80.838135	0.0011551384	-80.83349	-80.83842	129000	-1.5894573e-08	27263.434	-0.010402757	-11.857422	0.006702563	1.0	77.62432026863098
215	-430.34747	400.64053	-22.503952	-876.70636	15.0	-81.977715	0.001198943	-81.97323	-81.978035	129600	4.5696895e-09	38972.11	-0.017829366	-105.48828	0.008833963	0.0	77.96610641479492
216	-241.26251	344.9498	-22.131475	-877.0324	20.655172	-85.112915	0.0010309286	-85.10842	-85.11315	130200	-4.7683715e-09	16467.61	-0.018965054	-88.74609	0.009730434	0.0	78.30474519729614
217	-387.26773	395.30386	-22.98638	-876.11487	16.38889	-82.47641	0.0010809522	-82.47219	-82.476685	130800	2.9404958e-08	30949.896	-0.014748821	-32.67578	0.008624416	0.0	78.66581201553345
218	-256.71143	358.9182	-22.9058	-876.62476	19.966667	-84.016754	0.0009727451	-84.01259	-84.01698	131400	9.536743e-09	17729.19	-0.008098536	-134.3164	0.009987688	0.0	79.02723860740662
219	-242.12534	348.97894	-21.236616	-852.7506	20.607143	-80.724236	0.0008803096	-80.72033	-80.724434	132000	2.1457673e-08	15406.026	-0.02316103	-122.07129	0.008536294	0.0	79.39965534210205
220	-228.1486	336.05124	-25.088099	-875.70044	21.296297	-77.34943	0.00081909314	-77.345726	-77.34961	132600	-7.152557e-09	13329.677	-0.011428151	-38.69336	0.009452236	0.0	80.01778554916382
221	-350.63705	392.37686	-24.64672	-872.4784	17.441177	-75.38656	0.0008726722	-75.38304	-75.386765	133200	-7.947286e-09	27185.096	-0.009563778	-0.6425781	0.007640221	0.0	80.37077188491821
222	-405.1508	403.43872	-26.027235	-886.62006	15.944445	-75.54562	0.00086992234	-75.54224	-75.54585	133800	-1.7881394e-08	32451.664	-0.01828888	-44.63086	0.007751312	0.0	80.74181175231934
223	-304.79816	378.7005	-25.550354	-877.0998	19.032259	-77.54648	0.0007971472	-77.54312	-77.54667	134400	3.973643e-09	21353.543	-0.006037655	-9.609375	0.009377081	0.0	81.1018795967102
224	-197.40797	316.13153	-23.385788	-846.9016	22.26923	-76.71774	0.0007006873	-76.71451	-76.71789	135000	-1.9868216e-09	11025.876	-0.008530626	-111.54297	0.009305131	0.0	81.46164584159851
225	-224.45709	334.33008	-26.156588	-850.7013	21.666666	-73.495964	0.00068076863	-73.4929	-73.496124	135600	6.7551933e-09	13595.403	-0.0120415045	-34.714844	0.008787411	0.0	81.82538056373596
226	-338.19724	385.94382	-22.589407	-874.2461	17.90909	-71.55561	0.00071089796	-71.552704	-71.55578	136200	3.973643e-09	25035.367	-0.011845826	-15.611328	0.0093099335	0.0	82.17636823654175
227	-400.63687	397.57123	-20.220175	-851.35815	16.25	-72.670876	0.00073043903	-72.66802	-72.67106	136800	-7.549922e-09	33670.086	-0.009515194	-96.85156	0.009060838	0.0	82.54240465164185
228	-396.65515	404.0993	-23.281446	-876.69275	16.0	-75.72931	0.0007267702	-75.72648	-75.7295	137400	-5.5631e-09	33412.535	-0.008271587	-8.96875	0.009873918	0.0	82.9010751247406
229	-411.76614	405.56158	-23.282715	-877.5475	15.567568	-76.81337	0.00070986943	-76.810646	-76.81356	138000	-6.357829e-09	35523.973	-0.008699884	-27.5	0.0096262405	0.0	83.25596570968628
230	-412.83096	399.72238	-21.436186	-874.55225	15.756757	-78.47872	0.00068941293	-78.476074	-78.478905	138600	-1.9073486e-08	35668.797	-0.010837453	-67.00391	0.007648025	0.0	83.88118577003479
231	-376.6068	395.87518	-21.40974	-877.92975	16.911764	-81.11104	0.0006509443	-81.10841	-81.11119	139200	-7.152557e-09	28874.387	-0.008967503	-5.5742188	0.009079393	0.0	84.22863554954529
232	-420.15372	403.88745	-24.782497	-849.7316	15.263158	-81.99543	0.0006622091	-81.992905	-81.99559	139800	-1.8278758e-08	36948.785	-0.011465615	-9.484375	0.008695102	0.0	84.5950083732605
233	-351.17517	390.39328	-23.099888	-875.6554	17.647058	-83.0136	0.00059449143	-83.011185	-83.013756	140400	4.371007e-09	28012.38	-0.008915486	-1.2617188	0.009366867	1.0	84.95273900032043
234	-284.70184	367.75906	-18.929218	-849.23444	19.6	-82.69555	0.00055079156	-82.69321	-82.695694	141000	-7.549922e-09	19039.457	-0.012199913	-66.95117	0.009036739	0.0	85.3085310459137
235	-350.84058	393.2809	-26.030794	-878.03314	17.529411	-79.99276	0.0005453794	-79.99057	-79.9929	141600	-1.4305114e-08	27291.297	-0.0063742367	-4.640625	0.008675872	1.0	85.6683087348938
236	-432.27155	402.75916	-24.15401	-852.68427	14.769231	-79.12804	0.0005557217	-79.12596	-79.12819	142200	1.39077505e-08	39591.875	-0.012149078	-74.86719	0.0099705905	0.0	86.0216896533966
237	-424.4607	402.33167	-20.894829	-877.8199	15.315789	-81.9633	0.00053605525	-81.961266	-81.96344	142800	7.947286e-10	37734.086	-0.013703999	-54.539062	0.008647948	0.0	86.37748908996582
238	-388.5293	396.91068	-21.220724	-874.2181	16.37143	-84.55604	0.0005056061	-84.55405	-84.556175	143400	-7.152557e-09	31719.04	-0.009669477	-5.3359375	0.009359503	0.0	86.73814487457275
239	-355.037	390.6832	-21.161493	-875.5166	17.411764	-85.45495	0.00048462022	-85.452995	-85.45506	144000	3.973643e-10	27039.494	-0.0060515665	-1.5	0.0065853014	1.0	87.10047912597656
240	-166.93625	295.5137	-23.972538	-873.54694	22.807692	-85.07069	0.00041122365	-85.068794	-85.07078	144600	9.536743e-09	10011.119	-0.013742258	-361.3457	0.009724323	0.0	87.71657514572144
241	-265.65494	352.0433	-22.497038	-874.8977	19.966667	-78.99131	0.00040028483	-78.9896	-78.99141	145200	-3.973643e-09	17856.217	-0.017579347	-5.560547	0.009770044	0.0	88.06899619102478
242	-354.8529	391.24823	-19.737894	-874.5458	17.264706	-77.90806	0.0004095091	-77.90642	-77.908165	145800	3.973643e-10	27274.762	-0.02637376	-6.6289062	0.009246345	0.0	88.43220496177673
243	-356.89987	388.01343	-27.026768	-878.6082	17.17647	-78.69439	0.00040053957	-78.69278	-78.69449	146400	-2.9404958e-08	27909.666	-0.008478186	-32.66211	0.009286487	0.0	88.77856492996216
244	-469.34128	398.20663	-29.825619	-876.3716	13.761905	-80.56013	0.00043499382	-80.55857	-80.56026	147000	3.973643e-09	46051.055	-0.017351959	-345.84766	0.009210855	0.0	89.12871241569519
245	-429.03424	400.247	-24.868532	-877.223	14.95	-86.260376	0.0004255138	-86.2588	-86.26048	147600	8.34465e-09	38539.32	-0.010982621	-59.621094	0.009444939	0.0	89.48868560791016
246	-297.50934	368.48557	-21.551037	-875.7513	19.166666	-88.81285	0.00035811265	-88.811325	-88.81294	148200	3.973643e-10	19324.684	-0.012535646	-12.109375	0.009439917	0.0	89.84207034111023
247	-276.0691	351.30728	-24.980217	-849.9127	19.896551	-87.88597	0.00033754788	-87.8845	-87.88605	148800	-1.3113022e-08	17689.527	-0.009817926	-9.990234	0.009820272	0.0	90.19885921478271
248	-286.98767	358.50494	-19.352915	-875.1862	19.225807	-86.86978	0.00034289862	-86.86833	-86.86986	149400	1.3510387e-08	19764.37	-0.011119172	-4.861328	0.008298613	0.0	90.57236313819885
249	-374.57126	384.68307	-22.430843	-851.45776	16.6	-86.14409	0.00034608704	-86.142715	-86.14417	150000	-1.9868216e-09	29197.44	-0.014868798	-51.79297	0.009473351	0.0	90.9216775894165
250	-479.12714	397.54578	-23.552248	-876.48224	13.44186	-88.33267	0.0003739078	-88.331345	-88.33278	150600	-1.07288365e-08	47621.246	-0.015039082	-271.54688	0.0066036577	1.0	91.5580952167511
251	-406.1915	400.9719	-24.821527	-876.9648	15.605263	-93.35043	0.0003444978	-93.34911	-93.35051	151200	1.947085e-08	35123.05	-0.017193938	0.6875	0.009825818	0.0	91.90982031822205
252	-410.72482	397.96033	-24.901854	-880.59247	15.684211	-93.56003	0.00033293152	-93.55876	-93.56011	151800	-4.7683715e-09	34696.17	-0.007244862	-6.484375	0.007914622	0.0	92.25959920883179
253	-386.66602	391.9046	-20.821272	-874.224	16.305555	-94.30305	0.00030653254	-94.30186	-94.30313	152400	5.9604646e-09	30649.934	-0.012041463	-1.2226562	0.009177524	0.0	92.61792922019958
254	-345.44363	381.7131	-24.169672	-874.9433	17.60606	-94.68595	0.00028399765	-94.68479	-94.68602	153000	-1.611809e-08	24867.654	-0.017397854	-7.1757812	0.008812445	0.0	92.97299265861511
255	-392.97714	387.63815	-27.503393	-851.8366	15.789474	-93.86992	0.00028249098	-93.86883	-93.86999	153600	-1.9768875e-08	31764.887	-0.0108701	-34.23047	0.009554584	0.0	93.32273173332214
256	-421.11337	400.84082	-21.160398	-876.6704	15.256411	-95.66123	0.00028556774	-95.66016	-95.6613	154200	-7.947286e-09	36872.125	-0.01758305	-3.6914062	0.009384367	0.0	93.68472480773926
257	-466.81207	398.73444	-22.376581	-851.78357	13.666667	-96.38334	0.0002794435	-96.38233	-96.383415	154800	0.0	43626.98	-0.012299602	-56.710938	0.00968189	0.0	94.04536080360413
258	-375.99744	393.50314	-20.140001	-849.0971	16.555555	-98.82732	0.00024963048	-98.82635	-98.827385	155400	4.7683715e-09	33312.48	-0.010496412	-37.3125	0.009244141	0.0	94.40151739120483
259	-373.78616	399.17877	-21.184029	-879.4749	16.416666	-96.98467	0.00023685861	-96.98374	-96.984726	156000	-1.5099843e-08	33371.5	-0.011134045	-96.83203	0.009175044	0.0	94.75953030586243
260	-451.29312	402.57727	-21.92536	-883.1438	14.285714	-93.72332	0.00023186959	-93.722466	-93.72337	156600	1.66893e-08	42481.754	-0.011354834	-37.726562	0.009375864	0.0	95.38238477706909
261	-426.24722	401.5669	-21.254768	-875.67	14.9	-95.52945	0.00021753833	-95.52865	-95.52951	157200	-8.34465e-09	39574.17	-0.010453133	-1.1796875	0.00923628	0.0	95.75062727928162
262	-262.03564	357.03394	-27.902615	-872.78033	19.833334	-96.01088	0.00018746666	-96.01008	-96.010925	157800	-3.973643e-09	17846.74	-0.018095415	-240.09766	0.008372925	0.0	96.12437152862549
263	-404.13065	400.5104	-22.823109	-878.02966	15.657895	-91.18122	0.00019001405	-91.1805	-91.18127	158400	-6.357829e-09	35847.99	-0.007046115	0.20703125	0.007874737	0.0	96.47703289985657
264	-284.76218	368.05023	-24.459953	-851.10706	19.266666	-90.72992	0.0001657002	-90.7292	-90.72995	159000	-1.1523564e-08	19451.152	-0.011890929	-137.17188	0.009581761	0.0	96.83099699020386
265	-377.41467	396.946	-19.11332	-877.61285	16.36111	-87.15485	0.00016559477	-87.15419	-87.15488	159600	-3.1789145e-09	31919.566	-0.007111547	-3.6503906	0.007123685	1.0	97.18363285064697
266	-287.20892	367.89597	-21.360083	-875.4808	19.266666	-86.34866	0.00014697529	-86.34804	-86.3487	160200	-1.66893e-08	19125.709	-0.009512979	-66.46094	0.009306935	0.0	97.54055285453796
267	-347.7369	390.08868	-23.419401	-852.45624	17.352942	-83.815765	0.00015043649	-83.81517	-83.81581	160800	-3.1789145e-09	28705.18	-0.011817428	-8.873047	0.009122383	0.0	97.89061117172241
268	-404.51724	400.41754	-24.075699	-874.3438	15.578947	-82.74493	0.00014859017	-82.74436	-82.744965	161400	-1.5894573e-08	34943.566	-0.016821528	-18.484375	0.009867366	0.0	98.25425815582275
269	-321.28735	384.90552	-22.199474	-886.696	18.375	-84.06125	0.00013233867	-84.06071	-84.06129	162000	2.1060307e-08	22410.793	-0.010934786	-44.89258	0.007269733	1.0	98.62347435951233
270	-241.84898	349.72217	-23.412357	-877.60364	20.785715	-82.00517	0.000117868585	-82.00465	-82.005196	162600	3.33786e-08	16460.877	-0.0103761	-140.76074	0.008591702	0.0	99.25294160842896
271	-394.60928	396.2108	-24.350763	-877.5142	16.18919	-78.169586	0.00013330206	-78.16906	-78.1696	163200	1.5993914e-08	32652.656	-0.011636564	-50.67383	0.008439568	0.0	99.596599817276
272	-428.66556	398.771	-20.550606	-875.5696	15.210526	-80.19454	0.00012983427	-80.19405	-80.19458	163800	7.549922e-09	37012.652	-0.008491014	-134.8125	0.006919671	0.0	99.94290518760681
273	-287.04633	368.54965	-21.134155	-873.99506	19.433332	-83.87388	0.00011375604	-83.873405	-83.87392	164400	-7.947286e-09	19385.553	-0.008172832	-41.695312	0.0067736492	1.0	100.29587841033936
274	-367.4475	392.66782	-29.596365	-872.1635	17.142857	-82.08719	0.00011154755	-82.08673	-82.087204	165000	-4.2915346e-08	28766.613	-0.012265079	-0.8535156	0.0093769785	0.0	100.65283513069153
275	-244.79445	351.3225	-22.093248	-887.40234	20.678572	-82.27546	0.0001030858	-82.275	-82.27548	165600	-2.5431316e-08	14493.335	-0.018584546	-137.3252	0.009326163	0.0	101.01240515708923
276	-435.7444	399.59717	-30.293676	-874.13153	14.634147	-78.72916	0.000115705494	-78.72874	-78.729195	166200	-8.34465e-09	42184.055	-0.014411578	-141.5625	0.0098547535	0.0	101.36948347091675
277	-222.82465	339.1731	-23.821386	-875.99054	21.37037	-82.0648	9.336168e-05	-82.06438	-82.06482	166800	-1.3510387e-08	13683.645	-0.009470637	-128.30078	0.008636429	0.0	101.72073197364807
278	-369.9058	389.90283	-26.196056	-849.9229	16.62857	-78.99596	9.9796445e-05	-78.99557	-78.99599	167400	1.11262e-08	28585.97	-0.010177005	-24.017578	0.009748182	0.0	102.07910132408142
279	-416.16412	400.38638	-26.210062	-873.8447	15.307693	-80.22514	9.90451e-05	-80.22478	-80.225174	168000	5.3644182e-09	36651.0	-0.009901032	-57.19922	0.008466994	0.0	102.43457913398743
280	-446.15866	402.54578	-20.473942	-877.0193	14.238095	-82.503624	0.00010627065	-82.50324	-82.503654	168600	1.07288365e-08	43581.15	-0.011731838	-107.92969	0.0066664927	1.0	103.07189154624939
281	-288.91827	368.15424	-21.94157	-873.658	19.233334	-85.61033	8.797324e-05	-85.60995	-85.610344	169200	7.947286e-09	19127.195	-0.013715048	-34.378906	0.0088193575	0.0	103.44047212600708
282	-334.3911	389.17783	-20.883636	-886.041	17.69697	-84.07121	8.484765e-05	-84.07086	-84.07123	169800	-6.357829e-09	25224.73	-0.0091277	-34.035156	0.007992746	0.0	103.80473923683167
283	-324.5561	377.9245	-24.725246	-849.3661	18.28125	-82.26763	8.181081e-05	-82.267296	-82.267654	170400	-5.165736e-09	22709.459	-0.009530601	-0.47070312	0.009603259	0.0	104.16829800605774
284	-366.00616	393.96008	-19.4734	-875.35675	16.77143	-81.9583	7.797674e-05	-81.95799	-81.95832	171000	-8.742014e-09	29065.74	-0.0103786355	-0.40039062	0.006411221	1.0	104.51714181900024
285	-395.20526	402.84592	-22.116776	-878.706	16.054054	-82.143974	8.587956e-05	-82.143654	-82.144005	171600	2.9404958e-08	33613.555	-0.013355049	-9.792969	0.009385694	0.0	104.87309646606445
286	-339.676	390.55707	-20.890556	-876.4642	17.818182	-83.116356	7.948863e-05	-83.11603	-83.11637	172200	-1.480182e-08	25502.773	-0.015262603	-7.984375	0.009227037	0.0	105.22662496566772
287	-400.84512	403.6972	-24.363035	-880.22864	15.578947	-82.28403	7.91915e-05	-82.28372	-82.28404	172800	3.973643e-10	35411.38	-0.015622759	-1.1328125	0.009294244	0.0	105.57835006713867
288	-402.70737	400.11285	-22.721813	-875.74036	15.631579	-82.572784	7.7281285e-05	-82.57249	-82.5728	173400	8.940697e-09	35762.793	-0.011424646	-20.265625	0.009324738	0.0	105.93472266197205
289	-339.1189	383.218	-19.837265	-850.96136	17.939394	-84.05087	6.905761e-05	-84.0506	-84.050896	174000	1.2715658e-08	25929.943	-0.008190802	0.05078125	0.006535662	1.0	106.28747797012329
290	-417.65536	400.30112	-25.751732	-876.5282	15.648648	-84.14573	7.524404e-05	-84.14543	-84.14574	174600	1.7484028e-08	34813.188	-0.017829772	-48.132812	0.009621028	0.0	106.93436193466187
291	-439.04578	398.52826	-19.982666	-873.6982	14.769231	-86.44469	6.866455e-05	-86.444435	-86.44471	175200	1.9073486e-08	40225.125	-0.009943301	-136.67969	0.008092203	0.0	107.29085850715637
292	-430.88797	400.36063	-20.121643	-879.33655	15.236842	-90.38042	6.8884605e-05	-90.38017	-90.38045	175800	9.934108e-09	37804.78	-0.013713532	-59.67578	0.008795734	0.0	107.65981650352478
293	-363.75238	394.0287	-21.928679	-877.5451	17.114286	-93.07055	6.523913e-05	-93.07029	-93.070564	176400	1.5894572e-09	30130.434	-0.017422736	-42.63086	0.008576786	0.0	108.00985598564148
294	-339.87985	389.7106	-21.39024	-889.25525	17.90909	-91.07599	6.0530805e-05	-91.07575	-91.07601	177000	0.0	24659.12	-0.009804605	-67.93555	0.008794998	0.0	108.36232709884644
295	-412.81927	400.87213	-23.261812	-876.3345	15.358974	-88.2913	5.9097038e-05	-88.29107	-88.2913	177600	1.3113022e-08	38421.68	-0.010534406	-5.4921875	0.009671959	0.0	108.73297381401062
296	-295.8398	364.7114	-21.728537	-878.53296	19.733334	-88.93412	4.5088796e-05	-88.93392	-88.93412	178200	-6.7551933e-09	19955.787	-0.011091149	-9.064453	0.009787653	0.0	109.09517884254456
297	-318.9361	382.7607	-24.592503	-850.8401	18.34375	-87.98544	4.8309794e-05	-87.98524	-87.98544	178800	-9.536743e-09	23342.223	-0.018757869	-85.38086	0.009155817	0.0	109.46786236763
298	-251.56602	349.23102	-24.299906	-877.8252	20.892857	-84.86931	4.0937703e-05	-84.869125	-84.869316	179400	1.7484028e-08	16505.791	-0.01231804	-67.25781	0.009087497	0.0	109.8192548751831
299	-379.53955	398.8887	-25.479568	-874.36096	16.5	-82.01196	4.793786e-05	-82.01177	-82.01197	180000	-2.1855037e-08	32295.08	-0.013394717	-2.0371094	0.009255103	0.0	110.1677885055542
300	-364.4084	393.87042	-23.65715	-851.2176	16.77143	-82.37198	3.9936072e-05	-82.37182	-82.37199	180600	2.78155e-09	28913.307	-0.023465725	-0.25976562	0.009496716	0.0	110.81735706329346
301	-378.1937	400.2099	-26.532417	-889.3643	16.36111	-82.22705	4.419784e-05	-82.226875	-82.22706	181200	-3.973643e-09	30291.023	-0.012639117	-1.7734375	0.008307951	0.0	111.18362164497375
302	-387.89536	403.89294	-22.095356	-876.8958	16.054054	-81.75424	4.2880998e-05	-81.754074	-81.75425	181800	-2.3841857e-09	34518.773	-0.008786757	-0.5	0.009313266	0.0	111.54288172721863
303	-363.44247	394.04123	-22.327038	-851.19	16.742857	-81.47784	4.3467466e-05	-81.477684	-81.47786	182400	-3.973643e-10	28928.424	-0.012589844	-0.7832031	0.009840242	0.0	111.91651248931885
304	-242.55884	352.438	-19.903141	-875.4398	20.5	-81.149765	3.354621e-05	-81.14961	-81.149765	183000	1.2715658e-08	15770.825	-0.019755293	-172.71484	0.009559488	0.0	112.29012060165405
305	-283.55173	371.2704	-21.384527	-873.09375	19.466667	-76.5363	3.377677e-05	-76.536156	-76.53631	183600	-2.3841858e-08	19399.822	-0.017349517	-48.06836	0.009059234	0.0	112.65626120567322
306	-163.738	289.37006	-23.051918	-848.74384	22.923077	-73.92048	2.849045e-05	-73.920364	-73.920494	184200	-1.5894572e-09	10056.808	-0.014322214	-170.49414	0.009203511	0.0	113.02272510528564
307	-298.16977	376.2594	-24.345224	-849.41895	18.741936	-69.447876	2.8790226e-05	-69.44777	-69.44789	184800	2.8610229e-08	21933.172	-0.016853264	-1.7167969	0.008201704	0.0	113.38707780838013
308	-134.37929	264.34283	-20.420204	-850.66956	23.92	-68.74744	2.547578e-05	-68.74734	-68.74745	185400	2.0662943e-08	7298.64	-0.009549809	-190.91699	0.007980675	0.0	113.74614143371582
309	-488.4196	403.2512	-20.719519	-882.0341	13.066667	-64.25725	3.1687254e-05	-64.25713	-64.25725	186000	-1.2516975e-08	52078.707	-0.012978475	-469.71875	0.0086284205	0.0	114.11576676368713
310	-331.93857	386.78546	-21.175833	-849.04584	17.727272	-70.32747	2.8232196e-05	-70.327354	-70.32748	186600	-2.3444494e-08	25945.227	-0.010373139	-6.720703	0.008875195	0.0	114.76779389381409
311	-302.21136	380.03482	-20.135044	-880.001	18.838709	-71.4456	2.7451688e-05	-71.44549	-71.44561	187200	-1.0331472e-08	21433.33	-0.008991201	-2.7578125	0.009483671	0.0	115.13393259048462
312	-222.52951	337.49414	-24.483839	-884.5974	21.555555	-70.99636	2.5819987e-05	-70.99625	-70.99637	187800	-8.742014e-09	12132.556	-0.009618645	-48.53125	0.009369405	0.0	115.47554135322571
313	-352.52756	397.35745	-23.105146	-888.338	17.441177	-68.96807	2.507275e-05	-68.96797	-68.96808	188400	-1.7484028e-08	26794.164	-0.0126095945	-6.9726562	0.009852308	0.0	115.82644987106323
314	-360.87192	397.33246	-23.657028	-850.13654	16.857143	-69.63451	2.8032186e-05	-69.63439	-69.63451	189000	1.4305114e-08	29400.768	-0.012053666	-9.240234	0.009915494	0.0	116.17164015769958
315	-325.5161	381.97488	-24.489136	-876.79266	18.0625	-70.58641	2.2715873e-05	-70.58632	-70.58642	189600	-9.536743e-09	23325.516	-0.016862288	-25.597656	0.009497326	0.0	116.52322030067444
316	-251.33011	346.37436	-23.263847	-872.8434	20.5	-72.15271	2.3482346e-05	-72.1526	-72.15271	190200	6.357829e-09	14788.087	-0.011327228	-0.115234375	0.009877373	0.0	116.88440823554993
317	-417.75784	399.03882	-22.72718	-869.8876	15.153846	-72.10208	2.664833e-05	-72.10198	-72.10209	190800	-3.3775965e-08	37197.785	-0.0110985655	-182.25781	0.008720978	0.0	117.23146486282349
318	-284.15207	368.5903	-23.498835	-877.99304	19.366667	-76.14551	2.5570806e-05	-76.14542	-76.14552	191400	-2.5431316e-08	20046.646	-0.017010892	-8.505859	0.008842355	0.0	117.5795829296112
319	-281.17285	368.28595	-24.376684	-848.4912	19.5	-75.46398	2.0471813e-05	-75.4639	-75.46399	192000	-7.152557e-09	20015.2	-0.007983177	-25.945312	0.0087634325	0.0	117.92779588699341
320	-437.48062	404.82956	-24.518152	-880.0812	14.743589	-73.85805	2.2888184e-05	-73.85796	-73.858055	192600	5.9604646e-09	39444.48	-0.009556992	-138.3711	0.009575771	0.0	118.5812337398529
321	-349.228	392.52756	-19.407928	-852.0443	17.17647	-77.29668	2.0269412e-05	-77.29659	-77.29668	193200	1.5894572e-09	27224.53	-0.01465933	0.41015625	0.0077422946	0.0	118.95140314102173
322	-391.61993	400.9655	-25.646385	-878.1565	16.18919	-77.50624	2.4222576e-05	-77.506165	-77.506256	193800	2.3841857e-09	33330.926	-0.021266429	-17.464844	0.009170058	0.0	119.32166385650635
323	-434.6714	404.68768	-18.795225	-879.1884	14.743589	-78.766655	2.3638815e-05	-78.76656	-78.766655	194400	2.4636586e-08	39364.316	-0.0062620845	-73.44141	0.009100302	0.0	119.67322659492493
324	-418.7467	403.0234	-22.933819	-877.4732	15.358974	-81.45656	2.2888184e-05	-81.456474	-81.456566	195000	2.3841857e-09	37350.113	-0.012517712	-57.898438	0.007725548	0.0	120.03563070297241
325	-336.44693	386.66794	-19.507807	-850.54987	17.727272	-83.92334	2.0754198e-05	-83.92328	-83.923355	195600	6.357829e-09	25055.107	-0.011345874	-11.578125	0.009043158	0.0	120.38387846946716
326	-304.90253	379.58505	-19.091608	-886.7569	18.774193	-82.983475	1.7508864e-05	-82.983406	-82.98348	196200	-9.139379e-09	20560.541	-0.010288769	-55.26172	0.007041266	1.0	120.73546099662781
327	-380.39978	395.21362	-22.971468	-878.88	16.555555	-80.60403	1.5182303e-05	-80.60397	-80.604034	196800	-6.357829e-09	31775.416	-0.009490964	-15.1953125	0.009073842	0.0	121.09318089485168
328	-322.10355	384.2635	-26.609968	-879.5024	18.1875	-81.713844	1.7729111e-05	-81.713776	-81.71384	197400	9.536743e-09	23350.709	-0.007557751	-13.873047	0.009154977	0.0	121.46150422096252
329	-331.56238	389.8339	-21.895372	-874.7103	17.787878	-80.60052	1.6309783e-05	-80.60046	-80.60051	198000	-7.549922e-09	26279.16	-0.013174788	-29.023438	0.008933865	0.0	121.82504916191101
330	-382.32373	396.6075	-24.199404	-886.1207	16.5	-78.79419	1.8646548e-05	-78.79414	-78.794205	198600	4.3710074e-08	30931.96	-0.011471151	-26.060547	0.008419583	0.0	122.49706315994263
331	-335.8651	388.6903	-24.523705	-872.8611	18.0	-80.36896	1.9525885e-05	-80.368904	-80.36897	199200	1.4305114e-08	25288.273	-0.009845143	-8.197266	0.0068900078	1.0	122.85708475112915
332	-354.80405	389.42584	-22.182598	-875.4854	17.32353	-79.515015	1.2898717e-05	-79.51496	-79.515015	199800	7.947286e-10	27029.137	-0.013104156	-6.798828	0.009739594	0.0	123.22338771820068
333	-409.09482	398.22256	-25.367807	-886.21356	15.657895	-80.334206	1.5560972e-05	-80.334145	-80.334206	200400	5.9604646e-09	34043.027	-0.012251778	-84.234375	0.009028556	0.0	123.58770108222961
334	-318.55893	384.83902	-22.549425	-870.3676	18.25	-83.45863	1.6121328e-05	-83.45857	-83.45864	201000	1.7086665e-08	23505.135	-0.0139557915	-48.291016	0.009173568	0.0	123.95525550842285
335	-305.574	375.9327	-24.577665	-875.9234	18.709677	-81.29644	1.1520133e-05	-81.2964	-81.29645	201600	-2.0662943e-08	21274.314	-0.013386865	-20.796875	0.009725479	0.0	124.3218674659729
336	-334.62225	387.86377	-19.510098	-872.5934	17.545454	-79.63086	1.2713114e-05	-79.630806	-79.63086	202200	5.5631e-09	26188.768	-0.009680458	-5.1640625	0.006850572	1.0	124.6742639541626
337	-318.67322	381.56036	-20.666136	-852.5767	18.09375	-78.78125	1.64696e-05	-78.78122	-78.781265	202800	-1.4305114e-08	24286.086	-0.015217219	-5.4921875	0.0096958	0.0	125.03309798240662
338	-418.23215	399.57214	-20.37494	-877.21106	15.128205	-77.9314	1.3929305e-05	-77.93135	-77.931404	203400	1.1920929e-09	36922.293	-0.012141509	-131.28516	0.009149042	0.0	125.38269138336182
339	-283.9683	369.36444	-20.592037	-877.49554	19.366667	-81.805954	1.1418632e-05	-81.805916	-81.80595	204000	3.1789145e-09	20704.172	-0.016190154	-45.60547	0.009462037	0.0	125.73110961914062
340	-343.11853	382.37393	-18.757568	-869.66205	17.515152	-79.726875	1.0377099e-05	-79.726845	-79.72688	204600	0.0	25033.99	-0.01222267	-15.736328	0.00951987	0.0	126.39969635009766
341	-324.16815	381.30917	-24.565979	-888.81903	17.96875	-80.94312	8.2348e-06	-80.94311	-80.94313	205200	1.2318293e-08	21940.734	-0.013983961	-3.2929688	0.009543552	0.0	126.76626372337341
342	-286.46945	365.4909	-21.399021	-850.7249	19.366667	-80.39392	6.936738e-06	-80.39389	-80.39392	205800	-1.66893e-08	19685.914	-0.015568512	-19.234375	0.009122668	0.0	127.13149118423462
343	-380.17654	396.34088	-24.393423	-875.9015	16.416666	-78.82556	9.472951e-06	-78.82552	-78.82556	206400	-7.947286e-10	30939.533	-0.012629621	-18.207031	0.00944471	0.0	127.57993054389954
344	-434.2798	403.87808	-25.146854	-871.3793	14.609756	-80.25637	1.2489857e-05	-80.25633	-80.25638	207000	4.7683715e-09	41807.145	-0.010443852	-93.63281	0.009771287	0.0	127.96142053604126
345	-414.21646	402.54907	-22.443129	-876.8627	15.256411	-83.72881	9.849506e-06	-83.728775	-83.72881	207600	-2.3841857e-09	36931.066	-0.008556206	-19.8125	0.0091384435	0.0	128.36138916015625
346	-412.49924	400.37762	-21.280952	-882.4973	15.648648	-85.463936	9.364803e-06	-85.46391	-85.46393	208200	-7.947286e-10	37445.508	-0.010477164	-35.785156	0.00968757	0.0	128.71427702903748
347	-437.50366	399.6204	-20.746841	-851.06024	14.769231	-87.65022	1.0789593e-05	-87.65019	-87.65023	208800	-1.9868216e-09	38294.418	-0.0064363116	-68.80859	0.007964274	0.0	129.12218046188354
348	-299.83627	375.48828	-22.440788	-849.31494	19.161291	-90.67967	1.0571599e-05	-90.67963	-90.67967	209400	2.026558e-08	22432.516	-0.015845647	-155.50195	0.009382722	0.0	129.49469304084778
349	-365.09595	397.4484	-19.24358	-876.06085	16.971428	-86.57392	1.1917496e-05	-86.57388	-86.57393	210000	-3.973643e-09	29504.834	-0.008387188	-24.919922	0.009923461	0.0	129.8507239818573
350	-284.1503	368.55197	-18.126965	-848.3914	19.466667	-84.65901	7.6293945e-06	-84.659004	-84.65902	210600	-7.947286e-09	19581.42	-0.015191518	-94.52734	0.009697534	0.0	130.53938841819763
351	-377.2166	398.98563	-24.65281	-880.8414	16.527779	-81.33021	1.5258789e-05	-81.33019	-81.33022	211200	-1.3510387e-08	31188.947	-0.018268501	-0.15039062	0.0074538453	0.0	130.88779091835022
352	-39.230534	13.545009	-18.66125	-68.5306	26.863636	-80.958496	2.9875032e-06	-80.95848	-80.958496	211800	-9.059906e-08	1892.7872	-0.017550565	-524.3081	0.008862549	0.0	131.23140168190002
353	-296.6257	381.6471	-21.054005	-877.9822	18.806452	-73.98431	1.0235906e-05	-73.984276	-73.984314	212400	2.0662943e-08	21673.094	-0.012788297	-55.48633	0.009572917	0.0	131.58433532714844
354	-330.92233	390.72324	-20.119743	-869.4557	17.636364	-71.47337	3.6323183e-06	-71.47336	-71.47337	213000	-3.973643e-09	25499.541	-0.008641027	-1.875	0.006384473	1.0	131.94876337051392
355	-390.17767	402.7348	-23.90409	-879.9707	16.0	-70.96162	1.9200222e-06	-70.96161	-70.96162	213600	3.0795733e-09	33580.67	-0.013702503	-38.757812	0.009832325	0.0	132.3021376132965
356	-387.1207	402.70642	-21.24666	-880.247	15.972973	-72.79058	1.9200222e-06	-72.79057	-72.79058	214200	-2.9404958e-08	33519.445	-0.0071320743	-15.7890625	0.009132617	0.0	132.65868616104126
357	-319.5506	383.16556	-21.000492	-876.1179	18.28125	-74.09016	7.1570066e-06	-74.090126	-74.09016	214800	-1.7086665e-08	23327.773	-0.020920409	-0.099609375	0.009045246	0.0	133.0174298286438
358	-300.01938	378.22693	-21.123556	-856.5439	18.774193	-74.03499	7.6293945e-06	-74.03498	-74.034996	215400	-1.9868216e-08	21243.928	-0.01857268	-15.513672	0.009079099	0.0	133.3848011493683
359	-236.01344	350.7055	-19.13772	-883.3097	20.62069	-72.799194	7.6293945e-06	-72.79919	-72.7992	216000	5.9604646e-09	15674.11	-0.019475905	-77.756836	0.008651144	0.0	133.7564823627472
360	-390.85638	399.20126	-19.775772	-876.3288	16.027027	-69.9822	3.8400444e-06	-69.982185	-69.9822	216600	-1.11262e-08	34179.965	-0.013324413	-89.03125	0.008838109	0.0	134.45882439613342
361	-316.93845	384.99448	-22.374233	-876.6616	18.0625	-72.75468	5.367755e-06	-72.754654	-72.75468	217200	3.973643e-10	23284.7	-0.0070810434	-2.0625	0.0063899127	1.0	134.82357048988342
362	-400.9869	400.1699	-19.002409	-852.0551	15.657895	-72.44573	1.2207031e-05	-72.445694	-72.445724	217800	1.39077505e-08	35945.152	-0.004936995	-78.75391	0.007649182	1.0	135.19469714164734
363	-387.2183	397.6426	-18.594643	-851.74994	16.135136	-75.16914	0.0	-75.16914	-75.16914	218400	-5.5631e-09	34595.83	-0.017743751	-41.726562	0.008125904	0.0	135.5583221912384
364	-333.12003	392.76373	-22.933947	-885.40643	17.727272	-77.33605	1.8161592e-06	-77.336044	-77.33605	219000	0.0	25521.07	-0.016394008	-16.109375	0.008192606	0.0	135.9232940673828
365	-391.5111	403.52185	-21.07333	-880.762	15.972973	-76.167305	7.6293945e-06	-76.1673	-76.16731	219600	-1.5894572e-09	33653.77	-0.013843916	-16.382812	0.008466423	0.0	136.27068758010864
366	-302.0461	377.2479	-18.027733	-874.48816	18.612904	-77.38635	3.5238663e-06	-77.38634	-77.38635	220200	-5.5631e-09	22206.514	-0.014731123	-11.265625	0.009549379	0.0	136.62527060508728
367	-334.88812	388.9636	-20.212212	-877.0586	17.757576	-76.37133	1.0377099e-05	-76.3713	-76.37132	220800	1.7484028e-08	26523.516	-0.012306953	-0.13867188	0.008234406	0.0	137.00590252876282
368	-378.15433	395.74036	-20.770039	-850.6866	16.38889	-76.17169	7.6293945e-06	-76.171684	-76.1717	221400	-7.152557e-09	30872.377	-0.0038323079	-25.263672	0.0074262745	0.0	137.3678901195526
369	-306.20215	376.32666	-21.31384	-876.8213	18.67742	-77.85022	1.7619332e-06	-77.85021	-77.85022	222000	-9.536743e-09	21260.418	-0.0053973445	-2.375	0.0073100394	0.0	137.70148420333862
370	-280.4387	374.63794	-21.582813	-876.21	19.4	-77.40711	1.01645755e-05	-77.40708	-77.407104	222600	1.2318293e-08	19785.21	-0.007240115	-99.5	0.008011923	0.0	138.51722741127014
371	-364.44055	396.79794	-21.136354	-875.0094	16.714285	-74.00122	7.6293945e-06	-74.00121	-74.00123	223200	3.973643e-08	29348.16	-0.013140273	-7.09375	0.008941139	0.0	138.99168229103088
372	-360.9796	393.34558	-28.351582	-849.0727	16.742857	-74.74731	8.287644e-06	-74.74729	-74.7473	223800	-1.6291937e-08	29651.188	-0.009928244	-8.853516	0.009217827	0.0	139.3977222442627
373	-412.7727	398.25113	-27.733442	-877.59625	15.384615	-75.83306	1.9451215e-06	-75.83305	-75.83306	224400	-1.7881394e-08	39156.652	-0.009888948	-151.80078	0.009973116	0.0	139.76431965827942
374	-392.16495	397.6596	-20.244982	-872.64954	15.810811	-80.043945	3.8400444e-06	-80.04393	-80.043945	225000	1.3113022e-08	32736.48	-0.00838756	-32.84375	0.0067106667	0.0	140.19628238677979
375	-349.7982	395.1798	-23.76946	-877.72327	17.205883	-82.17905	7.403527e-06	-82.17905	-82.179054	225600	-8.543332e-09	27534.273	-0.012897306	-15.916016	0.0053269016	0.0	140.56985521316528
376	-360.4522	396.67883	-21.709118	-850.9789	16.685715	-80.91465	1.8688123e-06	-80.91464	-80.91465	226200	2.3841857e-09	29312.06	-0.009115264	-11.740234	0.008676623	0.0	140.97146606445312
377	-242.12515	346.66177	-20.053507	-848.01404	20.642857	-79.65911	8.163808e-06	-79.659096	-79.6591	226800	6.7551933e-09	16177.913	-0.0037113861	-97.72949	0.008171398	0.0	141.3387234210968
378	-360.93906	398.5099	-19.560192	-875.9595	16.8	-76.22759	8.287644e-06	-76.22758	-76.227585	227400	2.3841857e-09	29509.707	-0.005186369	-2.0605469	0.008599425	0.0	141.73515820503235
379	-257.66876	365.62802	-19.18825	-878.698	20.0	-75.53748	0.0	-75.53748	-75.53748	228000	2.1457673e-08	18758.19	-0.012174092	-133.10938	0.008243997	0.0	142.10838270187378
380	-335.02878	390.5062	-21.090933	-876.43	17.636364	-71.61921	7.410076e-06	-71.61921	-71.61922	228600	-3.417333e-08	25488.72	-0.0044919085	-0.056640625	0.008698698	0.0	142.80267906188965
381	-319.17084	388.75537	-15.7053585	-878.1675	18.25	-71.63409	1.7892517e-06	-71.63408	-71.63409	229200	-1.9073486e-08	23851.422	-0.012468517	-2.3320312	0.008954788	0.0	143.17171931266785
382	-441.14178	407.5396	-19.334955	-879.96985	14.375	-71.132744	3.988746e-06	-71.13273	-71.132744	229800	-1.6291937e-08	41671.625	-0.0117647685	-126.359375	0.008759718	0.0	143.56193280220032
383	-281.48795	371.72067	-20.640757	-872.1998	19.166666	-74.92205	9.070106e-06	-74.92203	-74.92204	230400	0.0	19423.795	-0.010271687	-35.939453	0.008989476	0.0	143.93246340751648
384	-376.90192	399.38364	-21.851229	-876.9171	16.36111	-73.096306	9.323274e-06	-73.09628	-73.0963	231000	3.973643e-10	31345.906	-0.014997603	-18.623047	0.008404052	0.0	144.278094291687
385	-314.94437	384.92215	-18.20661	-850.20435	18.25	-74.441185	0.0	-74.441185	-74.441185	231600	1.3510387e-08	23397.133	-0.008264743	-17.414062	0.008992414	0.0	144.62401270866394
386	-284.68228	368.15366	-20.394995	-876.5683	19.333334	-73.09673	1.7341845e-06	-73.096725	-73.09673	232200	8.34465e-09	20067.1	-0.014294909	-3.4589844	0.008661685	0.0	144.98437595367432
387	-351.8992	397.22046	-20.741968	-882.17456	17.147058	-72.365	7.403527e-06	-72.365	-72.365005	232800	0.0	26737.66	-0.010633125	-1.4238281	0.008084857	0.0	145.32061982154846
388	-298.93512	379.49118	-18.285374	-867.75195	18.67742	-72.7594	7.4231566e-06	-72.7594	-72.75941	233400	-2.0662943e-08	21442.926	-0.0072762123	-20.96289	0.0064812675	1.0	145.66796779632568
389	-414.45493	401.26706	-20.729975	-875.5194	15.384615	-71.13755	8.340154e-06	-71.137535	-71.13754	234000	-7.947286e-09	38262.484	-0.0105297025	-179.72266	0.008441691	0.0	146.0339231491089
390	-412.78104	404.3704	-18.771576	-874.0182	15.333333	-75.7031	0.0	-75.7031	-75.7031	234600	-3.973643e-10	37509.66	-0.008030539	-59.785156	0.008254392	0.0	146.7386555671692
391	-462.46088	403.7377	-18.821798	-883.7072	13.809524	-78.566055	7.6293945e-06	-78.56605	-78.56606	235200	1.5894572e-09	44772.715	-0.010451739	-167.26172	0.009102039	0.0	147.07780385017395
392	-395.2086	397.1713	-23.344416	-877.9358	16.108109	-82.95526	1.9200222e-06	-82.95525	-82.95526	235800	-1.1920929e-08	32777.93	-0.0080827195	-33.283203	0.008934699	0.0	147.4351921081543
393	-424.05753	406.16602	-23.670963	-876.07886	14.95	-85.06188	3.988746e-06	-85.06187	-85.06188	236400	-8.742014e-09	39309.19	-0.009983605	-7.953125	0.009365223	0.0	147.79591059684753
394	-238.8494	348.98587	-19.136766	-850.24756	20.678572	-86.08742	7.6293945e-06	-86.087425	-86.087425	237000	7.947286e-09	16655.23	-0.015953181	-236.4707	0.0066284225	1.0	148.15153861045837
395	-362.60596	396.03656	-19.470467	-875.1076	16.77143	-81.218506	8.287644e-06	-81.21849	-81.2185	237600	-2.0662943e-08	29170.303	-0.00556647	-5.7226562	0.00805058	0.0	148.4986343383789
396	-317.00018	383.58994	-20.266241	-876.679	18.25	-80.172874	7.416619e-06	-80.172874	-80.17288	238200	1.11262e-08	24356.342	-0.006815473	-24.261719	0.008430775	0.0	148.84977197647095
397	-335.7109	389.4909	-25.306566	-878.9283	17.90909	-78.57409	1.8161592e-06	-78.57408	-78.57409	238800	1.8676122e-08	26224.29	-0.009126011	-3.5234375	0.009763319	0.0	149.2178349494934
398	-288.89603	368.4715	-24.65867	-884.88	19.466667	-77.876305	0.0	-77.876305	-77.876305	239400	1.11262e-08	18849.87	-0.009647958	-9.697266	0.009568304	0.0	149.58456230163574
399	-428.21103	402.11798	-21.664246	-880.31976	15.263158	-76.81994	1.9451215e-06	-76.81993	-76.81994	240000	-1.4305114e-08	38166.125	-0.016145706	-149.9375	0.008839974	0.0	149.94237780570984
400	-426.9283	406.06384	-21.32995	-876.569	15.315789	-80.74108	1.9451215e-06	-80.74107	-80.74108	240600	1.66893e-08	37570.85	-0.014458736	-50.632812	0.0096328445	0.0	150.65613651275635
401	-319.534	380.87735	-21.219011	-851.4148	18.3125	-83.23858	8.2348e-06	-83.23856	-83.23857	241200	0.0	23939.938	-0.010423021	-16.56836	0.00923618	0.0	151.02017068862915
402	-333.29187	398.0738	-19.343449	-879.16	17.787878	-82.0255	8.252452e-06	-82.02548	-82.02549	241800	-5.9604646e-09	27527.344	-0.007717349	-69.38672	0.0074054766	1.0	151.35764575004578
403	-284.3356	374.72037	-21.531227	-883.6375	19.433332	-79.24491	1.7341845e-06	-79.2449	-79.24491	242400	0.0	18843.355	-0.008166425	-89.84961	0.006505671	1.0	151.7230806350708
404	-374.07327	398.46097	-21.426641	-879.1607	16.63889	-76.054634	1.8945904e-06	-76.05463	-76.054634	243000	-1.11262e-08	33892.51	-0.007494805	-8.933594	0.0071256226	0.0	152.094407081604
405	-299.2117	378.52316	-21.034489	-850.5802	18.806452	-76.88069	7.6293945e-06	-76.8807	-76.8807	243600	-8.742014e-09	21455.191	-0.01016831	-36.302734	0.009666017	0.0	152.47085165977478
406	-196.19719	318.0759	-18.53281	-848.8839	22.115385	-74.974754	0.0	-74.974754	-74.974754	244200	2.7815501e-08	11399.977	-0.015171731	-123.603516	0.009455411	0.0	152.85425734519958
407	-385.86176	400.746	-24.631008	-879.6034	16.428572	-71.27978	0.0	-71.27978	-71.27978	244800	2.4437904e-08	31281.26	-0.019375782	-25.867188	0.008503964	0.0	153.2259964942932
408	-424.493	402.69235	-23.694744	-876.611	15.315789	-72.74237	7.6293945e-06	-72.74236	-72.74236	245400	1.8278758e-08	38068.043	-0.011094681	-147.08594	0.009427658	0.0	153.58813643455505
409	-336.54324	386.43228	-22.03705	-869.3344	18.060606	-76.67651	7.6293945e-06	-76.676506	-76.676506	246000	-1.9868216e-08	25029.688	-0.006499906	-0.25195312	0.009766277	0.0	153.9515655040741
410	-369.13248	393.3197	-25.77121	-880.4241	17.142857	-77.12267	0.0	-77.12267	-77.12267	246600	1.1920929e-08	28862.166	-0.0133537855	-25.402344	0.009291206	0.0	154.64276266098022
411	-303.54913	377.05933	-21.163582	-878.361	19.225807	-78.7407	7.4231566e-06	-78.74069	-78.7407	247200	-3.1789145e-09	21201.482	-0.013092497	-19.69336	0.006370422	1.0	155.0084924697876
412	-302.53583	378.81445	-24.00419	-878.3832	19.096775	-77.38465	7.6293945e-06	-77.38464	-77.38464	247800	-2.5431316e-08	21302.285	-0.009682082	-27.773438	0.008906749	0.0	155.34849166870117
413	-377.83276	391.99286	-29.148586	-877.86926	17.058823	-75.57078	0.0	-75.57078	-75.57078	248400	3.5762786e-09	29366.283	-0.0066359746	-64.31055	0.006516354	1.0	155.7090871334076
414	-360.99402	391.68814	-25.337015	-850.6019	17.484848	-78.11762	0.0	-78.11762	-78.11762	249000	1.8676122e-08	26793.078	-0.011772204	-5.8222656	0.009096656	0.0	156.06251287460327
415	-338.27228	388.00458	-21.340721	-882.9511	18.121212	-79.07297	7.410076e-06	-79.07297	-79.072975	249600	-9.437402e-10	25234.068	-0.018447572	-0.45898438	0.009169218	0.0	156.4263300895691
416	-457.7174	402.04355	-21.76659	-881.6767	14.414634	-78.87574	1.4852846e-05	-78.87575	-78.875755	250200	-2.9404958e-08	42877.105	-0.015535573	-203.21484	0.009117589	0.0	156.82100343704224
417	-172.58902	294.02988	-27.921267	-848.3283	23.24	-83.53074	7.6293945e-06	-83.53073	-83.53073	250800	3.327926e-09	9363.832	-0.015929855	-212.71387	0.009777582	0.0	157.15252041816711
418	-220.20676	333.029	-21.934155	-848.9923	21.666666	-79.27036	1.6481376e-06	-79.270355	-79.27036	251400	7.947286e-09	14082.913	-0.0073745283	-117.274414	0.00939749	0.0	157.5119378566742
419	-335.33014	389.4105	-21.33348	-874.1096	18.030304	-75.78805	1.8161592e-06	-75.78804	-75.78805	252000	-1.5894573e-08	25331.338	-0.010963381	-1.828125	0.00962049	0.0	157.9880564212799
420	-378.91672	391.5586	-22.146715	-849.968	16.911764	-75.19242	0.0	-75.19242	-75.19242	252600	3.059705e-08	28961.627	-0.007543661	-69.51367	0.009865767	0.0	158.8423273563385
421	-247.46042	345.97244	-24.192139	-875.09796	21.178572	-77.698074	7.6293945e-06	-77.69808	-77.69808	253200	-3.5762786e-09	16009.491	-0.010583652	-20.82129	0.009147857	0.0	159.19743609428406
422	-267.26648	362.3201	-25.314268	-877.57385	20.344828	-76.44202	0.0	-76.44202	-76.44202	253800	-5.5631e-09	17234.744	-0.006750028	-37.30664	0.009176618	0.0	159.58141446113586
423	-269.40924	357.47974	-21.266584	-875.7791	20.48276	-74.48049	0.0	-74.48049	-74.48049	254400	-2.0662943e-08	18052.62	-0.0065319836	-1.9140625	0.00809181	0.0	159.983051776886
424	-302.9642	377.08865	-20.646835	-871.26874	18.967741	-73.941765	0.0	-73.941765	-73.941765	255000	3.1789145e-09	21094.018	-0.00811853	-4.2460938	0.008334169	0.0	160.35026049613953
425	-372.8739	398.124	-20.087141	-878.56146	16.852942	-73.269226	0.0	-73.269226	-73.269226	255600	-1.5497207e-08	29204.674	-0.0072790547	-11.923828	0.009139805	0.0	160.70647287368774
426	-224.01837	336.57642	-19.558365	-876.3068	21.444445	-74.35107	7.6293945e-06	-74.35106	-74.35106	256200	0.0	13338.577	-0.01147655	-51.95215	0.009663505	0.0	161.06706547737122
427	-422.9619	403.69424	-27.590382	-877.061	15.157895	-72.07001	0.0	-72.07001	-72.07001	256800	-1.8278758e-08	37199.93	-0.017029	-99.05469	0.00895883	0.0	161.41370487213135
428	-402.9276	401.46033	-22.819338	-885.7636	15.972222	-75.138336	0.0	-75.138336	-75.138336	257400	2.3444494e-08	32184.414	-0.010106204	-53.91992	0.0092807105	0.0	161.77329277992249
429	-322.28653	388.23917	-24.341246	-879.784	18.625	-77.66193	0.0	-77.66193	-77.66193	258000	-7.947286e-10	23856.408	-0.007868399	-9.083984	0.008805424	0.0	162.1504008769989
430	-425.12573	403.6944	-25.829832	-877.03925	15.105263	-76.79832	0.0	-76.79832	-76.79832	258600	-2.3643176e-08	37173.875	-0.01284164	-78.16797	0.00997961	0.0	162.87768030166626
431	-463.01456	402.63702	-21.376764	-878.708	13.928572	-79.589035	7.6293945e-06	-79.58903	-79.58903	259200	-1.2715658e-08	46602.684	-0.01356656	-196.77734	0.006449229	1.0	163.22670650482178
432	-401.60355	398.48892	-23.067703	-852.46094	16.027779	-84.12391	7.6293945e-06	-84.1239	-84.1239	259800	3.973643e-09	33710.85	-0.009185653	-20.0	0.0088689085	0.0	163.58099389076233
433	-319.6878	381.80396	-21.224146	-851.6728	18.3125	-85.744644	7.6293945e-06	-85.74465	-85.74465	260400	3.417333e-08	23182.283	-0.010369384	-42.89258	0.00994073	0.0	163.9415373802185
434	-191.16246	313.62503	-21.805733	-852.1538	22.148148	-83.7597	7.6293945e-06	-83.75969	-83.75969	261000	8.742014e-09	11743.085	-0.01540226	-256.37402	0.0090534305	0.0	164.28219604492188
435	-382.04156	398.78024	-20.306486	-878.7992	16.444445	-78.82221	0.0	-78.82221	-78.82221	261600	-3.973643e-09	31503.24	-0.014683463	-9.746094	0.009322737	0.0	164.6298472881317
436	-333.6045	388.54053	-23.841864	-876.0086	17.969696	-79.53595	1.5258789e-05	-79.535965	-79.535965	262200	-7.947286e-10	26873.824	-0.007490525	-4.361328	0.006570184	1.0	164.983167886734
437	-367.36566	393.97226	-21.748022	-873.2642	16.914286	-78.97085	7.6293945e-06	-78.970856	-78.970856	262800	7.152557e-09	29087.867	-0.01087109	-6.5273438	0.009290343	0.0	165.34188103675842
438	-392.2437	401.7098	-24.602772	-879.34186	16.081081	-79.717384	7.6293945e-06	-79.71738	-79.71738	263400	-1.5099843e-08	34241.367	-0.013896385	-15.8984375	0.006382556	1.0	165.69400882720947
439	-413.86978	401.22092	-23.308111	-874.95984	15.513514	-81.00921	7.6293945e-06	-81.00922	-81.00922	264000	2.3444494e-08	35751.273	-0.013670834	-46.125	0.0092074415	0.0	166.0441963672638
440	-336.08023	387.76367	-21.963213	-867.10345	17.90909	-83.215256	7.6293945e-06	-83.21525	-83.21525	264600	1.4156103e-08	25140.389	-0.007848968	-15.5078125	0.007652322	0.0	166.91613507270813
441	-333.55585	388.37415	-23.556028	-876.64984	17.939394	-82.06791	0.0	-82.06791	-82.06791	265200	-8.742014e-09	26156.873	-0.0047450694	-22.734375	0.007446128	1.0	167.27093172073364
442	-393.78036	399.53687	-24.152252	-878.193	16.027027	-80.45344	0.0	-80.45344	-80.45344	265800	-2.4636586e-08	33126.395	-0.009119387	-21.328125	0.006759176	1.0	167.63473510742188
443	-447.4135	401.07135	-25.266378	-869.4862	14.4	-81.88441	0.0	-81.88441	-81.88441	266400	3.1789145e-09	40461.652	-0.00833346	-131.96094	0.009280515	0.0	167.99007272720337
444	-354.61707	387.35553	-19.01697	-850.28534	17.235294	-85.67259	7.6293945e-06	-85.672585	-85.672585	267000	-3.2583873e-08	26741.438	-0.024111992	0.23632812	0.009455678	0.0	168.35486841201782
445	-216.42484	327.39026	-27.443005	-849.8605	21.357143	-85.96569	7.6293945e-06	-85.96568	-85.96568	267600	-1.7484028e-08	14233.44	-0.008483529	-176.52051	0.009113501	0.0	168.7143633365631
446	-301.7757	374.551	-27.16091	-887.102	18.71875	-81.75272	0.0	-81.75272	-81.75272	268200	-1.4702479e-08	20606.18	-0.018082	-20.115234	0.0072764303	0.0	169.07118225097656
447	-300.22885	375.86835	-24.811577	-849.8091	18.612904	-80.11064	7.6293945e-06	-80.110634	-80.110634	268800	-8.742014e-09	22161.074	-0.014330498	-33.01758	0.009633915	0.0	169.41774225234985
448	-368.16513	390.8544	-25.959627	-851.2396	16.714285	-78.221115	7.6293945e-06	-78.22111	-78.22111	269400	1.4305114e-08	28604.13	-0.011601381	-23.9375	0.00931433	0.0	169.76977276802063
449	-265.8231	353.93857	-21.238287	-884.5181	19.8	-79.69933	0.0	-79.69933	-79.69933	270000	3.973643e-09	16041.773	-0.012201262	-14.763672	0.008830417	0.0	170.10646033287048
450	-348.0158	378.4593	-29.327728	-873.8787	17.454546	-78.53884	0.0	-78.53884	-78.53884	270600	7.152557e-09	25422.447	-0.011308323	-92.49219	0.009433397	0.0	170.83662867546082
451	-355.54117	382.8946	-24.123188	-876.03815	17.085714	-81.57495	0.0	-81.57495	-81.57495	271200	-1.1920929e-08	27113.68	-0.012186339	-75.56836	0.006618026	1.0	171.19180488586426
452	-283.49637	362.44824	-28.29085	-854.3209	19.129032	-84.530205	0.0	-84.530205	-84.530205	271800	0.0	19008.9	-0.007952582	-20.632812	0.0074761533	1.0	171.56874442100525
453	-306.91727	373.70273	-23.592485	-885.6901	18.612904	-83.1994	7.6293945e-06	-83.199394	-83.199394	272400	-9.536743e-09	21593.377	-0.012227454	-10.033203	0.00998593	0.0	171.93466711044312
454	-402.4783	403.00885	-20.791882	-873.04224	15.710526	-82.074196	7.6293945e-06	-82.07419	-82.07419	273000	-5.364418e-08	35240.086	-0.013353593	-5.0859375	0.009072625	0.0	172.3120982646942
455	-238.2362	341.9983	-28.153902	-851.6287	20.37931	-82.77539	0.0	-82.77539	-82.77539	273600	-1.11262e-08	16016.309	-0.010488072	-98.62695	0.0093325935	0.0	172.71208024024963
456	-262.68402	351.0536	-26.395859	-851.597	19.8	-79.53576	7.6293945e-06	-79.53575	-79.53575	274200	-3.973643e-09	17736.893	-0.01331908	-14.458984	0.00922728	0.0	173.0648946762085
457	-436.71716	401.74826	-24.38043	-853.81934	14.463414	-78.09179	7.6293945e-06	-78.09178	-78.09178	274800	-1.42057734e-08	40809.188	-0.009382932	-141.8164	0.009837098	0.0	173.4690477848053
458	-280.78204	364.20016	-23.309492	-856.51013	19.225807	-81.9162	0.0	-81.9162	-81.9162	275400	-1.5894572e-09	19413.46	-0.0085408185	-27.300781	0.00933572	0.0	173.8448338508606
459	-337.3887	375.9411	-24.357004	-850.6603	17.647058	-80.422356	0.0	-80.422356	-80.422356	276000	8.742014e-09	25398.025	-0.011079678	-47.621094	0.008643895	0.0	174.19816637039185
460	-382.68866	394.10278	-21.371422	-882.0011	16.083334	-82.5525	7.6293945e-06	-82.552505	-82.552505	276600	2.026558e-08	31725.68	-0.020657012	-35.453125	0.009053318	0.0	174.92233991622925
461	-348.68127	382.89444	-23.75553	-852.921	17.0	-84.617195	7.6293945e-06	-84.6172	-84.6172	277200	1.66893e-08	26688.127	-0.020607788	-7.6660156	0.008932607	0.0	175.27717232704163
462	-354.40088	392.34506	-22.658457	-879.99066	16.970589	-85.63032	1.5258789e-05	-85.63033	-85.63033	277800	4.9273172e-08	27115.643	-0.022175087	-3.4121094	0.009206595	0.0	175.69973134994507
463	-233.86575	346.1505	-21.265287	-848.6521	20.48276	-85.051384	0.0	-85.051384	-85.051384	278400	1.9868216e-09	15856.95	-0.008658841	-251.61719	0.0064358637	1.0	176.10017466545105
464	-365.8957	393.81055	-22.840984	-851.8326	16.685715	-79.897026	0.0	-79.897026	-79.897026	279000	-3.0994414e-08	29002.027	-0.018778423	-0.31054688	0.009582463	0.0	176.4551877975464
465	-298.33807	379.2664	-22.519941	-850.95184	18.548388	-79.95354	7.6293945e-06	-79.95353	-79.95353	279600	3.8146972e-08	21510.607	-0.01585781	-68.48633	0.009476296	0.0	176.802072763443
466	-349.4993	391.94452	-21.763746	-876.3161	17.382353	-77.351494	7.6293945e-06	-77.35149	-77.35149	280200	-1.5894572e-09	28130.203	-0.015264059	0.17773438	0.009444088	0.0	177.16884565353394
467	-298.93027	381.06808	-18.230282	-885.2163	18.67742	-77.25362	7.6293945e-06	-77.253624	-77.253624	280800	-2.9802322e-08	20605.5	-0.012531957	-66.06055	0.008707931	0.0	177.5430052280426
468	-284.77603	375.29843	-19.392597	-879.15894	19.4	-74.638435	0.0	-74.638435	-74.638435	281400	-9.536743e-09	19727.326	-0.023127906	-35.921875	0.009055446	0.0	177.90542459487915
469	-361.3386	396.49698	-20.096098	-850.3117	16.942858	-72.55054	0.0	-72.55054	-72.55054	282000	-1.11262e-08	29248.29	-0.01361429	-2.9863281	0.0097611165	0.0	178.27398943901062
470	-465.22372	402.63547	-27.290833	-878.77704	13.928572	-73.03195	0.0	-73.03195	-73.03195	282600	1.4901161e-08	46006.7	-0.0125827985	-320.8125	0.008758667	0.0	179.01022815704346
471	-422.23907	407.70602	-25.021694	-880.2957	15.105263	-78.66144	0.0	-78.66144	-78.66144	283200	-1.5298525e-08	37660.47	-0.017671706	-25.574219	0.009512514	0.0	179.36776900291443
472	-317.24573	385.0162	-26.134174	-871.79584	18.34375	-80.50256	0.0	-80.50256	-80.50256	283800	-3.5762786e-09	23459.287	-0.013072945	-36.74414	0.009542758	0.0	179.72953391075134
473	-411.00876	404.58228	-19.560644	-878.4024	15.540541	-78.70806	0.0	-78.70806	-78.70806	284400	-2.3841858e-08	35381.902	-0.015488807	-14.8359375	0.009599948	0.0	180.07949924468994
474	-388.49823	403.40384	-23.856014	-880.9419	16.081081	-79.80262	0.0	-79.80262	-79.80262	285000	-3.0994414e-08	33513.38	-0.01533177	-0.15234375	0.009492389	0.0	180.43463706970215
475	-330.67236	388.41354	-21.474924	-848.68945	17.878788	-80.022316	0.0	-80.022316	-80.022316	285600	2.8212865e-08	26136.69	-0.010242971	-24.146484	0.009475555	0.0	180.78737878799438
476	-347.706	394.87692	-22.941988	-877.5899	17.5	-78.45	7.6293945e-06	-78.450005	-78.450005	286200	5.9604646e-09	28437.05	-0.010515531	-7.4101562	0.009844077	0.0	181.13419222831726
477	-267.11832	364.82123	-22.375086	-879.60046	20.068966	-77.475	7.6293945e-06	-77.475006	-77.475006	286800	-1.7484028e-08	17597.986	-0.008182138	-56.007812	0.009892055	0.0	181.49218106269836
478	-346.08054	394.15784	-21.164858	-853.5536	17.352942	-74.97911	7.6293945e-06	-74.9791	-74.9791	287400	4.5100848e-08	27333.164	-0.017361645	-4.658203	0.009232206	0.0	181.85956978797913
479	-328.19608	392.06995	-20.969599	-851.9034	17.787878	-74.12463	0.0	-74.12463	-74.12463	288000	-1.66893e-08	25605.74	-0.014572883	-28.535156	0.009511666	0.0	182.22822904586792
480	-462.6346	404.61954	-21.809277	-880.07477	13.880953	-72.29921	7.6293945e-06	-72.29922	-72.29922	288600	8.145968e-09	45348.555	-0.019178672	-233.04297	0.009545942	0.0	182.9948718547821
481	-345.93677	392.9504	-17.916718	-853.1186	17.647058	-77.12513	0.0	-77.12513	-77.12513	289200	2.6226044e-08	28166.793	-0.0090358425	-1.6601562	0.0066880235	1.0	183.35636281967163
482	-430.61798	407.47208	-23.282894	-870.9918	14.846154	-76.898506	7.6293945e-06	-76.89851	-76.89851	289800	-1.11262e-08	39456.016	-0.008276603	-31.285156	0.008468837	0.0	183.7038938999176
483	-375.69537	399.8582	-20.636927	-879.63513	16.63889	-78.64733	7.6293945e-06	-78.64732	-78.64732	290400	-1.5894573e-08	32237.213	-0.021173974	-0.8828125	0.009358721	0.0	184.05498147010803
484	-383.17538	402.80676	-20.823938	-876.8039	16.428572	-79.06971	0.0	-79.06971	-79.06971	291000	-3.059705e-08	31439.44	-0.008616278	-1.4394531	0.009670025	0.0	184.41707015037537
485	-276.20587	373.72623	-19.228807	-849.0029	19.433332	-78.68214	0.0	-78.68214	-78.68214	291600	2.78155e-09	19866.643	-0.017123003	-157.8418	0.0063396543	1.0	184.77229833602905
486	-240.34366	353.07364	-21.0257	-877.15405	20.821428	-74.562256	0.0	-74.562256	-74.562256	292200	1.8278758e-08	15573.906	-0.010299242	-116.25	0.008487992	0.0	185.13078093528748
487	-260.9509	365.02325	-22.007908	-880.0696	20.034483	-70.92133	0.0	-70.92133	-70.92133	292800	2.3841857e-09	17529.96	-0.0081562	-55.226562	0.009338786	0.0	185.4990270137787
488	-375.33408	402.04913	-22.65812	-877.0297	16.61111	-68.39726	0.0	-68.39726	-68.39726	293400	-1.4305114e-08	31738.938	-0.014853385	-20.017578	0.009396185	0.0	185.85192823410034
489	-333.2692	389.31567	-22.547411	-852.9193	18.060606	-69.71345	0.0	-69.71345	-69.71345	294000	-1.11262e-08	25306.781	-0.008670661	-2.0449219	0.009315421	1.0	186.21798157691956
490	-241.64189	349.38116	-21.454569	-850.478	20.785715	-70.269295	7.6293945e-06	-70.2693	-70.2693	294600	-2.8610229e-08	15113.16	-0.0095707	-36.791992	0.008853293	0.0	186.99627995491028
491	-332.78543	390.7032	-23.478552	-878.12665	17.848484	-68.29999	7.6293945e-06	-68.29998	-68.29998	295200	-1.1920929e-08	25431.906	-0.014234279	-1.3105469	0.008488127	0.0	187.34566831588745
492	-372.13876	403.43735	-20.835455	-878.03925	16.583334	-68.588936	0.0	-68.588936	-68.588936	295800	-2.6226044e-08	31863.654	-0.007535147	-5.421875	0.007806839	0.0	187.6968994140625
493	-328.1072	391.9468	-20.796616	-848.81586	17.90909	-69.40655	0.0	-69.40655	-69.40655	296400	6.357829e-09	25549.803	-0.016161457	-6.8203125	0.009942055	0.0	188.0456247329712
494	-296.77176	380.88766	-25.04823	-876.35754	18.838709	-68.54507	7.6293945e-06	-68.545074	-68.545074	297000	3.218651e-08	21470.758	-0.01076181	-17.263672	0.008562971	0.0	188.42201852798462
495	-360.59375	403.8064	-20.140623	-879.7281	16.857143	-67.04058	7.6293945e-06	-67.04057	-67.04057	297600	-3.1789145e-09	30245.414	-0.0065079746	-3.0136719	0.006468063	0.0	188.78022408485413
496	-410.89664	405.4397	-23.321672	-878.1496	15.358974	-67.58867	0.0	-67.58867	-67.58867	298200	-2.7815501e-08	37638.246	-0.012126158	-113.95703	0.007695836	0.0	189.1460404396057
497	-188.31325	316.98123	-22.233982	-876.79285	22.222221	-71.37974	7.6293945e-06	-71.37973	-71.37973	298800	9.536743e-09	11492.455	-0.009186646	-140.70801	0.009513173	0.0	189.4878830909729
498	-333.62976	391.03394	-22.300756	-878.95184	17.90909	-67.55027	0.0	-67.55027	-67.55027	299400	-7.947286e-09	25468.732	-0.0065963003	-2.4882812	0.008643135	1.0	189.85560154914856
499	-296.62875	380.7308	-20.719559	-851.9388	18.903225	-67.90666	7.6293945e-06	-67.906654	-67.906654	300000	1.5894573e-08	21448.041	-0.010832594	-12.6015625	0.0067468937	1.0	190.6478202342987
