Epoch	AverageEpRet	StdEpRet	MaxEpRet	MinEpRet	EpLen	AverageVVals	StdVVals	MaxVVals	MinVVals	TotalEnvInteracts	LossPi	LossV	DeltaLossPi	DeltaLossV	KL	BacktrackIters	Time
0	-839.5844	67.14593	-645.2896	-886.4	11.384615	0.5572854	0.27343825	1.60155	-0.11601037	600	6.437302e-08	584364.56	-0.0177253	-7754.0	0.0033855208	3.0	0.7043602466583252
1	-848.0377	53.875893	-682.4209	-912.61255	15.486486	-4.6467557	1.1110172	-0.649243	-5.7697797	1200	-2.6226044e-08	621561.4	-0.01887004	-5396.3125	0.003820858	0.0	1.058537244796753
2	-818.9887	68.87296	-651.6702	-886.4	16.216217	-8.223142	1.740369	-1.4965966	-8.828543	1800	3.1709672e-07	579462.5	-0.031596318	-4401.25	0.0058813337	1.0	1.413506269454956
3	-802.243	81.579605	-622.0836	-886.4	16.970589	-11.160762	2.0764177	-2.8286161	-11.698837	2400	-1.7245611e-07	512396.8	-0.035705518	-3550.9375	0.008355196	0.0	1.7612090110778809
4	-779.59235	103.37887	-578.3761	-886.4	18.548388	-13.744507	2.1932893	-4.5270753	-14.290039	3000	-4.7683717e-08	447389.44	-0.031534407	-3185.0	0.008117989	0.0	2.1063480377197266
5	-795.2159	91.86398	-618.27356	-886.4	19.225807	-16.20095	2.304743	-6.492185	-16.754417	3600	-1.0371208e-07	506999.03	-0.025769418	-3735.7812	0.007948841	0.0	2.4486865997314453
6	-772.6331	118.59875	-507.9254	-886.4	19.096775	-18.853659	2.3613572	-8.905718	-19.417204	4200	-1.5179316e-07	425822.25	-0.026319155	-3216.125	0.008358159	0.0	2.803256034851074
7	-801.25867	100.50514	-597.06757	-886.4	16.081081	-21.248278	2.5356758	-11.49758	-21.91226	4800	5.364418e-08	461866.03	-0.033857513	-3526.3125	0.0067467317	0.0	3.16231632232666
8	-774.1095	125.95695	-404.91425	-886.4	18.0	-23.918684	2.294234	-14.576848	-24.498697	5400	-2.22524e-08	415407.53	-0.028781388	-3214.8438	0.007687905	0.0	3.506075620651245
9	-738.50275	133.29317	-505.89044	-886.4	20.0	-26.52025	2.0653844	-17.518257	-26.997202	6000	-9.139379e-09	371631.78	-0.028197851	-2939.25	0.006689311	0.0	3.8574745655059814
10	-718.1403	161.83716	-364.3476	-886.4	21.851852	-28.984991	1.9221214	-20.29755	-29.411806	6600	9.934107e-08	341201.9	-0.031171802	-2653.625	0.008374205	0.0	4.309611558914185
11	-702.5054	145.47733	-384.65936	-886.4	24.958334	-31.361479	1.757202	-22.934875	-31.73089	7200	-1.7484028e-08	353397.75	-0.030416341	-2830.2812	0.007761672	0.0	4.651047945022583
12	-706.88806	198.46942	-286.88113	-886.4	17.8125	-33.66352	1.9511081	-25.57836	-34.13826	7800	7.7486035e-08	256042.77	-0.032170363	-1994.5	0.006621283	0.0	5.022252321243286
13	-604.37305	214.68282	-225.29138	-886.4	25.086956	-35.85731	1.5674266	-28.206015	-36.18523	8400	1.9073486e-08	220649.05	-0.03293411	-1713.9844	0.009080407	0.0	5.378373861312866
14	-645.19037	208.77057	-320.05798	-886.4	22.26923	-37.76409	1.5983422	-30.40119	-38.11265	9000	1.3192495e-07	224975.73	-0.025611207	-1822.9531	0.008239923	0.0	5.735774993896484
15	-625.0706	164.3166	-391.51685	-886.4	28.047619	-39.842712	1.3845878	-32.74595	-40.114193	9600	-4.688899e-08	262142.53	-0.026586352	-2246.0781	0.0062994543	1.0	6.070602893829346
16	-618.7421	217.86069	-113.15013	-886.4	23.28	-42.04166	1.464621	-35.18243	-42.35986	10200	1.9868216e-08	206451.52	-0.02647605	-1764.4062	0.008721657	0.0	6.417428970336914
17	-634.19775	260.60956	-238.79659	-886.4	17.352942	-43.98905	1.6078377	-37.5292	-44.39067	10800	6.9936114e-08	148073.64	-0.030964104	-1269.8125	0.0068175285	0.0	6.738735198974609
18	-534.42944	264.7027	-193.55208	-886.4	23.12	-45.84634	1.2837278	-39.81466	-46.120247	11400	-7.152558e-08	132864.64	-0.029455384	-1080.4219	0.007931039	0.0	7.096492528915405
19	-497.6998	290.87753	-117.35302	-886.4	21.74074	-47.467762	1.27004	-41.727543	-47.749657	12000	-1.17619834e-07	98397.27	-0.036438767	-784.4922	0.008220108	0.0	7.441401481628418
20	-484.58395	298.76392	-77.29657	-886.4	21.592592	-48.899662	1.2128756	-43.417786	-49.168766	12600	9.4572705e-08	79579.18	-0.023026934	-650.1094	0.007732976	0.0	7.874451398849487
21	-293.1301	247.49333	-45.21526	-886.4	25.90909	-50.261044	1.0594208	-44.98955	-50.477257	13200	-1.66893e-08	32037.78	-0.021363167	-263.85938	0.007257627	0.0	8.225186586380005
22	-367.8101	303.36258	-46.61165	-886.4	23.24	-51.112164	1.1076002	-45.98329	-51.35674	13800	5.7220458e-08	48538.156	-0.027886175	-327.95703	0.008852459	1.0	8.584876537322998
23	-274.88745	245.79616	-32.51346	-886.4	26.0	-52.096428	1.0303206	-47.104942	-52.31526	14400	-3.1789146e-08	26400.096	-0.024435759	-235.36914	0.008227167	0.0	8.922220468521118
24	-352.88242	324.81998	-27.219952	-886.4	21.777779	-52.894855	1.1145838	-48.056145	-53.163322	15000	-1.5099843e-08	29703.94	-0.026122386	-201.54297	0.0070042387	0.0	9.252397298812866
25	-338.88153	352.39612	-24.835476	-886.4	20.785715	-53.66065	1.1130692	-49.031567	-53.950756	15600	6.357829e-09	20002.46	-0.028059727	-90.177734	0.00811725	0.0	9.583536148071289
26	-276.86777	313.51813	-25.390612	-886.4	23.12	-54.22778	1.0294206	-49.783524	-54.491123	16200	-9.536743e-09	18089.354	-0.033248734	-86.50195	0.006645981	0.0	9.896535634994507
27	-221.66586	294.10028	-25.675703	-886.4	23.6	-54.694798	1.1101764	-50.456825	-55.024998	16800	-1.5894573e-08	9242.279	-0.03182424	-35.7666	0.004926699	0.0	10.210405111312866
28	-242.29271	315.92053	-27.826239	-886.4	22.538462	-55.121803	1.0128155	-50.9232	-55.384113	17400	-9.536743e-09	8214.1	-0.03586498	-26.643066	0.0028548301	0.0	10.52470588684082
29	-154.50104	230.22784	-22.941647	-886.4	25.391304	-55.409454	1.0079268	-51.352856	-55.688183	18000	1.5894572e-09	5490.1743	-0.02917398	-17.967285	0.0056642	0.0	10.846390008926392
30	-174.66847	265.2089	-30.905539	-886.4	23.96	-55.566822	1.1587067	-49.83721	-55.951656	18600	-8.742014e-09	5407.6016	-0.033834167	-23.484863	0.003149528	0.0	11.324005603790283
31	-139.81233	227.57451	-21.394098	-886.4	25.0	-55.999714	0.8224421	-51.970608	-56.167904	19200	-1.2715658e-08	3859.4363	-0.034507368	-7.010742	0.0028868285	0.0	11.676114559173584
32	-98.94074	174.87318	-19.647453	-886.4	26.318182	-56.179035	0.7948962	-52.19771	-56.338192	19800	-9.536743e-09	2302.836	-0.023792837	-1.2229004	0.004366156	0.0	12.017616271972656
33	-146.93867	225.98746	-31.695414	-886.4	24.875	-56.242664	0.8210314	-52.3052	-56.41437	20400	-2.5431316e-08	4432.7725	-0.032859556	-12.54248	0.004546125	0.0	12.36462116241455
34	-125.44053	230.28397	-20.839418	-886.4	24.5	-56.47222	0.8102949	-52.586235	-56.64161	21000	2.5431316e-08	2729.6697	-0.03213993	-0.5600586	0.002898191	0.0	12.699257135391235
35	-97.52496	169.73648	-22.568928	-886.4	25.695652	-56.52853	0.7834671	-52.69039	-56.688885	21600	2.7020773e-08	1716.9033	-0.03044828	-0.87524414	0.0049970197	0.0	13.047669887542725
36	-49.516846	25.971075	-22.673399	-104.26484	26.5	-56.595898	0.761179	-52.783413	-56.748154	22200	1.1324882e-08	702.22595	-0.027896194	-0.7949219	0.008252857	0.0	13.39277982711792
37	-55.99131	20.805439	-23.179033	-113.57936	27.0	-56.538048	0.76000077	-52.73153	-56.690414	22800	1.11262e-08	440.8184	-0.013176813	-0.0063171387	0.007152391	0.0	13.746672630310059
38	-60.72294	21.814005	-27.093773	-111.20897	26.681818	-56.527676	0.7595089	-52.723534	-56.679466	23400	-3.6358834e-08	483.73355	-0.027061898	-0.31033325	0.0075302124	0.0	14.059620141983032
39	-52.42694	28.66936	-21.55407	-129.74391	26.954546	-56.567215	0.75878274	-52.766735	-56.718998	24000	-2.22524e-08	815.6114	-0.022812825	-0.3446045	0.008772332	0.0	14.40433955192566
40	-62.360767	29.696196	-19.113232	-118.31536	27.136364	-56.526913	0.7581349	-52.72967	-56.6785	24600	-7.947286e-10	927.61554	-0.024950793	-0.7476196	0.008137525	0.0	14.876551151275635
41	-60.75227	26.90422	-20.998053	-144.74376	26.954546	-56.58849	0.7574116	-52.79488	-56.740017	25200	1.013279e-08	714.8701	-0.025106438	-0.46325684	0.008367394	0.0	15.194013595581055
42	-131.73859	230.0029	-18.900578	-886.4	25.0	-56.63812	0.7722229	-52.85508	-56.796238	25800	-1.5894572e-09	3637.3691	-0.034405235	-2.8840332	0.0047854753	0.0	15.534656524658203
43	-61.023136	31.707575	-19.28626	-145.73973	26.90909	-56.77164	0.7439161	-53.04562	-56.920383	26400	-8.34465e-09	1049.1394	-0.022963764	-0.70373535	0.008059634	0.0	15.89879059791565
44	-152.61455	271.6711	-18.713926	-886.4	23.6	-56.82687	0.7864975	-53.131474	-56.994675	27000	1.7484028e-08	3916.8267	-0.042601243	-0.8413086	0.001690909	0.0	16.247556447982788
45	-65.22344	27.636143	-25.369947	-132.58244	26.272728	-56.851288	0.7222063	-53.23401	-56.995667	27600	-1.6192596e-08	780.9939	-0.023710491	-1.6497192	0.0089265	0.0	16.592840433120728
46	-50.54415	15.689071	-28.10653	-91.20286	26.636364	-56.95741	0.71901166	-53.3561	-57.101063	28200	1.6093255e-08	281.27322	-0.021252686	-0.9159241	0.0085746655	0.0	16.917210578918457
47	-61.74032	24.28347	-28.396294	-108.165955	27.136364	-56.88271	0.7182321	-53.285385	-57.02659	28800	2.125899e-08	614.45245	-0.012578119	-0.6118164	0.0072252955	0.0	17.254470109939575
48	-87.92122	171.69719	-23.036919	-886.4	26.043478	-56.938763	0.732291	-53.3513	-57.088467	29400	-1.11262e-08	1716.4286	-0.026975207	-0.43103027	0.006157675	0.0	17.582021474838257
49	-116.73401	232.65428	-19.784916	-886.4	24.541666	-56.887833	0.73870605	-53.34516	-57.042145	30000	7.152557e-09	2711.8389	-0.037007764	-2.1391602	0.0029504271	0.0	17.900246620178223
50	-53.253757	16.437181	-21.38965	-87.89982	26.772728	-56.780373	0.6940509	-53.304092	-56.91908	30600	2.5431316e-08	276.23074	-0.011409656	-0.48657227	0.0090812985	0.0	18.373224020004272
51	-50.819107	25.991348	-26.051773	-129.95921	26.636364	-56.708862	0.6914477	-53.245655	-56.84718	31200	1.4305114e-08	711.9101	-0.023279557	-1.123169	0.008764631	0.0	18.723960876464844
52	-40.643394	16.56159	-21.33839	-79.47327	26.818182	-56.605957	0.690644	-53.146763	-56.74416	31800	5.4637592e-08	522.13654	-0.019254	-9.188843	0.008115202	0.0	19.049861669540405
53	-80.75983	172.33551	-22.497175	-886.4	25.47826	-56.304348	0.7039684	-52.85564	-56.44827	32400	1.9073486e-08	1503.359	-0.029228134	-4.9732666	0.0032927888	0.0	19.38009524345398
54	-48.938416	19.107574	-23.961523	-93.22274	27.09091	-56.077137	0.68090016	-52.66674	-56.213287	33000	-4.371007e-09	412.64587	-0.02760244	-2.15271	0.008805474	0.0	19.72843074798584
55	-41.94305	12.307703	-24.934223	-60.43981	26.545454	-55.918293	0.678979	-52.51751	-56.053963	33600	4.9670536e-08	339.8196	-0.017068453	-8.006958	0.009804793	0.0	20.09075403213501
56	-44.45664	16.864346	-21.607735	-101.12189	26.636364	-55.622356	0.677882	-52.227085	-55.757984	34200	4.2915346e-08	406.7352	-0.017751222	-5.657135	0.00683894	1.0	20.450405836105347
57	-117.71609	232.60565	-23.301973	-886.4	24.375	-55.346127	0.7044187	-51.967876	-55.493176	34800	0.0	2793.0383	-0.03192279	-1.7412109	0.006106952	0.0	20.79516363143921
58	-48.82535	19.532589	-24.073637	-93.5371	26.454546	-55.226875	0.65808046	-51.930782	-55.35847	35400	-3.0199686e-08	409.01926	-0.028527865	-2.1377563	0.009860436	0.0	21.142887592315674
59	-44.65373	12.096343	-24.146662	-70.50167	26.681818	-55.06289	0.65468395	-51.783806	-55.193768	36000	2.0464261e-08	251.28825	-0.01529156	-5.333206	0.009454624	0.0	21.50735902786255
60	-80.297844	172.66689	-22.358614	-886.4	25.52174	-54.793495	0.66688997	-51.526436	-54.92981	36600	1.2715658e-08	1572.58	-0.030041555	-5.1757812	0.0039857025	0.0	21.997966051101685
61	-38.72961	12.5639715	-21.099953	-76.45424	26.5	-54.531902	0.6427158	-51.312756	-54.66037	37200	2.5431316e-08	399.4328	-0.021071957	-13.009735	0.008524285	2.0	22.358676433563232
62	-31.262465	6.4726105	-20.4365	-41.664364	26.863636	-54.103947	0.63997364	-50.898525	-54.23185	37800	-1.5219052e-07	556.7933	-0.01852421	-29.041931	0.009382615	0.0	22.689812183380127
63	-33.250362	9.995685	-21.696135	-60.095963	26.863636	-53.449623	0.6379588	-50.25429	-53.577095	38400	6.218751e-08	501.856	-0.018006494	-24.705566	0.008851162	0.0	23.03790521621704
64	-35.686035	8.269254	-20.91558	-49.84342	26.90909	-52.81931	0.63584113	-49.634575	-52.946342	39000	-2.78155e-09	357.45688	-0.01880599	-18.535126	0.008578271	0.0	23.368009567260742
65	-34.415165	11.239847	-20.191544	-65.1299	26.954546	-52.261436	0.63373387	-49.087257	-52.38805	39600	3.417333e-08	439.91754	-0.0156173	-20.616028	0.0062534395	2.0	23.728269577026367
66	-32.9489	12.559548	-19.325983	-70.83409	27.136364	-51.668842	0.6314087	-48.506332	-51.79506	40200	1.3868014e-07	504.75162	-0.020481184	-23.433136	0.0076889293	0.0	24.064937353134155
67	-31.97242	11.918109	-19.939743	-61.23594	26.863636	-51.02498	0.6288676	-47.875187	-51.150673	40800	8.980433e-08	499.42026	-0.020483548	-25.175995	0.007876206	0.0	24.42779779434204
68	-31.367493	8.088809	-20.240843	-51.50053	27.0	-50.343834	0.6261024	-47.207905	-50.46901	41400	1.4305115e-07	421.36246	-0.01560286	-25.975555	0.00950074	0.0	24.798124313354492
69	-30.17923	7.1007032	-21.159178	-47.68979	26.90909	-49.63811	0.6231078	-46.51719	-49.762787	42000	7.112821e-08	424.60544	-0.024384348	-28.193298	0.00958437	0.0	25.16405749320984
70	-31.016487	7.748183	-19.453981	-44.672985	27.09091	-48.89034	0.6198639	-45.785667	-49.014374	42600	6.238619e-08	377.02332	-0.02158002	-25.170654	0.007892688	0.0	25.653804779052734
71	-30.62597	5.9947114	-19.469704	-42.641823	26.954546	-48.166477	0.6164927	-45.07868	-48.289764	43200	-4.6094257e-08	340.51584	-0.033164967	-24.775635	0.00780687	1.0	26.02087426185608
72	-32.75059	10.487192	-18.890203	-57.169415	27.09091	-47.43715	0.6129284	-44.36721	-47.559776	43800	-2.0861625e-08	322.18802	-0.016174307	-18.362427	0.007392772	1.0	26.365278005599976
73	-32.100197	9.2883005	-20.462967	-56.312317	27.09091	-46.79142	0.60944337	-43.738983	-46.913586	44400	-8.1857046e-08	300.82407	-0.01514197	-18.897003	0.0067935735	0.0	26.71319270133972
74	-30.819427	11.841239	-17.830366	-67.81692	27.045454	-46.131634	0.6058271	-43.097233	-46.252647	45000	1.3510387e-08	371.95798	-0.032279387	-20.798096	0.008628137	0.0	27.07336139678955
75	-30.40196	8.2768	-21.028708	-53.066647	27.045454	-45.426807	0.6018434	-42.412357	-45.54705	45600	-6.5962475e-08	291.76578	-0.022430027	-20.892334	0.008732011	0.0	27.47866129875183
76	-30.95492	6.6238046	-22.250677	-49.982674	27.09091	-44.705242	0.5976179	-41.711964	-44.824677	46200	1.291434e-08	231.32562	-0.019826852	-18.380966	0.009461584	0.0	27.918964862823486
77	-31.604004	10.483761	-20.723875	-65.55584	27.136364	-44.01319	0.59332466	-41.04141	-44.131733	46800	-2.9007595e-08	263.33542	-0.019326188	-15.425369	0.009354709	0.0	28.260820388793945
78	-29.337694	9.305934	-20.142254	-51.693092	26.954546	-43.366314	0.58904684	-40.41598	-43.484097	47400	4.331271e-08	280.9189	-0.013380054	-20.119385	0.008138266	0.0	28.614124298095703
79	-29.775557	7.7694426	-19.629833	-50.672848	27.09091	-42.623035	0.5841624	-39.697163	-42.739838	48000	1.107653e-07	223.76271	-0.013104574	-17.761902	0.007699472	0.0	28.97152829170227
80	-27.579376	4.351174	-19.035158	-37.076214	27.0	-41.90339	0.57920146	-39.00237	-42.019207	48600	-1.7881393e-07	222.46054	-0.019263022	-22.500778	0.0085942	0.0	29.4660325050354
81	-31.745232	8.185238	-20.853613	-57.676308	26.818182	-41.08736	0.573554	-38.21461	-41.20197	49200	-8.742014e-09	152.02763	-0.022497712	-10.485474	0.009419562	0.0	29.818238258361816
82	-27.464592	5.1290326	-20.711643	-42.01604	26.863636	-40.500286	0.56889516	-37.650887	-40.614048	49800	-1.3629595e-07	194.35718	-0.021650469	-19.507309	0.00784802	0.0	30.169384956359863
83	-31.154804	9.981703	-18.828394	-58.049263	27.136364	-39.719322	0.5630382	-36.899242	-39.831867	50400	2.6226044e-08	171.8495	-0.023810692	-9.437698	0.00844845	0.0	30.48519492149353
84	-27.60387	5.505297	-19.459114	-42.876934	26.954546	-39.14174	0.55814123	-36.3462	-39.253315	51000	1.14440915e-07	162.36928	-0.0062458753	-16.515991	0.0063570375	0.0	30.84495210647583
85	-28.473738	7.6468735	-19.920828	-45.88946	27.0	-38.394714	0.5520585	-35.62964	-38.505096	51600	-1.07288365e-08	155.65662	-0.014651389	-13.179443	0.009455885	0.0	31.17578101158142
86	-27.827776	8.124878	-19.26079	-49.83511	27.045454	-37.699306	0.5461048	-34.964054	-37.80849	52200	-3.4570693e-08	162.2235	-0.014455507	-13.319641	0.006556415	1.0	31.511521339416504
87	-28.51967	9.036845	-18.90782	-52.395214	26.90909	-36.993034	0.53987366	-34.289005	-37.10107	52800	5.90086e-08	151.82544	-0.022070885	-10.392548	0.009712337	0.0	31.8351411819458
88	-28.279188	6.932919	-19.45458	-53.947975	27.0	-36.35222	0.5339024	-33.678093	-36.459057	53400	-3.0199686e-08	112.44961	-0.025035875	-9.585167	0.008830714	0.0	32.15822196006775
89	-24.759052	3.2827291	-19.660334	-32.85455	27.0	-35.728607	0.5279133	-33.084488	-35.834244	54000	-1.3768673e-07	130.154	-0.020115584	-17.740555	0.006631254	1.0	32.48660731315613
90	-26.945955	10.2339525	-19.10194	-69.54663	27.045454	-34.879063	0.5201349	-32.27387	-34.98299	54600	-2.582868e-08	168.30878	-0.029562714	-10.075287	0.009223504	0.0	32.94944381713867
91	-27.71508	4.3757973	-20.538378	-34.523464	27.045454	-34.203953	0.51342356	-31.632397	-34.306652	55200	-1.2417634e-07	61.14885	-0.027852938	-6.9955406	0.009020819	0.0	33.288649559020996
92	-26.005348	5.53604	-19.574173	-39.575275	26.954546	-33.6364	0.5073806	-31.095087	-33.73778	55800	1.3669332e-07	88.202034	-0.012260347	-9.619545	0.0072241575	0.0	33.61194181442261
93	-28.35973	6.668699	-19.61359	-52.200558	26.90909	-32.97039	0.50039613	-30.464077	-33.07043	56400	4.808108e-08	64.743866	-0.021367703	-3.9740486	0.008272198	0.0	33.97193789482117
94	-26.972343	5.456636	-21.236328	-44.907448	27.0	-32.516216	0.495005	-30.036896	-32.61514	57000	-4.818042e-08	60.4382	-0.015739774	-5.4029922	0.009709867	0.0	34.30220293998718
95	-26.152288	5.0177813	-19.59805	-42.192482	27.0	-31.997995	0.48899916	-29.548758	-32.09574	57600	1.04904174e-07	59.036095	-0.018724063	-6.332428	0.008857289	0.0	34.66122508049011
96	-28.9591	4.78873	-20.435844	-39.412716	26.90909	-31.422848	0.48239002	-29.006706	-31.519238	58200	-5.4041546e-08	28.933184	-0.010939925	-1.3233337	0.007649751	0.0	35.00980591773987
97	-30.469475	8.00974	-20.041872	-51.50057	26.90909	-31.135572	0.47819278	-28.74046	-31.231165	58800	-3.0994414e-08	64.960976	-0.01898819	-0.10600281	0.008335918	0.0	35.35453486442566
98	-24.845697	6.211785	-20.001877	-46.76594	27.0	-31.048178	0.4757426	-28.665333	-31.143232	59400	-1.0371208e-07	76.89282	-0.0067689684	-7.263893	0.0063106925	1.0	35.69932818412781
99	-29.340425	7.1894145	-20.213734	-45.74853	26.818182	-30.423906	0.46843666	-28.077656	-30.517506	60000	-4.3511392e-08	52.60153	-0.020131635	-0.35822678	0.007976497	0.0	36.06911754608154
100	-26.978168	5.622329	-19.57495	-39.23722	26.90909	-30.242493	0.46505204	-27.913197	-30.335453	60600	8.453925e-08	42.060574	-0.015936425	-2.2378387	0.009703163	0.0	36.58046913146973
101	-28.188574	4.7762866	-19.914145	-40.788383	27.136364	-29.877949	0.459935	-27.57429	-29.969912	61200	5.642573e-08	25.729774	-0.020621879	-0.692173	0.008391014	0.0	36.8966326713562
102	-25.725353	5.3899465	-19.486275	-38.278053	26.954546	-29.653118	0.45608678	-27.368738	-29.744326	61800	2.682209e-08	44.152775	-0.018218638	-3.4527245	0.009215843	0.0	37.25146818161011
103	-26.033276	5.6443453	-18.895334	-42.984802	27.045454	-29.1793	0.44984862	-26.926151	-29.269209	62400	5.2054723e-08	41.8739	-0.017171975	-2.4533386	0.007465581	0.0	37.596450090408325
104	-24.62556	3.5393236	-18.957087	-30.846054	26.954546	-28.754017	0.44400024	-26.530167	-28.842787	63000	-1.6093255e-08	29.49499	-0.014079396	-4.2413254	0.006686268	1.0	37.937182664871216
105	-29.711823	6.5303216	-19.564318	-50.02195	26.90909	-28.198399	0.436807	-26.01057	-28.285686	63600	-1.1275212e-08	43.87032	-0.009150885	-0.38175964	0.008267868	0.0	38.300699949264526
106	-28.604155	6.2534385	-19.230204	-45.781834	27.045454	-28.33469	0.43633223	-26.149244	-28.421883	64200	-2.22524e-08	39.512096	-0.018800497	-0.033935547	0.009400592	0.0	38.72634482383728
107	-25.566143	4.528911	-20.46841	-39.98937	26.954546	-28.395977	0.43508083	-26.216797	-28.482965	64800	7.2320304e-08	28.599655	-0.019496568	-2.0200367	0.009562424	0.0	39.084522008895874
108	-27.511658	5.072423	-20.025282	-36.439945	26.863636	-28.00696	0.42938486	-25.85632	-28.092838	65400	1.5497207e-08	25.756361	-0.01408788	-0.109220505	0.007329664	0.0	39.41106724739075
109	-27.785765	5.7982974	-19.257418	-40.784794	26.90909	-27.889906	0.42631355	-25.754637	-27.975101	66000	-3.4570693e-08	33.276512	-0.013802611	-0.007930756	0.008777814	0.0	39.776158809661865
110	-29.314722	6.4743547	-19.225561	-45.381695	26.954546	-27.862976	0.42406136	-25.739008	-27.947824	66600	2.5431316e-08	43.443493	-0.0169359	-0.57530975	0.008552288	0.0	40.25374150276184
111	-26.937677	5.5098596	-19.131638	-41.333115	26.90909	-28.083492	0.4242037	-25.958801	-28.168314	67200	1.947085e-08	31.538307	-0.014325013	-0.34822845	0.007881525	0.0	40.607603311538696
112	-26.904125	5.571074	-17.830193	-42.07791	27.0	-27.919916	0.4205374	-25.813576	-28.003946	67800	-2.503395e-08	31.931107	-0.014168647	-0.3500843	0.006259437	0.0	40.94620728492737
113	-27.437225	3.9394631	-20.769342	-37.892567	27.0	-27.729239	0.41654485	-25.6429	-27.81256	68400	8.34465e-09	15.593223	-0.031251155	-0.037701607	0.008984866	1.0	41.31473755836487
114	-26.563898	3.7758746	-21.294998	-35.734905	27.0	-27.660488	0.41373923	-25.5882	-27.743189	69000	2.7020773e-08	15.4553585	-0.018207066	-0.40735722	0.008858266	0.0	41.684430837631226
115	-24.904535	3.81968	-19.384212	-31.148819	26.954546	-27.455797	0.40952718	-25.404633	-27.537767	69600	-3.6557516e-08	21.04077	-0.010337903	-2.2624054	0.008410335	0.0	42.02306795120239
116	-27.030615	4.359913	-19.55031	-36.966553	26.90909	-26.958704	0.40241432	-24.94315	-27.039183	70200	2.1457673e-08	18.898556	-0.021237472	0.0041275024	0.008604732	0.0	42.36996412277222
117	-24.442644	3.924913	-17.861504	-34.34177	27.0	-26.929466	0.39997023	-24.926138	-27.009392	70800	-2.3742517e-08	21.54709	-0.013651057	-2.2129784	0.007871804	0.0	42.70439171791077
118	-23.96944	5.944662	-18.949312	-47.635376	27.0	-26.430407	0.39272842	-24.463377	-26.509005	71400	-6.7154566e-08	41.15192	-0.021393493	-2.4270248	0.0070586004	1.0	43.03358221054077
119	-25.927002	3.8406181	-20.354956	-34.88395	27.0	-25.868822	0.38481933	-23.941387	-25.945745	72000	-2.2649765e-08	14.754137	-0.004385299	0.003408432	0.006805603	0.0	43.39538645744324
120	-24.975666	4.242773	-18.47811	-38.194572	26.954546	-25.833725	0.3823128	-23.918844	-25.910133	72600	-3.973643e-10	18.44956	-0.013093304	-0.30470085	0.008733258	0.0	43.9131977558136
121	-27.019243	5.660828	-19.800041	-43.538338	27.0	-25.63838	0.37809443	-23.744627	-25.71395	73200	1.5298525e-08	34.263332	-0.02290927	-0.7615242	0.008897687	0.0	44.22657036781311
122	-27.411077	4.122137	-22.517784	-40.004936	26.90909	-25.945868	0.37901622	-24.047533	-26.021797	73800	2.026558e-08	18.717005	-0.008302237	-0.9206219	0.009120689	0.0	44.591618061065674
123	-27.228039	6.0637956	-19.091856	-44.634502	26.863636	-26.319853	0.38044629	-24.414318	-26.395878	74400	-4.331271e-08	36.585484	-0.02309072	-0.35025024	0.008680087	0.0	44.93783926963806
124	-27.233168	5.8604136	-19.447704	-39.035896	26.954546	-26.561205	0.38030395	-24.656414	-26.637383	75000	-1.6490619e-08	34.335327	-0.018262189	-0.20508575	0.00866712	0.0	45.25082302093506
125	-24.248829	4.124385	-19.445639	-36.05765	27.0	-26.746292	0.37955517	-24.845224	-26.822159	75600	-5.2452087e-08	23.172302	-0.022167329	-2.8115368	0.008767076	0.0	45.57122325897217
126	-27.296404	5.923831	-19.035946	-38.616745	27.045454	-26.092548	0.37053636	-24.236649	-26.166584	76200	-4.172325e-09	36.463882	-0.010456046	-0.597332	0.0076702405	0.0	45.925808906555176
127	-25.66735	4.6901207	-18.368834	-37.831696	27.0	-26.371977	0.37074986	-24.515017	-26.446102	76800	-3.181398e-08	22.209896	-0.007771767	-0.22307396	0.006576731	1.0	46.28731179237366
128	-24.113829	4.2822924	-18.361387	-35.89533	26.954546	-26.195423	0.36637312	-24.360374	-26.268646	77400	7.152557e-09	22.434856	-0.01696988	-2.2502346	0.009099482	0.0	46.65606713294983
129	-61.952377	175.83377	-18.632133	-886.4	25.913044	-25.553843	0.36479208	-23.766737	-25.628378	78000	-6.357829e-09	1263.837	-0.028871125	-0.6760254	0.0039783837	0.0	46.998302936553955
130	-24.812206	3.6103718	-18.969196	-33.192978	26.90909	-25.604507	0.31487158	-24.027416	-25.667425	78600	-2.7418137e-08	13.609668	-0.014045859	-0.33002758	0.0074694664	0.0	47.53530311584473
131	-27.111128	8.667909	-18.476969	-47.974365	27.045454	-25.36096	0.30631766	-23.82672	-25.422215	79200	-6.635984e-08	77.913155	-0.020959409	-1.656044	0.009151117	0.0	47.88973045349121
132	-23.808643	3.7014124	-19.714752	-34.144417	26.954546	-25.921328	0.3096666	-24.370325	-25.983297	79800	6.337961e-08	17.976591	-0.016526775	-2.3870354	0.008658406	0.0	48.25191068649292
133	-26.388018	4.131194	-19.75123	-35.24763	27.0	-25.247587	0.30176643	-23.736149	-25.307972	80400	-6.2584875e-09	18.270618	-0.012137217	-0.65516853	0.008656963	0.0	48.59394955635071
134	-23.716833	4.0334115	-18.342302	-33.88805	27.0	-25.589806	0.30306837	-24.071833	-25.650375	81000	-6.7551933e-09	19.678486	-0.023841027	-1.975544	0.009217523	0.0	48.931467056274414
135	-23.329643	2.9780395	-18.73264	-28.168613	26.954546	-24.946594	0.295431	-23.466885	-25.005665	81600	-4.1325887e-08	11.458785	-0.017650833	-1.6637993	0.00965662	0.0	49.294692516326904
136	-24.547838	3.760345	-19.692495	-32.867306	27.0	-24.297565	0.2877421	-22.856356	-24.355074	82200	-3.973643e-08	14.1428385	-0.012816874	-0.0253973	0.008886153	0.0	49.654378175735474
137	-25.405027	5.548302	-18.089602	-38.509396	27.0	-24.353613	0.2865143	-22.918556	-24.410862	82800	-5.6823094e-08	31.648542	-0.017799815	-0.70052147	0.007846143	0.0	49.99655342102051
138	-25.956886	3.3921688	-20.949131	-33.125275	26.954546	-24.776188	0.2885257	-23.33105	-24.833857	83400	6.665786e-08	12.816497	-0.02003306	-0.91553307	0.008234082	0.0	50.350998401641846
139	-25.584312	6.5641446	-18.923223	-48.82421	27.0	-25.28003	0.29107302	-23.822144	-25.338224	84000	2.5331975e-08	43.691864	-0.017137542	-0.08338928	0.006472059	1.0	50.702205657958984
140	-24.24007	3.788894	-19.660255	-32.039005	26.90909	-25.448381	0.29054838	-23.993116	-25.506453	84600	3.417333e-08	15.657895	-0.025586832	-1.0025959	0.008609825	0.0	51.24304270744324
141	-24.60398	4.413809	-18.985403	-33.34512	27.0	-24.922773	0.28385663	-23.501026	-24.979519	85200	-3.7352244e-08	19.469698	-0.014669768	-0.08169556	0.009346454	0.0	51.59769010543823
142	-26.132715	3.4782574	-20.516584	-34.010056	26.954546	-24.74763	0.28027934	-23.343807	-24.803684	85800	-2.0662943e-08	13.938069	-0.025457567	-1.3227768	0.00976648	0.0	51.960519790649414
143	-23.776232	3.833528	-18.57203	-34.671196	27.045454	-25.376686	0.28366208	-23.955927	-25.433453	86400	7.390976e-08	17.315042	-0.014335009	-1.7404718	0.009750214	0.0	52.28933119773865
144	-23.852991	2.6407864	-19.055563	-29.678865	27.0	-24.659466	0.2753299	-23.280424	-24.714478	87000	3.9339067e-08	7.62693	-0.016834715	-0.5088849	0.0074289697	1.0	52.64354729652405
145	-25.04493	3.6305273	-19.155735	-31.270716	27.0	-24.223455	0.2694552	-22.873848	-24.277332	87600	-1.5695889e-08	13.786513	-0.019239204	-0.485281	0.0067864307	0.0	52.98029041290283
146	-62.397064	175.7123	-20.90029	-886.4	25.869566	-24.615095	0.27639076	-23.261066	-24.671558	88200	-3.0199686e-08	1254.3285	-0.027616026	-2.937622	0.0065973047	0.0	53.322980880737305
147	-23.436779	4.0878096	-18.944761	-32.799744	26.90909	-25.52555	0.23280515	-24.35951	-25.572104	88800	7.947286e-10	20.822088	-0.019075217	-3.331812	0.0085193375	0.0	53.661869287490845
148	-25.437828	5.4750433	-19.257576	-40.836994	26.954546	-24.451733	0.2189636	-23.355013	-24.495491	89400	-1.5497207e-08	30.557077	-0.021308105	-0.68636703	0.00795635	0.0	54.028836250305176
149	-24.13578	3.6788526	-18.677382	-34.96271	26.863636	-24.925688	0.2212468	-23.817535	-24.969913	90000	3.7153562e-08	13.83583	-0.011924247	-0.51880646	0.007401682	0.0	54.36994028091431
150	-24.094074	2.4399896	-18.990934	-29.026567	27.0	-24.492395	0.21681285	-23.406446	-24.535717	90600	4.9670536e-08	6.0994105	-0.011223788	-0.13559532	0.008581191	0.0	54.93684458732605
151	-25.78644	4.7219124	-18.88347	-35.910034	27.0	-24.24305	0.21376203	-23.172382	-24.285759	91200	-5.4041546e-08	24.473158	-0.017794646	-1.9371567	0.009764525	0.0	55.30791878700256
152	-25.436638	4.722996	-18.56663	-38.89098	27.0	-25.14164	0.21901506	-24.04466	-25.185408	91800	-1.5219052e-07	22.216972	-0.012307379	-0.078948975	0.00789668	0.0	55.669615268707275
153	-23.82998	4.351745	-19.388607	-37.6583	27.0	-25.35324	0.2191511	-24.255577	-25.397026	92400	5.265077e-08	21.098042	-0.014414203	-1.9514561	0.0072083324	0.0	56.04132914543152
154	-24.421057	4.383233	-18.462133	-35.10878	26.954546	-24.415735	0.21107103	-23.358543	-24.45791	93000	1.42057734e-08	19.01555	-0.022287177	0.00030517578	0.009113211	0.0	56.40267992019653
155	-24.224953	3.5877686	-19.365967	-32.38464	26.954546	-24.380783	0.209477	-23.33158	-24.422646	93600	-4.5696893e-08	12.75943	-0.014417578	-0.024329185	0.009004557	0.0	56.73916554450989
156	-23.48773	2.157662	-19.633623	-28.170458	27.0	-24.274231	0.20735268	-23.23567	-24.31568	94200	2.3841857e-09	5.2666774	-0.017206738	-0.5452876	0.008413984	0.0	57.058796644210815
157	-23.53977	3.5768945	-18.147821	-33.999775	27.0	-23.746038	0.20224269	-22.733067	-23.786451	94800	-5.6823094e-08	12.7499485	-0.016679186	-0.04022503	0.007798783	0.0	57.413806438446045
158	-23.78841	3.3985145	-19.445835	-33.162067	26.954546	-23.590162	0.19981344	-22.58936	-23.630096	95400	1.2715658e-08	11.49792	-0.010926991	-0.033304214	0.0076594534	0.0	57.73703074455261
159	-25.64668	4.2855306	-19.281507	-33.32791	26.90909	-23.721819	0.19940737	-22.723057	-23.761694	96000	3.1391778e-08	21.613995	-0.01956679	-3.241928	0.009074097	0.0	58.08720254898071
160	-23.398945	3.0676515	-19.421768	-30.327072	27.0	-25.074059	0.20735013	-24.035511	-25.115515	96600	6.318092e-08	12.142113	-0.020415163	-2.527814	0.007603243	1.0	58.62915015220642
161	-23.99215	4.1829143	-18.613754	-34.93847	27.0	-23.890606	0.19766185	-22.90058	-23.930113	97200	1.1324882e-08	17.370983	-0.014833992	-0.007753372	0.009290606	0.0	58.98612070083618
162	-22.503414	2.9607437	-18.952234	-30.208414	27.0	-23.93789	0.19653523	-22.953506	-23.977173	97800	-3.2981237e-08	10.758036	-0.01853394	-1.9026289	0.007755934	0.0	59.30185890197754
163	-24.200148	3.6432438	-19.721754	-33.930626	27.0	-22.85966	0.18765163	-21.91977	-22.897152	98400	0.0	14.9514065	-0.015135787	-1.6573191	0.008376848	0.0	59.6574969291687
164	-22.522575	2.670457	-18.230827	-26.748762	27.0	-23.86645	0.19318287	-22.898857	-23.905048	99000	3.8146972e-08	8.888861	-0.0067893355	-1.6819448	0.007923113	0.0	59.99701166152954
165	-22.072424	2.9393194	-19.352314	-32.17437	26.954546	-22.837128	0.1846973	-21.912037	-22.87404	99600	-7.6492626e-08	9.024059	-0.011521947	-0.580142	0.0094109215	1.0	60.3689022064209
166	-24.384632	4.858655	-17.890701	-33.992374	26.954546	-22.200323	0.17894626	-21.304037	-22.236082	100200	-4.708767e-08	27.929237	-0.010958912	-4.4234104	0.0071977824	0.0	60.719847202301025
167	-23.577543	3.0981174	-19.402613	-30.334934	27.045454	-23.928253	0.18918353	-22.980701	-23.966106	100800	3.3775966e-09	9.728914	-0.0123544345	-0.10768318	0.008845905	0.0	61.06416296958923
168	-22.76155	3.0440657	-19.226145	-30.371778	27.0	-23.67326	0.18592185	-22.742035	-23.710413	101400	-6.7154566e-08	10.033532	-0.010621353	-0.79665756	0.006402806	1.0	61.40868377685547
169	-23.896233	3.571203	-18.845543	-33.543785	26.954546	-22.911871	0.17933354	-22.013643	-22.947702	102000	4.7485035e-08	13.427998	-0.010828025	-0.8921108	0.007235228	0.0	61.76555132865906
170	-23.525057	3.519256	-18.417536	-32.46895	27.0	-23.717997	0.18306418	-22.801085	-23.754587	102600	-4.4902166e-08	12.332209	-0.016611187	-0.03626442	0.006476798	1.0	62.31191325187683
171	-24.510435	5.020305	-18.505966	-42.314293	27.0	-23.55975	0.18040287	-22.65617	-23.59582	103200	3.2583873e-08	25.876392	-0.011806091	-0.8715687	0.0068298634	0.0	62.67435026168823
172	-23.728973	3.193378	-19.104317	-31.91694	27.0	-24.384388	0.18399493	-23.462814	-24.421156	103800	-3.8345654e-08	10.556521	-0.015734086	-0.41691875	0.007994168	0.0	63.006354570388794
173	-24.07909	3.8658743	-20.507063	-38.28784	27.045454	-23.810894	0.17860125	-22.916336	-23.84659	104400	9.536743e-09	15.245774	-0.006874356	-0.083052635	0.005560042	0.0	63.369842290878296
174	-23.584003	4.0336103	-18.885082	-35.29862	27.0	-24.068628	0.17851618	-23.174501	-24.104322	105000	-3.33786e-08	16.37303	-0.020827927	-0.22987556	0.009006025	0.0	63.707146883010864
175	-24.002129	6.137092	-18.4538	-46.557064	26.90909	-23.629116	0.17401674	-22.757519	-23.663889	105600	8.34465e-08	37.239655	-0.02016226	-0.117385864	0.008518764	0.0	64.05665183067322
176	-21.582087	1.9503044	-19.158197	-25.61363	27.0	-23.945925	0.17418765	-23.073477	-23.980734	106200	-9.059906e-08	9.333481	-0.011604199	-5.453985	0.008638052	0.0	64.39933013916016
177	-23.28824	4.200472	-19.052895	-39.771854	27.045454	-21.76885	0.15902615	-20.972342	-21.800634	106800	-2.1209319e-08	20.313387	-0.018227722	-2.341034	0.009485053	0.0	64.75327014923096
178	-21.765139	2.9634302	-17.949963	-31.46738	27.0	-23.196468	0.16636471	-22.363207	-23.22976	107400	-8.63274e-08	10.753254	-0.008322865	-2.0030346	0.00729982	1.0	65.08610343933105
179	-23.650267	5.226714	-18.481548	-43.824337	27.0	-21.865084	0.15665007	-21.080471	-21.896389	108000	5.801519e-08	30.221197	-0.011420749	-3.1122036	0.007074815	0.0	65.4447512626648
180	-24.805353	5.733032	-18.849201	-41.00399	27.045454	-23.53354	0.1651176	-22.70652	-23.566534	108600	9.139379e-09	34.671627	-0.013347263	-1.6553535	0.008488304	0.0	66.00936102867126
181	-23.553167	2.582463	-19.499254	-28.503057	27.0	-24.765446	0.17046882	-23.911623	-24.799519	109200	-1.00533164e-07	8.089303	-0.013590706	-1.4401836	0.0072313943	0.0	66.35067248344421
182	-23.798578	4.784895	-18.085281	-34.729065	27.0	-23.614264	0.16191156	-22.803299	-23.646618	109800	1.37090685e-08	22.725769	-0.010091408	-0.03361702	0.008599929	0.0	66.68115544319153
183	-23.253273	3.6040363	-18.577314	-31.265062	27.045454	-23.788813	0.16105303	-22.98215	-23.821003	110400	5.3346156e-08	13.2626095	-0.013282778	-0.26915264	0.008370989	0.0	67.03172206878662
184	-24.260242	4.1095004	-18.399895	-33.38328	27.0	-23.281778	0.1563516	-22.498665	-23.313025	111000	6.4969065e-08	17.689404	-0.017662518	-0.9376335	0.008098247	0.0	67.38648653030396
185	-21.932074	2.3162446	-18.722837	-30.196781	27.0	-24.235138	0.1598423	-23.434538	-24.267088	111600	-6.7949294e-08	10.592967	-0.01208493	-5.2004595	0.008528294	0.0	67.7403724193573
186	-22.918278	3.52036	-18.23978	-30.216547	27.0	-21.993666	0.14554223	-21.264694	-22.022766	112200	2.7318796e-08	13.134818	-0.019181257	-0.8373165	0.007260607	1.0	68.09404993057251
187	-25.213884	5.192784	-20.488056	-45.362823	27.0	-22.896725	0.14892995	-22.15079	-22.92652	112800	6.7551933e-09	32.028625	-0.02614132	-5.2599545	0.00978987	0.0	68.46900796890259
188	-23.579285	2.5903366	-18.70081	-27.97137	27.0	-25.160204	0.15913181	-24.363163	-25.192001	113400	7.549922e-09	9.145838	-0.018486794	-2.4516077	0.009497741	0.0	68.83383512496948
189	-22.300823	2.5149832	-18.274939	-29.586279	27.0	-23.613073	0.14900813	-22.86674	-23.642857	114000	2.1855037e-08	7.9915805	-0.016599303	-1.6895499	0.009468238	0.0	69.17893505096436
190	-22.015678	2.4139762	-18.594875	-28.411913	27.0	-22.321651	0.14038382	-21.618513	-22.349703	114600	6.139278e-08	5.8820367	-0.016179305	-0.09250307	0.008926195	1.0	69.73947286605835
191	-22.959553	3.0598633	-18.104574	-30.835005	27.0	-22.018047	0.13713476	-21.33118	-22.04545	115200	5.3445497e-08	10.163841	-0.014129862	-0.8684578	0.0079856925	0.0	70.07376074790955
192	-22.64668	2.1914036	-19.123987	-26.860277	27.0	-22.953413	0.14034742	-22.250456	-22.981459	115800	6.7551933e-09	4.8676796	-0.014159065	-0.09296751	0.009221026	0.0	70.42398309707642
193	-23.357306	3.0941765	-18.81397	-32.02381	27.0	-22.64666	0.13702486	-21.960346	-22.67404	116400	2.0861625e-08	9.995688	-0.013709138	-0.49480343	0.00710927	1.0	70.77255773544312
194	-22.083288	2.3165796	-17.937742	-26.980389	27.0	-23.358685	0.13884442	-22.663254	-23.386425	117000	-5.761782e-09	6.9449463	-0.006657781	-1.595552	0.0057204342	0.0	71.12518954277039
195	-24.134184	3.8585865	-19.07203	-32.4066	27.0	-22.077393	0.13066605	-21.42293	-22.103506	117600	7.510185e-08	18.94141	-0.013892855	-4.144554	0.0071329586	0.0	71.4838593006134
196	-22.621067	3.9422348	-18.287876	-34.326283	27.0	-24.14014	0.13899502	-23.443958	-24.167913	118200	-6.11941e-08	17.692503	-0.00046438136	-2.2629843	0.008349351	0.0	71.8344304561615
197	-22.933928	3.3261883	-19.427176	-33.131012	27.0	-22.614552	0.12981969	-21.964323	-22.640497	118800	3.973643e-08	11.070202	-0.013945276	-0.10017395	0.005884064	0.0	72.18592429161072
198	-21.85985	2.4193473	-18.509995	-28.158443	27.0	-22.935814	0.12959556	-22.286715	-22.961733	119400	-3.8146972e-08	6.959733	-0.012497021	-1.1355362	0.007691282	0.0	72.54204607009888
199	-22.368013	4.010709	-18.161142	-32.427757	27.0	-21.850391	0.12273824	-21.235638	-21.87494	120000	-2.8610229e-08	16.204325	-0.010858253	-0.26254368	0.0085316915	0.0	72.88669228553772
200	-22.15088	2.9439309	-18.849646	-29.081505	27.0	-22.372864	0.123586	-21.753864	-22.397573	120600	1.8080076e-08	8.644669	-0.012014043	-0.048841476	0.0064543295	0.0	73.48255753517151
201	-22.946304	4.5912957	-18.56304	-37.451466	27.0	-22.148159	0.120883	-21.542696	-22.172321	121200	1.347065e-07	21.513243	-0.02447964	-0.62400436	0.007392266	1.0	73.83297729492188
202	-22.276888	3.5407062	-16.724829	-34.43202	27.0	-22.954893	0.122881316	-22.339422	-22.979465	121800	1.013279e-08	12.88251	-0.012585108	-0.45120144	0.0068901014	0.0	74.19328927993774
203	-22.209435	1.9100873	-19.052885	-26.073294	27.0	-22.269323	0.11807612	-21.677917	-22.292934	122400	-1.7086665e-08	3.6295915	-0.0067403032	-0.0039350986	0.0076108263	0.0	74.54305458068848
204	-22.199389	2.7514114	-18.573454	-28.370716	27.0	-22.208364	0.11615438	-21.626585	-22.23159	123000	-9.695689e-08	7.5082397	-0.014385727	-0.00046300888	0.0080727795	0.0	74.88678693771362
205	-23.213148	4.1201005	-18.857647	-35.392384	27.0	-22.199024	0.11448071	-21.625628	-22.221909	123600	-6.318092e-08	17.835226	-0.01637489	-1.0075493	0.007231385	0.0	75.23516011238098
206	-22.55601	2.740227	-17.874498	-27.79019	27.0	-23.220276	0.11722042	-22.633152	-23.243694	124200	5.0465268e-08	7.8854136	-0.013503187	-0.43314743	0.009609357	0.0	75.58931231498718
207	-22.004393	2.442832	-18.585094	-27.81374	27.0	-22.552473	0.112625666	-21.98837	-22.57499	124800	6.834666e-08	6.2187233	-0.013752	-0.2950244	0.009768144	0.0	75.93977904319763
208	-22.359226	4.206628	-17.538774	-32.2123	27.0	-22.00216	0.10864749	-21.45798	-22.02387	125400	2.4239222e-08	17.656301	-0.018457448	-0.12511826	0.00664408	1.0	76.28741550445557
209	-22.532967	3.9657648	-17.834743	-37.150715	27.0	-22.358915	0.108550504	-21.815218	-22.38061	126000	1.9868216e-08	15.611545	-0.018034704	-0.029959679	0.009055184	0.0	76.6495304107666
210	-22.898592	3.0445666	-17.977953	-31.292635	26.954546	-22.53233	0.10763261	-21.993242	-22.553883	126600	-9.6559525e-08	9.193412	-0.022223301	-0.12134647	0.009979802	0.0	77.246178150177
211	-22.121437	3.0104332	-18.334034	-30.063784	27.0	-22.881618	0.107345015	-22.34396	-22.903069	127200	3.1789145e-09	9.556835	-0.01357744	-0.5670786	0.008444797	0.0	77.59509325027466
212	-21.938301	2.127226	-18.386316	-27.117525	27.0	-22.127705	0.102677494	-21.613426	-22.148222	127800	-1.58151e-07	4.52619	-0.018004958	-0.035554886	0.009717023	0.0	77.94628739356995
213	-21.915354	2.763125	-18.53125	-28.790274	27.0	-21.940163	0.100384	-21.437372	-21.960224	128400	3.2981237e-08	7.5692587	-0.02146821	-0.00091457367	0.0067229494	1.0	78.3008029460907
214	-23.082516	3.4024072	-19.100601	-31.163889	27.0	-21.915512	0.09878077	-21.42075	-21.935251	129000	1.02917355e-07	12.817153	-0.011275322	-1.3346834	0.0073125395	0.0	78.65528845787048
215	-21.56817	3.2935991	-17.934048	-28.330433	27.0	-23.064457	0.10163837	-22.555382	-23.084772	129600	3.516674e-08	12.968198	-0.010498854	-2.19524	0.009327146	0.0	78.99691581726074
216	-21.858894	3.1579974	-18.02551	-28.127323	27.0	-21.58854	0.09450893	-21.115173	-21.607433	130200	2.2451083e-08	9.954123	-0.013305695	-0.07181454	0.0067597954	1.0	79.34037852287292
217	-21.789572	2.7711928	-18.16277	-30.296171	27.0	-21.854084	0.094063826	-21.38295	-21.872883	130800	-1.6967455e-07	7.615795	-0.013581658	-0.0043702126	0.007410541	0.0	79.68576407432556
218	-21.573233	2.2502007	-18.315346	-25.989801	27.0	-21.79069	0.09238317	-21.327976	-21.809164	131400	2.9007595e-08	5.0685153	-0.017057633	-0.04667616	0.008501412	0.0	80.02965497970581
219	-21.184914	2.1366224	-18.039518	-25.634018	27.0	-21.577885	0.09017867	-21.126207	-21.595903	132000	1.4503797e-08	4.681019	-0.008645662	-0.15169144	0.009457561	0.0	80.38098549842834
220	-23.424763	3.8085225	-18.669899	-38.073822	27.0	-21.194164	0.087421715	-20.756296	-21.211636	132600	-8.225441e-08	19.290693	-0.018236468	-4.8761683	0.0075884787	1.0	80.95472526550293
221	-22.090788	2.724547	-19.130636	-29.616543	27.0	-23.387474	0.09362198	-22.91855	-23.406187	133200	-2.0662943e-08	9.023956	-0.017702203	-1.6485691	0.008915872	0.0	81.305499792099
222	-22.518965	2.446105	-19.230812	-27.635138	27.0	-22.111557	0.08778327	-21.671879	-22.129105	133800	5.384286e-08	6.095178	-0.012129105	-0.1628294	0.0069512953	0.0	81.67848491668701
223	-21.857069	2.0851123	-18.651766	-27.16732	27.0	-22.511183	0.087641284	-22.072218	-22.528706	134400	2.7020773e-08	4.736289	-0.0033016661	-0.41972637	0.0074589388	2.0	82.02411007881165
224	-22.571825	2.819476	-18.511852	-28.547771	27.0	-21.870367	0.084092125	-21.449177	-21.887177	135000	1.3430913e-07	8.363397	-0.012846341	-0.48228073	0.00878464	0.0	82.40128254890442
225	-21.851223	2.5457447	-18.350973	-28.119505	27.0	-22.55628	0.08490175	-22.131035	-22.573256	135600	-4.4107438e-08	6.916133	-0.0084738	-0.48752642	0.00809214	0.0	82.75593066215515
226	-21.764622	2.927773	-18.776081	-29.506384	27.0	-21.867586	0.08129965	-21.46038	-21.883831	136200	-8.980433e-08	8.503374	-0.003191122	-0.0106287	0.00836692	3.0	83.1015636920929
227	-59.96054	176.21579	-18.015032	-886.4	25.869566	-21.766424	0.081285	-21.368214	-21.78304	136800	5.086263e-08	1254.2035	-0.031305086	-4.713379	0.0037562489	0.0	83.44430661201477
228	-23.270811	3.7165172	-17.928558	-30.44774	27.0	-23.795616	0.04825148	-23.55394	-23.805262	137400	-1.7086665e-08	13.949688	-0.021058125	-0.2701273	0.008390262	0.0	83.78681445121765
229	-21.649996	2.5727966	-18.439026	-28.215685	27.0	-23.282314	0.045016002	-23.056843	-23.291315	138000	-5.4041546e-08	9.1939125	-0.014038946	-2.6112585	0.009300603	0.0	84.13011837005615
230	-21.318163	1.8621835	-19.048893	-27.189219	27.0	-21.681065	0.04199073	-21.470749	-21.689459	138600	-5.7220458e-08	3.5654082	-0.016559295	-0.12907243	0.0063553816	0.0	84.72973418235779
231	-21.221703	2.4707396	-18.60157	-27.512657	27.0	-21.325857	0.04124903	-21.119255	-21.334105	139200	-5.284945e-08	6.0560036	-0.011739181	-0.010637283	0.008734211	0.0	85.08515167236328
232	-22.27012	3.1327271	-18.316366	-29.050335	27.0	-21.224169	0.040973306	-21.018944	-21.232357	139800	3.437201e-08	10.800031	-0.028908323	-1.0720968	0.009050876	0.0	85.42965197563171
233	-21.150587	2.4161513	-18.556421	-27.041746	27.0	-22.245298	0.042738184	-22.031235	-22.253838	140400	1.04904174e-07	6.96827	-0.012756413	-1.1743293	0.007592798	0.0	85.78145503997803
234	-22.103966	3.7063046	-17.703953	-31.102722	27.045454	-21.17657	0.040699724	-20.972721	-21.184711	141000	-9.8546344e-08	14.6159115	-0.023030367	-0.8734379	0.009439407	0.0	86.12742805480957
235	-21.940437	2.2526157	-19.02461	-27.750906	27.0	-22.09783	0.04226979	-21.886114	-22.106277	141600	9.934108e-09	5.0499396	-0.018342748	-0.024279594	0.009488625	0.0	86.48114275932312
236	-21.231218	2.2720885	-18.983974	-28.633524	27.0	-21.94449	0.04188233	-21.734716	-21.952866	142200	2.5232634e-08	5.6165943	-0.009581539	-0.4985075	0.008105314	0.0	86.83455634117126
237	-22.505444	3.4941292	-18.77762	-33.631332	27.0	-21.249977	0.040523473	-21.047009	-21.25808	142800	1.04904174e-07	13.648251	-0.009374911	-1.5445118	0.0065977955	1.0	87.18701839447021
238	-23.816587	6.8578005	-18.673014	-51.8547	27.045454	-22.473133	0.042598765	-22.259771	-22.48165	143400	-1.9868215e-10	49.784958	-0.014549074	-1.901268	0.007310351	0.0	87.55266380310059
239	-22.309595	2.633028	-18.657827	-31.409124	27.0	-23.831606	0.04489674	-23.606733	-23.840578	144000	-7.390976e-08	9.159785	-0.013746957	-2.2700472	0.007417697	0.0	87.91797471046448
240	-21.498323	2.1425254	-17.91043	-28.452644	27.0	-22.344551	0.042143404	-22.133469	-22.352982	144600	5.801519e-08	5.2557063	-0.016607486	-0.7017307	0.007228968	1.0	88.50196576118469
241	-21.47986	2.7961466	-17.294857	-27.464064	27.0	-21.51849	0.040557735	-21.315348	-21.526594	145200	9.9738436e-08	7.743405	-0.014525397	-0.0014710426	0.006684798	0.0	88.86281561851501
242	-22.109022	2.813683	-17.909035	-28.784388	27.0	-21.480856	0.04036202	-21.278696	-21.488922	145800	9.139379e-08	8.229583	-0.022248602	-0.3866663	0.007482848	0.0	89.22287273406982
243	-23.308466	2.992276	-18.508026	-30.501093	27.0	-22.092562	0.041298684	-21.885712	-22.100817	146400	-8.6228056e-08	10.328851	-0.007950214	-1.4486885	0.0072437157	1.0	89.58688187599182
244	-21.331745	3.1275504	-17.915537	-31.918568	27.0	-23.277164	0.043202244	-23.06078	-23.285799	147000	6.357829e-08	13.4335575	-0.011764302	-3.7088575	0.006422387	0.0	89.94548177719116
245	-22.325132	2.9074848	-18.515375	-28.353865	27.0	-21.374084	0.0397827	-21.174824	-21.382032	147600	-2.0861626e-07	9.265459	-0.018897485	-0.8864031	0.009442007	0.0	90.29912447929382
246	-23.344429	2.3899107	-18.872816	-28.494732	27.0	-22.303783	0.041224573	-22.097305	-22.31203	148200	-6.357829e-09	6.727822	-0.013510088	-1.0612803	0.007902457	1.0	90.65867376327515
247	-21.252413	3.6229634	-17.641527	-35.459072	27.0	-23.32086	0.04278015	-23.106588	-23.329409	148800	1.3510387e-08	17.233316	-0.013257686	-4.193185	0.0076826764	0.0	91.00792264938354
248	-21.487118	2.5552182	-18.272394	-27.630173	27.0	-21.286995	0.03920411	-21.090631	-21.294827	149400	-8.34465e-08	6.5049357	-0.009044862	-0.03926611	0.0076636663	0.0	91.3324327468872
249	-21.78955	1.6251222	-19.588972	-25.547588	27.0	-21.483109	0.03937544	-21.285889	-21.490976	150000	7.510185e-08	2.7089741	-0.014583845	-0.092048645	0.008974945	0.0	91.69249606132507
250	-24.26867	4.7380295	-19.287613	-36.94367	27.045454	-21.782879	0.039715108	-21.583961	-21.790823	150600	0.0	28.403278	-0.021178331	-6.1061974	0.008002356	0.0	92.29461789131165
251	-22.088171	3.9843187	-18.809753	-39.05709	27.045454	-24.24999	0.04355787	-24.03182	-24.258692	151200	-4.0133795e-08	20.7109	-0.01773175	-4.475378	0.008141619	0.0	92.65554118156433
252	-22.03941	2.3653297	-18.644936	-27.97281	27.0	-22.124882	0.039992448	-21.92457	-22.132872	151800	5.8809917e-08	5.547719	-0.024451166	-0.0071730614	0.0066724443	1.0	93.00342082977295
253	-21.307205	1.9600484	-17.714622	-25.707981	27.0	-22.039574	0.039662875	-21.840914	-22.047499	152400	-1.947085e-08	4.336331	-0.008319822	-0.52568626	0.007182578	1.0	93.36075687408447
254	-20.911705	2.3058836	-17.804543	-27.409826	27.0	-21.314945	0.03831259	-21.123049	-21.322601	153000	-8.6228056e-08	5.4265833	-0.0135395	-0.15937233	0.0072044292	0.0	93.70924663543701
255	-22.002333	2.754635	-18.243872	-27.824488	27.0	-20.917065	0.037492752	-20.729277	-20.924562	153600	-8.304914e-08	8.679015	-0.004634257	-1.1544137	0.0075361906	1.0	94.06390452384949
256	-21.30002	1.5924474	-18.712893	-26.087315	27.0	-21.986757	0.039017323	-21.791334	-21.994556	154200	6.536643e-08	2.9793057	-0.018929731	-0.46220422	0.009146859	0.0	94.4056715965271
257	-21.866524	2.3706803	-18.6405	-27.881628	27.0	-21.311455	0.03775473	-21.122356	-21.319004	154800	-1.3748804e-07	5.870089	-0.011334687	-0.30197716	0.006550197	0.0	94.76752543449402
258	-58.237206	176.57289	-17.962152	-886.4	25.869566	-21.85573	0.039204348	-21.663668	-21.863739	155400	5.4041546e-08	1250.7771	-0.03074275	-0.25402832	0.004700989	0.0	95.11707830429077
259	-21.456526	1.8826978	-19.280155	-25.718637	27.0	-22.037529	0.023372157	-21.92047	-22.04221	156000	1.0142724e-07	3.8440225	-0.020072151	-0.33082104	0.009510384	0.0	95.46387195587158
260	-21.754211	2.4807875	-18.497986	-29.366549	27.0	-21.469976	0.021807615	-21.360752	-21.47434	156600	-9.814898e-08	6.173137	-0.0154452	-0.079174995	0.0062525813	0.0	96.06828165054321
261	-20.276096	1.6496407	-17.699518	-24.16606	27.0	-21.747171	0.022050379	-21.636726	-21.75158	157200	-6.1591465e-09	4.837442	-0.019823594	-2.120575	0.009815278	0.0	96.43931746482849
262	-22.196226	2.2861915	-18.07832	-27.078062	27.0	-20.310335	0.020642094	-20.206945	-20.314463	157800	-6.516775e-08	8.695308	-0.022196349	-3.4856238	0.0068596615	0.0	96.80333399772644
263	-20.927694	2.3084743	-18.100838	-26.256025	27.0	-22.160608	0.022394503	-22.048443	-22.165087	158400	1.04109446e-07	6.78152	-0.0041683516	-1.4896846	0.007865459	0.0	97.18000435829163
264	-22.546478	3.9693496	-18.925222	-37.104424	27.0	-20.95061	0.021214293	-20.844353	-20.954851	159000	-1.11262e-08	18.11949	-0.016683195	-2.4961233	0.007288414	0.0	97.51337099075317
265	-21.46884	2.551305	-17.862795	-27.525688	27.0	-22.520887	0.022680242	-22.40729	-22.525421	159600	-7.688999e-08	7.5406346	-0.017553005	-1.0846939	0.007036433	1.0	97.87721967697144
266	-21.601513	2.149698	-18.022488	-27.992899	27.0	-21.4865	0.021673553	-21.377947	-21.490835	160200	-1.3113022e-08	4.5885234	-0.010742335	-0.012969971	0.0063402066	1.0	98.23099660873413
267	-21.97746	3.0338526	-18.594095	-29.234196	27.0	-21.599224	0.021748764	-21.49029	-21.603569	160800	5.9604646e-09	9.254215	-0.0054459414	-0.14021778	0.0073539657	1.0	98.58048844337463
268	-22.36134	3.3988526	-18.648796	-31.700941	27.0	-21.969234	0.022065833	-21.858711	-21.973642	161400	2.7418137e-08	11.589258	-0.014831242	-0.15067863	0.008301753	0.0	98.92589092254639
269	-21.218351	1.993869	-17.706425	-25.587168	27.0	-22.352058	0.022394206	-22.239893	-22.356535	162000	-1.2715658e-08	5.2090387	-0.015676368	-1.2594388	0.008733543	0.0	99.27509617805481
270	-21.071213	2.0962782	-18.0543	-25.669676	27.0	-21.245092	0.021318568	-21.138313	-21.249353	162600	-4.3710074e-08	4.3808746	-0.0030844472	-0.02961874	0.0080824215	0.0	99.88212561607361
271	-21.593727	3.5824857	-18.052235	-35.36367	27.0	-21.075638	0.02112491	-20.969828	-21.079859	163200	-4.4107438e-08	12.971898	-0.011348123	-0.26303577	0.00859833	1.0	100.2337577342987
272	-21.940544	2.665955	-17.329502	-27.861477	27.0	-21.580175	0.0215645	-21.472166	-21.584488	163800	-4.0928523e-08	7.1651683	-0.013832948	-0.12726212	0.0075036082	0.0	100.5841817855835
273	-22.058186	3.2464986	-17.854181	-30.566212	27.0	-21.930908	0.021855341	-21.821444	-21.93528	164400	-2.1855037e-08	10.45083	-0.021583583	-0.015877724	0.008786941	0.0	100.93478918075562
274	-22.154911	3.9920552	-18.79987	-38.81658	27.0	-22.054804	0.02193259	-21.944952	-22.05919	165000	1.9073486e-08	15.787508	-0.008326052	-0.009822845	0.0067229643	1.0	101.36504101753235
275	-21.543404	2.4504557	-18.055475	-26.6834	27.0	-22.152315	0.02198082	-22.042221	-22.156712	165600	4.7683715e-09	6.312412	-0.020247303	-0.3632784	0.0061805598	1.0	101.78058743476868
276	-21.678558	2.1298358	-18.459143	-26.453325	27.0	-21.559023	0.021385571	-21.451912	-21.563301	166200	1.7484028e-08	4.505409	-0.0161955	-0.014007568	0.008021753	0.0	102.12867188453674
277	-22.35099	2.3851447	-18.762995	-28.854092	27.0	-21.675596	0.021450762	-21.568155	-21.679884	166800	-3.576279e-08	6.0838914	-0.0073778797	-0.447042	0.0064739147	1.0	102.46700763702393
278	-22.05941	2.3021276	-18.488356	-27.061867	27.0	-22.335487	0.022018509	-22.2252	-22.339886	167400	-1.1483828e-07	5.322815	-0.024097782	-0.074679375	0.008429792	0.0	102.80514764785767
279	-21.21474	2.3533404	-18.03394	-28.401283	27.0	-22.065376	0.021718878	-21.956593	-22.069717	168000	8.1261e-08	6.199894	-0.011242045	-0.7090721	0.006758321	1.0	103.15940475463867
280	-21.897142	1.7987796	-17.749842	-25.519571	27.0	-21.232214	0.020901095	-21.127527	-21.236395	168600	8.145968e-08	3.6412191	-0.010237291	-0.4333241	0.00964214	0.0	103.78293228149414
281	-21.94386	2.3247406	-19.041166	-28.866386	27.0	-21.883959	0.021452654	-21.776508	-21.888247	169200	-1.6291936e-07	5.3543706	-0.0061821593	-0.0035219193	0.007422878	1.0	104.15541315078735
282	-22.252579	3.3020513	-18.685823	-32.91325	27.0	-21.943066	0.021454833	-21.835604	-21.947353	169800	-9.9738436e-08	10.889718	-0.011511842	-0.09391022	0.007973728	0.0	104.49400806427002
283	-21.473057	2.190184	-18.44851	-28.380554	27.0	-22.248383	0.021679658	-22.139795	-22.252716	170400	-9.536743e-08	5.3447566	-0.014768294	-0.5891428	0.007900176	0.0	104.82668805122375
284	-21.879099	2.7841775	-17.902264	-29.528276	27.0	-21.483408	0.02092635	-21.378593	-21.48759	171000	3.973643e-08	7.8294606	-0.017123822	-0.15347815	0.008277923	0.0	105.1790542602539
285	-20.615177	2.2382193	-17.978745	-28.546244	27.0	-21.874706	0.021227144	-21.768383	-21.878946	171600	3.973643e-08	6.53087	-0.017648367	-1.5547452	0.009441937	0.0	105.53334522247314
286	-20.746407	1.6551665	-17.74912	-24.862238	27.0	-20.634422	0.02004757	-20.53401	-20.63843	172200	-1.5894572e-09	2.7249691	-0.0077214767	-0.012297392	0.00980619	0.0	105.89786148071289
287	-21.438248	1.8162904	-18.923552	-25.858406	27.0	-20.744736	0.020093534	-20.644096	-20.748756	172800	-1.3271968e-07	3.7422924	-0.01780356	-0.4714241	0.0065562595	1.0	106.2710313796997
288	-21.390554	2.5416946	-18.611088	-26.581219	27.0	-21.430517	0.0206569	-21.327053	-21.434647	173400	-5.086263e-08	6.3976297	-0.008356116	-0.0015668869	0.007967984	0.0	106.61393094062805
289	-21.81017	2.8069675	-19.375402	-31.284306	27.0	-21.391035	0.020561738	-21.28805	-21.395147	174000	-1.11262e-08	7.974502	-0.012049262	-0.17219496	0.00914589	0.0	106.96621823310852
290	-60.540985	176.09937	-18.878305	-886.4	25.869566	-21.807766	0.021300046	-21.703417	-21.812119	174600	-2.8610229e-08	1256.9163	-0.03144863	-6.98584	0.0044503254	0.0	107.60209679603577
291	-21.156008	1.7217015	-18.736645	-25.092281	27.0	-24.385733	0.01352872	-24.317972	-24.388441	175200	1.813968e-07	13.262175	-0.01743246	-10.223406	0.009868161	0.0	107.95657396316528
292	-20.908024	1.6118054	-16.926981	-23.465471	27.0	-21.198095	0.011322001	-21.141388	-21.200363	175800	1.4940898e-07	2.6554122	-0.018465798	-0.08245802	0.0087224	0.0	108.31140184402466
293	-21.186293	1.7417096	-18.096714	-24.287874	27.0	-20.91211	0.011171779	-20.856153	-20.914347	176400	3.0001004e-08	3.0777225	-0.013725326	-0.07369256	0.009304565	0.0	108.6631236076355
294	-23.04759	3.477595	-18.699833	-33.606667	27.0	-21.18122	0.011299113	-21.124628	-21.183496	177000	9.139379e-08	15.421101	-0.01548327	-3.414071	0.008508501	0.0	109.02243304252625
295	-21.560713	2.4188044	-17.319357	-27.769547	27.0	-23.021618	0.012219972	-22.96041	-23.02406	177600	-6.635984e-08	7.905391	-0.01335303	-2.091712	0.0070374426	1.0	109.39103126525879
296	-22.029966	2.7102654	-18.089218	-29.436913	27.0	-21.579199	0.011491114	-21.521646	-21.581501	178200	-1.07288365e-08	7.4732966	-0.01720559	-0.19914961	0.008296168	0.0	109.75550150871277
297	-21.631096	2.466156	-18.481821	-29.52472	27.0	-22.022926	0.011706085	-21.96429	-22.025265	178800	6.635984e-08	6.1733007	-0.019350262	-0.15045643	0.007908894	0.0	110.11799740791321
298	-21.98893	3.1221583	-18.238586	-29.125006	27.0	-21.638195	0.011505964	-21.580564	-21.6405	179400	2.9404958e-08	9.772259	-0.019263016	-0.12056732	0.008442749	0.0	110.48263692855835
299	-21.88214	3.1683335	-17.752018	-32.843136	27.0	-21.981724	0.011668919	-21.92328	-21.98406	180000	2.682209e-08	9.947923	-0.0124231465	-0.00971508	0.0051100873	0.0	110.83040976524353
300	-22.90619	4.527047	-18.46943	-40.257378	27.0	-21.884443	0.011613275	-21.826275	-21.886765	180600	4.5100848e-08	21.322723	-0.009641539	-1.0230484	0.007841191	0.0	111.52308773994446
301	-21.26602	1.7933434	-18.737648	-25.84624	27.0	-22.882486	0.0120996395	-22.821886	-22.884909	181200	-7.311503e-08	5.7711973	-0.015442617	-2.5606613	0.008558425	0.0	111.88417792320251
302	-21.495115	2.3794987	-18.705246	-28.13212	27.0	-21.299454	0.011306467	-21.242825	-21.301716	181800	5.5233638e-08	5.643395	-0.014357644	-0.037524223	0.007625798	0.0	112.24638485908508
303	-21.325085	2.0451987	-16.782831	-25.93762	27.0	-21.490612	0.011391395	-21.433558	-21.492891	182400	5.1160654e-08	4.16829	-0.015447223	-0.026844025	0.009229739	0.0	112.59752440452576
304	-20.404766	1.774159	-17.83336	-24.50929	27.0	-21.329208	0.011302586	-21.2726	-21.331472	183000	1.4166038e-07	3.9624817	-0.012598873	-0.83737135	0.009002391	0.0	112.92462754249573
305	-22.051992	2.177123	-19.284012	-26.405897	27.0	-20.428053	0.010844292	-20.37374	-20.430223	183600	-4.688899e-08	7.3031363	-0.02532182	-2.58431	0.008867806	0.0	113.28465676307678
306	-22.021852	2.7472148	-18.65843	-30.414764	27.0	-22.014833	0.011621378	-21.956627	-22.017159	184200	3.7550926e-08	7.4718986	-0.012622099	-4.6253204e-05	0.006385314	1.0	113.62106990814209
307	-21.153315	2.1358378	-18.5229	-26.497858	27.0	-22.021696	0.011614807	-21.963524	-22.024021	184800	-1.5338262e-07	5.2630057	-0.008352465	-0.738884	0.0066837715	0.0	113.9848518371582
308	-20.928846	1.7387239	-18.040024	-24.50249	27.0	-21.175312	0.01118654	-21.119284	-21.177551	185400	2.78155e-09	3.0532417	-0.010625536	-0.05951667	0.0073671276	1.0	114.34607362747192
309	-21.876127	1.7604798	-19.059225	-25.97236	27.0	-20.935368	0.011056689	-20.87999	-20.93758	186000	-4.688899e-08	3.944454	-0.0181215	-0.86720777	0.009558382	0.0	114.69948315620422
310	-21.480616	2.433284	-18.229898	-29.403448	27.0	-21.851229	0.011496129	-21.793646	-21.853525	186600	-1.4305114e-08	5.997829	-0.016320463	-0.13456583	0.009920265	0.0	115.41877937316895
311	-22.923573	2.774725	-18.728054	-32.269245	27.0	-21.49064	0.011306796	-21.43401	-21.492903	187200	-1.7722448e-07	9.65478	-0.013564648	-2.011951	0.007220129	1.0	115.78438568115234
312	-21.285515	2.4077063	-17.932608	-27.937775	27.0	-22.885916	0.011974427	-22.825941	-22.888311	187800	1.3510387e-08	8.275149	-0.0143375	-2.5097156	0.008998838	1.0	116.13747191429138
313	-21.304966	2.5020359	-17.773233	-27.75516	27.0	-21.325111	0.011207803	-21.268974	-21.327353	188400	-6.337961e-08	6.198113	-0.021888059	-0.00039815903	0.0093058515	0.0	116.49427580833435
314	-22.085108	3.9177532	-17.875935	-33.94185	26.954546	-21.305504	0.011182825	-21.249495	-21.307743	189000	-6.7949294e-08	15.704228	-0.010852863	-0.5765152	0.00862109	0.0	116.84641098976135
315	-20.998396	2.0890405	-18.194407	-26.318531	27.0	-22.052225	0.01152664	-21.99449	-22.054527	189600	-6.516775e-08	5.420199	-0.021777438	-1.0881286	0.009357115	0.0	117.18942213058472
316	-21.052359	2.1730015	-17.807135	-25.802652	27.0	-21.026274	0.011018124	-20.97109	-21.02848	190200	-8.543332e-09	4.6755114	-0.010038778	-0.0006670952	0.0095382435	0.0	117.54354405403137
317	-21.516966	2.5302448	-17.654135	-27.180456	27.0	-21.051634	0.011014521	-20.996468	-21.053839	190800	-3.6557516e-08	6.5525374	-0.007915278	-0.21218014	0.009149922	0.0	117.90517115592957
318	-21.333332	2.4544275	-18.293192	-27.061298	27.0	-21.504519	0.011218006	-21.448332	-21.506763	191400	8.642674e-08	5.993134	-0.00989983	-0.028711796	0.008472212	0.0	118.35408663749695
319	-21.56234	1.8575718	-18.840803	-24.855822	27.0	-21.33786	0.011120943	-21.282162	-21.340092	192000	6.11941e-08	3.4660425	-0.015363564	-0.049384832	0.007693046	1.0	118.7248158454895
320	-21.382921	2.627737	-17.79289	-29.084925	27.0	-21.55677	0.0112083955	-21.500635	-21.559027	192600	-1.2119611e-08	6.866023	-0.017749166	-0.03270912	0.008718492	0.0	119.3660216331482
321	-20.933622	2.0161896	-17.572737	-24.339447	27.0	-21.384924	0.06401355	-20.80459	-21.397108	193200	3.0199686e-08	4.229324	-0.005706814	-0.20263767	0.0073133223	0.0	119.70030283927917
322	-20.178938	2.1432314	-17.810661	-27.728966	27.0	-20.943382	0.0109381	-20.88913	-20.945786	193800	-1.9868215e-10	5.126193	-0.017763833	-0.5727639	0.0095877	0.0	120.07695889472961
323	-21.430428	2.4165397	-17.578926	-26.326199	27.0	-20.193623	0.011398102	-20.141748	-20.19643	194400	-5.4041546e-08	7.2969565	-0.011482981	-1.5004215	0.008648164	0.0	120.51911091804504
324	-21.493681	2.643971	-17.78244	-26.979538	27.0	-21.402542	0.011042583	-21.347233	-21.404755	195000	1.8278758e-08	6.9290066	-0.014080346	-0.008140564	0.0060279523	0.0	120.89073324203491
325	-21.656286	1.9119408	-19.467556	-26.701942	27.0	-21.492151	0.011066585	-21.436722	-21.49437	195600	7.7486035e-08	3.6457357	-0.014850821	-0.026408672	0.008471654	0.0	121.32252955436707
326	-21.141909	2.3616629	-17.547026	-26.499157	27.0	-21.653471	0.011121872	-21.597765	-21.655699	196200	-7.152557e-09	5.78095	-0.007841704	-0.25646353	0.0075274054	1.0	121.70804500579834
327	-22.042965	2.6328948	-17.60366	-27.044481	27.0	-21.149807	0.010864102	-21.095392	-21.151983	196800	3.417333e-08	7.652559	-0.013879741	-0.78187037	0.007980561	0.0	122.0685076713562
328	-21.45684	3.7546673	-16.868793	-33.510113	27.0	-22.028814	0.011255343	-21.972443	-22.031073	197400	1.5894572e-09	14.2806425	-0.013659882	-0.32061958	0.008437794	0.0	122.41918897628784
329	-23.390326	4.5415554	-18.447298	-36.125546	27.0	-21.465162	0.010968642	-21.410225	-21.467361	198000	-1.347065e-07	24.088491	-0.020874163	-3.631855	0.0064940476	1.0	122.771071434021
330	-21.526564	2.5347266	-17.328392	-25.61009	27.0	-23.344099	0.011803556	-23.284977	-23.346462	198600	-1.0172526e-07	9.6314125	-0.023934644	-3.236731	0.009778545	0.0	123.4148461818695
331	-22.313679	3.1860945	-18.570913	-31.857876	27.0	-21.57498	0.010991997	-21.519926	-21.577187	199200	1.07288365e-08	10.589911	-0.012527909	-0.5346813	0.008594647	0.0	123.78517413139343
332	-22.112133	3.2485414	-17.324383	-30.738562	27.0	-22.293743	0.011284535	-22.237226	-22.29601	199800	4.2120615e-08	10.480301	-0.01116355	-0.032316208	0.0073081763	1.0	124.12452387809753
333	-21.337473	2.6802096	-17.80782	-27.53447	27.0	-22.117004	0.011178654	-22.061016	-22.119247	200400	1.07288365e-08	7.713536	-0.022650832	-0.5954108	0.008853898	0.0	124.4760673046112
334	-22.609154	2.9209206	-18.684904	-27.606607	27.0	-21.35767	0.010812632	-21.303514	-21.359838	201000	-6.516775e-08	9.996943	-0.012320217	-1.5346699	0.0069102724	1.0	124.82986402511597
335	-21.09556	2.6980643	-18.26346	-31.344805	27.0	-22.576029	0.0113191	-22.519337	-22.578299	201600	5.801519e-08	9.376986	-0.01855519	-2.1475234	0.0087812105	0.0	125.19754362106323
336	-21.287666	1.9482741	-18.137413	-25.980293	27.0	-21.13513	0.010667814	-21.081701	-21.137272	202200	1.0331472e-07	3.780942	-0.016277816	-0.022803545	0.008175515	0.0	125.58362150192261
337	-21.98379	2.404143	-17.959238	-26.961714	27.0	-21.283497	0.010700296	-21.2299	-21.28564	202800	1.7086665e-08	6.207621	-0.0142137185	-0.480546	0.0074471864	1.0	125.96152544021606
338	-22.399195	3.1493022	-18.061749	-30.027119	27.0	-21.965296	0.010964834	-21.910381	-21.967503	203400	2.3841857e-09	10.005364	-0.008459349	-0.18449402	0.0058336947	0.0	126.31620144844055
339	-21.713528	2.8053298	-17.393154	-27.559284	27.0	-22.388176	0.011114154	-22.332508	-22.390404	204000	3.973643e-08	8.241999	-0.018595897	-0.44596863	0.00979196	0.0	126.65400099754333
340	-21.616795	2.2610717	-17.81394	-26.361107	27.0	-21.730425	0.0107991025	-21.676338	-21.732594	204600	8.742014e-09	5.074244	-0.015141826	-0.012653351	0.006543262	1.0	127.29583477973938
341	-21.1108	2.0228214	-17.43655	-25.585836	27.0	-21.6193	0.010715546	-21.56563	-21.621452	205200	7.947286e-09	4.3070664	-0.012990289	-0.2533803	0.007591896	0.0	127.64720296859741
342	-23.409418	4.9738045	-18.412285	-39.233265	27.0	-21.121708	0.010467257	-21.06928	-21.123808	205800	-4.2915346e-08	29.672401	-0.01218881	-5.1281986	0.0067172525	1.0	127.98841285705566
343	-21.515821	2.1904109	-17.789713	-26.608727	27.0	-23.34949	0.011342892	-23.292679	-23.351765	206400	5.364418e-08	8.079038	-0.023705034	-3.2946959	0.006504895	1.0	128.34233355522156
344	-21.254354	1.9385144	-17.424757	-24.47095	27.0	-21.560165	0.010614337	-21.507004	-21.5623	207000	3.3775966e-09	3.8129935	-0.020720966	-0.09162545	0.008996786	0.0	128.69522857666016
345	-21.27355	3.3559403	-17.236753	-31.86125	27.0	-21.262245	0.010453938	-21.209888	-21.26435	207600	-2.4139881e-08	11.149943	-0.011104957	-0.00013542175	0.0067984955	0.0	129.0491223335266
346	-20.213312	2.4680347	-16.349508	-27.64118	27.0	-21.27326	0.010418719	-21.221083	-21.275366	208200	-3.4570693e-08	7.1428027	-0.010205574	-1.1008258	0.008585057	0.0	129.39331912994385
347	-20.66462	2.020937	-16.771605	-25.260664	27.0	-20.240856	0.009950938	-20.191044	-20.24291	208800	1.1523564e-08	4.221186	-0.009760994	-0.17597866	0.0068979217	1.0	129.75082421302795
348	-21.359379	2.26528	-17.791618	-26.740622	27.0	-20.653193	0.010076252	-20.602732	-20.655241	209400	6.7949294e-08	5.5738883	-0.011272877	-0.4886675	0.00663722	1.0	130.09333062171936
349	-21.700539	2.6873057	-17.279902	-27.624222	27.0	-21.340446	0.010309959	-21.28883	-21.34256	210000	7.3512396e-08	7.2778597	-0.022896757	-0.12708664	0.009457847	0.0	130.4367048740387
350	-20.602482	2.5418262	-17.597519	-29.228966	27.0	-21.691107	0.010403197	-21.639002	-21.693203	210600	-1.5497207e-08	7.5697703	-0.024451353	-1.1611652	0.009578244	0.0	131.09260153770447
351	-21.747963	2.6493332	-16.833656	-27.757288	27.0	-20.63137	0.009953656	-20.58152	-20.633387	211200	-8.90096e-08	8.183062	-0.0068887672	-1.2216797	0.006135	0.0	131.4483404159546
352	-19.874914	2.5145435	-16.522028	-28.709572	26.954546	-21.718115	0.010320468	-21.666426	-21.720198	211800	7.7486035e-08	9.542071	-0.009068894	-3.3715587	0.006176668	0.0	131.80417776107788
353	-21.073357	2.2134018	-17.50524	-27.5283	27.0	-19.91076	0.009608422	-19.862652	-19.912724	212400	2.4974347e-07	6.188202	-0.0149050765	-1.324441	0.009638019	0.0	132.14990544319153
354	-21.355055	2.7783427	-17.625603	-28.86003	27.0	-21.043674	0.009977046	-20.993708	-21.045689	213000	-6.357829e-09	7.7380304	-0.021316448	-0.09501028	0.009476826	0.0	132.51621913909912
355	-21.129198	2.8590584	-17.822113	-30.056639	27.0	-21.346807	0.010041663	-21.296516	-21.348839	213600	7.6293944e-08	8.139502	-0.013909693	-0.046398163	0.0067958944	0.0	132.87690615653992
356	-21.81563	2.8891432	-16.986563	-28.188614	27.0	-21.135086	0.009917008	-21.08542	-21.137089	214200	-1.0331472e-08	8.722187	-0.016629746	-0.45381165	0.00969533	0.0	133.2399046421051
357	-20.777617	2.3036616	-16.757065	-26.778164	27.0	-21.797365	0.010097276	-21.746794	-21.799398	214800	1.2675922e-07	6.2835207	-0.02329934	-1.0188684	0.009351578	0.0	133.5910840034485
358	-20.132135	2.3394265	-16.939425	-25.627625	27.0	-20.804993	0.00970405	-20.75639	-20.806946	215400	2.1457673e-08	5.8665924	-0.018675618	-0.44359255	0.008818358	0.0	133.94378972053528
359	-20.659147	3.2659163	-17.309284	-33.183254	27.0	-20.149986	0.009418467	-20.102814	-20.15188	216000	3.417333e-08	10.816211	-0.016026374	-0.25403023	0.008564276	0.0	134.29517436027527
360	-20.542578	2.3869467	-17.228872	-28.687824	27.0	-20.645807	0.009544431	-20.598003	-20.647728	216600	-1.0251999e-07	5.6511893	-0.017484527	-0.010437965	0.008579603	0.0	134.96483778953552
361	-21.436834	3.2490215	-17.376497	-31.68271	27.0	-20.545227	0.009458638	-20.497856	-20.547138	217200	4.78824e-08	11.237563	-0.015938308	-0.7790308	0.007772158	0.0	135.3245759010315
362	-20.584692	1.7984622	-18.65856	-26.040455	27.0	-21.415005	0.00970567	-21.366405	-21.416983	217800	4.9670536e-08	3.8848479	-0.0130438395	-0.67555547	0.0087431315	0.0	135.67659330368042
363	-20.978603	2.9990191	-16.772139	-31.087585	27.0	-20.604963	0.009389885	-20.55802	-20.606934	218400	-6.635984e-08	9.042432	-0.010517895	-0.13681984	0.008114835	0.0	136.04020380973816
364	-21.749868	2.523609	-18.13049	-26.277878	27.0	-20.970007	0.009447758	-20.922714	-20.97195	219000	6.11941e-08	6.9069695	-0.008283015	-0.6034441	0.007361221	0.0	136.378723859787
365	-21.313118	3.3397555	-17.562521	-32.15976	27.0	-21.730844	0.093513995	-20.222212	-21.746655	219600	-9.775162e-08	11.222863	-0.020030204	-0.17839336	0.007015478	1.0	136.72896242141724
366	-20.762075	2.386508	-17.383368	-25.993185	27.0	-21.322182	0.009427257	-21.275024	-21.324144	220200	2.324581e-08	5.949116	-0.02035623	-0.3105812	0.0075939554	0.0	137.08011674880981
367	-21.192163	1.7513945	-18.253233	-24.178833	27.0	-20.770384	0.028481824	-20.449238	-20.776909	220800	-9.735425e-09	3.2150252	-0.01538819	-0.17652535	0.00920952	0.0	137.42788171768188
368	-21.90021	3.0817254	-18.4127	-31.41388	27.0	-21.185478	0.009258092	-21.139277	-21.187447	221400	1.66893e-08	9.90814	-0.0061015342	-0.50098705	0.008848202	0.0	137.76166033744812
369	-20.43469	2.1346598	-17.4282	-26.719465	27.0	-21.889698	0.00939187	-21.84266	-21.891596	222000	4.9273172e-08	6.607352	-0.011697248	-2.0746498	0.0065358463	1.0	138.11747336387634
370	-20.581438	2.9075747	-16.93994	-28.84042	27.0	-20.464592	0.008893245	-20.420055	-20.466396	222600	-7.271767e-08	8.383013	-0.012627106	-0.013397217	0.0074135433	0.0	138.85382747650146
371	-22.7434	6.965123	-17.667742	-52.3764	27.045454	-20.578962	0.008866446	-20.534567	-20.580769	223200	-3.6408505e-08	54.350464	-0.013512138	-4.8203735	0.008428927	0.0	139.25664949417114
372	-20.306515	1.8582946	-17.823076	-24.260847	27.0	-22.738905	0.009485363	-22.691437	-22.740864	223800	1.9868216e-08	9.276509	-0.016756095	-5.7978992	0.008283717	0.0	139.5988748073578
373	-21.518156	3.0545602	-16.980124	-28.37657	26.954546	-20.359444	0.008901258	-20.314995	-20.361324	224400	8.3843865e-08	10.526198	-0.017931335	-1.2971163	0.008407025	0.0	139.95759463310242
374	-21.94095	3.8741536	-17.526274	-34.16213	27.0	-21.48492	0.009062485	-21.439552	-21.486774	225000	1.1026859e-08	15.064881	-0.005288899	-0.20381069	0.007345518	0.0	140.30891180038452
375	-21.429373	3.0922284	-17.192617	-29.532389	27.0	-21.930212	0.009107989	-21.884703	-21.932104	225600	-9.934107e-08	9.714819	-0.016877994	-0.2458334	0.008539991	1.0	140.6949818134308
376	-22.305635	3.2232924	-18.172037	-32.56347	27.0	-21.441906	0.008913535	-21.397268	-21.443712	226200	-1.0331472e-08	11.024281	-0.01823928	-0.7310333	0.008150485	1.0	141.0718846321106
377	-22.68643	4.346133	-17.279734	-30.97094	26.90909	-22.283674	0.009016848	-22.238518	-22.2855	226800	2.2451083e-08	18.678585	-0.021141974	-0.14027405	0.008381327	0.0	141.42205786705017
378	-20.238113	2.2390368	-16.944653	-24.499762	27.0	-22.652052	0.008989947	-22.60703	-22.653872	227400	7.708867e-08	10.732391	-0.016782517	-5.710627	0.008361635	1.0	141.77018022537231
379	-21.560986	3.3037636	-17.159811	-29.594948	27.0	-20.283974	0.008475008	-20.241528	-20.285686	228000	8.940697e-08	12.420076	-0.014220624	-1.5982323	0.009239421	0.0	142.1371066570282
380	-20.420143	2.6263242	-17.285969	-27.028845	27.0	-21.53747	0.008634111	-21.494226	-21.539211	228600	-6.198883e-08	8.064736	-0.016702794	-1.2234521	0.0067673023	1.0	142.80330777168274
381	-19.887232	1.9947333	-16.874287	-26.526237	27.0	-20.440956	0.008378174	-20.398998	-20.442654	229200	6.9141386e-08	4.2428455	-0.01543388	-0.30046606	0.009060866	1.0	143.1524498462677
382	-20.62043	2.7498028	-16.88145	-28.951283	27.0	-19.898613	0.008201999	-19.857542	-19.900282	229800	-5.6823094e-08	8.0016	-0.010548612	-0.51059914	0.008616195	1.0	143.5053448677063
383	-21.53018	3.1378953	-18.138294	-32.94688	26.954546	-20.604475	0.008268641	-20.56307	-20.606157	230400	-4.4107438e-08	10.342416	-0.016412878	-0.80249596	0.0077791363	0.0	143.825847864151
384	-20.183458	2.0323265	-16.624453	-24.42929	27.0	-21.488752	0.008331794	-21.44703	-21.490442	231000	1.4712413e-07	5.7760344	-0.016108068	-1.6696086	0.009042497	0.0	144.17269372940063
385	-21.056686	2.6926758	-18.00872	-28.4375	27.0	-20.212196	0.0080457	-20.171906	-20.213829	231600	-5.4836274e-08	7.8840127	-0.024946477	-0.69887924	0.009213613	1.0	144.60997223854065
386	-20.77305	2.310262	-16.86999	-24.396194	27.0	-21.037302	0.0081112115	-20.996677	-21.038939	232200	4.251798e-08	5.3531656	-0.010455012	-0.0684185	0.008113594	0.0	144.967022895813
387	-20.925713	3.1019375	-17.081701	-29.167498	27.0	-20.779612	0.008001118	-20.73954	-20.781227	232800	5.165736e-08	9.546961	-0.015233926	-0.020923615	0.008210385	0.0	145.31620025634766
388	-21.238722	2.34312	-17.93013	-26.88518	27.0	-20.921915	0.007955916	-20.88207	-20.923523	233400	3.8246313e-08	5.5347185	-0.016151732	-0.09835577	0.00838825	0.0	145.66091299057007
389	-20.58561	1.9835334	-17.147156	-25.026049	27.0	-21.230247	0.007932709	-21.19052	-21.23185	234000	-3.7451585e-08	4.306595	-0.017476581	-0.40715647	0.008949151	0.0	146.0005111694336
390	-20.078577	2.1162233	-16.430777	-24.848915	27.0	-20.60299	0.0077545196	-20.564148	-20.60455	234600	-7.3512396e-08	4.705983	-0.010893375	-0.26944256	0.007937932	0.0	146.66589260101318
391	-20.78642	2.2706618	-17.45356	-27.574018	26.954546	-20.09259	0.0075866124	-20.054596	-20.094124	235200	1.9073487e-07	5.487674	-0.015346178	-0.45474386	0.005765651	0.0	146.9943823814392
392	-19.747337	2.070757	-16.600971	-24.79007	27.0	-20.755766	0.007610287	-20.717653	-20.757307	235800	1.9868216e-08	5.252074	-0.017462999	-0.99639034	0.008461218	0.0	147.3172252178192
393	-20.477036	1.8977305	-17.826782	-26.624271	27.0	-19.774086	0.0073707667	-19.737171	-19.775576	236400	1.7424425e-07	4.054541	-0.015294883	-0.48419452	0.008532954	0.0	147.67025351524353
394	-19.681536	2.2236495	-15.919878	-24.95054	27.0	-20.45856	0.0074195517	-20.421408	-20.46007	237000	-5.3246815e-08	5.493041	-0.015253753	-0.59158087	0.008843569	0.0	148.00938391685486
395	-20.277452	1.9311051	-17.305437	-24.02526	27.0	-19.701647	0.007219402	-19.665493	-19.70311	237600	-2.4636586e-08	4.0201025	-0.014763245	-0.32489753	0.0062705274	0.0	148.34915590286255
396	-20.555244	3.1060872	-17.328636	-31.911295	26.954546	-20.263	0.0072456305	-20.226713	-20.264465	238200	-5.00679e-08	9.409794	-0.015713817	-0.07284355	0.0074672867	0.0	148.69318437576294
397	-19.454794	1.412548	-16.050377	-21.622982	27.0	-20.52943	0.007189089	-20.493425	-20.530884	238800	-2.65042e-07	3.1187959	-0.017263323	-1.1316187	0.008285845	0.0	149.036034822464
398	-19.894753	1.9099814	-17.671082	-26.419968	27.0	-19.480463	0.006939516	-19.445707	-19.481865	239400	9.735425e-08	3.7814739	-0.016288746	-0.16820979	0.008648483	0.0	149.3736310005188
399	-20.41198	2.145249	-17.19109	-25.1346	27.0	-19.885267	0.0069369487	-19.85053	-19.886677	240000	1.05897584e-07	4.830717	-0.017974075	-0.2718873	0.007365357	0.0	149.7294225692749
400	-20.222778	2.511995	-17.45235	-26.536486	27.0	-20.40121	0.006959096	-20.366362	-20.402622	240600	3.0994414e-08	6.278602	-0.017360471	-0.031199932	0.008665157	0.0	150.37825345993042
401	-20.488178	2.6930957	-16.865187	-27.118956	27.0	-20.226126	0.006861814	-20.191767	-20.227524	241200	-8.265177e-08	7.2482405	-0.011459913	-0.06731129	0.008280367	0.0	150.7466676235199
402	-19.65751	1.7939012	-17.047913	-24.21449	27.0	-20.484224	0.0068323063	-20.450008	-20.48561	241800	2.22524e-08	3.862649	-0.015483242	-0.6698148	0.006360846	1.0	151.09898328781128
403	-19.935686	1.6079988	-17.66348	-22.852911	27.0	-19.669865	0.0066199214	-19.636715	-19.67121	242400	3.1789145e-09	2.6297739	-0.0120041035	-0.06926274	0.00929033	0.0	151.44580602645874
404	-19.82523	1.9416132	-16.707733	-24.869078	27.0	-19.932323	0.006590218	-19.899319	-19.933657	243000	8.026759e-08	3.7435648	-0.013177124	-0.011241436	0.0069041075	1.0	151.79576086997986
405	-20.5524	1.6609684	-17.650705	-24.567827	27.0	-19.826202	0.0065048165	-19.793634	-19.827532	243600	-7.549922e-09	3.2533143	-0.010363718	-0.5168953	0.0076691327	0.0	152.1335096359253
406	-20.496696	1.7311404	-17.355602	-25.00713	27.0	-20.546663	0.0065496685	-20.513863	-20.547989	244200	-1.3430913e-07	2.9694014	-0.010791519	-0.0024466515	0.007175981	0.0	152.56314635276794
407	-19.413399	1.4602294	-17.092657	-22.86461	27.0	-20.497053	0.0064703696	-20.46465	-20.49836	244800	2.6623407e-08	3.2736533	-0.012240602	-1.150919	0.006739354	1.0	152.98056626319885
408	-20.615196	3.4113095	-17.185436	-31.550394	27.0	-19.4218	0.0062258895	-19.39062	-19.423056	245400	-9.7552935e-08	12.930554	-0.01884211	-1.3958778	0.008515496	0.0	153.39383673667908
409	-20.278513	1.7938902	-17.135975	-23.888008	27.0	-20.600403	0.006330093	-20.568699	-20.60168	246000	-3.973643e-09	3.288507	-0.015156819	-0.10154319	0.0076641925	0.0	153.74132299423218
410	-19.848833	2.208279	-16.61345	-25.922436	27.0	-20.281898	0.0062208013	-20.250748	-20.283161	246600	-1.6291937e-08	5.0134797	-0.012951134	-0.18380642	0.00646762	1.0	154.4232518672943
411	-19.172594	1.3984325	-17.108023	-21.882307	27.0	-19.851889	0.0060845143	-19.821413	-19.853115	247200	-1.5695889e-08	2.3929706	-0.016671933	-0.4522326	0.0075769895	0.0	154.75250673294067
412	-20.232735	2.1597576	-17.772346	-24.681906	27.0	-19.17683	0.0059101237	-19.147228	-19.17802	247800	-4.053116e-08	5.721652	-0.02373418	-1.0927768	0.008648029	0.0	155.0947461128235
413	-20.128649	1.6309464	-16.73389	-22.322313	27.0	-20.222937	0.0059914244	-20.192928	-20.224142	248400	1.3659398e-07	2.642221	-0.015479353	-0.008723974	0.0072089257	1.0	155.4839940071106
414	-20.669725	2.3987088	-17.429962	-28.379534	27.0	-20.129408	0.0059249587	-20.099745	-20.130621	249000	-1.1722247e-07	5.9852724	-0.008630704	-0.28617144	0.007065764	0.0	155.83880925178528
415	-20.135063	2.4621255	-17.635668	-29.96022	27.0	-20.66743	0.0059387735	-20.637733	-20.66867	249600	-9.934108e-09	6.282139	-0.007697315	-0.27778006	0.004430775	0.0	156.1938247680664
416	-20.522009	2.227155	-16.7353	-25.857004	27.0	-20.136568	0.005790942	-20.10757	-20.137745	250200	-7.549922e-09	5.0576854	-0.013031434	-0.14561415	0.00799624	0.0	156.5352532863617
417	-20.885565	2.5215054	-17.530264	-29.257702	27.0	-20.521755	0.005777605	-20.492853	-20.522955	250800	1.11262e-08	6.4254475	-0.010226606	-0.12971401	0.009147312	0.0	156.87228441238403
418	-19.61187	1.9434654	-16.5642	-22.916502	27.0	-20.88614	0.0057579973	-20.857328	-20.887331	251400	4.7286353e-08	5.3469524	-0.018480899	-1.5913913	0.0067520197	0.0	157.20984840393066
419	-20.295944	2.2454355	-16.932924	-25.881907	27.0	-19.61736	0.0055741677	-19.589684	-19.618572	252000	9.0201695e-08	5.447427	-0.022555482	-0.45132494	0.008228114	1.0	157.54767203330994
420	-19.876064	2.0726597	-16.82597	-25.230497	27.0	-20.293085	0.0055454033	-20.265333	-20.29423	252600	-4.152457e-08	4.4251833	-0.013532651	-0.17043209	0.009422046	0.0	158.22396540641785
421	-20.052198	2.1024864	-17.4574	-25.554905	27.0	-19.876936	0.0054449993	-19.849733	-19.878086	253200	4.8478444e-08	4.406678	-0.01388298	-0.030109882	0.0067562405	0.0	158.57686853408813
422	-20.699184	1.5809082	-17.969784	-25.037603	27.0	-20.052328	0.005391443	-20.025349	-20.053442	253800	7.947286e-09	2.8884916	-0.0011380302	-0.4100635	0.008299253	1.0	158.91446208953857
423	-19.457087	1.9769205	-16.822416	-24.585482	27.0	-20.700035	0.005413535	-20.672987	-20.701178	254400	1.813968e-07	5.3987207	-0.006401668	-1.5140984	0.00988014	0.0	159.25682067871094
424	-19.31672	1.4011151	-17.200523	-22.036821	27.0	-19.462223	0.0052102553	-19.436148	-19.463297	255000	-9.477139e-08	1.9645014	-0.007540608	-0.02075255	0.009511547	0.0	159.61320638656616
425	-20.056887	2.5826967	-17.134924	-27.702055	27.0	-19.3168	0.0051174546	-19.29117	-19.317837	255600	6.3975655e-08	7.1458645	-0.006161885	-0.5368166	0.00754305	0.0	159.9551329612732
426	-19.632418	1.7396977	-16.631117	-24.614952	27.0	-20.055902	0.0051399525	-20.030159	-20.056936	256200	-9.934108e-09	3.1738896	-0.013127273	-0.17574477	0.008501581	0.0	160.2952995300293
427	-19.329863	1.5722398	-17.508604	-23.868696	27.0	-19.632275	0.0050334786	-19.607063	-19.633284	256800	5.8809917e-08	2.5378027	-0.017347889	-0.089613914	0.009866007	0.0	160.62940955162048
428	-19.911352	2.11395	-17.522984	-25.11402	27.0	-19.329105	0.0049337675	-19.304396	-19.330097	257400	-5.0266582e-08	4.7596974	-0.009214506	-0.33221197	0.008221692	0.0	160.99063897132874
429	-19.964384	1.643759	-16.893698	-23.516695	27.0	-19.913174	0.0049434444	-19.888412	-19.914164	258000	7.281701e-08	2.677541	-0.014804971	-0.0025715828	0.009799673	0.0	161.32890224456787
430	-21.091776	2.163167	-17.505814	-26.837837	27.0	-19.964638	0.004894102	-19.940125	-19.965618	258600	3.059705e-08	5.890179	-0.013640344	-1.2449985	0.009579346	0.0	162.01726055145264
431	-20.085695	1.6191437	-17.013493	-22.83287	27.0	-21.093674	0.004954201	-21.068857	-21.094664	259200	-2.0980835e-07	3.601351	-0.018349437	-0.99569154	0.006818517	1.0	162.36577248573303
432	-20.148428	2.0892193	-16.620749	-25.0695	27.0	-20.086742	0.004813275	-20.062632	-20.087704	259800	2.22524e-08	4.324975	-0.016184893	-0.003730774	0.0074984105	0.0	162.72472834587097
433	-19.805265	1.7152212	-16.390312	-22.987284	27.0	-20.14848	0.0047528436	-20.124676	-20.149433	260400	-1.3828277e-07	3.0292277	-0.012156735	-0.11542606	0.007834595	0.0	163.07194447517395
434	-19.195034	1.7235031	-16.871016	-22.126013	27.0	-19.80415	0.004660965	-19.780807	-19.805086	261000	-1.7484028e-08	3.3081315	-0.009656943	-0.36356235	0.009484104	0.0	163.46880912780762
435	-19.318779	1.4117554	-17.343264	-22.406713	27.0	-19.192799	0.004538331	-19.170069	-19.193708	261600	9.139379e-09	1.9888484	-0.011729008	-0.01555419	0.007989776	0.0	163.80993151664734
436	-20.79167	1.8656632	-17.403904	-24.987013	27.0	-19.319426	0.0044935443	-19.296919	-19.320326	262200	6.556511e-09	5.5916524	-0.021322167	-2.1242647	0.009294882	0.0	164.17380452156067
437	-20.35645	2.8830674	-16.687382	-27.503525	27.0	-20.78847	0.0045782556	-20.765541	-20.789389	262800	5.9604646e-09	8.413781	-0.012835894	-0.1829071	0.009608242	0.0	164.53144574165344
438	-20.615274	2.6382318	-17.008163	-26.633139	27.0	-20.356829	0.0045027942	-20.334278	-20.357733	263400	1.0251999e-07	6.9567986	-0.016837163	-0.065463066	0.0068322	1.0	164.85794854164124
439	-19.642796	1.8284175	-16.82521	-23.040855	27.0	-20.6157	0.0044651274	-20.593338	-20.616596	264000	-3.437201e-08	4.246847	-0.0037508262	-0.9276161	0.0076406496	0.0	165.19034552574158
440	-19.799685	2.3086767	-16.339844	-25.501425	27.0	-19.643238	0.004337382	-19.621515	-19.644108	264600	4.0928523e-08	5.300924	-0.014725186	-0.023984432	0.0069037327	1.0	165.89579224586487
441	-19.725664	1.8225675	-17.445724	-24.53742	27.0	-19.799955	0.004295215	-19.778444	-19.800817	265200	-2.3841858e-08	3.2940216	-0.01358138	-0.005408287	0.008854112	0.0	166.23657989501953
442	-19.824585	2.3014019	-16.213226	-26.679504	27.0	-19.72538	0.0042401766	-19.704144	-19.72623	265800	-2.3643176e-08	5.2532463	-0.02375998	-0.009648323	0.009138769	0.0	166.58210611343384
443	-19.409168	1.8234938	-17.087488	-23.612429	27.0	-19.825117	0.004196797	-19.804094	-19.825954	266400	4.4107438e-08	3.4631963	-0.008658971	-0.16951632	0.008059958	0.0	166.9337956905365
444	-20.523476	2.8490853	-17.129961	-28.225548	27.0	-19.406853	0.004107396	-19.38628	-19.407675	267000	-1.2000402e-07	9.270444	-0.012269572	-1.2218208	0.0070311516	1.0	167.26863598823547
445	-20.292822	3.0759702	-17.34176	-28.708931	27.0	-20.527473	0.00415396	-20.506668	-20.528305	267600	3.2981237e-08	9.421519	-0.014518257	-0.05395031	0.008141203	0.0	167.61508989334106
446	-19.184849	2.3193016	-16.767248	-25.656366	27.0	-20.291681	0.0040961322	-20.271166	-20.292501	268200	-1.8676122e-08	6.538273	-0.008908423	-1.2005029	0.0042175627	0.0	167.95836758613586
447	-19.971975	2.0198421	-16.944672	-23.90421	27.0	-19.182524	0.003961736	-19.162682	-19.183317	268800	4.887581e-08	4.6559377	-0.010443635	-0.61075926	0.0071160286	1.0	168.3105764389038
448	-19.97414	1.9787592	-16.89613	-24.984426	27.0	-19.973095	0.0039727553	-19.953194	-19.973886	269400	1.9868216e-08	3.8763504	-0.012199469	-2.3841858e-07	0.006186331	0.0	168.68009781837463
449	-19.237076	1.9440252	-16.736397	-23.701897	27.0	-19.974165	0.0039346633	-19.954458	-19.974953	270000	-1.0311604e-07	4.2793627	-0.014686956	-0.53238153	0.006613619	1.0	169.02408266067505
450	-20.870481	2.795185	-16.474417	-29.057217	27.0	-19.234642	0.0038336026	-19.215439	-19.235407	270600	-1.17818516e-07	10.384071	-0.0064124507	-2.6227336	0.008627529	0.0	169.72717595100403
451	-20.559334	2.492624	-16.935394	-26.374027	27.0	-20.857714	0.0038870957	-20.838245	-20.858492	271200	-4.2120615e-08	6.239214	-0.010683865	-0.08725405	0.007964263	1.0	170.0690004825592
452	-19.903566	1.8666661	-16.92915	-24.414297	27.0	-20.561256	0.0038431492	-20.542007	-20.562025	271800	1.0212263e-07	3.8778749	-0.016572908	-0.4239235	0.008265882	0.0	170.4185290336609
453	-19.184881	1.409358	-16.73995	-22.082018	27.0	-19.906536	0.0037659225	-19.887676	-19.907291	272400	1.3768673e-07	2.4820585	-0.010787604	-0.51039815	0.0074993395	0.0	170.7462170124054
454	-19.654795	1.8027216	-16.696268	-22.548115	27.0	-19.187874	0.0036791402	-19.169445	-19.188608	273000	4.053116e-08	3.4331331	-0.014429028	-0.21367025	0.008935783	0.0	171.09962058067322
455	-19.222372	1.438793	-16.80582	-22.581942	27.0	-19.653614	0.0036666628	-19.63525	-19.654348	273600	1.5536943e-07	2.2335699	-0.012931847	-0.18224716	0.008638316	0.0	171.44207072257996
456	-19.886204	2.1317806	-16.106134	-24.366066	27.0	-19.2226	0.0036051185	-19.204544	-19.223322	274200	7.7486035e-08	4.9349885	-0.012830422	-0.4315691	0.00835393	0.0	171.80211520195007
457	-19.655544	1.6462952	-16.331173	-22.464193	27.0	-19.886206	0.0036077097	-19.868135	-19.886927	274800	-5.1458677e-08	2.735885	-0.021600304	-0.05213785	0.009663292	0.0	172.14816284179688
458	-19.242788	1.758159	-17.016382	-22.725739	27.0	-19.655054	0.003561584	-19.637217	-19.655767	275400	2.193451e-07	3.2285075	-0.012507582	-0.1665442	0.008096461	0.0	172.49067282676697
459	-20.136585	1.8845458	-17.50062	-25.693962	27.0	-19.241308	0.0034945337	-19.223804	-19.242006	276000	1.9868216e-09	4.30948	-0.0152791105	-0.7854676	0.00874807	0.0	172.82782912254333
460	-19.37137	2.1222925	-16.85194	-24.917429	27.0	-20.13861	0.003512498	-20.12102	-20.139315	276600	4.053116e-08	5.0419116	-0.012119615	-0.5768609	0.008008712	0.0	173.5629277229309
461	-20.079967	2.2990246	-17.281227	-25.929132	27.0	-19.37003	0.0034381107	-19.35281	-19.370718	277200	-5.5829684e-08	5.731607	-0.0105688255	-0.4939208	0.007817185	0.0	173.91790199279785
462	-19.807554	1.6510338	-17.300873	-24.251953	27.0	-20.08118	0.0034403198	-20.06395	-20.08187	277800	1.7762184e-07	2.7728014	-0.015562183	-0.073366165	0.00781421	0.0	174.27187395095825
463	-20.15465	2.3973446	-16.97032	-25.462631	27.0	-19.806612	0.0033945465	-19.78961	-19.807291	278400	-5.3246815e-08	5.809705	-0.0088873	-0.118701935	0.009659362	0.0	174.62703323364258
464	-19.56386	1.4351817	-17.132885	-22.866758	27.0	-20.156292	0.0033784404	-20.139368	-20.156965	279000	-1.5974045e-07	2.3866546	-0.018845148	-0.34390712	0.008783088	0.0	174.96358966827393
465	-19.048508	1.7585571	-16.440262	-23.03821	27.0	-19.56095	0.0033095658	-19.54437	-19.56161	279600	2.4636586e-08	3.3216	-0.014070659	-0.2573011	0.0067840125	0.0	175.31609892845154
466	-19.803001	2.3629048	-17.573324	-28.380577	27.0	-19.04579	0.0032363413	-19.029581	-19.046438	280200	-7.311503e-08	6.0951	-0.01539651	-0.5618372	0.009429679	0.0	175.65815448760986
467	-19.660246	2.2234976	-17.500965	-26.436878	27.0	-19.806791	0.0032488077	-19.79052	-19.807442	280800	3.417333e-08	4.915782	-0.012644661	-0.021045685	0.006167656	0.0	176.03905200958252
468	-20.586432	2.4696944	-17.009327	-27.296076	27.0	-19.659422	0.0032110768	-19.643341	-19.660069	281400	-1.9272168e-08	6.8891144	-0.014208164	-0.84206057	0.0074639227	1.0	176.3880796432495
469	-18.91522	1.3606019	-16.664553	-22.765768	27.0	-20.590992	0.00323018	-20.574812	-20.591637	282000	1.4762084e-07	4.612944	-0.010175555	-2.752264	0.007911351	0.0	176.7309374809265
470	-19.06235	1.3844115	-16.65067	-21.2488	27.0	-18.924833	0.0031374842	-18.90912	-18.925463	282600	-1.2954077e-07	1.9161544	-0.016760984	-0.018535137	0.008319805	0.0	177.54115843772888
471	-19.2998	1.7471855	-17.22974	-24.467123	27.0	-19.061708	0.003105992	-19.046152	-19.06233	283200	-3.89417e-08	3.0782523	-0.014889408	-0.055558205	0.009504231	0.0	177.88844299316406
472	-19.813044	2.1975071	-17.212095	-26.20816	27.0	-19.29973	0.0030899297	-19.284252	-19.300346	283800	-5.0465268e-08	5.0415926	-0.017677251	-0.25822353	0.006253688	1.0	178.24265384674072
473	-19.800493	1.6933911	-17.221773	-24.673994	27.0	-19.813568	0.003088492	-19.7981	-19.814186	284400	4.1325887e-08	2.8390765	-0.017362846	-0.00016617775	0.009960854	0.0	178.59536027908325
474	-18.70677	1.1906992	-16.535395	-21.144644	27.0	-19.800468	0.003061746	-19.785131	-19.801079	285000	1.00533164e-07	2.5878541	-0.011439958	-1.1722395	0.0069516054	1.0	178.94116616249084
475	-20.027864	1.8227414	-16.799006	-24.498344	27.0	-18.706764	0.0029808122	-18.691833	-18.70736	285600	-1.9868216e-09	5.016968	-0.016566202	-1.7105677	0.008159629	0.0	179.2812283039093
476	-20.080536	2.3647041	-16.619621	-25.380966	27.0	-20.018932	0.0030049959	-20.003883	-20.019535	286200	3.973643e-08	5.5396695	-0.020217061	-0.0037202835	0.009262017	0.0	179.62777256965637
477	-19.012783	1.4425491	-16.635443	-22.547686	27.0	-20.080505	0.0029899771	-20.06553	-20.081104	286800	6.079674e-08	3.1888163	-0.017683975	-1.117316	0.0068132305	0.0	179.9785737991333
478	-19.777912	3.4817054	-16.727518	-33.894367	27.0	-19.020025	0.0029244493	-19.005377	-19.020609	287400	-2.6623407e-08	12.569675	-0.009971768	-0.56296444	0.007139249	0.0	180.31192016601562
479	-19.082365	1.243436	-16.968874	-21.471367	27.0	-19.772543	0.002923689	-19.757898	-19.773127	288000	1.2000402e-07	2.0022817	-0.007500539	-0.4668454	0.009820042	0.0	180.6649079322815
480	-19.298225	1.2357923	-16.962032	-21.9437	27.0	-19.086813	0.0028768142	-19.072405	-19.087389	288600	-7.947286e-09	1.5561575	-0.017520845	-0.043805003	0.008898779	0.0	181.39015984535217
481	-19.46142	1.9912606	-17.045424	-24.773064	27.0	-19.297447	0.0028584795	-19.283129	-19.298018	289200	-1.13248824e-07	3.952088	-0.0068639163	-0.026350737	0.007022799	0.0	181.73418593406677
482	-20.701252	2.4305084	-17.116657	-27.913706	27.0	-19.461391	0.0028416929	-19.447159	-19.46196	289800	4.2319297e-08	7.3701286	-0.015954243	-1.5066371	0.008649497	0.0	182.08333563804626
483	-19.447386	1.3892581	-17.22816	-22.487589	27.0	-20.694216	0.0028618018	-20.679882	-20.694788	290400	7.5499216e-08	3.4498372	-0.010892838	-1.5236373	0.009751806	0.0	182.42528748512268
484	-19.079435	1.7246516	-16.536156	-22.305449	27.0	-19.46152	0.002812349	-19.447433	-19.462082	291000	-9.516875e-08	3.089231	-0.012870404	-0.14308047	0.007967775	0.0	182.77179074287415
485	-19.310575	2.3167756	-16.737358	-26.68448	27.0	-19.08252	0.002768442	-19.068655	-19.083075	291600	-1.5894572e-09	5.3652587	-0.014223178	-0.050973415	0.007954464	1.0	183.12922763824463
486	-19.643818	1.5929308	-16.853872	-23.523531	27.0	-19.309238	0.0027534114	-19.295448	-19.30979	292200	5.642573e-08	2.6228724	-0.010619733	-0.10971284	0.00929359	0.0	183.4746289253235
487	-19.628973	2.249147	-16.924763	-26.264	27.0	-19.642878	0.0027453217	-19.629128	-19.643427	292800	-8.940697e-09	5.0082774	-0.01659693	-0.00019216537	0.007063039	0.0	183.82028484344482
488	-19.44385	1.7106715	-16.93217	-24.000553	27.0	-19.629	0.002722995	-19.61536	-19.629543	293400	1.436472e-07	2.931085	-0.007992	-0.033592463	0.0070606885	0.0	184.15569138526917
489	-19.137917	1.5235374	-16.701393	-22.446444	27.0	-19.443401	0.0026918368	-19.429918	-19.44394	294000	3.417333e-08	2.3903637	-0.013274583	-0.09144735	0.008843225	0.0	184.4894745349884
490	-19.219112	1.2145817	-17.664484	-22.830786	27.0	-19.136692	0.0026543664	-19.123396	-19.137222	294600	-1.223882e-07	1.4671859	-0.006597182	-0.006657243	0.008476448	1.0	185.21400618553162
491	-19.272406	1.2630768	-17.289812	-22.768934	27.0	-19.219553	0.002632884	-19.206366	-19.22008	295200	-3.8146972e-08	1.5821798	-0.011046316	-0.0027382374	0.0066418587	0.0	185.5302927494049
492	-19.053133	1.3373295	-17.020119	-22.148462	27.0	-19.272715	0.0026116474	-19.259632	-19.273235	295800	-9.139379e-08	1.8183134	-0.014090746	-0.047242045	0.0064422907	1.0	185.8654487133026
493	-19.456623	1.9306152	-16.940237	-23.001022	27.0	-19.051973	0.002576157	-19.03907	-19.052488	296400	9.417534e-08	3.8520997	-0.014250646	-0.16045332	0.009216081	0.0	186.20152163505554
494	-19.476103	1.7527639	-16.693178	-22.529156	27.0	-19.45849	0.0025739002	-19.445599	-19.459005	297000	4.9273172e-08	3.0417733	-0.013892633	-0.00030469894	0.0066156113	1.0	186.56823801994324
495	-19.628752	2.0493107	-16.888136	-25.459032	27.0	-19.476208	0.0025520434	-19.463427	-19.476719	297600	8.980433e-08	4.1807165	-0.019901078	-0.02280569	0.009224561	0.0	186.91454315185547
496	-18.766214	1.8260643	-16.661207	-24.218243	27.0	-19.628841	0.0025352389	-19.61614	-19.629345	298200	5.9604645e-08	4.037887	-0.015434161	-0.7291851	0.0066595147	1.0	187.28505039215088
497	-18.945717	1.5364059	-16.697834	-22.816973	27.0	-18.763622	0.0024656076	-18.751274	-18.764116	298800	-1.5497207e-08	2.3697655	-0.013761414	-0.032497168	0.006768645	0.0	187.59704184532166
498	-19.635475	1.5101407	-17.49134	-23.152798	27.0	-18.945812	0.0024473208	-18.933554	-18.9463	299400	-6.9936114e-08	2.7285788	-0.017943721	-0.4661045	0.008908437	0.0	187.9555263519287
499	-19.431166	1.9500415	-17.043915	-24.826778	27.0	-19.636934	0.0024652644	-19.624588	-19.637428	300000	-5.424023e-08	3.806567	-0.017868448	-0.0414958	0.009596723	0.0	188.70208501815796
