Epoch	AverageEpRet	StdEpRet	MaxEpRet	MinEpRet	EpLen	AverageVVals	StdVVals	MaxVVals	MinVVals	TotalEnvInteracts	LossPi	LossV	DeltaLossPi	DeltaLossV	KL	BacktrackIters	Time
0	-778.45074	86.61917	-580.2949	-886.03375	14.692307	-1.0693595	1.3653271	1.6253669	-3.6022868	600	-8.34465e-09	465151.25	-0.042661794	-6846.625	0.008688843	0.0	0.7371237277984619
1	-776.7255	82.14056	-587.41815	-866.9418	16.457144	-6.21199	0.9985036	-4.015496	-7.2573404	1200	-9.8546344e-08	490339.2	-0.035258263	-5153.3125	0.007498723	0.0	1.1146728992462158
2	-712.1913	141.7173	-375.48566	-871.53064	19.0	-9.975054	0.20383109	-9.733159	-10.148036	1800	1.5497207e-08	358921.72	-0.048735682	-2924.4375	0.0076657343	0.0	1.502302646636963
3	-666.6929	174.58745	-157.6842	-873.44275	23.84	-12.535474	0.25509796	-11.665212	-12.694919	2400	-2.682209e-08	359354.28	-0.033696763	-3054.3125	0.0060992143	0.0	1.8883252143859863
4	-611.045	178.31573	-96.02715	-881.00397	28.571428	-15.19075	0.26850522	-14.107552	-15.292784	3000	-5.801519e-08	326651.34	-0.040781476	-2911.5	0.008281249	0.0	2.264652729034424
5	-593.554	192.24802	-131.31978	-870.4151	28.0	-17.827896	0.0768936	-16.4964	-17.832344	3600	-1.9232432e-07	304661.25	-0.035152428	-2558.6875	0.00779679	0.0	2.6475830078125
6	-512.674	175.94925	-220.01128	-829.33954	32.166668	-20.278635	0.00019808923	-20.273788	-20.278645	4200	-1.5497207e-08	254129.78	-0.029792856	-2121.0938	0.006838226	0.0	3.020078182220459
7	-401.1916	217.3421	-79.18421	-843.76056	28.428572	-22.52524	0.12232797	-20.917242	-22.535149	4800	1.2874604e-07	152930.52	-0.038535066	-1241.3438	0.0076698433	0.0	3.420011281967163
8	-405.53333	231.92944	-102.235085	-886.535	27.045454	-24.31665	7.1637805e-06	-24.316475	-24.31665	5400	7.947286e-09	136833.77	-0.038933363	-1125.0469	0.0081132045	0.0	3.8028016090393066
9	-310.97824	157.6282	-119.2846	-862.364	28.380953	-26.028362	6.031566e-07	-26.02835	-26.028362	6000	-5.5631002e-08	81422.16	-0.030308664	-780.3047	0.00616324	0.0	4.176886081695557
10	-245.85754	104.13286	-56.9978	-468.27548	28.333334	-27.50123	0.078077406	-25.590342	-27.504435	6600	-1.11262004e-07	61909.48	-0.032319643	-588.96094	0.007894701	0.0	4.698575735092163
11	-230.29912	170.18849	-49.77495	-870.4586	26.818182	-28.80682	0.13776496	-26.832455	-28.816587	7200	5.642573e-08	43008.32	-0.026272938	-390.95312	0.007333833	0.0	5.083024740219116
12	-184.4021	77.0513	-25.190432	-348.55264	27.380953	-29.919544	1.9073486e-06	-29.919542	-29.919546	7800	5.7021776e-08	30159.38	-0.02825307	-300.54102	0.006775116	0.0	5.461981296539307
13	-192.93336	206.78125	-25.76285	-842.7392	24.25	-30.901875	0.12154021	-28.787941	-30.908913	8400	3.1789145e-09	18282.94	-0.046501372	-159.4336	0.0064594736	0.0	5.853853940963745
14	-148.45317	158.97142	-41.194344	-858.14874	25.086956	-31.654804	0.08700456	-29.525414	-31.65836	9000	-1.2000402e-07	10734.785	-0.03652522	-104.390625	0.0047480646	0.0	6.238730192184448
15	-131.71191	155.56032	-28.120275	-829.69727	25.130434	-32.275978	8.064815e-05	-32.27402	-32.27598	9600	3.7352244e-08	7826.9985	-0.037324987	-71.28369	0.006551075	0.0	6.6204047203063965
16	-107.78239	61.96622	-35.457233	-293.46814	25.913044	-32.801243	0.0063688923	-32.645367	-32.801502	10200	-3.0994414e-08	10071.825	-0.02895387	-93.25781	0.006698761	0.0	6.994567394256592
17	-98.82839	62.12455	-32.585716	-260.32513	25.608696	-33.40657	1.5573437e-07	-33.406567	-33.40657	10800	-8.265177e-08	8512.28	-0.03515793	-75.424805	0.0075341067	0.0	7.362163305282593
18	-102.91247	165.19412	-26.617487	-877.8906	24.208334	-33.973534	4.0610553e-06	-33.973503	-33.973537	11400	-4.2915346e-08	3645.5732	-0.034546293	-24.77539	0.005543256	0.0	7.7412497997283936
19	-85.13013	27.83664	-33.15923	-145.18039	25.26087	-34.31914	2.9301245e-06	-34.319073	-34.31914	12000	-1.1324882e-08	3336.9058	-0.024684608	-44.267334	0.0072849416	0.0	8.128353595733643
20	-78.500465	36.097973	-31.71692	-156.43805	25.47826	-34.765102	0.000101048085	-34.762634	-34.76511	12600	-6.11941e-08	3276.5276	-0.025241932	-37.571533	0.0074610496	1.0	8.61819863319397
21	-103.11786	146.16223	-30.786974	-794.3696	24.25	-35.195885	2.3566372e-05	-35.195465	-35.19589	13200	-4.1325887e-08	5864.3545	-0.03988659	-35.479492	0.004585673	0.0	8.965281248092651
22	-74.55727	28.402824	-27.865662	-137.83008	24.541666	-35.622593	3.9278108e-05	-35.621635	-35.622597	13800	-3.9935113e-08	2232.9604	-0.02462128	-30.5083	0.008200202	0.0	9.319022178649902
23	-61.505676	24.307997	-19.314035	-116.262886	24.75	-36.028988	2.9956104e-06	-36.028915	-36.028988	14400	2.1656355e-08	1224.2448	-0.018933713	-14.766235	0.0071917367	0.0	9.675724506378174
24	-104.267235	158.74718	-31.285372	-856.7918	24.0	-36.32454	2.8075413e-06	-36.324474	-36.32454	15000	1.5894573e-08	2943.0205	-0.035762556	-28.565186	0.002371155	0.0	10.041413068771362
25	-76.47351	37.98437	-36.353287	-199.54529	25.0	-36.727352	0.00057013653	-36.713398	-36.727375	15600	-1.9073486e-08	3124.8735	-0.032985583	-38.887695	0.008507905	0.0	10.412204027175903
26	-72.63489	27.543095	-33.009533	-131.50273	24.958334	-37.212948	3.8400444e-06	-37.212936	-37.21295	16200	3.4570693e-08	2036.1969	-0.026872095	-32.40027	0.0074847834	0.0	10.790067672729492
27	-89.591965	159.10402	-23.529272	-861.30347	23.96	-37.67235	1.7892517e-06	-37.67231	-37.67235	16800	3.6557516e-08	2037.7762	-0.025481477	-12.48877	0.0027916206	0.0	11.138217449188232
28	-62.934204	21.321693	-29.029871	-114.5605	24.625	-37.972645	2.909358e-06	-37.972576	-37.972645	17400	7.152557e-09	1041.1681	-0.02130642	-16.120972	0.0070358776	0.0	11.495071172714233
29	-62.982502	22.55605	-19.568573	-131.72043	24.958334	-38.306274	0.0	-38.306274	-38.306274	18000	-5.3246815e-08	1113.3441	-0.025500583	-17.34375	0.007706112	0.0	11.844781160354614
30	-76.171875	47.776814	-19.919468	-232.72867	25.086956	-38.66254	3.811517e-06	-38.662537	-38.662544	18600	5.443891e-08	3825.8025	-0.027551841	-40.67993	0.0073789563	0.0	12.333748817443848
31	-72.542946	25.027	-26.486063	-140.6556	25.173914	-39.20951	1.961944e-05	-39.20904	-39.209515	19200	2.9007595e-08	1721.4421	-0.023990883	-33.81482	0.008566507	0.0	12.696553230285645
32	-68.39076	29.666683	-30.129578	-161.80943	25.217392	-39.732906	1.5573437e-07	-39.732903	-39.732906	19800	-1.9868216e-08	1715.9683	-0.02230465	-26.51831	0.008308681	0.0	13.052376508712769
33	-64.05183	23.121853	-33.147667	-102.33499	24.875	-40.206264	3.8146973e-06	-40.20626	-40.20626	20400	-3.4968057e-08	1080.9402	-0.024368223	-18.95691	0.008609887	0.0	13.42356824874878
34	-66.7387	19.559618	-32.15205	-115.69009	24.541666	-40.61623	9.499797e-06	-40.615997	-40.61623	21000	4.887581e-08	1036.0842	-0.021871625	-22.85321	0.008707527	0.0	13.800425052642822
35	-65.289856	20.77794	-30.927483	-102.8914	24.833334	-41.068523	2.2024165e-07	-41.06852	-41.068523	21600	-1.9868216e-09	1002.3881	-0.02042961	-21.283936	0.005959828	0.0	14.155416011810303
36	-63.911156	28.321957	-24.484512	-126.09034	25.043478	-41.517822	2.2781974e-06	-41.51777	-41.517822	22200	3.0994414e-08	1287.8984	-0.0242139	-18.418457	0.0066834004	0.0	14.520529508590698
37	-101.20865	156.34052	-30.37731	-850.81885	23.96	-41.945255	9.39583e-06	-41.94507	-41.94525	22800	2.3841858e-08	2984.3052	-0.036237683	-34.040283	0.003078331	0.0	14.88302731513977
38	-67.573425	31.2372	-24.972109	-140.19952	25.0	-42.526478	1.2651919e-06	-42.526455	-42.526478	23400	2.3047129e-08	1650.7103	-0.016937613	-27.483643	0.00697493	0.0	15.230752944946289
39	-56.696026	19.117422	-27.100641	-88.29116	24.958334	-43.071934	7.2562857e-06	-43.071793	-43.071938	24000	1.1722247e-08	550.1679	-0.015007823	-8.67511	0.0059182034	0.0	15.588454484939575
40	-71.59173	26.047527	-36.918156	-130.07123	24.75	-43.396576	3.8620865e-06	-43.39656	-43.396572	24600	-2.582868e-08	1466.0145	-0.024393158	-33.298462	0.007880372	0.0	16.088581323623657
41	-57.968304	23.331135	-23.818903	-105.31211	24.75	-43.99857	4.120344e-07	-43.99856	-43.99857	25200	-1.847744e-08	734.2935	-0.021422448	-9.802246	0.006398673	0.0	16.44280505180359
42	-65.87881	25.459093	-30.669752	-101.845215	24.958334	-44.360588	1.2651919e-06	-44.360558	-44.360588	25800	4.3908756e-08	1099.334	-0.014020541	-21.182373	0.00787921	0.0	16.811771154403687
43	-70.76503	29.84484	-22.770096	-143.14458	25.565218	-44.865067	0.0	-44.865067	-44.865067	26400	-5.980333e-08	1569.3092	-0.026453858	-33.10608	0.0078121573	0.0	17.168624877929688
44	-55.72506	25.33176	-23.293356	-123.06433	25.086956	-45.51477	1.8027556e-06	-45.514736	-45.51477	27000	1.5894573e-08	736.161	-0.019560464	-5.9365234	0.0068887887	0.0	17.542303800582886
45	-57.266293	28.340002	-18.74559	-135.3797	25.086956	-45.817886	0.10997287	-43.126354	-45.822376	27600	1.7086665e-08	884.6251	-0.023509366	-7.208679	0.007150938	0.0	17.885372161865234
46	-59.542713	17.907705	-35.515938	-116.99676	24.916666	-46.120792	1.1195557e-05	-46.120556	-46.120796	28200	1.3609728e-08	494.46838	-0.020167232	-9.922455	0.008718428	0.0	18.238094568252563
47	-87.61233	159.0475	-20.887312	-844.2417	24.333334	-46.498436	1.1444092e-06	-46.49841	-46.498436	28800	3.4968057e-08	1542.8972	-0.031196048	-5.4086914	0.001403701	0.0	18.609424352645874
48	-63.740692	25.380598	-22.421453	-117.733665	25.652174	-46.792423	3.8146973e-06	-46.792427	-46.792427	29400	-2.582868e-08	927.57916	-0.026619999	-16.780334	0.007014544	0.0	18.981345891952515
49	-56.499065	19.429546	-32.114025	-108.679115	25.217392	-47.29613	3.865225e-06	-47.29612	-47.296127	30000	2.5629998e-08	431.77927	-0.025706708	-5.2364197	0.008148459	0.0	19.329500675201416
50	-66.860985	30.884052	-23.305944	-151.68707	25.869566	-47.605442	1.0330249e-06	-47.60542	-47.605442	30600	-4.172325e-08	1371.9202	-0.02764699	-25.012207	0.008278078	0.0	20.035863399505615
51	-51.973698	20.456242	-22.033445	-105.93908	25.434782	-48.240726	3.811517e-06	-48.240726	-48.24073	31200	2.0662943e-08	426.01553	-0.01962362	-1.397522	0.007609091	0.0	20.507378101348877
52	-60.95805	18.44609	-34.950592	-111.922	25.347826	-48.432896	0.0	-48.432896	-48.432896	31800	-2.7219455e-08	497.8708	-0.025457544	-10.328918	0.0066979425	0.0	20.883203983306885
53	-52.081703	20.486115	-28.354887	-122.83242	25.26087	-48.854374	2.2024165e-07	-48.85437	-48.854374	32400	1.66893e-08	429.45364	-0.022682093	-0.9918213	0.0041697184	0.0	21.241373300552368
54	-55.06957	19.331196	-26.750856	-100.02459	25.304348	-49.013416	3.824222e-06	-49.01341	-49.013412	33000	-1.11262e-08	403.424	-0.020326797	-2.56604	0.0085782	0.0	21.683897018432617
55	-50.838757	24.157158	-23.209885	-106.890366	25.26087	-49.23517	2.981042e-05	-49.234486	-49.235176	33600	-4.4703484e-08	568.4841	-0.027065948	-0.2084961	0.007448284	0.0	22.062215566635132
56	-55.97988	28.50396	-22.671335	-148.69646	25.47826	-49.312103	7.708458e-06	-49.312077	-49.312096	34200	-5.165736e-08	864.4299	-0.01676436	-3.4343262	0.005846965	0.0	22.447774171829224
57	-48.085262	16.981215	-30.008856	-86.55269	25.0	-49.574184	3.8146973e-06	-49.57418	-49.57418	34800	-2.8212865e-08	286.65314	-0.018929798	-0.11166382	0.008554738	0.0	22.825594902038574
58	-42.733837	11.861357	-24.21656	-63.64013	25.391304	-49.539986	3.970463e-06	-49.539967	-49.53999	35400	-4.4703484e-08	182.09282	-0.017735811	-3.7691193	0.0060471473	0.0	23.176591873168945
59	-61.27871	21.296898	-22.55175	-113.14051	25.652174	-49.253387	2.4706362e-05	-49.252884	-49.253395	36000	2.8014183e-08	613.7771	-0.020363709	-12.099365	0.0074306456	0.0	23.54283881187439
60	-49.399662	18.834738	-20.430994	-79.11184	25.347826	-49.752235	3.811517e-06	-49.75223	-49.75224	36600	4.7683715e-09	346.00684	-0.020912988	0.04864502	0.006096155	0.0	24.04202914237976
61	-52.062477	22.95954	-23.419151	-102.0774	25.0	-49.7843	9.349252e-06	-49.784073	-49.7843	37200	-7.947286e-09	496.7136	-0.02327913	-0.2744751	0.0071207937	0.0	24.402934789657593
62	-52.051003	15.712544	-25.03089	-77.15523	25.73913	-49.86295	0.0	-49.86295	-49.86295	37800	3.8743018e-09	247.1879	-0.032640256	-0.6007538	0.007990101	0.0	24.7606143951416
63	-42.425743	19.369463	-17.675793	-93.138016	25.347826	-49.990353	7.6293945e-06	-49.990345	-49.990345	38400	-2.3345153e-08	422.62292	-0.02462247	-4.99588	0.009072641	0.0	25.104679107666016
64	-58.26787	25.121792	-20.440672	-116.98759	25.826086	-49.638306	3.8083342e-06	-49.638306	-49.63831	39000	-2.7020773e-08	711.83813	-0.02479979	-7.4940796	0.008099592	0.0	25.485697984695435
65	-41.021427	17.751417	-18.358524	-88.64843	25.347826	-50.064785	3.824222e-06	-50.064777	-50.06478	39600	2.0960966e-08	381.6015	-0.01760474	-7.370758	0.0076375627	0.0	25.87534499168396
66	-46.607887	10.069649	-31.726236	-62.21248	25.52174	-49.63948	0.0	-49.63948	-49.63948	40200	1.5099843e-08	108.43832	-0.021442473	-1.3038101	0.0061849775	0.0	26.234480619430542
67	-47.339436	24.585085	-18.502388	-104.053185	25.695652	-49.41259	7.8419944e-05	-49.4107	-49.412594	40800	-1.7285346e-08	603.09106	-0.026891926	-3.640625	0.007526366	0.0	26.613007307052612
68	-40.13571	12.874937	-20.139996	-63.465057	25.52174	-48.78317	1.1437409	-46.14143	-49.283604	41400	-1.6291937e-08	237.73682	-0.014122848	-43.857132	0.006443886	0.0	26.96966028213501
69	-48.346394	19.487764	-17.162876	-83.84174	25.391304	-45.731377	1.1598812e-05	-45.73111	-45.731373	42000	-7.549922e-09	373.6771	-0.017127687	-0.5212097	0.006865452	0.0	27.35429549217224
70	-41.9519	14.519255	-21.115023	-67.99229	25.434782	-45.842163	7.830202e-06	-45.842125	-45.842155	42600	3.973643e-09	218.95912	-0.018138288	-1.7269287	0.006966532	0.0	27.874427795410156
71	-42.619534	21.069962	-19.035225	-104.47111	26.181818	-45.608883	8.205797e-05	-45.606876	-45.608887	43200	1.1175871e-08	448.50635	-0.023517486	-0.94924927	0.008686524	0.0	28.233468294143677
72	-37.65191	12.993594	-19.95303	-64.76631	25.565218	-45.409237	8.123603e-06	-45.40906	-45.409233	43800	-3.2981237e-08	224.66269	-0.020423818	-8.1940155	0.007870085	0.0	28.590436220169067
73	-38.61383	17.93882	-17.959208	-94.45077	25.73913	-44.849064	5.0583712e-06	-44.848984	-44.849068	44400	-9.338061e-09	349.9593	-0.02231826	-6.055969	0.008964905	0.0	28.946773052215576
74	-33.853527	7.9950514	-22.15526	-53.062454	25.695652	-44.33328	3.8146973e-07	-44.33327	-44.33328	45000	5.3246815e-08	172.16676	-0.015910352	-16.891144	0.0067761666	0.0	29.299185276031494
75	-40.94264	12.640806	-23.915468	-71.05496	25.73913	-43.48574	3.824222e-06	-43.485733	-43.485737	45600	-1.8874804e-08	164.59042	-0.028578822	-1.3995209	0.008205925	0.0	29.647178173065186
76	-41.463245	22.465963	-20.002447	-122.666794	25.434782	-43.192657	2.185836e-06	-43.192604	-43.192657	46200	4.0431818e-08	478.2061	-0.020379795	-0.7321167	0.00974699	0.0	30.01541304588318
77	-38.404686	11.6803875	-21.968145	-69.58257	25.565218	-43.003025	6.3983894e-06	-43.0029	-43.00303	46800	3.8693347e-08	152.20174	-0.023404943	-3.555313	0.008273558	0.0	30.373934507369995
78	-39.23071	14.560376	-24.790646	-77.174255	26.0	-42.593872	3.8146973e-06	-42.593876	-42.593876	47400	-1.2318293e-08	222.22568	-0.0255736	-2.0548706	0.006459581	0.0	30.72711944580078
79	-38.66846	14.383833	-17.936995	-76.80632	25.73913	-42.26022	3.8714948e-06	-42.260204	-42.260223	48000	4.5895575e-08	216.79276	-0.017471718	-2.5172577	0.008617779	0.0	31.092429637908936
80	-37.788223	9.990151	-17.840899	-64.47952	25.695652	-41.893368	8.092195e-07	-41.89335	-41.893368	48600	5.9604645e-08	113.90264	-0.022263587	-3.4244385	0.007792708	0.0	31.632171154022217
81	-35.70864	13.9786625	-20.668177	-85.00411	25.826086	-41.45752	3.824222e-06	-41.45751	-41.457523	49200	-4.4703485e-09	226.11119	-0.018498925	-6.4371796	0.0060953926	0.0	31.98422908782959
82	-38.955387	9.476152	-23.90461	-59.812218	25.913044	-40.85263	1.4837326e-05	-40.85229	-40.85263	49800	-6.7551933e-09	92.456375	-0.017572	-0.94299316	0.008321361	0.0	32.36288022994995
83	-33.252472	9.564972	-17.065838	-57.76858	25.782608	-40.590607	1.9882832e-06	-40.59056	-40.590607	50400	7.2320304e-08	141.14166	-0.017796827	-10.903244	0.006284248	0.0	32.85515332221985
84	-39.346607	12.994915	-22.141945	-72.10292	25.956522	-39.793274	3.8146973e-06	-39.79327	-39.793278	51000	-1.9073486e-08	167.9247	-0.02488588	-0.037979126	0.008757971	0.0	33.40223503112793
85	-34.36919	10.832247	-19.842749	-62.538506	25.608696	-39.682346	3.015783e-06	-39.682274	-39.682346	51600	3.417333e-08	142.52588	-0.025859075	-6.075287	0.0076638125	0.0	33.89608120918274
86	-37.56438	12.26697	-18.48239	-67.835846	25.782608	-39.071667	3.811517e-06	-39.071667	-39.07167	52200	-6.079674e-08	150.50874	-0.014141186	-0.6363983	0.0066622575	0.0	34.45076942443848
87	-34.11494	13.739408	-18.492285	-72.32623	25.52174	-38.831787	9.849506e-07	-38.831764	-38.831787	52800	-4.2915346e-08	206.53394	-0.027574047	-4.882965	0.0075496007	0.0	34.87500596046448
88	-35.623886	8.986191	-21.951046	-59.51094	25.913044	-38.253605	1.0166961e-05	-38.253407	-38.25361	53400	-5.761782e-09	87.97343	-0.012000832	-1.8835449	0.0064541576	1.0	35.27266073226929
89	-36.326317	11.221208	-21.374298	-74.51782	25.695652	-37.85986	3.8146973e-06	-37.859856	-37.859856	54000	1.8278758e-08	122.738396	-0.015772292	-0.81139374	0.007880197	0.0	35.64889907836914
90	-37.545727	11.33359	-22.661503	-67.07041	25.913044	-37.599354	9.2606315e-06	-37.599174	-37.59935	54600	-3.317992e-08	127.690674	-0.009564159	-0.0018463135	0.0075857393	0.0	36.19233250617981
91	-37.80166	12.901035	-21.978409	-70.37185	26.043478	-37.569324	6.229375e-07	-37.56931	-37.569324	55200	3.1292437e-08	166.76367	-0.014162325	-0.0143585205	0.0070724846	0.0	36.552223443984985
92	-33.135704	9.953195	-17.280212	-57.151333	25.826086	-37.60263	4.0280747e-06	-37.6026	-37.602627	55800	-1.7881394e-08	117.93534	-0.012594246	-5.1482697	0.0069365255	1.0	36.908196210861206
93	-36.213955	10.504812	-21.936773	-66.36197	25.695652	-36.95968	3.8495064e-06	-36.959667	-36.959675	56400	1.2318293e-08	109.553635	-0.016923122	-0.18884277	0.007550351	0.0	37.26821827888489
94	-36.29401	11.342379	-18.51259	-66.326256	25.52174	-36.792168	7.444103e-05	-36.790344	-36.792168	57000	3.0994414e-08	125.67683	-0.011846706	-0.14199829	0.0070681754	1.0	37.630403995513916
95	-35.655056	12.497425	-17.569664	-56.280025	26.043478	-36.70777	0.00017490015	-36.70349	-36.70778	57600	-1.9073486e-08	158.28786	-0.021660987	-0.33833313	0.007405199	0.0	37.983155965805054
96	-36.98186	13.971594	-19.285915	-66.61421	26.0	-36.52813	7.467621e-05	-36.52662	-36.528133	58200	-3.586213e-08	193.80011	-0.02401487	-0.08279419	0.008468068	0.0	38.34568214416504
97	-37.766903	12.791721	-16.997986	-57.835648	25.826086	-36.60778	4.3128577e-05	-36.606766	-36.60778	58800	-2.1855037e-08	162.45157	-0.027124496	-0.53686523	0.007825946	0.0	38.71284866333008
98	-34.481163	8.929583	-21.335398	-55.324875	25.695652	-36.843613	2.0893958e-06	-36.843567	-36.843613	59400	6.2783556e-08	83.511925	-0.015453997	-1.7685623	0.007591872	0.0	39.082229137420654
99	-38.41378	10.709226	-19.981321	-68.83046	26.043478	-36.428646	0.015761636	-36.042892	-36.429295	60000	5.165736e-08	118.23605	-0.016578212	-1.6451645	0.0073523284	0.0	39.44888162612915
100	-34.760525	9.487805	-18.848017	-53.11034	25.913044	-36.732605	0.32192326	-34.086853	-36.77378	60600	2.0662943e-08	92.92009	-0.014428433	-3.352066	0.0073889135	1.0	39.9687774181366
101	-34.002796	8.941487	-21.369364	-62.355843	26.086956	-34.142803	1.5338056e-06	-34.14277	-34.142803	61200	4.7683715e-09	80.03613	-0.014137606	-0.005455017	0.008404902	0.0	40.3255033493042
102	-37.043278	14.914364	-19.263624	-70.25786	25.782608	-34.12466	2.180281e-06	-34.124607	-34.12466	61800	-1.1920929e-09	224.93198	-0.026104242	-3.11055	0.009909703	0.0	40.67649555206299
103	-35.50104	10.092251	-20.847189	-59.87422	25.913044	-34.734936	3.970463e-06	-34.734913	-34.73494	62400	-5.364418e-08	102.38159	-0.014879085	-0.3148117	0.007961119	1.0	41.033345222473145
104	-36.268547	11.202306	-24.199163	-61.785595	26.0	-34.968346	3.8146973e-06	-34.96834	-34.96834	63000	3.5762786e-09	127.3982	-0.020523457	-0.7578201	0.009397802	0.0	41.39733958244324
105	-38.259026	9.3993845	-21.799326	-59.53017	26.0	-35.29125	3.824222e-06	-35.29124	-35.291245	63600	2.9802322e-08	97.58599	-0.014457573	-3.819107	0.008017784	0.0	41.774497747421265
106	-32.64144	8.560027	-18.332512	-49.966393	25.73913	-36.02667	5.968914e-06	-36.026585	-36.026665	64200	-1.1920929e-09	83.941956	-0.025913706	-4.511368	0.008277138	0.0	42.14606070518494
107	-33.85528	9.587291	-20.853533	-61.00155	26.0	-35.264984	1.8945904e-06	-35.264942	-35.264984	64800	-3.3775965e-08	94.00032	-0.019281879	-0.85969543	0.007900958	0.0	42.49885153770447
108	-36.31608	10.815452	-19.541458	-59.723755	25.826086	-34.865543	7.4394748e-06	-34.865387	-34.865547	65400	-1.9073486e-08	118.65599	-0.014231825	-0.9051819	0.0065034246	1.0	42.864856243133545
109	-31.21146	9.221987	-17.908371	-59.396587	25.913044	-35.221844	3.1146874e-07	-35.221836	-35.221844	66000	-4.9273172e-08	100.69795	-0.017605446	-7.1726913	0.006939319	1.0	43.217106342315674
110	-30.751741	6.848219	-19.492199	-50.95481	26.086956	-34.17819	5.615082e-07	-34.178177	-34.17819	66600	4.4107438e-08	58.328426	-0.015725065	-6.1836433	0.008846999	0.0	43.745394706726074
111	-31.879408	10.384141	-18.429848	-54.26278	25.826086	-33.12028	0.0	-33.12028	-33.12028	67200	7.947286e-09	108.412346	-0.020697499	-1.014679	0.0067670792	1.0	44.10498881340027
112	-32.015896	9.423414	-16.72237	-55.538895	25.869566	-32.65868	3.8146973e-06	-32.658676	-32.658676	67800	-1.39077505e-08	89.31048	-0.026738739	-0.24217987	0.009132434	0.0	44.45353364944458
113	-32.25092	8.875268	-18.269283	-52.759857	25.695652	-32.43458	0.0	-32.43458	-32.43458	68400	-1.1920929e-09	77.50714	-0.02052669	-0.02054596	0.008884813	0.0	44.80399775505066
114	-34.55163	10.265436	-21.16303	-57.235584	26.0	-32.364025	4.058068e-06	-32.36399	-32.36403	69000	1.7881394e-08	109.81497	-0.016921656	-2.6264572	0.009056408	0.0	45.16611313819885
115	-30.144281	8.126124	-19.320898	-47.76052	25.782608	-33.069244	8.551221e-06	-33.06915	-33.069252	69600	-2.22524e-08	73.90372	-0.012249721	-4.215538	0.00892588	0.0	45.511035442352295
116	-31.55386	11.39378	-17.612736	-58.78951	25.869566	-32.188854	7.841036e-06	-32.188686	-32.188858	70200	-4.529953e-08	129.28745	-0.017191978	-0.33998108	0.008507216	0.0	45.87529993057251
117	-30.244726	5.874991	-20.642801	-41.02098	25.913044	-31.877975	3.8099258e-06	-31.877977	-31.87798	70800	3.4968057e-08	36.793926	-0.011086859	-1.5879974	0.0071374653	1.0	46.25747513771057
118	-33.21946	8.85605	-18.474487	-50.330452	25.869566	-31.286917	0.0	-31.286917	-31.286917	71400	2.6424726e-08	81.182785	-0.01023164	-1.9937744	0.0068220473	2.0	46.62550330162048
119	-32.4934	10.3343315	-19.696737	-66.18583	25.913044	-31.927094	0.0	-31.927094	-31.927094	72000	-3.9339067e-08	106.50626	-0.01436939	-0.19560242	0.0072298557	0.0	46.984371185302734
120	-31.189589	7.9560766	-21.260992	-50.1813	25.565218	-32.171753	3.9243823e-06	-32.17173	-32.17175	72600	7.947286e-09	62.632225	-0.022885466	-0.54678345	0.008865968	0.0	47.52140188217163
121	-35.19154	10.296938	-19.792196	-61.0421	25.956522	-31.8166	1.1240958e-05	-31.816332	-31.816603	73200	-3.0199686e-08	116.73482	-0.013148167	-7.201378	0.0069887033	1.0	47.89662957191467
122	-31.835726	8.912437	-19.880384	-55.086227	25.956522	-33.136375	3.8400444e-06	-33.136364	-33.13637	73800	-1.3113022e-08	80.77694	-0.011288827	-0.96704865	0.0066151437	1.0	48.260984897613525
123	-30.602253	7.655528	-17.963408	-45.839645	26.043478	-32.690754	1.0446979e-06	-32.69073	-32.690754	74400	9.536743e-08	62.46724	-0.01965264	-2.6789398	0.008513179	0.0	48.61776113510132
124	-34.03794	7.9136386	-17.478924	-48.20935	26.0	-31.82292	1.9073486e-06	-31.822918	-31.822918	75000	-1.658996e-08	67.42246	-0.012359486	-3.1727066	0.005399167	0.0	48.96829795837402
125	-34.70985	8.417385	-21.076561	-54.419666	25.869566	-32.726257	2.2024165e-07	-32.726254	-32.726257	75600	3.1391778e-08	74.68947	-0.035906263	-2.860733	0.007860188	0.0	49.33565092086792
126	-34.097004	5.552256	-23.138199	-44.67049	25.869566	-33.66763	4.0610553e-06	-33.667595	-33.667625	76200	-2.4239222e-08	31.05435	-0.011966391	-0.13498878	0.007327072	0.0	49.689133167266846
127	-29.986158	6.3593435	-20.161907	-44.46644	25.956522	-33.90132	7.7867185e-07	-33.901306	-33.90132	76800	-3.1789146e-08	55.469975	-0.018259196	-10.939045	0.0075588226	0.0	50.172367095947266
128	-30.205912	6.467618	-17.557583	-43.588894	26.0	-32.085	4.7313524e-06	-32.08493	-32.085003	77400	3.536542e-08	45.157143	-0.012415147	-2.7394905	0.007206027	0.0	50.53333139419556
129	-33.673588	9.152387	-19.247314	-59.079506	25.913044	-31.092087	1.9216004e-06	-31.092083	-31.092085	78000	1.8278758e-08	88.91644	-0.014086577	-4.6110687	0.005716548	0.0	50.88230013847351
130	-34.153797	9.992901	-18.556684	-55.23291	25.956522	-32.28296	1.5573437e-07	-32.282955	-32.28296	78600	6.953875e-08	103.762344	-0.013748806	-2.8469772	0.009677728	0.0	51.43733811378479
131	-32.72462	9.441668	-18.708502	-49.896137	26.0	-33.301258	3.8146973e-06	-33.301254	-33.301254	79200	-1.4305114e-08	89.29929	-0.0084329685	-0.205307	0.007119948	0.0	51.79983592033386
132	-30.773376	9.831356	-18.805801	-52.988293	25.73913	-33.06299	4.6720308e-07	-33.062977	-33.06299	79800	1.1920929e-09	100.12986	-0.02314562	-4.1151047	0.008703405	0.0	52.15383696556091
133	-28.732044	5.7113667	-19.131863	-36.967274	25.869566	-31.839706	1.5573437e-07	-31.839705	-31.839706	80400	-1.9868216e-09	42.175823	-0.015376391	-7.7105904	0.0066470574	1.0	52.52347183227539
134	-33.59629	9.004398	-19.601286	-50.04763	25.73913	-30.121826	3.1146874e-07	-30.121819	-30.121826	81000	3.4769375e-08	91.946144	-0.015448233	-9.144943	0.008197428	0.0	52.887431621551514
135	-28.87569	6.453302	-20.497711	-42.720093	25.956522	-31.916697	0.0	-31.916697	-31.916697	81600	-7.688999e-08	50.428036	-0.009386092	-7.1725883	0.008119981	0.0	53.234753131866455
136	-30.411266	10.428701	-17.630219	-52.078705	25.782608	-30.32875	2.3360154e-07	-30.328745	-30.32875	82200	4.0928523e-08	108.27342	-0.013952339	-0.006790161	0.007351063	0.0	53.60151481628418
137	-29.650606	7.9076967	-18.474289	-51.604843	26.043478	-30.34943	3.8131075e-06	-30.349424	-30.349434	82800	-8.503596e-08	62.508022	-0.018264037	-0.36760712	0.0068261535	1.0	53.96807932853699
138	-31.656528	9.126545	-18.603077	-55.56498	26.0	-29.968754	1.5573437e-07	-29.96875	-29.968754	83400	-8.34465e-09	84.31939	-0.013300965	-2.1270294	0.008476135	0.0	54.324671506881714
139	-33.590633	7.748642	-22.718801	-55.155766	26.227272	-30.903044	2.006497e-06	-30.90303	-30.903042	84000	-5.8611235e-08	64.86547	-0.021071255	-5.9642487	0.0061859614	1.0	54.691468477249146
140	-29.778065	7.2031193	-20.069508	-47.609993	25.826086	-32.532818	3.1146874e-07	-32.53281	-32.532818	84600	-4.4902166e-08	58.753628	-0.0030349605	-6.3002014	0.0027807613	2.0	55.320812463760376
141	-29.864979	7.545972	-17.878887	-42.604084	26.0	-30.909218	2.0893958e-06	-30.909197	-30.90922	85200	3.0199686e-08	57.45959	-0.016241625	-0.9813156	0.008253748	0.0	55.68293881416321
142	-31.839405	9.6293955	-17.559307	-51.83901	25.826086	-30.195618	8.5653903e-07	-30.195597	-30.195618	85800	-3.576279e-08	94.867836	-0.014006134	-2.3240356	0.008104698	1.0	56.05458927154541
143	-30.442858	7.596778	-18.68507	-48.326347	25.73913	-31.225098	7.7867185e-08	-31.225096	-31.225098	86400	5.7220458e-08	58.20944	-0.011581856	-0.5026169	0.008148659	0.0	56.388052225112915
144	-32.150127	8.477118	-19.30655	-52.46916	26.0	-30.75644	2.688392e-06	-30.756374	-30.75644	87000	3.695488e-08	73.42879	-0.013681463	-1.7619247	0.0063001923	0.0	56.75213932991028
145	-31.855196	6.8669205	-21.194187	-45.84809	26.136364	-31.683092	1.6370637e-06	-31.683056	-31.683092	87600	3.33786e-08	45.05421	-0.012881564	-0.02212143	0.006730315	0.0	57.11344122886658
146	-31.636534	8.849204	-19.033121	-50.099815	26.227272	-31.813282	1.245875e-06	-31.813251	-31.813282	88200	2.22524e-08	75.308044	-0.007764699	-0.021110535	0.008899932	2.0	57.47667217254639
147	-30.587461	6.239952	-19.98103	-41.83541	25.913044	-31.707396	1.9073486e-06	-31.707397	-31.707397	88800	1.390775e-09	40.11726	-0.014515331	-1.1855164	0.009005527	0.0	57.84368824958801
148	-30.956211	6.253746	-19.998295	-47.3909	25.73913	-30.892275	1.9025742e-06	-30.892275	-30.892277	89400	1.05102856e-07	38.361088	-0.017358905	-0.0018997192	0.007420957	1.0	58.20811462402344
149	-28.532701	5.8572407	-19.194698	-42.945095	25.826086	-30.913984	3.8933592e-07	-30.913977	-30.913984	90000	4.887581e-08	39.534508	-0.012429682	-5.2735443	0.008223108	0.0	58.574394941329956
150	-29.070171	7.227135	-18.513998	-45.120117	25.826086	-29.152468	5.7431994e-06	-29.152454	-29.152473	90600	4.2915346e-08	51.38556	-0.01884808	-0.009635925	0.009002995	0.0	59.14612650871277
151	-29.584011	7.4129124	-18.242943	-44.91422	26.0	-29.042751	1.9073486e-06	-29.04275	-29.04275	91200	2.1855037e-08	54.863136	-0.011932566	-0.22192383	0.0073303366	0.0	59.5093514919281
152	-32.123142	7.43374	-21.491943	-44.929176	25.956522	-29.417011	3.2778291e-06	-29.416931	-29.417011	91800	-2.3841858e-08	62.489754	-0.024357604	-7.1166534	0.008573943	1.0	59.866965532302856
153	-30.818724	6.9706354	-19.147484	-53.150635	25.782608	-31.550629	7.7867185e-08	-31.550627	-31.550629	92400	6.238619e-08	49.039265	-0.006661846	-0.43281174	0.0048670014	0.0	60.242141008377075
154	-34.014908	8.735691	-21.80254	-49.49924	25.826086	-31.04599	3.854229e-06	-31.045977	-31.045986	93000	3.059705e-08	84.98725	-0.012348104	-8.309952	0.006588099	1.0	60.61869764328003
155	-28.820496	6.0224323	-19.058517	-46.23406	25.913044	-33.37314	1.5573437e-07	-33.373135	-33.37314	93600	4.808108e-08	56.3799	-0.008116546	-19.243801	0.007012256	0.0	61.07456731796265
156	-29.943365	6.736051	-17.576208	-44.820602	25.956522	-29.922806	2.574332e-06	-29.922743	-29.922806	94200	6.318092e-08	45.3598	-0.01591916	0.0018577576	0.008592954	0.0	61.50762414932251
157	-29.471321	7.364308	-18.615204	-48.228924	25.73913	-29.90883	0.0	-29.90883	-29.90883	94800	3.576279e-08	53.98056	-0.014566821	-0.21768951	0.008947863	0.0	61.87987017631531
158	-27.274868	7.7512546	-18.72026	-49.229267	25.695652	-29.532425	3.8099258e-06	-29.532427	-29.532429	95400	-5.6227048e-08	64.68562	-0.015031826	-4.7308044	0.0063886573	1.0	62.263678789138794
159	-32.060516	8.105967	-20.224857	-49.655407	25.826086	-27.74216	3.824222e-06	-27.742153	-27.742165	96000	-7.2320304e-08	84.21131	-0.025132617	-17.356987	0.009854385	0.0	62.634082317352295
160	-30.341372	7.7253094	-17.555054	-53.476246	25.869566	-31.08457	3.8400444e-06	-31.084558	-31.084566	96600	-1.2854736e-07	60.24554	-0.0122600915	-0.5531044	0.005926396	0.0	63.21510648727417
161	-29.039715	6.9218154	-17.328152	-49.958775	25.913044	-30.521055	3.8400444e-06	-30.521048	-30.521051	97200	7.112821e-08	49.748814	-0.015172626	-2.3768806	0.00957362	0.0	63.591630935668945
162	-32.83284	8.489051	-18.136038	-49.21084	26.086956	-29.240795	3.8146973e-06	-29.240799	-29.240799	97800	-1.3271968e-07	85.09937	-0.0154152	-12.375778	0.0076989844	1.0	63.95814228057861
163	-29.422838	6.732495	-19.199118	-42.070774	26.0	-32.105503	3.8146973e-06	-32.105507	-32.105507	98400	-1.9272168e-08	52.559914	-0.016555844	-7.0424004	0.006815961	1.0	64.31839442253113
164	-31.834204	8.632327	-18.68574	-47.547462	26.0	-29.973297	1.0032485e-06	-29.973278	-29.973297	99000	5.9604643e-10	76.88659	-0.012097167	-3.0370026	0.008495356	0.0	64.68544507026672
165	-27.63333	5.3121824	-18.614983	-39.86186	25.913044	-31.379532	1.1681375e-05	-31.379246	-31.379532	99600	1.7881394e-08	41.844738	-0.009327787	-13.44412	0.008494544	0.0	65.04541087150574
166	-28.678398	6.316971	-19.918753	-41.88553	25.869566	-28.409893	1.9073486e-06	-28.409891	-28.409891	100200	1.291434e-08	39.3181	-0.014910555	-0.045085907	0.0089704115	0.0	65.39539217948914
167	-28.3915	7.6466537	-16.495884	-50.14007	25.956522	-28.552155	1.0356628e-05	-28.5519	-28.552155	100800	9.616216e-08	57.77024	-0.013404373	-0.033168793	0.008591551	0.0	65.84021544456482
168	-29.233824	5.6365013	-18.72803	-40.50066	26.181818	-28.403614	0.0	-28.403614	-28.403614	101400	-2.4239222e-08	31.02199	-0.01817833	-0.59144974	0.0071554007	1.0	66.2565062046051
169	-29.750076	5.5378637	-20.819407	-41.90604	26.043478	-29.055618	1.912111e-06	-29.055614	-29.05562	102000	2.7418137e-08	31.039192	-0.0132268695	-0.45560455	0.0065217987	1.0	66.75229668617249
170	-30.251974	8.276241	-18.06118	-48.233837	25.913044	-29.643877	9.542146e-06	-29.64365	-29.643879	102600	3.1789145e-09	67.40432	-0.012047725	-0.21420288	0.008755794	0.0	67.34899759292603
171	-30.562944	6.7805185	-19.790112	-47.451347	26.136364	-30.053392	4.7227266e-05	-30.052237	-30.05339	103200	-6.9538753e-09	43.654972	-0.009076643	-0.21107483	0.0063534244	1.0	67.71213889122009
172	-30.625387	7.415802	-19.242447	-46.01983	25.956522	-30.464037	3.389683e-06	-30.463968	-30.464035	103800	2.7616819e-08	54.141903	-0.013743734	-0.005680084	0.009052106	0.0	68.10106158256531
173	-30.515797	7.713254	-17.795588	-46.649273	26.086956	-30.534134	1.9073486e-06	-30.534136	-30.534136	104400	6.8147976e-08	59.497787	-0.007658925	-0.008998871	0.0058381744	0.0	68.4982168674469
174	-27.91832	6.8073735	-19.495424	-39.83115	26.0	-30.4478	2.6152247e-06	-30.447756	-30.447802	105000	-4.5696895e-09	52.677586	-0.0140807135	-6.4711266	0.00862635	0.0	68.88248085975647
175	-27.013386	6.009272	-18.415367	-42.975864	26.181818	-28.12483	2.2024165e-07	-28.124826	-28.12483	105600	2.3444494e-08	35.928463	-0.010148444	-1.260334	0.008702933	0.0	69.26047968864441
176	-30.36522	6.8594265	-22.827137	-48.078167	25.913044	-27.080547	3.1146874e-07	-27.08054	-27.080547	106200	-3.973643e-09	56.44444	-0.007479308	-10.051189	0.0069687916	0.0	69.63073825836182
177	-28.225891	8.086241	-17.090641	-55.12846	26.181818	-29.971712	9.624081e-06	-29.971487	-29.97171	106800	-5.9604643e-10	65.57864	-0.024467694	-2.836731	0.008942431	0.0	69.98774743080139
178	-29.335375	5.859934	-20.10156	-38.683807	25.869566	-28.44124	1.5573437e-07	-28.441236	-28.44124	107400	-1.1920929e-09	34.93245	-0.019943712	-0.7870674	0.008646471	0.0	70.34391522407532
179	-32.07128	7.0583916	-18.536112	-49.694202	26.227272	-29.255674	3.8146973e-06	-29.25567	-29.25567	108000	3.1193096e-08	56.03321	-0.015018545	-7.450947	0.0074429107	0.0	70.71748661994934
180	-32.25941	7.782837	-19.967567	-49.71248	26.043478	-31.778809	3.652062e-05	-31.777914	-31.778809	108600	-3.1789145e-09	60.513283	-0.012331015	-0.32255936	0.0066210604	0.0	71.29047417640686
181	-27.732008	4.992603	-21.11178	-36.86915	26.0	-32.239136	0.088522404	-30.412315	-32.244926	109200	6.834666e-08	45.03153	-0.010807753	-19.926397	0.009784295	0.0	71.65762567520142
182	-28.84211	7.577185	-18.079823	-46.26395	26.086956	-28.206491	0.013651701	-27.9799	-28.207458	109800	0.0	58.626785	-0.025037205	-0.44506836	0.008857659	0.0	72.0276095867157
183	-28.676115	6.569375	-18.919641	-42.981358	25.956522	-28.793766	6.985515e-06	-28.79362	-28.793768	110400	5.8611235e-08	43.19197	-0.010179007	-0.018878937	0.009660619	0.0	72.40019083023071
184	-28.722528	6.180108	-19.608444	-43.375134	25.869566	-28.67047	2.0049854e-06	-28.670454	-28.670471	111000	-2.8212865e-08	37.626743	-0.022466984	-0.0001449585	0.006996167	1.0	72.80935764312744
185	-31.083029	5.409033	-22.664042	-39.27072	25.913044	-28.680658	1.0512646e-05	-28.6804	-28.680658	111600	-8.026759e-08	34.70384	-0.013819077	-5.5800037	0.008504358	0.0	73.2603611946106
186	-28.87677	5.834021	-18.37505	-44.071434	25.956522	-30.888597	9.348603e-06	-30.888376	-30.8886	112200	2.4239222e-08	37.575687	-0.0134485345	-4.150646	0.0072213667	1.0	73.69363951683044
187	-31.087835	8.201428	-20.372313	-46.166992	26.0	-28.988737	2.2352085e-06	-28.988708	-28.988739	112800	-5.2452087e-08	71.46762	-0.01364618	-4.376808	0.008074339	0.0	74.10168075561523
188	-28.526745	6.7313986	-21.174032	-45.18287	25.956522	-30.942982	4.2798624e-06	-30.942934	-30.942978	113400	-3.3775965e-08	50.788452	-0.01506903	-6.1950035	0.008814736	0.0	74.51355981826782
189	-27.353283	5.255667	-18.487661	-40.344425	25.956522	-28.623373	1.674398e-05	-28.623062	-28.623373	114000	-8.145968e-09	28.85252	-0.006720292	-1.7415657	0.0053233122	0.0	74.87984657287598
190	-27.312336	5.1232004	-18.492785	-37.331898	25.826086	-27.37416	2.4685248e-06	-27.374123	-27.374159	114600	-4.529953e-08	25.821487	-0.013247489	-0.0019397736	0.00674631	1.0	75.46073126792908
191	-30.092358	7.4168673	-18.886385	-47.784634	26.086956	-27.329226	8.457466e-06	-27.329073	-27.329231	115200	6.556511e-09	63.852795	-0.01617551	-8.096558	0.0071225087	0.0	75.84245300292969
192	-28.0078	6.6629434	-18.488695	-42.99474	25.869566	-30.020678	2.1499241e-05	-30.020153	-30.020676	115800	2.1060307e-08	47.94528	-0.012205896	-4.1642036	0.0070531815	1.0	76.21484327316284
193	-27.444607	5.940749	-18.360731	-41.3804	26.086956	-28.096952	1.4944008e-05	-28.096653	-28.09695	116400	1.0530154e-08	36.056713	-0.010564774	-0.3687439	0.007408213	1.0	76.58475470542908
194	-24.949423	4.7601333	-17.75377	-36.577477	26.0	-27.512266	1.8780685e-05	-27.511835	-27.512266	117000	7.073084e-08	28.987122	-0.018358	-6.54965	0.007084271	1.0	76.95645999908447
195	-29.460142	6.8427587	-21.299212	-51.085133	26.0	-25.074154	1.0688813e-05	-25.073896	-25.074152	117600	-2.7815501e-08	66.106026	-0.018939711	-19.163471	0.009079275	0.0	77.31695604324341
196	-28.81088	6.5376463	-16.687395	-41.83968	25.826086	-29.109081	3.1947282e-05	-29.108305	-29.109085	118200	4.3908756e-08	42.19602	-0.003594916	-0.11959839	0.0034866997	0.0	77.74316453933716
197	-29.90671	7.7048545	-16.56868	-45.391754	26.0	-28.80263	2.5762625e-05	-28.802002	-28.802631	118800	-1.6093255e-08	60.72446	-0.007421086	-1.230854	0.007555758	0.0	78.12644720077515
198	-27.832005	5.6349516	-18.387354	-45.62455	26.0	-29.841816	4.3431464e-06	-29.84172	-29.841814	119400	-7.271767e-08	35.77378	-0.01099718	-3.9538746	0.008041129	0.0	78.54544186592102
199	-27.600416	6.144616	-18.953045	-40.944923	26.086956	-27.973873	1.5573437e-07	-27.973871	-27.973873	120000	-9.139379e-09	38.100746	-0.0030175103	-0.11846161	0.0021946598	0.0	78.92286372184753
200	-29.567038	8.944129	-17.854807	-49.33514	25.956522	-27.64166	7.979392e-06	-27.641489	-27.641657	120600	1.0331472e-08	82.51146	-0.017980473	-3.5650635	0.0091516385	0.0	79.55280828475952
201	-28.92922	6.025195	-20.092962	-42.95995	25.826086	-29.442232	1.7548298e-05	-29.441813	-29.442236	121200	2.3047129e-08	36.41269	-0.020499792	-0.2383461	0.008099698	0.0	79.92007160186768
202	-26.825516	6.2885947	-18.283361	-43.656166	25.956522	-28.975697	1.9497918e-06	-28.975687	-28.975695	121800	-2.4437904e-08	44.313023	-0.017914765	-4.4240913	0.008595107	0.0	80.28404474258423
203	-26.610142	6.272677	-19.086279	-38.56294	26.043478	-26.947845	0.0	-26.947845	-26.947845	122400	-1.9669534e-08	39.449104	-0.016559297	-0.10406494	0.0061554783	0.0	80.6376039981842
204	-28.677692	6.352949	-17.784822	-42.086372	25.913044	-26.631361	7.0880524e-06	-26.631187	-26.631361	123000	4.967054e-09	44.35154	-0.012853836	-4.070492	0.009220837	0.0	80.99902534484863
205	-29.092312	5.568249	-18.881233	-41.588	26.086956	-28.594456	3.9704628e-07	-28.594446	-28.594456	123600	-5.1061313e-08	30.82408	-0.010305921	-0.2197895	0.006408693	1.0	81.37310075759888
206	-29.200195	7.041691	-18.542114	-46.35002	25.913044	-29.05629	3.8266e-06	-29.056284	-29.056286	124200	-1.41064325e-08	49.231842	-0.010290892	-0.020053864	0.006820555	0.0	81.730628490448
207	-27.272814	6.323368	-17.024866	-38.01913	25.956522	-29.196667	1.9073486e-06	-29.196669	-29.196669	124800	-5.443891e-08	43.47438	-0.007611796	-3.7123833	0.0045283446	0.0	82.07642650604248
208	-26.748238	4.7396493	-16.920734	-36.251476	25.956522	-27.290342	1.2681358e-05	-27.290035	-27.29034	125400	-4.7683717e-08	22.744474	-0.022762122	-0.30456161	0.009530222	0.0	82.52195692062378
209	-28.917282	5.310587	-21.763098	-39.713943	26.0	-26.740053	1.9341805e-06	-26.740046	-26.740055	126000	7.023414e-08	32.476616	-0.01382072	-4.4837055	0.009545023	0.0	82.88757920265198
210	-29.897387	6.855505	-19.589972	-48.7966	26.086956	-28.845896	5.04637e-07	-28.845886	-28.845896	126600	1.5894572e-09	47.383766	-0.011974706	-0.9965477	0.007404974	1.0	83.52989459037781
211	-29.083199	6.043562	-17.779057	-41.158836	26.0	-29.843948	1.214728e-05	-29.843664	-29.84395	127200	3.4968057e-08	36.79807	-0.027894838	-0.56196976	0.008664273	0.0	83.92400479316711
212	-29.019207	5.199227	-19.64981	-41.610302	26.136364	-29.0914	3.824222e-06	-29.091393	-29.091396	127800	-8.791685e-08	25.751745	-0.009085559	-0.002298355	0.0042106807	0.0	84.30617189407349
213	-32.09686	7.6905737	-19.121105	-45.16558	26.043478	-29.043001	5.831207e-06	-29.042973	-29.043007	128400	-2.5431316e-08	68.62214	-0.011243862	-9.516834	0.008925372	0.0	84.6674873828888
214	-28.185902	4.712582	-21.433447	-40.58213	25.869566	-32.127956	4.4893654e-06	-32.127907	-32.127953	129000	-1.1285146e-07	37.488525	-0.012450757	-15.542509	0.0069378167	1.0	85.02174758911133
215	-28.53502	6.5564566	-18.76589	-42.717422	25.956522	-28.272778	4.07485e-05	-28.271801	-28.272778	129600	-1.15633014e-07	42.90098	-0.018904084	-0.07910156	0.009761369	0.0	85.38807916641235
216	-30.971437	7.7561283	-18.614191	-56.99966	26.043478	-28.546373	3.8226362e-06	-28.54628	-28.546373	130200	1.0033448e-07	66.83546	-0.017697372	-5.9864464	0.009326179	0.0	85.74775195121765
217	-27.144855	5.023677	-18.291718	-38.335854	26.043478	-30.946726	8.208896e-05	-30.944717	-30.94673	130800	1.02917355e-07	39.80722	-0.01783373	-14.29187	0.008575323	0.0	86.10380744934082
218	-27.528557	4.9684906	-18.359804	-37.976727	25.913044	-27.317383	3.0574745e-05	-27.316652	-27.317389	131400	9.6460184e-08	24.494448	-0.014692606	-0.036891937	0.009152086	0.0	86.46379923820496
219	-28.935905	5.626723	-21.366081	-47.2089	26.086956	-27.497467	3.3364975e-06	-27.497387	-27.497467	132000	4.4902166e-08	33.083313	-0.012849113	-1.9715557	0.009104309	0.0	86.8142020702362
220	-27.457666	4.8974423	-18.861706	-36.908573	26.086956	-28.86401	1.9073486e-06	-28.864008	-28.864008	132600	-1.4901161e-07	25.842602	-0.013397533	-2.0069084	0.0074743675	0.0	87.39115595817566
221	-26.787579	6.616233	-17.880205	-39.122414	26.043478	-27.480804	1.5573437e-07	-27.4808	-27.480804	133200	-1.7166138e-07	44.43799	-0.019034332	-0.43564987	0.00953292	0.0	87.75410962104797
222	-29.084187	6.0723658	-19.227114	-42.851753	26.0	-26.829666	1.7411632e-07	-26.829664	-26.829666	133800	2.682209e-08	41.085403	-0.00767629	-4.86689	0.0052822446	0.0	88.12328028678894
223	-26.933445	5.635711	-18.31961	-38.9027	26.086956	-28.998789	1.5573437e-07	-28.998785	-28.998789	134400	5.8710576e-08	36.204575	-0.012429174	-4.1073074	0.007373623	0.0	88.48939681053162
224	-28.97124	6.612877	-20.216913	-43.944653	26.043478	-27.008327	1.9451215e-06	-27.008318	-27.008326	135000	6.357829e-08	47.355766	-0.020052275	-3.8324776	0.007018682	1.0	88.89902925491333
225	-28.991415	5.5785594	-19.807695	-41.414154	25.869566	-28.931341	6.0545928e-05	-28.929861	-28.931345	135600	-1.1324882e-08	30.727324	-0.016537435	-0.7433319	0.008371779	0.0	89.28474879264832
226	-27.641886	7.8313246	-18.934269	-55.462296	26.043478	-28.513535	0.9609183	-24.440586	-29.114046	136200	5.9604643e-10	61.410122	-0.019309765	-1.2383766	0.0074403365	0.0	89.64807224273682
227	-27.575659	5.2495604	-19.862305	-40.097477	26.043478	-28.009447	0.5244279	-25.902605	-28.17576	136800	-3.7153562e-08	27.912151	-0.013799754	-0.4940586	0.007967233	0.0	90.03920650482178
228	-27.592867	6.423687	-17.385115	-41.650352	25.956522	-27.217682	0.95297956	-25.593328	-27.877398	137400	6.477038e-08	42.468716	-0.019806962	-1.3752785	0.007989138	0.0	90.42447066307068
229	-26.371054	4.5830545	-17.954	-38.57425	25.782608	-27.59183	2.1579185e-06	-27.591805	-27.591831	138000	-3.8743018e-08	22.129366	-0.019993864	-1.576931	0.0067758323	1.0	90.78300642967224
230	-27.777763	5.399159	-18.288649	-37.49685	26.043478	-26.323994	1.9073486e-06	-26.323996	-26.323996	138600	3.2583873e-08	31.146368	-0.013024635	-2.0734634	0.0057426523	0.0	91.3874990940094
231	-26.47561	5.96008	-17.345057	-46.161602	26.0	-27.78001	0.0	-27.78001	-27.78001	139200	4.967054e-09	37.076687	-0.022778014	-1.7002106	0.009442788	0.0	91.7703948020935
232	-27.046158	6.673396	-18.798391	-44.42616	26.043478	-26.459078	3.8146973e-06	-26.459082	-26.459082	139800	-1.7086665e-08	43.576466	-0.0045498176	-0.27201843	0.0060600657	0.0	92.16155433654785
233	-26.142769	6.0982018	-18.59069	-38.207	26.043478	-26.989103	0.0	-26.989103	-26.989103	140400	-4.2915346e-08	38.044056	-0.012496951	-0.7319069	0.0064925663	0.0	92.55123329162598
234	-26.154865	6.580344	-17.11625	-41.33292	25.956522	-26.117933	1.9073486e-06	-26.117931	-26.117931	141000	-6.516775e-08	42.69952	-0.016267262	-2.2888184e-05	0.006563221	0.0	92.90955090522766
235	-26.673761	5.604553	-18.327745	-36.730526	25.913044	-26.111202	1.9073486e-06	-26.111204	-26.111204	141600	1.1722247e-08	31.435625	-0.011325099	-0.28151703	0.007789107	0.0	93.2629885673523
236	-28.607847	6.315907	-19.168097	-46.117287	25.913044	-26.653105	1.9073486e-06	-26.653107	-26.653107	142200	-9.6559525e-08	43.147152	-0.028090691	-3.6325684	0.009613413	0.0	93.66046285629272
237	-28.568102	5.3049135	-20.79711	-40.6844	25.956522	-28.598549	1.9073486e-06	-28.59855	-28.59855	142800	4.4902166e-08	28.030733	-0.01837866	-0.002210617	0.007124578	1.0	94.06445217132568
238	-27.944954	5.31904	-17.13734	-38.329536	25.913044	-28.550795	1.9073486e-06	-28.550793	-28.550793	143400	1.8874804e-08	28.44679	-0.016735822	-0.3622265	0.0076972856	0.0	94.5278480052948
239	-26.642265	4.9828615	-19.733084	-43.081627	25.956522	-27.935944	5.722046e-06	-27.93595	-27.93595	144000	-5.9604645e-08	26.022877	-0.009956453	-1.7348671	0.0073572183	0.0	94.97871899604797
240	-26.509575	5.0794997	-17.485939	-39.830326	25.913044	-26.590626	1.9073486e-06	-26.590624	-26.590624	144600	1.768271e-08	25.208166	-0.016157638	-0.016698837	0.009842186	0.0	95.78563237190247
241	-27.097437	5.947954	-18.284998	-40.24264	26.136364	-26.458393	1.9073486e-06	-26.458395	-26.458395	145200	6.039937e-08	34.484165	-0.017261	-0.37659454	0.009514486	0.0	96.21153211593628
242	-28.270103	5.511072	-20.223587	-40.633266	26.272728	-27.0838	0.0	-27.0838	-27.0838	145800	7.073084e-08	30.20749	-0.009598499	-1.1848354	0.0065335482	1.0	96.64061713218689
243	-28.030298	5.4115176	-18.099257	-37.68917	26.086956	-28.192402	1.9073486e-06	-28.192404	-28.192404	146400	2.0662943e-08	29.095055	-0.017897798	-0.04096222	0.009216378	1.0	97.01328635215759
244	-30.479773	8.653369	-18.236471	-53.077457	26.136364	-27.987135	1.9073486e-06	-27.987137	-27.987137	147000	-2.2848448e-09	78.37893	-0.014418197	-5.6851883	0.009191673	0.0	97.35915398597717
245	-28.7378	6.032089	-16.9363	-42.367455	26.181818	-30.416988	1.9073486e-06	-30.41699	-30.41699	147600	-1.6152859e-07	37.615128	-0.018565254	-2.6473007	0.0089257285	0.0	97.79477429389954
246	-25.4146	3.8749669	-18.40626	-33.106655	26.09091	-28.758564	1.9073486e-06	-28.758566	-28.758566	148200	-9.377798e-08	25.052656	-0.021875743	-10.113127	0.00861838	0.0	98.21395969390869
247	-29.597795	5.4812407	-21.178247	-40.580677	26.136364	-25.5132	0.0	-25.5132	-25.5132	148800	-7.8678134e-08	45.101967	-0.020601245	-15.530678	0.009252031	0.0	98.59726285934448
248	-29.756687	7.773139	-17.680904	-47.112774	25.956522	-29.491074	3.8146973e-06	-29.491077	-29.491077	149400	-2.2451083e-08	59.114296	-0.022781854	-0.034477234	0.008774431	1.0	98.97996354103088
249	-28.27865	5.9905796	-17.75694	-42.255825	25.826086	-29.679258	0.0	-29.679258	-29.679258	150000	-5.3048133e-08	37.430054	-0.016389951	-1.9876823	0.009736848	0.0	99.3396110534668
250	-28.822695	8.293093	-17.400906	-46.61398	26.043478	-28.248844	3.8146973e-06	-28.248848	-28.248848	150600	2.4437904e-08	68.79756	-0.01742771	-0.33127594	0.009433249	0.0	99.93863797187805
251	-28.990295	5.544478	-19.350254	-43.01582	25.956522	-28.834414	0.0	-28.834414	-28.834414	151200	5.7816507e-08	30.616081	-0.016261933	-0.021921158	0.006442911	1.0	100.29219770431519
252	-29.952744	6.253754	-19.530062	-40.26543	25.956522	-28.985443	7.6293945e-06	-28.985435	-28.985435	151800	-2.78155e-09	39.819588	-0.006127437	-0.8880234	0.004900351	0.0	100.75880527496338
253	-25.65509	3.783305	-19.03934	-34.55607	26.043478	-29.94727	1.9073486e-06	-29.947271	-29.947271	152400	-4.3511392e-08	32.719116	-0.008071241	-18.41604	0.0082415845	0.0	101.13665175437927
254	-28.06337	6.015298	-16.597143	-38.496895	25.956522	-25.640078	3.8146973e-06	-25.640081	-25.640081	153000	5.8412553e-08	41.795143	-0.025027003	-5.7725525	0.0064173816	1.0	101.50178337097168
255	-26.770906	6.888994	-16.97119	-40.17625	25.956522	-28.039883	1.9073486e-06	-28.03988	-28.03988	153600	3.0795733e-09	48.941887	-0.0051735174	-1.6342583	0.007507477	0.0	101.8690881729126
256	-26.588726	5.4404483	-17.78121	-37.680977	25.956522	-26.759382	1.9073486e-06	-26.75938	-26.75938	154200	-2.1656355e-08	29.446152	-0.006839244	-0.02809143	0.006667144	0.0	102.3289623260498
257	-26.169079	5.049511	-17.992443	-38.78677	26.0	-26.590374	0.0	-26.590374	-26.590374	154800	4.520019e-08	25.416504	-0.023890099	-0.19324684	0.009445505	0.0	102.68965744972229
258	-28.272305	5.784143	-17.703287	-40.734016	26.0	-26.145617	1.9073486e-06	-26.145618	-26.145618	155400	7.311503e-08	37.498924	-0.011309331	-4.3745766	0.00822119	0.0	103.07034683227539
259	-29.907516	6.1198263	-18.176596	-40.19347	25.956522	-28.258564	1.9073486e-06	-28.258566	-28.258566	156000	-3.4769375e-08	40.318295	-0.01716083	-2.7425423	0.008060581	0.0	103.44499778747559
260	-27.915003	6.3795753	-16.99521	-39.951942	26.0	-29.932701	1.9073486e-06	-29.9327	-29.9327	156600	5.9604646e-09	44.435123	-0.01406186	-4.1024857	0.007585429	0.0	104.05482959747314
261	-28.751335	5.8983455	-20.098288	-40.00856	26.043478	-27.887623	1.9073486e-06	-27.88762	-27.88762	157200	3.417333e-08	35.288788	-0.021633908	-0.73498535	0.0067482153	1.0	104.41415023803711
262	-30.20055	6.268354	-21.551123	-45.19372	26.086956	-28.755976	1.9073486e-06	-28.755978	-28.755978	157800	-7.033348e-08	41.7139	-0.007327847	-2.2155342	0.004215437	0.0	104.77390193939209
263	-30.72621	7.302154	-18.04762	-44.28056	26.136364	-30.265299	0.0	-30.265299	-30.265299	158400	1.9073486e-08	51.270054	-0.0047732466	-0.2085228	0.0019603688	0.0	105.14822554588318
264	-29.846468	5.2418327	-22.639208	-44.8286	26.043478	-30.729704	5.722046e-06	-30.729698	-30.729698	159000	9.059906e-08	27.88181	-0.011458241	-0.8020115	0.006459318	1.0	105.52543830871582
265	-27.145367	5.9424005	-17.859255	-39.342724	26.043478	-29.817272	0.0	-29.817272	-29.817272	159600	-6.099542e-08	42.278633	-0.017597858	-7.0668755	0.0064045945	1.0	105.88548374176025
266	-26.589386	5.682652	-17.673645	-39.679855	26.181818	-27.119583	0.0	-27.119583	-27.119583	160200	4.649162e-08	31.491726	-0.008923998	-0.21985054	0.009397277	0.0	106.24010348320007
267	-30.188322	6.2103977	-20.639061	-45.448685	26.0	-26.64241	0.0	-26.64241	-26.64241	160800	-3.5762786e-09	50.934036	-0.014219258	-12.497505	0.008565738	0.0	106.6054356098175
268	-27.601954	6.3791237	-19.080246	-42.234226	25.956522	-30.199444	0.0	-30.199444	-30.199444	161400	-6.318092e-08	46.849796	-0.030865297	-6.965336	0.009937501	0.0	106.97432327270508
269	-28.256374	6.386638	-19.77795	-45.861515	25.956522	-27.560156	0.0	-27.560156	-27.560156	162000	5.9604646e-09	41.035637	-0.0154616125	-0.46253204	0.009414997	0.0	107.34416365623474
270	-28.520346	6.4893975	-18.922218	-48.144154	25.913044	-28.243105	1.9073486e-06	-28.243107	-28.243107	162600	1.9868216e-08	42.20887	-0.011623234	-0.08319092	0.00737809	0.0	107.96842336654663
271	-28.252415	5.9356894	-18.802359	-43.963768	26.0	-28.534365	3.8146973e-06	-28.534369	-28.534369	163200	5.4836274e-08	35.15624	-0.015437993	-0.07992172	0.006516323	1.0	108.32973408699036
272	-26.857882	4.947342	-18.496038	-39.775856	26.043478	-28.247753	1.9073486e-06	-28.247755	-28.247755	163800	9.616216e-08	26.232878	-0.01076552	-1.980608	0.0065547624	1.0	108.69664430618286
273	-27.573242	5.3420205	-18.092928	-38.17383	25.869566	-26.819258	1.9073486e-06	-26.819256	-26.819256	164400	6.437302e-08	28.522467	-0.010777131	-0.49341774	0.009136147	0.0	109.08707618713379
274	-27.100767	6.4994955	-19.0281	-49.540375	26.227272	-27.534029	3.8146973e-06	-27.534033	-27.534033	165000	8.68241e-08	41.37334	-0.0071632443	-0.13962555	0.00966651	0.0	109.46582388877869
275	-26.329062	5.1877027	-18.136898	-38.832592	26.0	-27.153017	5.722046e-06	-27.153023	-27.153023	165600	-3.0100345e-08	27.647985	-0.008035459	-0.6256428	0.0042233947	0.0	109.82322859764099
276	-27.701456	6.2819633	-18.823336	-42.882523	25.956522	-26.345547	1.9073486e-06	-26.345545	-26.345545	166200	1.9868216e-09	40.81766	-0.009089891	-1.759079	0.006571391	1.0	110.20225787162781
277	-29.942976	7.3851404	-17.337976	-43.40673	26.181818	-27.69974	3.8146973e-06	-27.699743	-27.699743	166800	-5.443891e-08	57.87558	-0.022116432	-4.9589577	0.008457063	0.0	110.57440400123596
278	-27.472755	8.552976	-17.828766	-48.358295	26.136364	-29.970974	1.9073486e-06	-29.970972	-29.970972	167400	2.324581e-08	75.84764	-0.01291978	-5.5678787	0.006505577	0.0	110.98715209960938
279	-29.34038	5.4588637	-19.738342	-40.483467	26.0	-27.56903	3.8146973e-06	-27.569027	-27.569027	168000	1.0152658e-07	33.013145	-0.00909541	-3.3161278	0.008142469	0.0	111.39975023269653
280	-30.66753	4.550354	-23.121815	-39.485474	26.318182	-29.42224	3.8146973e-06	-29.422235	-29.422235	168600	-2.7517478e-08	21.346903	-0.0071749	-1.3409615	0.007891417	0.0	112.10975623130798
281	-29.532763	7.250365	-17.644083	-50.690727	26.136364	-30.602268	3.8146973e-06	-30.602272	-30.602272	169200	8.940697e-09	51.901543	-0.008167225	-0.9618683	0.006724405	1.0	112.49533891677856
282	-29.688408	6.848237	-19.805183	-44.02609	26.181818	-29.60176	1.9073486e-06	-29.601763	-29.601763	169800	-6.7551933e-09	44.70151	-0.01319595	-0.0060272217	0.009691796	0.0	112.8732271194458
283	-27.085285	7.2400017	-19.145689	-45.58608	26.043478	-29.680967	5.722046e-06	-29.680962	-29.680962	170400	5.4637592e-08	59.300533	-0.013732099	-6.5693665	0.007759234	0.0	113.27842807769775
284	-26.555868	6.145727	-19.080034	-42.76104	26.043478	-27.068798	1.9073486e-06	-27.0688	-27.0688	171000	-5.1259995e-08	38.19206	-0.0082921805	-0.2396965	0.008270082	0.0	113.64378619194031
285	-29.843712	5.7072654	-21.35818	-39.956608	26.136364	-26.568851	3.8146973e-06	-26.568855	-26.568855	171600	8.205573e-08	41.229134	-0.0097939195	-9.805328	0.007047227	1.0	114.02175378799438
286	-29.336262	6.242822	-18.307781	-39.51517	25.956522	-29.747807	3.8146973e-06	-29.74781	-29.74781	172200	-1.07288365e-08	38.925434	-0.010077361	-0.16939926	0.009140044	0.0	114.40053749084473
287	-26.224476	5.503385	-18.277159	-45.544743	26.086956	-29.328793	3.8146973e-06	-29.328789	-29.328789	172800	4.0133795e-08	39.372124	-0.013517105	-9.795425	0.008968733	0.0	114.75217294692993
288	-29.454027	5.347368	-19.025923	-38.68336	26.136364	-26.166243	1.9073486e-06	-26.16624	-26.16624	173400	1.66893e-08	37.705585	-0.00732143	-9.980207	0.0068897833	0.0	115.10408687591553
289	-27.926641	5.770259	-19.380583	-39.906956	26.043478	-29.326504	1.9073486e-06	-29.326502	-29.326502	174000	-2.6226044e-08	35.080982	-0.009409377	-1.9568634	0.004976702	0.0	115.46799230575562
290	-28.934074	8.085546	-17.76403	-46.15394	25.913044	-27.924732	0.0	-27.924732	-27.924732	174600	2.5232634e-08	65.62857	-0.02308442	-0.92900085	0.008716354	0.0	116.09335923194885
291	-26.48943	4.7544003	-19.090982	-36.604233	26.043478	-28.894596	1.9073486e-06	-28.894594	-28.894594	175200	-2.8212865e-08	28.326849	-0.010518672	-5.550329	0.0041581145	0.0	116.45099568367004
292	-25.80053	5.3098025	-18.965807	-40.34265	25.869566	-26.531218	3.8146973e-06	-26.531214	-26.531214	175800	-2.7418137e-08	28.904154	-0.0068459474	-0.4900627	0.0018136551	0.0	116.8122410774231
293	-28.974916	6.219756	-19.802397	-40.942566	26.0	-25.825642	0.0	-25.825642	-25.825642	176400	5.9604643e-10	48.60438	-0.011311154	-10.149094	0.0035954749	0.0	117.19557118415833
294	-29.827263	5.3844104	-22.580154	-40.84486	26.181818	-29.002077	1.9073486e-06	-29.002075	-29.002075	177000	-8.642673e-09	28.532587	-0.019146256	-0.6850147	0.009914789	0.0	117.54840898513794
295	-28.741713	6.1124287	-19.57484	-40.610027	26.0	-29.8317	1.9073486e-06	-29.831701	-29.831701	177600	5.7220458e-08	38.753357	-0.01037061	-1.0630035	0.006499593	1.0	117.92836236953735
296	-30.442451	9.4518385	-19.374107	-57.593815	26.136364	-28.795162	0.0	-28.795162	-28.795162	178200	-2.7020773e-08	90.46026	-0.016782477	-2.848732	0.009287138	0.0	118.28754138946533
297	-25.849604	4.4778657	-18.99836	-35.719772	25.869566	-30.493607	3.8146973e-06	-30.49361	-30.49361	178800	-2.2848447e-08	41.08584	-0.014872847	-20.945885	0.009262911	0.0	118.64952731132507
298	-30.08855	6.4229207	-21.094484	-43.2172	25.913044	-26.02673	3.8146973e-06	-26.026726	-26.026726	179400	1.9868216e-08	58.74485	-0.018258529	-16.82816	0.008677117	0.0	119.01342034339905
299	-27.190287	5.1553364	-16.975218	-41.329937	26.043478	-29.910202	3.8146973e-06	-29.910206	-29.910206	180000	6.516775e-08	34.079563	-0.010194335	-7.214567	0.009920091	0.0	119.36764693260193
300	-26.178383	6.484781	-18.349472	-43.312687	26.136364	-27.395416	0.0	-27.395416	-27.395416	180600	3.973643e-09	41.97027	-0.013043327	-1.2552032	0.007576092	1.0	119.99277639389038
301	-27.691736	6.351079	-18.289362	-43.71743	26.136364	-26.32718	0.0	-26.32718	-26.32718	181200	-1.8080076e-08	41.242554	-0.01554063	-1.8744011	0.006614324	1.0	120.34527707099915
302	-29.70161	7.797446	-17.470215	-48.794365	26.0	-27.630293	0.0	-27.630293	-27.630293	181800	1.390775e-09	65.480835	-0.016837016	-4.4459267	0.0092520155	0.0	120.70675492286682
303	-29.244263	7.3912196	-16.9087	-39.767403	26.043478	-29.64614	0.0	-29.64614	-29.64614	182400	-2.9404958e-08	54.632175	-0.01858651	-0.116752625	0.008345459	0.0	121.07155728340149
304	-26.77712	4.643951	-18.594011	-38.80063	25.913044	-29.320507	3.8146973e-06	-29.32051	-29.32051	183000	-2.7815501e-08	27.883503	-0.01584618	-6.266159	0.009404925	0.0	121.43617868423462
305	-27.685255	5.6452684	-19.551903	-39.765823	26.043478	-26.914433	0.0	-26.914433	-26.914433	183600	-9.377798e-08	32.617123	-0.00894705	-0.64665985	0.008335793	0.0	121.78726887702942
306	-29.819653	7.088024	-19.431372	-49.879097	26.181818	-27.689024	5.722046e-06	-27.689018	-27.689018	184200	9.159247e-08	53.829563	-0.012566594	-4.5171623	0.0056426805	0.0	122.15643072128296
307	-26.459942	4.3862243	-19.687933	-35.808796	25.869566	-29.748503	0.0	-29.748503	-29.748503	184800	-7.271767e-08	29.796139	-0.009125954	-10.566874	0.0064012776	1.0	122.5031361579895
308	-28.263605	7.2202806	-19.414448	-42.69861	26.0	-26.644136	1.9073486e-06	-26.644138	-26.644138	185400	-1.8278758e-08	54.78242	-0.011705301	-2.609352	0.009876442	0.0	122.88089227676392
309	-30.128542	6.09397	-18.579584	-38.678944	26.136364	-28.186094	0.0	-28.186094	-28.186094	186000	9.715557e-08	39.52107	-0.017184341	-3.6783295	0.0069212834	1.0	123.27351951599121
310	-27.454752	7.1041923	-18.783247	-43.30825	26.0	-30.031693	0.0	-30.031693	-30.031693	186600	8.265177e-08	56.684757	-0.015413391	-6.720215	0.009116386	0.0	123.91364812850952
311	-27.735998	6.4665775	-18.54458	-40.416042	26.0	-27.555876	0.0	-27.555876	-27.555876	187200	6.437302e-08	41.855442	-0.010112195	-0.036895752	0.007677474	0.0	124.27574968338013
312	-27.220072	5.6700206	-18.13953	-40.548527	26.043478	-27.73672	1.9073486e-06	-27.736717	-27.736717	187800	-3.576279e-08	32.60883	-0.009511825	-0.24706268	0.0050319475	0.0	124.6297037601471
313	-26.631247	5.753175	-18.333435	-39.503582	26.086956	-27.253191	1.9073486e-06	-27.25319	-27.25319	188400	8.1261e-08	33.463627	-0.023516828	-0.40555573	0.007392527	1.0	125.00462532043457
314	-26.525208	4.5738387	-18.353785	-35.392887	26.136364	-26.62769	3.8146973e-06	-26.627693	-26.627693	189000	-8.950631e-08	20.104	-0.020323193	-0.009605408	0.00895327	0.0	125.37079071998596
315	-26.859585	7.0194893	-17.50753	-39.206078	26.043478	-26.530315	1.9073486e-06	-26.530313	-26.530313	189600	-1.5894572e-09	49.33991	-0.016260343	-0.107162476	0.006916316	1.0	125.74404168128967
316	-27.170473	6.0009956	-17.86892	-43.097736	25.956522	-26.856396	0.0	-26.856396	-26.856396	190200	-1.947085e-08	35.826714	-0.012613268	-0.09807968	0.0042564273	0.0	126.11243176460266
317	-27.554956	5.911938	-19.964478	-39.939503	25.913044	-27.170332	1.9073486e-06	-27.17033	-27.17033	190800	7.06315e-08	34.83637	-0.022269178	-0.13735199	0.009366718	0.0	126.48383498191833
318	-26.979725	4.265653	-20.74167	-36.809505	26.043478	-27.543766	1.9073486e-06	-27.543768	-27.543768	191400	1.4623006e-07	18.465261	-0.015141646	-0.33566093	0.009333733	0.0	126.92642283439636
319	-30.629288	7.6431456	-18.035568	-44.95387	25.956522	-26.957645	3.8146973e-06	-26.95765	-26.95765	192000	1.847744e-07	70.096214	-0.0142770065	-12.763218	0.007964012	1.0	127.28348755836487
320	-27.976307	4.7424555	-19.448282	-36.600315	26.0	-30.521503	0.0	-30.521503	-30.521503	192600	1.02917355e-07	28.800722	-0.0059788055	-6.554619	0.004772043	0.0	127.93210983276367
321	-28.340185	6.5435123	-17.232063	-39.627857	25.956522	-27.983795	7.6293945e-06	-27.983803	-27.983803	193200	9.536743e-09	42.340378	-0.012491176	-0.092876434	0.009292874	0.0	128.3262324333191
322	-28.998419	5.7506795	-21.173862	-43.672726	25.826086	-28.286926	0.0	-28.286926	-28.286926	193800	1.2318293e-08	32.708416	-0.013246186	-0.4241829	0.006396146	1.0	128.73280096054077
323	-26.992445	5.7484994	-17.457302	-38.54194	26.136364	-28.940338	7.6293945e-06	-28.940346	-28.940346	194400	3.7352244e-08	35.33332	-0.009176127	-3.4692135	0.0064339456	1.0	129.11240434646606
324	-27.024609	6.514311	-18.107246	-43.985703	26.181818	-27.071714	1.9073486e-06	-27.071712	-27.071712	195000	-9.57648e-08	40.53835	-0.013674388	-0.0041503906	0.006683073	1.0	129.4601821899414
325	-28.788832	5.832262	-18.729818	-42.46837	26.086956	-27.00665	3.8146973e-06	-27.006647	-27.006647	195600	-1.4553467e-07	36.636055	-0.014317581	-3.1336517	0.008518538	0.0	129.8183662891388
326	-27.803102	4.997326	-20.652348	-40.765614	26.086956	-28.792337	0.0	-28.792337	-28.792337	196200	-4.7385694e-08	26.153759	-0.015184728	-0.9746933	0.009160193	0.0	130.17947387695312
327	-28.251675	6.2293205	-19.105053	-41.245014	25.913044	-27.79346	0.0	-27.79346	-27.79346	196800	1.04904174e-07	38.506958	-0.015163266	-0.18193436	0.009055948	0.0	130.53775310516357
328	-29.827805	7.9218583	-17.835112	-43.42367	25.869566	-28.226545	1.9073486e-06	-28.226547	-28.226547	197400	-6.7154566e-08	64.16684	-0.0046292422	-2.1501198	0.0034920229	0.0	130.9023802280426
329	-28.005787	4.4070563	-19.949911	-37.952953	26.181818	-29.716646	5.722046e-06	-29.716652	-29.716652	198000	6.616116e-08	21.507168	-0.01335249	-2.7786236	0.0061630835	0.0	131.25960874557495
330	-26.464859	5.77341	-17.310526	-40.588257	26.0	-28.022388	1.9073486e-06	-28.02239	-28.02239	198600	-2.6623407e-08	35.340332	-0.0067529706	-2.5312157	0.0027681587	0.0	131.91754364967346
331	-28.594572	6.394559	-19.720676	-45.741592	25.869566	-26.40463	1.9073486e-06	-26.404629	-26.404629	199200	-4.9273172e-08	44.45438	-0.018101055	-4.485588	0.006944184	1.0	132.35879397392273
332	-26.182045	5.9154925	-18.448542	-37.925205	26.136364	-28.554913	0.0	-28.554913	-28.554913	199800	8.3843865e-08	38.804638	-0.013776281	-5.1305084	0.008474829	0.0	132.73888087272644
333	-28.915453	6.2892113	-20.126177	-41.610672	26.086956	-26.260563	3.8146973e-06	-26.260567	-26.260567	200400	3.9339067e-08	46.50201	-0.012744243	-6.938301	0.008973747	0.0	133.1052269935608
334	-27.815207	5.238312	-18.642307	-37.058033	26.086956	-28.915524	0.0	-28.915524	-28.915524	201000	-1.0331472e-08	28.507208	-0.0056002196	-1.2526608	0.0082270475	0.0	133.45472621917725
335	-27.765461	5.6290436	-17.003963	-38.275433	26.136364	-27.784498	1.9073486e-06	-27.7845	-27.7845	201600	-7.688999e-08	30.105944	-0.01011135	-0.0006828308	0.007010922	0.0	133.8175814151764
336	-27.569788	4.4181333	-20.287395	-38.72332	26.086956	-27.758177	5.722046e-06	-27.758171	-27.758171	202200	-1.04904174e-07	19.74824	-0.015885662	-0.029565811	0.009395442	0.0	134.2346408367157
337	-27.73109	7.7887797	-18.588108	-46.01174	26.0	-27.58317	0.0	-27.58317	-27.58317	202800	8.940697e-09	59.876537	-0.015636155	-0.009960175	0.0077554765	1.0	134.5948395729065
338	-25.965914	6.751555	-18.695913	-46.568584	26.086956	-27.684847	1.9073486e-06	-27.684845	-27.684845	203400	-2.7815501e-08	47.862167	-0.012066554	-3.0540543	0.009603513	0.0	134.95034670829773
339	-28.606833	6.740947	-19.992868	-45.68405	26.043478	-25.903156	1.9073486e-06	-25.903158	-25.903158	204000	1.15633014e-07	51.65381	-0.020378109	-7.0528564	0.009069357	0.0	135.32174062728882
340	-29.771599	5.2156224	-21.824026	-41.16304	26.043478	-28.601171	3.8146973e-06	-28.601168	-28.601168	204600	-7.053216e-08	28.458593	-0.0067626904	-1.3611584	0.009325072	0.0	135.9838285446167
341	-27.239399	6.6515293	-20.022577	-42.580326	25.869566	-29.78839	0.0	-29.78839	-29.78839	205200	-2.0464261e-08	50.356678	-0.015642228	-6.5533333	0.009676831	0.0	136.33328676223755
342	-26.926487	5.417787	-19.350256	-43.103386	26.0	-27.193056	3.8146973e-06	-27.19306	-27.19306	205800	-2.026558e-08	28.92608	-0.019358372	-0.08392906	0.008504857	0.0	136.70520877838135
343	-29.542133	6.5287623	-18.56542	-44.586563	25.956522	-26.89842	1.9073486e-06	-26.898418	-26.898418	206400	-1.7285348e-07	48.97071	-0.015212484	-6.696636	0.0077986033	1.0	137.1235146522522
344	-26.744959	5.8663583	-18.172964	-37.431892	26.043478	-29.519697	0.0	-29.519697	-29.519697	207000	-1.4503797e-07	42.054276	-0.01411323	-7.592922	0.008751087	0.0	137.47126841545105
345	-29.582905	6.8875995	-20.312693	-46.84362	26.136364	-26.74484	5.722046e-06	-26.744835	-26.744835	207600	1.7881394e-08	52.201706	-0.019051846	-7.0511055	0.007349402	1.0	137.83278012275696
346	-27.764467	6.3497934	-19.588074	-41.65879	26.086956	-29.403126	0.0	-29.403126	-29.403126	208200	-2.1855037e-08	43.207573	-0.017593207	-2.5868683	0.008600458	0.0	138.22668862342834
347	-28.75044	8.099583	-16.936007	-45.20224	26.181818	-27.791334	3.8146973e-06	-27.79133	-27.79133	208800	-1.2675922e-07	63.563686	-0.018405458	-0.8549957	0.009096422	0.0	138.6048927307129
348	-26.325249	5.438341	-17.509064	-40.000786	26.0	-28.721752	0.0	-28.721752	-28.721752	209400	9.059906e-08	34.91748	-0.011929565	-5.939987	0.0066157957	1.0	138.95984840393066
349	-27.92816	5.3195033	-19.046131	-41.480495	26.181818	-26.278227	5.722046e-06	-26.278221	-26.278221	210000	-8.1857046e-08	29.697197	-0.014905555	-2.5167046	0.008185868	0.0	139.327495098114
350	-29.509506	6.1082034	-17.146317	-43.42917	25.956522	-27.87056	1.9073486e-06	-27.870558	-27.870558	210600	1.2348096e-07	39.093033	-0.008816991	-2.4780846	0.006339902	1.0	140.02030563354492
351	-27.585463	5.7683897	-20.527914	-40.798054	26.181818	-29.453587	1.9073486e-06	-29.453588	-29.453588	211200	2.880891e-08	35.249596	-0.012383263	-3.2791328	0.007005756	1.0	140.39685344696045
352	-23.517176	4.2734456	-17.510473	-35.04705	26.09091	-27.632595	1.9073486e-06	-27.632593	-27.632593	211800	-2.4398167e-07	33.53652	-0.007715835	-15.614283	0.005731313	0.0	140.88167238235474
353	-28.672026	6.6657605	-20.039602	-46.398495	26.227272	-23.738356	0.0	-23.738356	-23.738356	212400	7.222096e-08	65.709145	-0.0112398155	-22.173073	0.0070326845	0.0	141.2427098751068
354	-26.002922	4.7143807	-18.825134	-37.165493	26.136364	-28.199947	1.9073486e-06	-28.199945	-28.199945	213000	-1.2427569e-07	25.663113	-0.013781001	-4.446333	0.008660446	0.0	141.6183636188507
355	-27.131567	6.8013315	-17.326946	-41.063393	26.0	-26.21927	0.0	-26.21927	-26.21927	213600	9.735425e-08	46.756107	-0.009485555	-0.8067856	0.00744265	1.0	142.03783512115479
356	-25.162708	4.35373	-17.825502	-34.25648	26.136364	-27.069399	1.9073486e-06	-27.0694	-27.0694	214200	-1.7086665e-08	21.605474	-0.015808119	-3.2387123	0.008820761	0.0	142.41968297958374
357	-26.880152	6.534812	-17.125423	-41.389782	26.181818	-25.351171	1.9073486e-06	-25.351173	-25.351173	214800	3.0199686e-08	43.42313	-0.0117229605	-2.2769241	0.006801227	1.0	142.7960295677185
358	-27.222643	5.947078	-18.137983	-38.310547	25.956522	-26.797237	3.8146973e-06	-26.797234	-26.797234	215400	1.4702479e-08	35.093163	-0.014512311	-0.14826202	0.00950277	0.0	143.17029190063477
359	-28.598879	7.558195	-20.247404	-46.70939	26.136364	-27.17291	0.0	-27.17291	-27.17291	216000	-3.1789145e-09	57.22705	-0.017818158	-1.9492912	0.008813693	0.0	143.55063128471375
360	-26.0511	4.8136578	-19.782875	-38.362762	26.181818	-28.534193	1.9073486e-06	-28.534195	-28.534195	216600	1.07288365e-08	28.180899	-0.005170564	-5.5104046	0.0021939434	0.0	144.3027467727661
361	-26.075638	5.117452	-17.629719	-40.240314	26.0	-26.252975	0.0	-26.252975	-26.252975	217200	-5.8412553e-08	25.787933	-0.013936	-0.039548874	0.007636346	0.0	144.75921964645386
362	-29.51725	5.3079305	-19.539043	-40.237568	26.136364	-26.05559	1.9073486e-06	-26.055592	-26.055592	217800	7.172426e-08	38.25266	-0.008497561	-11.008522	0.004267797	0.0	145.12308168411255
363	-28.187162	5.970214	-19.488476	-40.2439	26.043478	-29.266146	1.9073486e-06	-29.266144	-29.266144	218400	2.582868e-08	36.454437	-0.010981767	-1.1946487	0.006528124	1.0	145.73990106582642
364	-29.861614	6.8207235	-20.809929	-40.8942	25.826086	-28.20746	3.8146973e-06	-28.207464	-28.207464	219000	1.9868216e-08	48.527866	-0.015367661	-2.5487976	0.006421794	0.0	146.26022577285767
365	-31.053905	6.6727743	-19.149403	-44.167896	26.0	-29.7644	0.0	-29.7644	-29.7644	219600	-3.7749608e-08	45.762566	-0.01498929	-1.60392	0.00854196	0.0	146.79184675216675
366	-27.296484	5.3087897	-18.63688	-40.042015	26.0	-31.008595	0.0	-31.008595	-31.008595	220200	1.9073486e-08	41.953323	-0.014825579	-13.631012	0.009972019	0.0	147.43632459640503
367	-28.265545	5.4638076	-17.731415	-36.661488	25.956522	-27.45384	1.9073486e-06	-27.453842	-27.453842	220800	-2.2550424e-08	30.091581	-0.018233953	-0.5904522	0.009201506	0.0	147.90002346038818
368	-28.878805	6.5692973	-17.961218	-43.486927	26.043478	-28.192944	1.9073486e-06	-28.192945	-28.192945	221400	2.3841857e-09	43.578342	-0.014711351	-0.46269226	0.008402905	0.0	148.3860580921173
369	-27.10325	7.3631325	-18.350122	-45.471622	25.956522	-28.858496	0.0	-28.858496	-28.858496	222000	1.5656154e-07	56.494244	-0.018418381	-3.1879463	0.009166211	0.0	148.7743468284607
370	-28.955343	6.2394543	-18.916393	-38.526615	25.826086	-27.110777	1.9073486e-06	-27.110775	-27.110775	222600	-2.1457672e-07	41.578796	-0.0046429513	-3.1552658	0.0099826595	0.0	149.49362301826477
371	-29.196955	5.373634	-20.803896	-41.617188	25.956522	-28.851673	1.9073486e-06	-28.851675	-28.851675	223200	2.1417935e-07	28.973516	-0.0148152765	-0.12083435	0.008420539	0.0	149.88599252700806
372	-25.495106	6.223496	-17.774893	-40.351555	25.956522	-29.196507	0.0	-29.196507	-29.196507	223800	-2.0662944e-07	52.325424	-0.0014269797	-13.534103	0.0025802641	0.0	150.28053641319275
373	-28.487574	4.660251	-20.128464	-38.03789	25.869566	-25.625456	5.722046e-06	-25.62545	-25.62545	224400	6.536643e-08	29.577038	-0.0059328116	-7.993067	0.0051690936	0.0	150.6731915473938
374	-28.119617	8.065764	-17.019575	-49.683414	25.913044	-28.338896	1.9073486e-06	-28.338894	-28.338894	225000	-1.16825106e-07	64.46967	-0.009253804	-0.063819885	0.006212743	0.0	151.0381190776825
375	-29.456387	6.472516	-21.520761	-41.806503	25.956522	-28.09836	1.9073486e-06	-28.098362	-28.098362	225600	0.0	43.269077	-0.010480793	-1.7648926	0.00854913	0.0	151.39083886146545
376	-29.326689	5.0852923	-19.02447	-38.000008	26.136364	-29.39319	3.8146973e-06	-29.393194	-29.393194	226200	7.3512396e-08	24.811739	-0.008794131	-0.0011310577	0.007655623	0.0	151.76790165901184
377	-25.406298	5.18006	-16.898531	-35.36278	26.0	-29.361433	1.9073486e-06	-29.361431	-29.361431	226800	3.1789145e-09	42.320496	-0.0034979486	-15.52033	0.0084161805	0.0	152.13605284690857
378	-26.568089	5.6021934	-18.005602	-40.10292	26.043478	-25.571732	1.9073486e-06	-25.571733	-25.571733	227400	-9.23872e-09	32.838264	-0.013683328	-1.0823593	0.00864543	0.0	152.56125020980835
379	-27.903145	6.150309	-16.689947	-38.63238	26.043478	-26.571026	1.9073486e-06	-26.571024	-26.571024	228000	-9.477139e-08	39.90547	-0.011934102	-1.8657722	0.009456992	0.0	152.94605135917664
380	-25.542147	4.146705	-17.200994	-33.711075	26.0	-27.900019	1.9073486e-06	-27.90002	-27.90002	228600	-4.371007e-09	22.731045	-0.007289572	-5.482809	0.0030797333	0.0	153.79454469680786
381	-26.590492	5.8731136	-17.502283	-37.583233	26.136364	-25.631	1.9073486e-06	-25.631002	-25.631002	229200	6.67572e-08	34.5046	-0.014137799	-0.9704704	0.006199651	0.0	154.1682002544403
382	-27.46788	5.659311	-20.298378	-39.51695	25.826086	-26.589512	1.9073486e-06	-26.589514	-26.589514	229800	1.1920929e-08	31.801628	-0.014438913	-0.6395283	0.009636992	0.0	154.74436044692993
383	-26.175352	4.422231	-18.790565	-36.83791	26.0	-27.376543	3.8146973e-06	-27.376547	-27.376547	230400	-5.8809917e-08	20.780474	-0.0072095795	-1.4736118	0.00382139	0.0	155.13432002067566
384	-27.849785	6.5231085	-17.822422	-40.225605	26.227272	-26.177738	0.0	-26.177738	-26.177738	231000	-2.1457673e-08	44.03519	-0.010716088	-2.76342	0.009735133	0.0	155.50366473197937
385	-30.126743	6.6168623	-18.184448	-43.574894	26.0	-27.823086	1.9073486e-06	-27.823084	-27.823084	231600	-7.90755e-08	48.732197	-0.0129537415	-5.2199936	0.0069702007	1.0	155.89465475082397
386	-27.562841	4.085736	-18.270948	-36.840828	25.956522	-30.081194	1.9073486e-06	-30.081196	-30.081196	232200	-5.066395e-08	22.975615	-0.01841774	-6.2941437	0.0067541767	1.0	156.27689146995544
387	-26.907272	6.5233526	-19.013723	-44.97839	26.0	-27.615839	0.0	-27.615839	-27.615839	232800	-9.8546344e-08	43.139435	-0.022968896	-0.4954338	0.009107728	0.0	156.63876962661743
388	-27.600456	5.912924	-19.502382	-39.472992	26.227272	-26.917814	0.0	-26.917814	-26.917814	233400	-1.04109446e-07	34.597733	-0.009572944	-0.53943634	0.009511844	0.0	157.00312519073486
389	-27.762192	5.3449616	-18.729107	-40.162636	26.086956	-27.648727	1.9073486e-06	-27.648726	-27.648726	234000	9.894371e-08	28.57905	-0.018300073	-0.016777039	0.0066103716	1.0	157.365051984787
390	-24.4639	4.993735	-19.344547	-39.949253	26.0	-27.778717	3.8146973e-06	-27.778713	-27.778713	234600	9.298324e-08	35.596424	-0.017746972	-10.995459	0.009915903	0.0	158.0649218559265
391	-27.085653	6.138484	-16.867685	-39.354057	26.0	-24.49779	1.9073486e-06	-24.497791	-24.497791	235200	-1.847744e-08	44.071564	-0.012687458	-6.6130447	0.00928368	0.0	158.4166121482849
392	-25.458807	5.038997	-16.886242	-36.14059	26.086956	-27.024721	1.9073486e-06	-27.024723	-27.024723	235800	2.503395e-08	27.678982	-0.0051265787	-2.435629	0.009100373	0.0	158.78193879127502
393	-27.746868	5.1325893	-19.204454	-36.911293	26.227272	-25.48811	1.9073486e-06	-25.488108	-25.488108	236400	-2.1080176e-07	30.428171	-0.011362225	-4.845257	0.0069940104	1.0	159.1469235420227
394	-25.823494	4.6732564	-18.572523	-36.61369	26.0	-27.653347	3.8146973e-06	-27.653343	-27.653343	237000	2.7338663e-07	25.103695	-0.010225822	-3.325203	0.0061518485	0.0	159.50839757919312
395	-24.842056	4.917832	-17.549896	-36.593693	26.0	-25.858538	1.9073486e-06	-25.858536	-25.858536	237600	1.7046928e-07	25.23195	-0.012628565	-1.0154629	0.008543597	0.0	159.87320756912231
396	-24.823784	4.9961925	-18.281427	-41.5236	26.09091	-24.859257	1.9073486e-06	-24.859259	-24.859259	238200	4.7683717e-08	24.290417	-0.014053644	0.0	0.00850209	0.0	160.23046612739563
397	-25.69127	5.1236143	-18.748114	-35.507183	25.956522	-24.859846	0.0	-24.859846	-24.859846	238800	2.9961268e-07	26.781443	-0.01399898	-0.66913414	0.008546063	0.0	160.60436010360718
398	-25.961292	5.021835	-18.998997	-38.782223	26.086956	-25.679913	1.9073486e-06	-25.67991	-25.67991	239400	1.5497207e-07	25.139902	-0.009543689	-0.07989502	0.0065529593	1.0	160.99034333229065
399	-27.612062	6.490129	-17.61989	-41.98952	26.0	-25.964827	0.0	-25.964827	-25.964827	240000	8.662542e-08	45.041916	-0.014330451	-2.7464066	0.009193673	0.0	161.3516709804535
400	-26.11394	4.819418	-16.904318	-35.97587	25.869566	-27.636448	1.9073486e-06	-27.63645	-27.63645	240600	-1.5536943e-07	25.331293	-0.014910576	-2.363165	0.008817041	0.0	162.02599430084229
401	-26.18114	6.067035	-17.655638	-39.22262	25.869566	-26.083984	0.0	-26.083984	-26.083984	241200	2.1060307e-08	36.06534	-0.014583903	-0.0018348694	0.008626103	0.0	162.3673620223999
402	-26.790583	4.7236447	-17.96812	-37.329025	25.826086	-26.127071	3.8146973e-06	-26.127068	-26.127068	241800	2.65042e-07	22.40611	-0.01291846	-0.40318298	0.00730385	0.0	162.70440459251404
403	-27.000042	6.1543107	-18.796541	-40.631077	25.913044	-26.772738	3.8146973e-06	-26.772741	-26.772741	242400	-9.338061e-08	37.81238	-0.0112771485	-0.049705505	0.008556515	0.0	163.07038640975952
404	-25.669994	5.4154015	-17.586187	-39.16165	25.869566	-27.000013	0.0	-27.000013	-27.000013	243000	-1.8278757e-07	30.550299	-0.0061575994	-1.8795567	0.0061690346	0.0	163.43757271766663
405	-25.863989	4.8315344	-18.783632	-37.11912	25.913044	-25.6019	3.8146973e-06	-25.601904	-25.601904	243600	3.8643677e-07	23.100725	-0.0021195903	-0.055223465	0.0072887326	0.0	163.80910754203796
406	-27.175432	5.2848077	-18.325338	-36.616592	26.136364	-25.841764	3.8146973e-06	-25.84176	-25.84176	244200	4.5677027e-07	28.615631	-0.007136662	-1.7084236	0.0077412035	0.0	164.1699194908142
407	-28.104198	6.475053	-18.481783	-41.97692	25.913044	-27.176739	0.0	-27.176739	-27.176739	244800	1.9043684e-07	42.482967	-0.018872838	-0.8005829	0.008683836	0.0	164.54269242286682
408	-27.952387	5.835332	-18.171131	-39.003063	25.782608	-28.091038	1.9073486e-06	-28.09104	-28.09104	245400	3.4213065e-07	33.635105	-0.013578655	-0.026203156	0.0064278888	1.0	164.91114473342896
409	-26.046108	5.834418	-17.01263	-37.021297	26.0	-27.925932	5.722046e-06	-27.925926	-27.925926	246000	2.8292337e-07	37.642395	-0.0063240775	-3.3740044	0.008914148	0.0	165.2643506526947
410	-24.606628	4.434511	-18.350548	-33.05322	25.869566	-26.049961	3.8146973e-06	-26.049965	-26.049965	246600	-7.1326895e-08	21.625189	-0.01561644	-2.05204	0.007868618	0.0	165.94322109222412
411	-27.032497	4.795033	-18.304205	-38.294647	26.0	-24.586487	3.8146973e-06	-24.58649	-24.58649	247200	1.0371208e-07	29.018383	-0.010712672	-5.96908	0.0052442094	0.0	166.30142092704773
412	-26.33311	6.6790032	-17.372456	-39.73492	25.782608	-27.080685	1.9073486e-06	-27.080687	-27.080687	247800	1.39077505e-08	44.312355	-0.0089670615	-0.6714401	0.009867654	0.0	166.6732141971588
413	-26.907478	6.1467957	-19.464075	-42.82603	25.913044	-26.243938	0.0	-26.243938	-26.243938	248400	1.7484028e-08	38.559937	-0.010515672	-0.49485016	0.006944599	0.0	167.02686858177185
414	-28.396965	6.0496044	-18.775217	-39.71498	25.956522	-26.96228	0.0	-26.96228	-26.96228	249000	-1.2656052e-07	38.491585	-0.011231622	-2.017952	0.0063940464	1.0	167.37454462051392
415	-25.946636	5.914124	-19.113012	-39.87604	25.956522	-28.413069	1.9073486e-06	-28.41307	-28.41307	249600	1.3550122e-07	41.222054	-0.010446631	-5.8707237	0.008077478	0.0	167.72482752799988
416	-26.122986	5.524802	-18.468452	-39.13107	25.913044	-25.939228	1.9073486e-06	-25.93923	-25.93923	250200	6.9538753e-09	30.121614	-0.011558288	-0.024147034	0.008038252	0.0	168.07442331314087
417	-27.888138	6.044468	-18.937521	-40.192253	26.0	-26.097569	1.9073486e-06	-26.09757	-26.09757	250800	1.0371208e-07	39.647827	-0.010692601	-3.2112007	0.00983532	0.0	168.427264213562
418	-27.446037	5.240346	-17.199934	-37.884697	25.869566	-27.927885	3.8146973e-06	-27.927881	-27.927881	251400	-1.4066696e-07	27.462057	-0.01401992	-0.24728394	0.009898527	0.0	168.77484822273254
419	-27.666471	6.1116834	-17.483109	-42.501293	25.869566	-27.420471	0.0	-27.420471	-27.420471	252000	2.5272368e-07	37.457794	-0.014139563	-0.056869507	0.00932247	0.0	169.1175193786621
420	-25.35854	5.1873693	-16.506565	-36.979847	25.956522	-27.66357	1.9073486e-06	-27.663568	-27.663568	252600	2.3365021e-07	31.949224	-0.012823423	-5.385376	0.007147968	1.0	169.82100582122803
421	-26.502335	5.5514255	-18.8173	-37.5094	25.869566	-25.294374	1.9073486e-06	-25.294376	-25.294376	253200	1.001358e-07	32.105724	-0.016563741	-1.4202747	0.007678548	0.0	170.1773555278778
422	-26.486143	5.311034	-17.070618	-37.90404	25.782608	-26.510649	1.9073486e-06	-26.510647	-26.510647	253800	3.0001004e-08	27.661325	-0.015129369	-0.0047016144	0.00879933	0.0	170.53303170204163
423	-27.346897	5.5067763	-18.291002	-41.91295	25.913044	-26.441103	5.722046e-06	-26.441109	-26.441109	254400	1.2954077e-07	30.643522	-0.0087707555	-0.79253197	0.0035463497	0.0	170.88397336006165
424	-27.480177	4.337613	-17.867474	-36.41416	25.826086	-27.348099	1.9073486e-06	-27.3481	-27.3481	255000	-1.2159347e-07	18.657532	-0.013962163	-0.015487671	0.009531707	0.0	171.22993564605713
425	-27.935966	4.9115596	-17.958393	-39.170105	25.913044	-27.474941	3.8146973e-06	-27.474937	-27.474937	255600	5.6028366e-08	24.061731	-0.0061012725	-0.19711304	0.009552769	0.0	171.58414006233215
426	-24.742004	5.706655	-17.575294	-37.600037	26.043478	-27.925335	1.9073486e-06	-27.925333	-27.925333	256200	-1.2795131e-07	42.69853	-0.011748411	-10.0222435	0.009188618	0.0	171.95936608314514
427	-29.745144	5.901899	-18.762405	-39.988544	25.73913	-24.695381	0.0	-24.695381	-24.695381	256800	7.460515e-08	58.679317	-0.013493404	-24.158321	0.009862771	0.0	172.32749390602112
428	-28.342367	6.58953	-18.175985	-42.409107	25.652174	-29.631624	1.9073486e-06	-29.631626	-29.631626	257400	7.18236e-08	44.22871	-0.012004402	-1.8531303	0.0092215715	0.0	172.71303343772888
429	-26.63415	5.8562636	-18.03594	-38.488365	25.913044	-28.263151	5.722046e-06	-28.263145	-28.263145	258000	-3.3775965e-08	36.590847	-0.008198322	-2.7175522	0.0074959407	0.0	173.07222318649292
430	-28.515339	6.0276384	-17.712297	-42.22194	25.695652	-26.603456	5.722046e-06	-26.603462	-26.603462	258600	1.5258789e-07	38.798634	-0.015266819	-3.2518349	0.009367071	0.0	173.7838225364685
431	-27.761707	4.72278	-18.36165	-37.664772	26.043478	-28.419004	3.8146973e-06	-28.419	-28.419	259200	4.6888988e-07	22.764921	-0.016707152	-0.414711	0.008912653	0.0	174.153981924057
432	-27.80066	6.246568	-16.987896	-43.54257	25.913044	-27.76807	3.8146973e-06	-27.768074	-27.768074	259800	-1.07288365e-08	38.563904	-0.013389694	-1.5258789e-05	0.0077831983	0.0	174.63381433486938
433	-28.191452	4.793306	-20.362991	-41.024944	25.826086	-27.770176	3.8146973e-06	-27.77018	-27.77018	260400	2.0225843e-07	22.856031	-0.011482223	-0.16235352	0.0070501957	1.0	174.99531054496765
434	-28.37209	5.4991646	-19.277946	-39.125587	26.0	-28.180235	0.0	-28.180235	-28.180235	261000	-2.014637e-07	29.85872	-0.015173441	-0.02848053	0.009132683	0.0	175.50969123840332
435	-28.168072	5.756476	-17.773003	-37.005455	25.913044	-28.3524	1.9073486e-06	-28.352398	-28.352398	261600	-9.934107e-08	33.062546	-0.017564995	-0.033016205	0.009380192	0.0	175.87463808059692
436	-27.78184	6.1583385	-19.245453	-38.883446	25.913044	-28.166807	1.9073486e-06	-28.166805	-28.166805	262200	3.7620464e-07	37.471184	-0.026928967	-0.18064117	0.009443015	0.0	176.23616886138916
437	-27.244719	5.453125	-19.48213	-42.235195	25.913044	-27.732533	0.0	-27.732533	-27.732533	262800	-2.9802322e-10	30.09369	-0.013702421	-0.22541046	0.007870606	0.0	176.5912754535675
438	-26.60938	5.9099	-17.85604	-41.02102	25.782608	-27.247469	5.722046e-06	-27.247475	-27.247475	263400	2.0523866e-07	34.45142	-0.008855255	-0.48553848	0.007932582	0.0	176.95923829078674
439	-27.207207	6.310274	-18.280113	-43.38256	26.086956	-26.536057	0.0	-26.536057	-26.536057	264000	5.8412553e-08	40.840294	-0.016958814	-0.52557373	0.008402551	0.0	177.32704162597656
440	-25.653225	4.2248907	-17.457792	-34.899963	26.043478	-27.275114	1.9073486e-06	-27.275112	-27.275112	264600	1.4334917e-07	20.398962	-0.011081914	-2.6222916	0.008512931	0.0	178.07400226593018
441	-26.498426	4.6788464	-18.075676	-34.783993	25.782608	-25.623964	5.722046e-06	-25.62397	-25.62397	265200	-9.0201695e-08	22.484196	-0.008343278	-0.7216034	0.006414813	1.0	178.43652367591858
442	-27.948261	5.3269224	-20.74383	-38.714832	25.956522	-26.488909	0.0	-26.488909	-26.488909	265800	1.9868216e-08	29.950302	-0.016014345	-2.0181274	0.006155881	0.0	178.84000778198242
443	-28.786648	6.6942787	-17.429754	-41.390343	25.73913	-27.936214	3.8146973e-06	-27.93621	-27.93621	266400	-1.4245511e-07	44.340443	-0.019260759	-0.5766487	0.009497894	0.0	179.4047348499298
444	-29.695637	7.586377	-17.46023	-44.167896	26.0	-28.709179	1.9073486e-06	-28.70918	-28.70918	267000	1.291434e-08	58.8584	-0.021761406	-1.0203056	0.008298588	0.0	179.95070266723633
445	-25.676424	5.0558906	-17.355293	-35.60733	26.0	-29.735716	0.0	-29.735716	-29.735716	267600	2.769629e-07	41.995358	-0.019212024	-16.211744	0.009342497	0.0	180.58664512634277
446	-28.366245	5.325288	-21.130697	-44.08867	25.913044	-25.63232	3.8146973e-06	-25.632317	-25.632317	268200	1.8676122e-08	35.07829	-0.014814675	-7.2058144	0.009577454	0.0	181.05527782440186
447	-24.566502	4.5475316	-17.758389	-34.14224	26.0	-28.360859	1.9073486e-06	-28.36086	-28.36086	268800	1.513958e-07	35.03174	-0.0090116095	-14.1964855	0.008874489	0.0	181.47805857658386
448	-24.986073	6.057844	-17.067307	-37.321087	26.086956	-24.585203	1.9073486e-06	-24.585201	-24.585201	269400	-2.8192997e-07	37.0954	-0.013387002	-0.18782806	0.008517784	0.0	181.84874320030212
449	-26.636183	3.8894012	-20.940266	-36.70586	25.956522	-25.02099	1.9073486e-06	-25.020988	-25.020988	270000	-2.3762385e-07	17.503685	-0.021060279	-2.5481758	0.007987935	0.0	182.20981097221375
450	-26.316874	6.67496	-17.876963	-43.575043	25.869566	-26.629791	0.0	-26.629791	-26.629791	270600	-8.34465e-08	43.498463	-0.010865728	-0.1387558	0.008258017	0.0	183.15646934509277
451	-28.737097	6.9069486	-20.712234	-42.77986	25.695652	-26.252857	1.9073486e-06	-26.25286	-26.25286	271200	2.0861625e-08	51.959396	-0.007886776	-5.4746933	0.008470346	0.0	183.52953433990479
452	-28.701427	6.2949953	-17.342205	-41.8373	25.869566	-28.613955	3.8146973e-06	-28.613958	-28.613958	271800	2.880891e-08	38.797768	-0.02871532	-0.0020751953	0.009726372	0.0	183.8784899711609
453	-27.930082	8.265501	-18.00312	-46.32826	25.73913	-28.66	1.9073486e-06	-28.660002	-28.660002	272400	8.463859e-08	67.06072	-0.016738912	-0.712204	0.009189977	0.0	184.22759008407593
454	-26.05159	6.38491	-18.106785	-38.529816	25.913044	-27.80261	5.722046e-06	-27.802605	-27.802605	273000	2.0325184e-07	43.485775	-0.01326262	-3.1216927	0.0064515597	1.0	184.57791304588318
455	-24.664597	5.8633504	-17.65983	-38.94495	25.956522	-26.007875	0.0	-26.007875	-26.007875	273600	-7.152557e-09	36.26053	-0.006736075	-1.7701454	0.007853631	0.0	184.9462492465973
456	-24.79917	5.0333924	-17.706232	-36.71159	25.913044	-24.654753	1.9073486e-06	-24.65475	-24.65475	274200	4.4107438e-08	24.832308	-0.016323172	-0.010967255	0.006217909	0.0	185.30502080917358
457	-25.785006	5.0883055	-17.803959	-34.70934	25.869566	-24.761507	1.9073486e-06	-24.761509	-24.761509	274800	-3.0199686e-07	26.669563	-0.007899932	-1.0108433	0.006006912	0.0	185.67561531066895
458	-29.10623	4.49044	-21.414589	-39.55797	25.782608	-25.787489	1.9073486e-06	-25.787487	-25.787487	275400	-2.2848447e-08	30.878971	-0.010456465	-10.719353	0.008489722	0.0	186.02483820915222
459	-27.875935	6.644306	-17.638882	-44.746193	26.086956	-29.105299	1.9073486e-06	-29.1053	-29.1053	276000	-1.3525288e-07	46.00678	-0.016524298	-1.3448944	0.008092699	0.0	186.3816020488739
460	-25.967665	6.263835	-17.830084	-40.443714	26.043478	-27.927753	1.9073486e-06	-27.927752	-27.927752	276600	-2.0742416e-07	43.247635	-0.0098134475	-3.6670036	0.007936302	0.0	187.0943820476532
461	-28.092028	6.988895	-17.592968	-41.57594	25.695652	-25.984722	1.9073486e-06	-25.98472	-25.98472	277200	9.278456e-08	52.022957	-0.0109592145	-3.9934921	0.009051655	0.0	187.46808242797852
462	-30.119257	4.9250836	-22.182074	-40.75277	26.0	-28.010286	3.8146973e-06	-28.01029	-28.01029	277800	-2.8014183e-08	28.626345	-0.014586821	-4.390583	0.008463499	0.0	187.84288787841797
463	-23.753344	6.4216595	-17.193071	-42.444588	25.913044	-30.130983	3.8146973e-06	-30.130987	-30.130987	278400	3.0398368e-07	81.17618	-0.011331908	-40.776237	0.008770436	0.0	188.23372435569763
464	-26.675163	6.9206276	-17.373367	-40.375053	25.782608	-24.092714	1.9073486e-06	-24.092716	-24.092716	279000	4.2319297e-08	52.68959	-0.014210376	-6.0005684	0.00938353	0.0	188.5638782978058
465	-29.416641	6.1240387	-18.2574	-40.73319	25.869566	-26.365202	5.722046e-06	-26.365196	-26.365196	279600	1.8080076e-08	46.10334	-0.0162637	-8.934681	0.0063142655	1.0	188.92997908592224
466	-26.096172	4.937372	-17.74305	-36.313087	25.956522	-29.1457	0.0	-29.1457	-29.1457	280200	-2.2530556e-07	33.49122	-0.004339048	-9.206972	0.0042415545	0.0	189.36611914634705
467	-25.780869	4.849004	-18.657066	-34.85827	26.0	-26.369738	3.8146973e-06	-26.369741	-26.369741	280800	-2.5351844e-07	23.872108	-0.01280344	-0.31142235	0.008863339	0.0	189.8568286895752
468	-27.502909	5.531197	-18.45335	-40.081554	25.869566	-25.840668	0.0	-25.840668	-25.840668	281400	-1.6927719e-07	33.021915	-0.011051657	-2.689272	0.009267841	0.0	190.25235223770142
469	-28.149054	6.503192	-17.786192	-45.52007	25.73913	-27.369675	0.0	-27.369675	-27.369675	282000	-5.1259995e-08	43.077957	-0.013956959	-0.6273918	0.0069946772	1.0	190.62872004508972
470	-26.967916	4.9257927	-17.353191	-37.124176	25.73913	-28.121061	3.8146973e-06	-28.121058	-28.121058	282600	1.39077505e-08	25.481316	-0.015327067	-1.344183	0.008840802	0.0	191.38963103294373
471	-26.112013	6.014462	-17.260372	-42.63068	25.956522	-27.020817	1.9073486e-06	-27.020819	-27.020819	283200	-1.4483929e-07	36.545433	-0.017483912	-0.820961	0.007255553	1.0	191.76641607284546
472	-25.26715	4.0857515	-18.108679	-32.641613	25.913044	-26.149593	1.9073486e-06	-26.149591	-26.149591	283800	9.139379e-08	17.3655	-0.012472008	-0.7933483	0.0071480353	1.0	192.13288044929504
473	-25.774195	5.8978815	-18.176813	-39.672844	25.826086	-25.28692	1.9073486e-06	-25.286919	-25.286919	284400	3.2583873e-08	34.574673	-0.010498739	-0.21512985	0.008557628	0.0	192.4871861934662
474	-27.32318	4.987827	-20.43328	-37.208454	25.826086	-25.73837	1.9073486e-06	-25.738369	-25.738369	285000	2.7457872e-07	26.945654	-0.0054558837	-2.3596478	0.004577729	0.0	192.86098766326904
475	-27.00543	6.7024064	-17.618877	-41.23711	25.826086	-27.243713	0.0	-27.243713	-27.243713	285600	-1.8954277e-07	44.80345	-0.023613438	-0.061511993	0.009389037	0.0	193.23248147964478
476	-31.109898	5.849309	-19.294632	-41.709908	25.782608	-26.99995	1.9073486e-06	-26.999952	-26.999952	286200	1.3152759e-07	50.586933	-0.009020367	-16.469734	0.009695728	0.0	193.58274126052856
477	-28.969584	6.381635	-19.847635	-40.881973	25.608696	-30.912247	3.8146973e-06	-30.912243	-30.912243	286800	-3.2981237e-08	43.822277	-0.009823836	-3.9650116	0.009735294	0.0	193.95890378952026
478	-27.204256	6.050306	-16.947239	-44.400654	25.73913	-29.00217	1.9073486e-06	-29.002172	-29.002172	287400	1.8636386e-07	39.40418	-0.012740587	-3.2301407	0.00867058	0.0	194.35764694213867
479	-28.325724	5.9339113	-18.512756	-39.015003	25.608696	-27.26422	5.722046e-06	-27.264214	-27.264214	288000	3.6557516e-08	35.225685	-0.01978719	-0.93223953	0.008841724	0.0	194.83601474761963
480	-28.550447	6.1920733	-19.433876	-41.118782	25.608696	-28.200413	3.8146973e-06	-28.200417	-28.200417	288600	1.3967355e-07	37.571815	-0.011626272	-0.07035446	0.0060403785	0.0	195.6461181640625
481	-29.0908	5.0821223	-20.483446	-36.80439	25.652174	-28.461523	1.9073486e-06	-28.461525	-28.461525	289200	1.0242065e-07	25.897503	-0.01357174	-0.37735558	0.0069616907	0.0	196.0450439453125
482	-27.117582	4.874684	-19.171125	-37.269844	25.782608	-29.06847	1.9073486e-06	-29.068472	-29.068472	289800	1.3589859e-07	27.143194	-0.020175386	-3.8130703	0.009884745	0.0	196.40723180770874
483	-27.378391	5.733282	-17.386478	-39.316284	25.913044	-27.138948	3.8146973e-06	-27.138952	-27.138952	290400	-9.57648e-08	32.876507	-0.009290581	-0.05568695	0.009889695	0.0	196.7846484184265
484	-26.745312	4.767786	-18.810375	-40.93069	25.652174	-27.372862	3.8146973e-06	-27.372858	-27.372858	291000	1.2874604e-07	22.506512	-0.016409889	-0.4458084	0.0070571676	1.0	197.1770601272583
485	-25.884346	6.8317122	-17.084217	-43.08771	26.0	-26.704775	3.8146973e-06	-26.704779	-26.704779	291600	-6.516775e-08	47.066044	-0.013201419	-0.6425438	0.008208743	0.0	197.53984022140503
486	-27.224907	6.029284	-18.446203	-40.107445	25.826086	-25.898743	0.0	-25.898743	-25.898743	292200	1.6053518e-07	37.25679	-0.014606526	-1.5830383	0.009926694	0.0	197.89913201332092
487	-25.8385	3.6674452	-18.411383	-38.23649	26.0	-27.167128	1.9073486e-06	-27.167126	-27.167126	292800	1.5874704e-07	15.36888	-0.011881208	-1.704339	0.009314081	0.0	198.25431370735168
488	-24.947449	4.4067645	-19.24075	-34.545097	25.869566	-25.848118	3.8146973e-06	-25.848122	-25.848122	293400	-1.792113e-07	19.914461	-0.02052538	-0.8680687	0.007825586	1.0	198.6086142063141
489	-26.669008	5.325135	-19.500856	-41.16276	25.913044	-24.903944	3.8146973e-06	-24.90394	-24.90394	294000	4.1047733e-07	30.799278	-0.019583216	-2.9536686	0.007319357	1.0	198.99449515342712
490	-27.411295	7.029722	-17.268278	-40.51885	25.73913	-26.645887	0.0	-26.645887	-26.645887	294600	3.1749408e-07	48.802605	-0.01855073	-0.45491028	0.0064550354	1.0	199.76490712165833
491	-27.635965	4.6351895	-18.031223	-34.94645	26.0	-27.331451	3.8146973e-06	-27.331448	-27.331448	295200	9.775162e-08	21.609701	-0.008389731	-0.09836006	0.008884576	0.0	200.29065370559692
492	-28.15952	5.614407	-17.379116	-36.06981	25.956522	-27.651045	1.9073486e-06	-27.651043	-27.651043	295800	2.0066897e-08	31.714401	-0.0069396435	-0.2551632	0.0072770324	0.0	200.62193179130554
493	-27.524895	6.8891315	-16.633682	-42.952618	25.782608	-28.166595	3.8146973e-06	-28.166592	-28.166592	296400	1.0460615e-07	47.281487	-0.0070083346	-0.46648407	0.0063903574	1.0	200.99389839172363
494	-26.367823	5.421451	-16.950655	-34.568222	25.956522	-27.469053	3.8146973e-06	-27.46905	-27.46905	297000	4.4008095e-07	30.533222	-0.018431006	-1.201477	0.0092308065	0.0	201.34751176834106
495	-27.659336	5.6552606	-18.332775	-38.513977	25.956522	-26.349209	3.8146973e-06	-26.349205	-26.349205	297600	-1.9232432e-07	33.734314	-0.011964985	-1.7290268	0.009092406	0.0	201.7041494846344
496	-26.384909	5.4590764	-17.06567	-37.90592	25.956522	-27.692259	1.9073486e-06	-27.692257	-27.692257	298200	-4.653136e-07	31.174555	-0.02560272	-1.756567	0.00894798	0.0	202.06225681304932
497	-27.820253	4.737323	-18.348804	-37.822075	25.826086	-26.338673	0.0	-26.338673	-26.338673	298800	-1.8954277e-07	24.132582	-0.01462412	-2.046564	0.00892558	0.0	202.4306378364563
498	-28.33007	6.5842733	-17.63015	-42.92359	25.869566	-27.799606	3.8146973e-06	-27.799603	-27.799603	299400	-1.4623006e-07	42.97254	-0.012832507	-0.23698807	0.007294116	0.0	202.78597211837769
499	-28.859118	6.277213	-17.747843	-42.680183	25.782608	-28.296967	5.722046e-06	-28.29696	-28.29696	300000	3.16302e-07	38.847935	-0.010586414	-0.24208069	0.006479613	1.0	203.55757927894592
