Epoch	AverageEpRet	StdEpRet	MaxEpRet	MinEpRet	EpLen	AverageVVals	StdVVals	MaxVVals	MinVVals	TotalEnvInteracts	LossPi	LossV	DeltaLossPi	DeltaLossV	KL	BacktrackIters	Time
0	-643.13214	197.65172	-211.48112	-878.4739	21.846153	0.5541573	0.77929705	1.4809327	-1.4225466	600	8.245309e-08	282967.53	-0.0191017	-5633.2812	0.0070057283	0.0	0.8045620918273926
1	-533.992	177.60997	-249.91516	-879.1432	29.65	-5.1123257	0.12624945	-4.385011	-5.1375775	1200	1.4662743e-07	258548.31	-0.029945225	-2666.8438	0.008073367	0.0	1.2125980854034424
2	-598.6739	225.80235	-169.12642	-872.36163	23.36	-7.84837	0.1101098	-6.9017444	-7.8613524	1800	1.4742216e-07	262256.1	-0.02538451	-2517.9062	0.0051998137	0.0	1.6340055465698242
3	-443.63364	210.665	-184.06935	-852.8544	28.238094	-10.497966	3.8933592e-08	-10.497965	-10.497966	2400	-4.7683717e-08	163055.52	-0.025408404	-1643.4062	0.006372524	0.0	2.0743489265441895
4	-417.02994	195.34785	-204.41241	-868.50616	27.285715	-12.6993685	9.536743e-07	-12.699368	-12.699368	3000	1.5894572e-09	118427.17	-0.024897221	-1295.3828	0.00960566	0.0	2.592648506164551
5	-386.01453	229.09618	-148.35017	-861.1184	25.695652	-14.698042	1.0122734e-06	-14.698017	-14.698042	3600	4.9273172e-08	92092.414	-0.03224613	-1033.3047	0.008638025	0.0	2.985637664794922
6	-329.0116	203.67459	-142.59186	-845.6349	26.045454	-16.5368	1.9073486e-06	-16.536798	-16.536798	4200	-2.7020773e-08	64748.508	-0.030443646	-762.8086	0.006477916	0.0	3.3912084102630615
7	-299.85672	193.35138	-118.67397	-855.2392	26.90909	-18.169954	1.3486991e-07	-18.169952	-18.169954	4800	-4.529953e-08	63402.746	-0.029394226	-772.9453	0.007636142	0.0	3.778930187225342
8	-306.5496	184.81326	-151.39035	-877.3978	27.227272	-19.84456	5.6085996e-06	-19.844423	-19.84456	5400	-3.8146972e-08	60667.273	-0.035094146	-838.89844	0.00866665	0.0	4.156452655792236
9	-246.58177	135.41171	-154.7859	-806.6993	27.904762	-21.628813	3.210546e-07	-21.628805	-21.628813	6000	6.5962475e-08	44748.805	-0.014490966	-631.78125	0.0025349346	0.0	4.506421327590942
10	-192.29996	51.800766	-86.990395	-288.47278	28.47619	-23.231745	2.1996618e-06	-23.231718	-23.231743	6600	-1.2079875e-07	31813.424	-0.02913035	-490.49414	0.009429096	0.0	4.978888511657715
11	-159.89192	70.78639	-43.001247	-288.3768	27.809525	-24.676855	1.9073486e-06	-24.676857	-24.676857	7200	-3.3775965e-08	23536.646	-0.022243034	-326.01562	0.0064908643	0.0	5.332442998886108
12	-158.27037	54.91868	-60.77541	-271.6756	27.619047	-25.892628	7.7867185e-08	-25.892626	-25.892628	7800	1.3510386e-07	20630.139	-0.018119792	-315.70312	0.0063361917	0.0	5.704648971557617
13	-137.99728	51.81334	-49.043392	-280.1631	27.333334	-27.104704	5.722046e-06	-27.104698	-27.104698	8400	4.45048e-08	15017.432	-0.020772174	-232.49121	0.008621014	0.0	6.084388017654419
14	-159.30566	157.74088	-53.45852	-873.76636	25.826086	-28.181686	7.7867185e-08	-28.181684	-28.181686	9000	1.0331472e-08	12815.593	-0.028886905	-205.9248	0.0051330714	0.0	6.456563234329224
15	-125.66763	51.018303	-48.640766	-228.09837	26.863636	-29.214111	7.7867185e-08	-29.21411	-29.214111	9600	-8.90096e-08	12263.803	-0.028064625	-202.74707	0.008573705	0.0	6.8204591274261475
16	-138.81148	157.75563	-36.428	-836.7545	25.695652	-30.26067	3.8400444e-06	-30.260658	-30.260666	10200	-3.0994414e-08	10106.641	-0.029563913	-143.05762	0.0056967237	0.0	7.175377607345581
17	-122.36902	159.13878	-42.081802	-858.0049	24.833334	-31.17105	1.9073486e-06	-31.171047	-31.171047	10800	1.9073486e-08	6723.8926	-0.027977237	-91.430176	0.0058860113	0.0	7.540762662887573
18	-86.34543	43.99836	-29.69849	-193.75902	26.272728	-31.9189	3.1146874e-07	-31.918892	-31.9189	11400	-3.4769375e-08	4910.777	-0.02471543	-71.96484	0.009923508	0.0	7.901406764984131
19	-70.83823	28.949272	-30.034412	-123.44284	26.0	-32.593723	3.8146973e-06	-32.593727	-32.593727	12000	7.073084e-08	2333.7976	-0.016845606	-40.001465	0.007816852	0.0	8.256412744522095
20	-65.39036	28.560396	-29.366781	-136.25305	25.869566	-33.116024	0.0	-33.116024	-33.116024	12600	-2.9404958e-08	1864.0925	-0.02392643	-28.836914	0.009172037	0.0	8.760342359542847
21	-55.54917	21.879114	-21.05954	-100.04829	25.217392	-33.56562	3.8146973e-06	-33.565624	-33.565624	13200	1.5894573e-08	936.65125	-0.017221278	-13.6692505	0.0068221106	1.0	9.11838698387146
22	-49.897694	16.969984	-26.212906	-81.361725	25.26087	-33.88806	0.00018797009	-33.88346	-33.88807	13800	4.4902166e-08	528.3781	-0.016599955	-7.456421	0.0063723554	0.0	9.46599006652832
23	-57.802097	16.09458	-23.553728	-78.282425	25.173914	-34.13027	0.0	-34.13027	-34.13027	14400	2.78155e-09	796.42426	-0.018374309	-15.847778	0.009562128	0.0	9.821718215942383
24	-97.81893	158.49843	-25.763033	-849.92834	24.541666	-34.47819	3.7376246e-06	-34.4781	-34.47819	15000	5.5631002e-08	2579.431	-0.037826322	-31.62207	0.0044897	0.0	10.237249612808228
25	-55.705467	19.590914	-26.669632	-93.66496	25.26087	-34.98242	7.7867185e-07	-34.982403	-34.98242	15600	1.2040138e-07	794.9577	-0.014987705	-14.72821	0.005700057	0.0	10.600931644439697
26	-68.87663	33.36497	-37.06028	-166.28017	25.173914	-35.350677	4.4130843e-06	-35.350624	-35.350674	16200	-4.1921933e-08	2076.4055	-0.026726793	-34.571167	0.007828308	0.0	10.980114459991455
27	-58.76076	19.1543	-33.16928	-114.8834	24.875	-35.899082	1.5573437e-07	-35.89908	-35.899082	16800	2.7020773e-08	887.6869	-0.013993522	-20.025513	0.006881938	0.0	11.412788391113281
28	-49.682373	13.650954	-24.193005	-71.70594	25.217392	-36.34386	1.5573437e-07	-36.343857	-36.34386	17400	2.1855037e-08	351.686	-0.012854653	-6.947632	0.00816585	0.0	11.817090034484863
29	-59.22498	23.31804	-23.946661	-107.911385	25.304348	-36.616764	1.5573437e-07	-36.61676	-36.616764	18000	2.9802323e-09	1025.795	-0.010725791	-18.518982	0.009973217	1.0	12.231730222702026
30	-59.25041	27.510653	-26.675076	-144.77629	25.043478	-37.04421	2.1239337e-06	-37.04417	-37.04421	18600	3.317992e-08	1173.1234	-0.02339823	-18.66919	0.0093411235	0.0	12.760071754455566
31	-58.855125	29.753572	-22.173136	-157.2816	25.173914	-37.493954	0.0	-37.493954	-37.493954	19200	1.7086665e-08	1274.8087	-0.008927645	-18.373291	0.007108809	0.0	13.1126549243927
32	-56.423897	21.042734	-20.6723	-111.55971	25.26087	-37.94931	0.0	-37.94931	-37.94931	19800	-2.1855036e-09	739.1816	-0.015763456	-14.294617	0.0065469565	0.0	13.479982137680054
33	-53.358715	18.054234	-27.571959	-100.37069	25.304348	-38.36256	1.9466795e-05	-38.362083	-38.36256	20400	3.437201e-08	544.02344	-0.015890934	-10.4904175	0.009495629	0.0	13.875559329986572
34	-47.529633	14.03787	-24.634008	-77.31798	25.130434	-38.724663	3.8146973e-06	-38.72466	-38.72466	21000	-5.6922435e-08	266.95975	-0.015127112	-3.8838196	0.008284567	0.0	14.25713586807251
35	-52.340553	23.00549	-23.992336	-110.69183	25.434782	-38.955963	7.6293945e-06	-38.95597	-38.95597	21600	5.821387e-08	677.89935	-0.012660565	-8.211304	0.006533796	2.0	14.64000678062439
36	-48.264538	18.692373	-24.281105	-87.13365	25.434782	-39.280567	3.8146973e-06	-39.280563	-39.280563	22200	-2.4636586e-08	412.64557	-0.010840211	-4.193054	0.008577873	0.0	15.00173306465149
37	-59.59732	25.174395	-30.355963	-108.99176	25.173914	-39.528294	4.6720308e-07	-39.528282	-39.528294	22800	-3.9835772e-08	1007.51624	-0.0037006151	-20.03894	0.00589578	0.0	15.372854232788086
38	-50.89901	25.08103	-18.552612	-108.42666	25.347826	-40.0502	3.8146973e-06	-40.050205	-40.050205	23400	3.89417e-08	720.0467	-0.021968959	-6.69635	0.008517008	0.0	15.722596168518066
39	-51.772934	19.873928	-25.672014	-106.64487	25.782608	-40.383244	0.0	-40.383244	-40.383244	24000	-1.5099843e-08	519.7169	-0.017791415	-7.5768433	0.0087628495	0.0	16.094643592834473
40	-48.110226	17.339218	-22.234003	-82.778595	25.695652	-40.72656	0.0	-40.72656	-40.72656	24600	-2.3841857e-09	350.21307	-0.0092105325	-3.519104	0.006889811	0.0	16.62033987045288
41	-46.63675	11.564516	-31.574642	-66.79811	25.47826	-40.9736	3.8146973e-06	-40.973595	-40.973602	25200	2.0066897e-08	162.45651	-0.021580191	-2.1065369	0.009569701	0.0	16.997939586639404
42	-45.97886	15.459344	-19.826168	-87.89462	25.565218	-41.166256	0.0	-41.166256	-41.166256	25800	1.8278758e-08	256.76038	-0.019658437	-1.5733948	0.009208072	0.0	17.384597778320312
43	-38.227413	13.06578	-22.449745	-70.9688	25.73913	-41.33507	1.5573437e-07	-41.335068	-41.33507	26400	-3.218651e-08	178.37866	-0.01044012	-0.5172882	0.009262008	0.0	17.764945030212402
44	-47.082184	13.955509	-25.249506	-82.810234	25.47826	-41.251453	0.0	-41.251453	-41.251453	27000	-1.847744e-08	224.69527	-0.0121633485	-2.0957947	0.00940069	0.0	18.14516806602478
45	-43.253574	15.058199	-26.598175	-87.94586	25.434782	-41.435093	0.0	-41.435093	-41.435093	27600	-2.4636586e-08	226.59209	-0.015024449	-0.31478882	0.009809092	0.0	18.510648012161255
46	-47.607735	29.759338	-21.067488	-146.99295	25.695652	-41.52367	0.0	-41.52367	-41.52367	28200	3.159046e-08	983.1719	-0.0195238	-3.4554443	0.00902197	0.0	18.86424708366394
47	-45.554127	13.520201	-22.562601	-68.79628	25.565218	-41.781876	3.1146874e-07	-41.781868	-41.781876	28800	1.2516975e-08	194.89653	-0.020750517	-1.2479858	0.0091752885	0.0	19.270185232162476
48	-49.931896	17.368061	-21.812088	-90.56366	25.565218	-41.95427	0.0	-41.95427	-41.95427	29400	2.682209e-08	355.7652	-0.012218905	-4.9670715	0.0077557904	1.0	19.637276649475098
49	-41.180965	14.754981	-21.387815	-72.730225	25.695652	-42.28061	3.1146874e-07	-42.2806	-42.28061	30000	9.059906e-08	216.27617	-0.022683367	-0.035614014	0.009145242	0.0	20.012017011642456
50	-46.84459	15.912454	-28.293938	-81.39944	25.652174	-42.26637	3.8146973e-06	-42.266373	-42.266373	30600	-8.34465e-09	269.32788	-0.016600171	-1.5889893	0.0067859283	0.0	20.557703495025635
51	-44.92752	18.455776	-19.86598	-99.6519	25.73913	-42.450047	3.8146973e-06	-42.45005	-42.45005	31200	-1.5894572e-09	353.97485	-0.016041532	-0.7982788	0.009454084	0.0	20.93681502342224
52	-42.616993	13.797092	-23.350739	-74.55016	25.304348	-42.59774	7.755509e-06	-42.597576	-42.597736	31800	3.1789146e-08	185.56265	-0.010454426	-0.004470825	0.008261032	0.0	21.315544843673706
53	-41.564037	10.68577	-21.845514	-60.195225	25.695652	-42.618286	7.6293945e-06	-42.618294	-42.618294	32400	2.8560558e-08	113.95345	-0.018497363	-0.09983063	0.00702066	1.0	21.69945502281189
54	-78.33639	160.47592	-26.24826	-845.06573	24.458334	-42.568783	3.8400444e-06	-42.56877	-42.56878	33000	1.9073486e-08	1274.0726	-0.033588197	-1.1833496	0.006528404	0.0	22.060768842697144
55	-42.45089	18.45173	-20.693459	-83.980835	25.73913	-42.74075	7.68798e-06	-42.740726	-42.74074	33600	3.973643e-10	340.3385	-0.012453889	0.0043945312	0.0087605845	0.0	22.409483194351196
56	-45.010075	21.256844	-22.924622	-103.83394	25.695652	-42.751793	3.8146973e-06	-42.75179	-42.75179	34200	1.9868215e-10	455.0649	-0.0115991775	-0.5209961	0.007885515	0.0	22.83659267425537
57	-42.049915	13.399514	-20.690348	-69.54451	25.652174	-42.872044	0.0	-42.872044	-42.872044	34800	3.6358834e-08	177.27435	-0.018022876	-0.037719727	0.008045183	0.0	23.299504041671753
58	-40.48524	11.834132	-22.077509	-63.687122	25.47826	-42.845486	0.0	-42.845486	-42.845486	35400	1.0331472e-08	142.72926	-0.00976033	-0.66423035	0.007860853	0.0	23.671066522598267
59	-43.253292	18.149456	-25.025625	-118.55359	25.565218	-42.700626	0.0	-42.700626	-42.700626	36000	2.0662943e-08	327.63364	-0.020208428	-0.024536133	0.009757537	0.0	24.220066785812378
60	-50.07339	16.364174	-27.067541	-91.47975	25.608696	-42.72129	3.1146874e-07	-42.721283	-42.72129	36600	-1.2814999e-07	320.5585	-0.023704581	-6.9151306	0.0071453317	1.0	24.85075545310974
61	-40.075863	9.879169	-23.744888	-60.51119	25.608696	-43.201427	3.8146973e-06	-43.20143	-43.20143	37200	-2.4636586e-08	106.50619	-0.015182918	-0.88087463	0.007110382	0.0	25.23656725883484
62	-39.15167	14.244951	-19.226797	-69.74035	25.608696	-43.054165	1.5573437e-06	-43.054127	-43.054165	37800	9.139379e-09	214.98636	-0.018470088	-2.2049103	0.008628484	0.0	25.612141370773315
63	-37.58212	12.498423	-20.45415	-66.141594	25.913044	-42.760433	3.824222e-06	-42.760426	-42.76043	38400	3.973643e-10	181.89786	-0.013553729	-3.9759827	0.009350628	0.0	25.97440528869629
64	-40.930843	10.845912	-21.371391	-59.78165	25.826086	-42.359165	3.8146973e-06	-42.35916	-42.35916	39000	3.3577283e-08	118.65627	-0.008674472	-0.42018127	0.006688496	1.0	26.341384887695312
65	-39.01433	13.626859	-23.179848	-78.42185	25.869566	-42.20731	3.8146973e-06	-42.207314	-42.207314	39600	1.0331472e-08	194.17416	-0.014028582	-1.5684357	0.0070001474	0.0	26.73681402206421
66	-35.99654	11.086314	-21.935799	-71.04986	25.913044	-41.94937	7.5543207e-06	-41.949192	-41.94937	40200	8.9208285e-08	157.7002	-0.009895535	-5.819931	0.008415815	0.0	27.10344672203064
67	-39.07216	9.636614	-24.26549	-59.82852	25.826086	-41.44031	3.8146973e-06	-41.440315	-41.440315	40800	3.973643e-10	98.010544	-0.02281458	-1.1318817	0.008745778	0.0	27.477170705795288
68	-44.796043	14.364799	-20.236671	-76.69006	25.826086	-41.187378	7.6293945e-06	-41.18737	-41.18737	41400	-6.9936114e-08	220.57323	-0.01459144	-2.0413513	0.009015137	0.0	27.841611862182617
69	-36.084465	14.989175	-19.792063	-90.94909	25.782608	-41.480488	8.4096555e-06	-41.48028	-41.480488	42000	3.1987827e-08	251.72284	-0.015446303	-4.5098114	0.008153011	0.0	28.213014364242554
70	-36.74713	11.378288	-19.18255	-71.304955	25.608696	-41.03758	0.0	-41.03758	-41.03758	42600	-2.960364e-08	143.8558	-0.014719346	-3.6494598	0.008402578	0.0	28.753289699554443
71	-42.984528	18.499527	-24.531097	-92.20918	25.73913	-40.584373	3.8146973e-06	-40.584377	-40.584377	43200	6.7551933e-09	346.41183	-0.008267705	-0.9470825	0.0042440714	0.0	29.18103551864624
72	-35.72795	9.912714	-22.77661	-54.97357	25.47826	-40.78226	3.8146973e-06	-40.782257	-40.782257	43800	-4.331271e-08	120.81677	-0.011983241	-4.401642	0.008722666	0.0	29.545279026031494
73	-35.96264	10.995137	-25.721733	-73.38217	25.73913	-40.312954	0.0	-40.312954	-40.312954	44400	-1.11262e-08	137.79047	-0.014507217	-4.029587	0.0068914746	0.0	29.903340578079224
74	-37.73378	10.545393	-20.788664	-66.196014	25.826086	-39.81052	1.5573437e-07	-39.810516	-39.81052	45000	-3.5762786e-09	114.36974	-0.02350661	-1.0214386	0.007297658	0.0	30.26687502861023
75	-36.9087	10.810149	-20.948532	-57.931267	25.826086	-39.540848	1.245875e-06	-39.540817	-39.540848	45600	-2.960364e-08	123.01286	-0.009074148	-1.4063644	0.0058851065	0.0	30.648454189300537
76	-36.551727	11.5875	-20.267025	-64.291664	25.782608	-39.237797	0.0	-39.237797	-39.237797	46200	1.7484028e-08	140.15105	-0.021880608	-1.6612549	0.006622395	1.0	31.03395414352417
77	-39.657627	11.133077	-23.078035	-62.693058	25.782608	-38.899532	1.5573437e-07	-38.89953	-38.899532	46800	-2.4636586e-08	124.06963	-0.020473583	-0.10408783	0.009794487	0.0	31.392409563064575
78	-33.612373	9.652357	-19.014774	-62.440678	25.73913	-38.965878	1.9155326e-05	-38.96541	-38.965878	47400	-3.3775966e-09	121.01021	-0.014955253	-6.3402634	0.0089189075	0.0	31.756657600402832
79	-35.995327	10.929013	-21.065609	-60.606808	26.0	-38.318058	3.8051485e-06	-38.318058	-38.31806	48000	-1.3113022e-08	124.636955	-0.016385231	-1.5465088	0.009491437	1.0	32.15181064605713
80	-36.218033	12.802877	-20.51328	-70.76462	26.086956	-37.94855	3.811517e-06	-37.94855	-37.948555	48600	5.2253405e-08	167.40695	-0.018772867	-0.7906189	0.009104147	0.0	32.75540804862976
81	-31.38397	7.342821	-20.501566	-51.93779	25.608696	-37.691284	3.8146973e-06	-37.69128	-37.691288	49200	6.198883e-08	92.72316	-0.021131212	-10.330002	0.00783539	0.0	33.15200972557068
82	-36.300926	11.186999	-18.456644	-64.1208	25.826086	-36.794044	1.6609638e-05	-36.79365	-36.79405	49800	1.947085e-08	124.27526	-0.016204527	-0.13012695	0.007279513	0.0	33.559428691864014
83	-32.778797	11.443271	-20.114828	-68.502335	25.913044	-36.63213	5.160427e-06	-36.632046	-36.632126	50400	-2.0662943e-08	148.17488	-0.007980161	-3.9003296	0.0066634836	0.0	33.94682288169861
84	-36.566723	11.159683	-22.931826	-61.157825	25.869566	-36.064022	1.2318776e-05	-36.06372	-36.064022	51000	4.053116e-08	124.155975	-0.012971214	-0.023475647	0.007501547	1.0	34.35239839553833
85	-70.33008	162.8838	-22.067139	-849.2753	24.791666	-36.087215	0.0	-36.087215	-36.087215	51600	-3.1789145e-09	1261.5309	-0.031226853	-1.1014404	0.008493525	0.0	34.74505829811096
86	-35.474842	9.155995	-21.921265	-63.05558	26.086956	-36.404915	3.8146973e-06	-36.40492	-36.40492	52200	0.0	85.761116	-0.0098183	-0.17588043	0.007094389	1.0	35.12878131866455
87	-35.707844	9.575976	-22.985025	-67.07089	25.956522	-36.293404	3.8146973e-06	-36.2934	-36.293407	52800	3.059705e-08	92.025764	-0.014781468	-0.11477661	0.0070403386	1.0	35.51869010925293
88	-38.068077	11.273738	-20.578362	-65.49599	25.73913	-36.179844	1.5573437e-06	-36.179806	-36.179844	53400	-8.34465e-09	129.01051	-0.018720876	-1.1320724	0.009310143	0.0	35.87642168998718
89	-35.657005	14.69457	-20.251806	-74.593704	26.086956	-36.511192	0.0002172275	-36.505875	-36.5112	54000	2.6226044e-08	218.25763	-0.016098693	-0.17601013	0.008560169	0.0	36.260798931121826
90	-38.439137	12.061753	-22.610504	-77.37079	25.695652	-36.39339	2.2024165e-07	-36.393387	-36.39339	54600	-1.8278758e-08	148.58658	-0.014433817	-1.3565216	0.008070328	1.0	37.01233243942261
91	-34.24467	8.027643	-23.983683	-52.416965	25.391304	-36.768337	3.824222e-06	-36.76833	-36.768333	55200	3.059705e-08	68.755486	-0.016529538	-2.1006165	0.008496399	0.0	37.39241671562195
92	-37.642365	14.867357	-21.836828	-70.462494	25.565218	-36.302383	0.0	-36.302383	-36.302383	55800	5.8809917e-08	216.53671	-0.01681219	-0.4921112	0.009376116	0.0	37.779382944107056
93	-33.05824	12.015343	-19.982914	-67.40448	25.695652	-36.51688	3.8146973e-06	-36.516884	-36.516884	56400	-4.7683715e-09	156.862	-0.014699578	-4.4418488	0.0070412606	0.0	38.13351845741272
94	-37.130062	12.923844	-19.81267	-75.42361	26.043478	-35.795666	0.0	-35.795666	-35.795666	57000	-2.3047129e-08	166.64618	-0.015202302	-0.55558777	0.008529454	0.0	38.523590087890625
95	-34.427593	9.069747	-20.58735	-52.198936	25.782608	-36.024426	3.8146973e-06	-36.02443	-36.02443	57600	-2.8212865e-08	84.08535	-0.015138904	-0.9236679	0.009111743	0.0	39.05945134162903
96	-31.195572	7.773755	-21.557037	-49.63206	25.652174	-35.691647	3.8146973e-06	-35.691643	-35.691643	58200	-1.7086665e-08	78.969154	-0.008934373	-8.390526	0.008897194	0.0	39.44154977798462
97	-33.57753	10.262125	-20.684042	-60.81281	25.869566	-34.602077	4.315837e-06	-34.602028	-34.602074	58800	3.8743018e-08	105.93315	-0.021840317	-0.49852753	0.008495102	0.0	39.8243248462677
98	-33.098362	10.078276	-21.468056	-66.71687	25.695652	-34.277996	0.0	-34.277996	-34.277996	59400	4.7683715e-09	101.9626	-0.0075880955	-0.65691376	0.008722475	0.0	40.22406268119812
99	-34.61008	14.530441	-19.847286	-92.06608	25.826086	-33.956333	3.8146973e-06	-33.956337	-33.956337	60000	1.9868215e-10	221.67271	-0.010375386	-0.35966492	0.00737938	0.0	40.65699076652527
100	-33.745434	9.055174	-21.657387	-58.568615	25.782608	-34.177097	3.8146973e-06	-34.1771	-34.1771	60600	1.579523e-08	82.13736	-0.009524278	-0.06121826	0.008886728	2.0	41.25686573982239
101	-33.11443	9.055566	-20.026163	-55.503757	25.565218	-34.089916	3.811517e-06	-34.089916	-34.08992	61200	-9.536743e-09	81.7854	-0.020564714	-0.4197235	0.009773122	0.0	41.64871072769165
102	-34.890457	12.267596	-20.513527	-72.32511	25.608696	-33.819706	3.8146973e-06	-33.81971	-33.81971	61800	1.7285346e-08	150.10551	-0.016335266	-0.5470581	0.007082155	1.0	41.99056792259216
103	-34.482567	9.083161	-21.926666	-52.037132	25.869566	-34.115696	3.8146973e-06	-34.1157	-34.1157	62400	-4.8677126e-08	82.1328	-0.014541148	-0.06615448	0.007226809	0.0	42.349042892456055
104	-32.681072	8.831918	-20.668182	-56.051605	25.47826	-34.241516	0.0	-34.241516	-34.241516	63000	2.3643176e-08	78.70706	-0.012868479	-1.3316345	0.007517567	0.0	42.714081048965454
105	-34.899532	11.608049	-19.737106	-59.827328	25.47826	-33.745358	1.4016093e-06	-33.745323	-33.745358	63600	8.940697e-09	132.41042	-0.011976934	-0.61572266	0.00792406	0.0	43.06836295127869
106	-30.948318	9.233599	-21.118107	-60.342396	25.869566	-34.06982	0.0	-34.06982	-34.06982	64200	3.576279e-08	94.48475	-0.008105715	-5.343994	0.008556189	0.0	43.425570011138916
107	-33.914852	8.429862	-22.435438	-51.74903	25.608696	-33.046635	3.8146973e-06	-33.04664	-33.04664	64800	1.9868215e-10	70.60073	-0.010941388	-0.3235855	0.0076885778	0.0	43.7980215549469
108	-33.81377	9.169091	-21.538631	-55.83198	25.652174	-33.264217	0.0	-33.264217	-33.264217	65400	-3.218651e-08	82.90618	-0.011961509	-0.20738983	0.006705173	0.0	44.17249631881714
109	-33.63973	8.954258	-19.094223	-57.553745	25.913044	-33.492638	3.8146973e-06	-33.492634	-33.492634	66000	-7.3512396e-09	79.42026	-0.016406463	-0.008811951	0.0071392744	1.0	44.54549288749695
110	-36.063858	8.341709	-21.085735	-53.942257	25.608696	-33.546627	0.0	-33.546627	-33.546627	66600	-5.165736e-09	74.66035	-0.00909973	-3.7811432	0.006898326	0.0	45.10998606681824
111	-33.506332	7.377748	-20.704882	-50.373405	25.73913	-34.493587	0.0	-34.493587	-34.493587	67200	-2.9007595e-08	54.741673	-0.02311036	-0.5396614	0.008957139	0.0	45.536290645599365
112	-31.999315	7.943425	-20.475538	-50.123062	25.869566	-34.16671	3.8146973e-06	-34.166706	-34.166706	67800	-3.8743018e-08	67.33276	-0.012631432	-3.028244	0.0071797674	1.0	45.922486543655396
113	-31.278679	8.692911	-21.153902	-52.87167	25.652174	-33.27062	0.0	-33.27062	-33.27062	68400	-5.761782e-09	77.61944	-0.013969691	-2.8506699	0.00753094	0.0	46.28083920478821
114	-31.08202	6.9346557	-21.238043	-48.36604	25.782608	-32.368443	3.8146973e-06	-32.36844	-32.36844	69000	1.5596548e-08	49.206444	-0.006975996	-1.1021729	0.008047621	0.0	46.643210649490356
115	-31.302807	9.675078	-21.825846	-63.096416	25.695652	-31.786016	1.9057585e-06	-31.786016	-31.786018	69600	-2.9404958e-08	92.75858	-0.0072467383	-0.17430115	0.0067876466	1.0	47.00027656555176
116	-35.717003	8.924763	-22.809748	-51.313057	25.52174	-31.543186	3.8146973e-06	-31.54319	-31.54319	70200	1.1920929e-09	96.00538	-0.01632315	-11.923737	0.008506166	0.0	47.481853008270264
117	-35.79824	10.255492	-21.315952	-58.902428	26.043478	-33.402416	0.0	-33.402416	-33.402416	70800	-2.2848447e-08	111.23391	-0.0140440585	-4.3976593	0.0068003717	1.0	47.857871532440186
118	-32.85478	7.948276	-21.089191	-51.291016	25.869566	-34.622215	3.824222e-06	-34.622208	-34.62221	71400	-2.7815501e-08	65.931145	-0.011261251	-2.1106453	0.0069705206	0.0	48.333003282547
119	-33.084766	10.52785	-19.416805	-61.065582	25.652174	-33.848866	0.0	-33.848866	-33.848866	72000	2.9404958e-08	108.8712	-0.012989637	-0.5384064	0.0065006725	1.0	48.70373749732971
120	-34.22252	8.851128	-21.370584	-55.247204	25.608696	-33.39983	3.4823265e-07	-33.399822	-33.39983	72600	-5.066395e-08	77.081604	-0.0128767425	-0.39487457	0.0061654374	0.0	49.25238633155823
121	-34.778778	7.8512025	-22.506046	-56.570095	25.652174	-33.751675	3.8146973e-06	-33.75167	-33.75167	73200	3.8146972e-08	61.959297	-0.013319146	-0.78448105	0.008375011	0.0	49.67361378669739
122	-31.597645	7.068814	-21.01817	-48.79104	26.043478	-34.28779	3.8146973e-06	-34.287792	-34.287792	73800	-3.4968057e-08	57.22655	-0.0124424165	-5.699684	0.009728429	0.0	50.06630301475525
123	-36.96476	9.191869	-19.305052	-62.78457	25.695652	-32.87347	0.0	-32.87347	-32.87347	74400	1.9073486e-08	99.84314	-0.025837373	-12.347267	0.009419217	0.0	50.43366456031799
124	-31.712282	7.661698	-19.896868	-53.016613	25.73913	-34.945034	3.8146973e-06	-34.945038	-34.945038	75000	-9.000301e-08	68.07663	-0.012320406	-8.017059	0.0071386653	0.0	50.82217884063721
125	-33.17318	8.157458	-20.941732	-54.600517	25.652174	-33.29565	0.0	-33.29565	-33.29565	75600	7.2320304e-08	65.65424	-0.01427058	-0.00541687	0.0073357294	1.0	51.175095319747925
126	-32.789772	8.875906	-21.993124	-51.81306	25.826086	-33.165073	3.890243e-06	-33.165054	-33.165077	76200	1.7086665e-08	78.61384	-0.020500695	-0.090286255	0.009069119	0.0	51.559447050094604
127	-30.933304	9.486511	-19.631504	-60.624302	25.695652	-32.97778	0.0	-32.97778	-32.97778	76800	-2.1060307e-08	93.04292	-0.011754649	-3.3694763	0.009211515	0.0	51.932060956954956
128	-32.10407	8.341479	-19.187616	-49.650654	25.695652	-31.799257	3.8146973e-06	-31.799261	-31.799261	77400	2.3841858e-08	69.09711	-0.013869674	-0.065963745	0.008968781	0.0	52.30717325210571
129	-33.569054	8.822353	-21.4552	-56.837	25.782608	-31.937197	1.9073486e-06	-31.937199	-31.937199	78000	-2.6126703e-08	78.860245	-0.023909617	-2.2351532	0.0094033545	0.0	52.66451859474182
130	-29.508205	6.5407157	-19.496264	-47.006935	25.913044	-32.933556	3.8146973e-06	-32.93355	-32.93355	78600	-3.417333e-08	53.6874	-0.015610562	-9.775272	0.0071901903	0.0	53.22079801559448
131	-33.022057	9.110406	-18.442694	-50.693214	25.565218	-30.874332	3.8146973e-06	-30.874336	-30.874336	79200	5.5829684e-08	85.88595	-0.020303141	-3.6040497	0.007357619	0.0	53.59558892250061
132	-31.72737	7.6566224	-23.56849	-55.91402	25.434782	-32.099674	0.0	-32.099674	-32.099674	79800	1.1523564e-08	57.852306	-0.015129116	-0.08278656	0.0080199195	0.0	53.96223211288452
133	-31.709509	8.019332	-22.0454	-48.108814	25.826086	-31.934454	0.0	-31.934454	-31.934454	80400	3.218651e-08	63.696575	-0.013102453	-0.051940918	0.009489222	0.0	54.35218143463135
134	-33.470005	9.909018	-22.626474	-63.23396	25.652174	-31.768139	3.8146973e-06	-31.768143	-31.768143	81000	-5.066395e-08	99.71071	-0.018528529	-2.405983	0.008466019	0.0	54.72834610939026
135	-30.046135	6.306664	-18.772402	-44.653618	25.826086	-32.865696	2.2024165e-07	-32.865692	-32.865696	81600	1.2516975e-08	47.56069	-0.01405167	-7.042984	0.009131484	0.0	55.09119629859924
136	-32.39164	9.837051	-19.099936	-60.447704	25.73913	-30.99098	1.9073486e-06	-30.990978	-30.990978	82200	-2.1457673e-08	96.229515	-0.008302951	-1.5508804	0.0073640146	0.0	55.477839946746826
137	-33.97885	9.605408	-21.179695	-54.175213	25.913044	-31.85347	1.9451215e-06	-31.85346	-31.853468	82800	3.5762786e-09	96.195366	-0.008822086	-4.089218	0.00641868	0.0	55.85170841217041
138	-32.51923	7.502289	-21.565958	-45.34083	25.695652	-33.35812	3.8146973e-06	-33.358124	-33.358124	83400	-6.357829e-09	55.888138	-0.0152656	-0.63998795	0.007234289	1.0	56.30520248413086
139	-33.01285	8.931182	-20.533958	-52.397064	25.73913	-32.788113	3.8146973e-06	-32.78811	-32.78811	84000	-3.0199686e-08	78.80727	-0.013156528	-0.04890442	0.007079849	0.0	56.69146656990051
140	-35.206615	9.286471	-22.51258	-50.939514	25.652174	-32.94397	0.0	-32.94397	-32.94397	84600	-4.331271e-08	89.15776	-0.019042656	-4.4073334	0.008239265	0.0	57.27089881896973
141	-32.38804	6.9329658	-22.490932	-49.761673	25.608696	-34.55907	0.0	-34.55907	-34.55907	85200	-7.152557e-09	51.77409	-0.014315399	-4.4395523	0.009318421	0.0	57.6303927898407
142	-29.97992	6.0549617	-20.962181	-45.168766	25.956522	-32.95342	3.8400444e-06	-32.953407	-32.953415	85800	-2.9404958e-08	45.38915	-0.01423478	-8.34819	0.0070882034	1.0	57.98989677429199
143	-34.045677	11.518951	-17.957228	-74.00529	25.608696	-30.681839	1.9073486e-06	-30.68184	-30.68184	86400	2.3841857e-09	139.70769	-0.014521921	-9.8824005	0.0047790986	0.0	58.35178732872009
144	-31.069994	7.5145507	-20.05875	-48.006607	25.47826	-33.085064	0.0	-33.085064	-33.085064	87000	1.4702479e-08	59.22205	-0.012293454	-3.7597198	0.00801245	0.0	58.70055675506592
145	-31.228271	5.77233	-23.367249	-47.296894	25.695652	-31.612125	1.9041671e-06	-31.612125	-31.612127	87600	5.761782e-09	32.894928	-0.01757231	-0.17142868	0.008129992	0.0	59.053102016448975
146	-33.566822	7.130222	-22.811838	-47.010063	25.826086	-31.258373	2.2581482e-06	-31.258318	-31.258373	88200	5.5233638e-08	55.05421	-0.023381967	-4.721451	0.009711473	0.0	59.42784810066223
147	-30.067795	6.703926	-19.048647	-44.68621	25.913044	-32.992584	0.0	-32.992584	-32.992584	88800	1.7285346e-08	53.335533	-0.015712174	-7.9781036	0.0085629895	0.0	59.79521822929382
148	-32.88571	7.463685	-22.269539	-53.74565	25.565218	-30.755566	1.9073486e-06	-30.755568	-30.755568	89400	-9.536743e-09	58.295155	-0.014433066	-3.7842178	0.008457658	0.0	60.150508403778076
149	-32.127964	9.240664	-19.42459	-53.983482	25.869566	-32.291317	3.8146973e-06	-32.291313	-32.291313	90000	-3.4968057e-08	86.48004	-0.011614842	0.00033569336	0.008582735	0.0	60.60966181755066
150	-29.287373	6.883617	-19.484308	-48.695427	25.652174	-32.297226	0.0	-32.297226	-32.297226	90600	-2.2848447e-08	55.403587	-0.010924688	-8.315945	0.006754927	1.0	61.178213119506836
151	-34.39049	9.203323	-21.03245	-60.100338	25.869566	-29.932467	5.722046e-06	-29.932472	-29.932472	91200	5.6823094e-08	103.512566	-0.014614728	-18.289597	0.0094626	0.0	61.537925004959106
152	-32.048126	7.907502	-20.817291	-48.81821	25.782608	-33.33961	0.0	-33.33961	-33.33961	91800	9.377798e-08	63.5378	-0.014597782	-1.4702988	0.009931017	0.0	61.884851932525635
153	-30.926203	6.0476346	-20.129595	-40.274117	25.73913	-32.40478	0.0	-32.40478	-32.40478	92400	1.07288365e-08	38.11185	-0.016406866	-2.0538025	0.007628819	0.0	62.25395703315735
154	-30.80609	5.563733	-22.655783	-43.967003	25.956522	-31.216888	3.8146973e-06	-31.216885	-31.216885	93000	1.8676122e-08	30.642214	-0.010110042	-0.19599915	0.009304838	0.0	62.61704421043396
155	-33.94134	8.256322	-22.331388	-51.907578	25.869566	-30.835941	1.9073486e-06	-30.83594	-30.83594	93600	-2.1060307e-08	77.566826	-0.01553532	-9.227097	0.009257013	0.0	62.98698425292969
156	-30.163742	7.5258093	-20.490385	-47.661034	25.869566	-33.356575	3.8146973e-06	-33.35658	-33.35658	94200	1.6291937e-08	66.14626	-0.016997652	-9.554142	0.0077906996	0.0	63.48870301246643
157	-34.416042	8.723275	-22.256361	-54.940453	25.869566	-30.830837	3.8146973e-06	-30.830833	-30.830833	94800	-5.5631002e-08	88.2419	-0.010188461	-11.89418	0.00725186	1.0	63.852210521698
158	-31.640593	6.1960263	-19.973433	-43.230743	25.565218	-33.62017	3.8146973e-06	-33.620167	-33.620167	95400	5.165736e-09	41.207542	-0.015391904	-3.6974983	0.007248126	1.0	64.21703243255615
159	-32.758575	8.651958	-19.96059	-53.895622	26.086956	-32.076244	0.0	-32.076244	-32.076244	96000	-8.742014e-09	74.93645	-0.015914196	-0.4971466	0.009610966	0.0	64.56111860275269
160	-29.555847	6.122699	-19.187593	-41.493782	25.913044	-32.643517	3.8146973e-06	-32.643513	-32.643513	96600	4.3710074e-08	46.44733	-0.012846201	-8.969036	0.008496294	0.0	65.124440908432
161	-30.768446	6.2061434	-21.179241	-47.690594	25.608696	-30.159765	1.9073486e-06	-30.159763	-30.159763	97200	5.2054723e-08	38.311	-0.016362507	-0.33647156	0.0069563817	1.0	65.58186364173889
162	-33.074543	8.543483	-20.65765	-62.239033	25.782608	-30.622288	1.9073486e-06	-30.62229	-30.62229	97800	6.0598055e-09	76.95801	-0.01614165	-5.557266	0.008679073	0.0	65.95516848564148
163	-32.11664	6.00883	-21.324274	-43.31872	25.73913	-32.62414	0.0	-32.62414	-32.62414	98400	2.4686257e-08	36.148796	-0.0036436303	-0.24214172	0.0059639644	0.0	66.33506560325623
164	-30.986002	9.555304	-20.324263	-62.6141	25.695652	-32.219746	0.0	-32.219746	-32.219746	99000	1.41064325e-08	92.06245	-0.027053682	-1.3659668	0.007626149	0.0	66.69636058807373
165	-30.795202	7.6449776	-19.923813	-43.584026	25.782608	-31.199877	0.0	-31.199877	-31.199877	99600	9.934108e-09	57.899128	-0.0152905155	-0.19230652	0.007903565	0.0	67.06361079216003
166	-31.730705	8.289234	-21.914059	-53.031116	25.73913	-30.805996	1.9073486e-06	-30.805998	-30.805998	100200	5.0365927e-08	69.02788	-0.009546305	-0.86328125	0.008749439	0.0	67.46930956840515
167	-29.034954	6.202578	-21.992626	-50.060196	25.913044	-31.633135	0.0	-31.633135	-31.633135	100800	3.059705e-08	45.07312	-0.016640363	-6.5103607	0.007075655	0.0	67.848708152771
168	-32.33491	6.6497326	-22.911877	-49.92007	25.695652	-29.360048	3.8146973e-06	-29.360052	-29.360052	101400	7.5300534e-08	51.477005	-0.009892769	-8.198109	0.007170375	1.0	68.21950936317444
169	-29.729681	6.4541936	-20.117231	-45.78098	25.826086	-31.888424	0.0	-31.888424	-31.888424	102000	-1.9868216e-08	45.82355	-0.01008737	-4.505108	0.005325921	0.0	68.61861252784729
170	-35.447514	12.873259	-20.913477	-75.06667	25.913044	-30.017366	5.722046e-06	-30.017372	-30.017372	102600	1.5497207e-08	193.40248	-0.020985536	-27.961884	0.008503223	0.0	69.28459119796753
171	-29.326588	6.1915007	-19.610823	-41.814137	25.695652	-34.50677	0.0	-34.50677	-34.50677	103200	-4.45048e-08	64.45012	-0.01393123	-25.086128	0.00860693	0.0	69.65887331962585
172	-32.154583	9.3011465	-22.47429	-62.53835	25.52174	-30.468704	0.0	-30.468704	-30.468704	103800	-1.3510387e-08	89.50162	-0.015851278	-2.7385254	0.009548297	0.0	70.07313370704651
173	-32.147484	9.012069	-21.314043	-57.136967	25.652174	-31.766836	0.0	-31.766836	-31.766836	104400	1.5894573e-08	79.66795	-0.027463125	-0.10774231	0.009979168	0.0	70.44072437286377
174	-31.687988	9.567188	-19.904875	-69.47562	25.565218	-32.057983	0.0	-32.057983	-32.057983	105000	3.059705e-08	90.706825	-0.013599433	-0.12734985	0.009330698	0.0	70.79637670516968
175	-32.7237	9.404522	-18.83209	-56.412315	25.434782	-31.759766	0.0	-31.759766	-31.759766	105600	4.430612e-08	86.46553	-0.008962058	-0.79045105	0.007727578	0.0	71.15477681159973
176	-32.911858	8.966025	-21.998829	-66.00836	25.73913	-32.51526	0.0	-32.51526	-32.51526	106200	4.649162e-08	78.04367	-0.019506821	-0.13912964	0.0070565287	1.0	71.51728248596191
177	-30.910097	8.200374	-18.567713	-58.47749	25.73913	-32.845104	3.8083342e-06	-32.845104	-32.845108	106800	3.596147e-08	70.48224	-0.021067172	-3.5027847	0.009167441	0.0	71.88592457771301
178	-31.889507	8.793961	-19.939928	-60.020447	25.826086	-31.212831	1.9073486e-06	-31.212833	-31.212833	107400	6.1591464e-08	77.655655	-0.014358904	-0.50299835	0.009396817	0.0	72.31752181053162
179	-30.497885	6.913031	-20.3256	-43.075462	25.782608	-31.828281	1.9057585e-06	-31.828281	-31.828283	108000	4.0133795e-08	48.826946	-0.013231656	-1.6989632	0.009776465	0.0	72.74160170555115
180	-32.62129	10.494293	-22.092472	-60.420902	25.652174	-30.667955	1.9073486e-06	-30.667957	-30.667957	108600	3.1789145e-09	110.12085	-0.012101178	-3.371811	0.008526531	1.0	73.34540820121765
181	-32.473278	9.580026	-21.656225	-62.23232	25.565218	-32.312473	0.0	-32.312473	-32.312473	109200	1.2318293e-08	89.30336	-0.020158356	-0.012687683	0.009320226	1.0	73.71526765823364
182	-32.70206	9.978618	-19.065327	-58.74807	25.782608	-32.424355	3.8146973e-06	-32.42436	-32.42436	109800	3.536542e-08	98.104225	-0.008608336	-0.06867981	0.0070341085	0.0	74.09025979042053
183	-33.040714	8.021068	-20.425077	-52.96396	25.782608	-32.666183	0.0	-32.666183	-32.666183	110400	2.215306e-08	64.55955	-0.013220582	-0.1555481	0.006641131	1.0	74.46572422981262
184	-33.51524	7.2793303	-19.391136	-46.53957	25.695652	-33.035458	1.5573437e-07	-33.035454	-33.035458	111000	3.4968057e-08	52.74718	-0.02000316	-0.23195267	0.0076288604	0.0	74.82629728317261
185	-32.255753	7.227222	-23.753225	-53.482273	25.565218	-33.491512	3.8146973e-06	-33.49151	-33.49151	111600	-4.5696895e-09	53.39166	-0.0038780237	-1.3018532	0.006551908	0.0	75.23315358161926
186	-33.565685	9.907812	-21.572393	-63.947487	25.52174	-32.405617	3.8146973e-06	-32.40562	-32.40562	112200	-3.1391778e-08	97.853096	-0.021401694	-1.2294922	0.009647362	0.0	75.59886264801025
187	-29.674704	8.329772	-18.61779	-54.195034	25.73913	-33.467884	0.0	-33.467884	-33.467884	112800	6.11941e-08	83.47588	-0.012590342	-13.688438	0.0062303385	0.0	75.96542096138
188	-33.261715	7.235262	-19.331835	-43.609222	25.695652	-29.982906	3.8146973e-06	-29.982903	-29.982903	113400	1.9073486e-08	62.375977	-0.019970616	-10.505241	0.0075189304	0.0	76.33819699287415
189	-31.043037	7.328138	-20.88555	-53.81293	25.652174	-32.982967	3.8146973e-06	-32.98297	-32.98297	114000	4.967054e-09	55.620495	-0.023593698	-3.5352936	0.008566886	0.0	76.72146797180176
190	-31.32221	8.301175	-19.71085	-54.993946	25.782608	-31.245163	3.8146973e-06	-31.245167	-31.245167	114600	1.9868215e-10	68.397125	-0.01768123	-0.010253906	0.009818269	0.0	77.32035899162292
191	-33.366085	9.281038	-21.014679	-53.127083	25.695652	-31.334469	1.9057585e-06	-31.334469	-31.33447	115200	2.1060307e-08	88.76669	-0.017293854	-3.9262009	0.008456532	0.0	77.69931173324585
192	-30.739788	8.211556	-20.708254	-55.981655	25.913044	-33.204758	0.0	-33.204758	-33.204758	115800	2.8212865e-08	73.23569	-0.009850594	-6.1177673	0.008621603	0.0	78.0705771446228
193	-31.71997	7.453143	-22.841034	-55.517918	25.695652	-30.882113	0.0	-30.882113	-30.882113	116400	4.7683715e-09	55.836693	-0.00944137	-0.68584824	0.008505967	0.0	78.42835068702698
194	-29.417284	5.532662	-20.812756	-39.59958	25.434782	-31.661673	0.0	-31.661673	-31.661673	117000	-1.5894572e-09	34.895084	-0.0116603	-4.98831	0.006981699	0.0	78.83172941207886
195	-31.642292	12.617917	-20.53984	-83.15587	25.652174	-29.543734	1.9073486e-06	-29.543736	-29.543736	117600	6.7551933e-09	171.83984	-0.010440681	-4.9629364	0.008852	0.0	79.23088264465332
196	-29.151321	9.197484	-19.57288	-55.065155	25.391304	-31.651562	1.9073486e-06	-31.651564	-31.651564	118200	-3.8743018e-08	89.475296	-0.019945033	-5.74485	0.009126531	0.0	79.6040313243866
197	-31.914806	5.974174	-23.338928	-43.80499	25.52174	-29.38927	1.9057585e-06	-29.38927	-29.389273	118800	-4.887581e-08	40.96827	-0.018373154	-5.890423	0.008670132	0.0	79.9656457901001
198	-31.55656	8.779735	-20.325918	-56.1085	25.608696	-31.67278	0.0	-31.67278	-31.67278	119400	3.695488e-08	75.82481	-0.020181056	-0.017097473	0.0088675	0.0	80.42532467842102
199	-33.903458	8.481911	-19.292831	-53.02572	25.565218	-31.553942	1.9073486e-06	-31.553944	-31.553944	120000	1.8676122e-08	75.26443	-0.008857774	-4.9742813	0.0059758993	0.0	80.77993822097778
200	-31.04054	7.438396	-18.975761	-46.684437	25.608696	-33.67896	0.0	-33.67896	-33.67896	120600	-4.6094257e-08	61.35277	-0.015183518	-6.492798	0.0069688004	0.0	81.37861037254333
201	-30.410124	6.698424	-20.931925	-43.454002	25.565218	-31.265446	0.0	-31.265446	-31.265446	121200	-2.4636586e-08	44.425526	-0.006177832	-0.70534897	0.0064177895	0.0	81.79224491119385
202	-30.417454	7.251223	-19.379354	-45.74657	25.826086	-30.456406	1.9073486e-06	-30.456408	-30.456408	121800	-3.0199686e-08	52.360893	-0.014368183	-6.1035156e-05	0.00765306	0.0	82.17910146713257
203	-33.55677	9.0485525	-21.162033	-53.663734	25.652174	-30.449121	3.8146973e-06	-30.449125	-30.449125	122400	4.8478444e-08	89.40183	-0.019525062	-9.058929	0.009073023	0.0	82.54515385627747
204	-30.858807	6.1606083	-21.691776	-44.352055	25.73913	-33.333374	3.8495064e-06	-33.333363	-33.33337	123000	-7.033348e-08	43.60427	-0.013892993	-6.0140533	0.009566844	0.0	82.95821332931519
205	-32.57677	8.1435	-20.222654	-51.021202	25.782608	-30.99914	1.9073486e-06	-30.999142	-30.999142	123600	-1.4702479e-08	67.800575	-0.006569552	-2.5256195	0.008058164	0.0	83.34188222885132
206	-30.927809	7.725064	-22.715351	-50.97061	25.52174	-32.516224	0.0	-32.516224	-32.516224	124200	7.549922e-09	60.814037	-0.011164288	-2.3484573	0.0073211207	1.0	83.7062258720398
207	-32.662083	5.57735	-21.696774	-40.34052	25.652174	-31.044506	1.9073486e-06	-31.044508	-31.044508	124800	-3.218651e-08	33.102684	-0.01761881	-2.5777302	0.009587297	0.0	84.06554293632507
208	-30.972872	8.135363	-19.070637	-49.707188	25.608696	-32.593296	3.8146973e-06	-32.5933	-32.5933	125400	-7.390976e-08	67.77318	-0.019589745	-2.365837	0.008930212	0.0	84.43552827835083
209	-30.805305	9.08936	-19.359407	-57.91102	25.434782	-31.103151	5.722046e-06	-31.103157	-31.103157	126000	3.7749608e-08	79.63028	-0.010957626	-0.106658936	0.00959705	0.0	84.79603052139282
210	-32.240723	8.116564	-21.433905	-52.8178	25.52174	-30.781797	1.9073486e-06	-30.781796	-30.781796	126600	1.5298525e-08	66.84873	-0.011610181	-2.1565552	0.009022676	0.0	85.58503246307373
211	-32.543392	7.8579383	-24.134558	-51.381275	25.652174	-32.224827	3.8146973e-06	-32.22483	-32.22483	127200	-1.09275184e-08	61.21428	-0.010475382	-0.11499405	0.008503932	0.0	85.977614402771
212	-66.15451	164.39365	-19.031906	-853.56104	24.833334	-32.561512	0.0	-32.561512	-32.561512	127800	-2.3841858e-08	1193.9132	-0.029798096	-0.53845215	0.007820185	0.0	86.34827184677124
213	-30.082838	7.5532494	-20.66944	-45.390656	25.695652	-33.29258	3.8146973e-06	-33.292576	-33.292576	128400	-1.0331472e-08	66.26124	-0.014180785	-9.994186	0.0066132923	0.0	86.74697136878967
214	-30.546515	6.471164	-20.89813	-44.81562	25.695652	-30.17785	3.8146973e-06	-30.177855	-30.177855	129000	2.4239222e-08	41.581	-0.019733623	-0.14721298	0.00876483	0.0	87.16537427902222
215	-30.036633	7.074592	-22.538963	-55.052586	25.869566	-30.556517	1.9073486e-06	-30.556515	-30.556515	129600	-1.4503797e-08	49.999435	-0.010285495	-0.24417496	0.0069789886	0.0	87.53346562385559
216	-30.45899	7.7113423	-21.516232	-55.48533	25.913044	-30.063606	1.9073486e-06	-30.063608	-30.063608	130200	8.940697e-09	60.62851	-0.017750569	-0.20061874	0.0063074636	0.0	87.90517044067383
217	-30.92871	6.2507305	-20.960323	-41.99798	25.434782	-30.512972	1.9073486e-06	-30.512974	-30.512974	130800	7.947286e-10	38.21531	-0.020414319	-0.14937973	0.0099791465	0.0	88.30646109580994
218	-29.479052	7.4095206	-19.818295	-49.609173	25.652174	-30.902864	1.9073486e-06	-30.902863	-30.902863	131400	2.6027362e-08	55.29917	-0.010687207	-1.9303322	0.00978967	0.0	88.69188261032104
219	-31.21018	8.095383	-19.972279	-50.357098	25.565218	-29.49887	0.0	-29.49887	-29.49887	132000	-5.165736e-09	67.46221	-0.014583903	-2.8289032	0.009963228	0.0	89.14983701705933
220	-32.339283	7.6155353	-20.497292	-51.106365	25.565218	-31.199389	1.9073486e-06	-31.199387	-31.199387	132600	7.152557e-09	57.759975	-0.017117202	-1.1856804	0.009548609	0.0	89.87379908561707
221	-28.605484	6.1687407	-18.987667	-46.45925	25.73913	-32.303078	3.8146973e-06	-32.30308	-32.30308	133200	3.973643e-10	51.375782	-0.0071751005	-13.236923	0.0044948785	0.0	90.25041508674622
222	-28.687954	6.399093	-19.897272	-42.206413	25.652174	-28.667692	3.8146973e-06	-28.667688	-28.667688	133800	5.5034956e-08	40.252937	-0.014936113	0.0	0.009322618	0.0	90.71260142326355
223	-30.71431	6.395013	-21.848427	-48.418114	25.73913	-28.669973	0.0	-28.669973	-28.669973	134400	-2.960364e-08	43.944023	-0.01912123	-3.9179497	0.0089203585	0.0	91.08189845085144
224	-30.879267	7.0021563	-19.171865	-45.55232	25.608696	-30.656706	1.9073486e-06	-30.656708	-30.656708	135000	-4.9670536e-08	48.01623	-0.0136900265	-0.04584503	0.0075595425	0.0	91.48267960548401
225	-32.052624	7.6499243	-20.47723	-55.21521	25.565218	-30.872852	1.9073486e-06	-30.87285	-30.87285	135600	-1.9669534e-08	58.92142	-0.015962148	-1.3820572	0.009397071	0.0	91.90020203590393
226	-31.268993	7.5699215	-19.838865	-50.081436	25.52174	-32.06178	0.0	-32.06178	-32.06178	136200	4.0133795e-08	56.635586	-0.01038755	-0.6292763	0.0061650905	0.0	92.2550904750824
227	-28.062532	8.258773	-20.595518	-58.48826	25.608696	-31.257048	5.722046e-06	-31.257042	-31.257042	136800	7.947286e-09	76.22732	-0.012817544	-10.012939	0.00659285	1.0	92.62614250183105
228	-33.03354	10.204312	-21.73876	-61.435127	25.652174	-28.075808	5.722046e-06	-28.075813	-28.075813	137400	3.33786e-08	124.71324	-0.01569224	-22.869896	0.009713441	0.0	92.98896265029907
229	-30.765455	6.1835423	-22.54621	-43.969406	25.565218	-32.71704	1.5573437e-07	-32.717037	-32.71704	138000	5.443891e-08	41.195625	-0.010047601	-3.7013893	0.006265098	0.0	93.40606570243835
230	-30.904404	6.7334332	-19.522055	-44.85421	25.782608	-30.860048	1.9073486e-06	-30.86005	-30.86005	138600	8.742014e-09	44.722	-0.019137733	0.0	0.008740453	1.0	94.08021664619446
231	-30.84223	9.452874	-19.477966	-56.049404	25.695652	-30.857197	1.5573437e-07	-30.857193	-30.857197	139200	-4.7683715e-09	88.58144	-0.016588992	-9.1552734e-05	0.0069464073	1.0	94.46593737602234
232	-28.979927	7.924542	-18.977764	-51.887817	25.565218	-30.86481	0.0	-30.86481	-30.86481	139800	1.1920929e-08	64.54561	-0.017087838	-3.4049263	0.008341695	0.0	94.91332006454468
233	-29.442469	6.529334	-20.04226	-50.071735	25.652174	-29.044342	7.6293945e-06	-29.04435	-29.04435	140400	3.0994414e-08	41.6354	-0.019888505	-0.15864944	0.009706338	0.0	95.43886303901672
234	-28.31306	6.6549873	-19.560986	-41.96633	25.391304	-29.439037	3.8146973e-06	-29.439041	-29.439041	141000	-2.78155e-09	44.451687	-0.01503144	-1.2127533	0.009387672	0.0	95.88886260986328
235	-31.63906	5.949756	-22.161867	-44.92975	25.608696	-28.34024	3.8146973e-06	-28.340237	-28.340237	141600	6.328026e-08	46.238686	-0.011568385	-10.968731	0.009875685	0.0	96.38676071166992
236	-29.66921	6.1006	-20.24806	-45.328876	25.52174	-31.602724	5.722046e-06	-31.60273	-31.60273	142200	-4.3114028e-08	40.15414	-0.009422394	-3.4524536	0.00971699	0.0	97.10049319267273
237	-28.377182	5.178194	-21.42826	-39.22544	25.608696	-29.774593	1.9073486e-06	-29.774591	-29.774591	142800	-6.298224e-08	28.370052	-0.019644674	-1.8415203	0.007324025	0.0	97.8921000957489
238	-32.228786	7.178952	-20.812336	-46.287785	25.73913	-28.43123	3.8146973e-06	-28.431234	-28.431234	143400	-1.4702479e-08	65.10919	-0.01238456	-13.982609	0.007340754	0.0	98.4186942577362
239	-32.459274	10.8702965	-21.81709	-70.5262	25.73913	-32.058582	0.0	-32.058582	-32.058582	144000	-5.9306622e-08	117.40142	-0.021578616	-0.20949554	0.00955269	0.0	98.95351719856262
240	-32.15407	9.21084	-21.930326	-62.05807	25.565218	-32.50984	3.811517e-06	-32.50984	-32.509842	144600	7.78834e-08	82.25842	-0.015667913	-0.13603973	0.008155717	0.0	99.71491265296936
241	-31.230618	5.917267	-21.474539	-44.071507	25.47826	-32.14694	0.0	-32.14694	-32.14694	145200	1.2715658e-08	35.094227	-0.018579613	-0.76641464	0.008630798	0.0	100.13268303871155
242	-33.280025	7.09196	-21.267494	-43.93065	25.52174	-31.27916	3.8146973e-06	-31.279163	-31.279163	145800	-1.2715658e-08	52.929108	-0.012630218	-3.9232826	0.008733916	0.0	100.502432346344
243	-30.783686	5.2840543	-23.28398	-41.941174	25.52174	-33.24172	0.0	-33.24172	-33.24172	146400	2.1855037e-08	32.92226	-0.010527104	-5.597788	0.0097199	0.0	100.86021423339844
244	-32.687214	9.901795	-20.48259	-59.823524	25.304348	-30.905886	1.9073486e-06	-30.905884	-30.905884	147000	-1.5099843e-08	97.83243	-0.008811863	-3.0851135	0.008896457	0.0	101.32330989837646
245	-33.15913	7.6030073	-20.998423	-48.910946	25.47826	-32.641323	3.8146973e-06	-32.641327	-32.641327	147600	3.536542e-08	57.703125	-0.015738964	-0.36756516	0.007759583	0.0	101.69006133079529
246	-31.100355	8.063567	-19.172136	-60.26117	25.304348	-33.24542	1.5573437e-07	-33.245415	-33.24542	148200	-6.198883e-08	68.131134	-0.01712794	-4.0867767	0.009404998	0.0	102.07335352897644
247	-34.288906	10.014308	-19.260422	-62.14439	25.47826	-31.234798	1.9073486e-06	-31.234797	-31.234797	148800	-1.6093255e-08	107.364334	-0.02083011	-9.120689	0.007878686	1.0	102.4279568195343
248	-31.708643	9.172771	-22.28251	-51.49121	25.391304	-34.20829	3.811517e-06	-34.20829	-34.208294	149400	1.2318293e-08	88.59522	-0.018913513	-5.564728	0.008238745	0.0	102.78262853622437
249	-31.550922	8.791703	-20.09348	-47.094093	25.434782	-31.89626	1.9073486e-06	-31.896261	-31.896261	150000	1.2318293e-08	75.68574	-0.009659689	-0.047180176	0.006443017	0.0	103.13578009605408
250	-32.365246	9.044009	-18.26779	-49.43561	25.347826	-31.679811	5.722046e-06	-31.679817	-31.679817	150600	-3.218651e-08	80.132835	-0.008046237	-0.49746704	0.00898867	1.0	103.74342441558838
251	-31.477911	10.569709	-20.902935	-62.870872	25.391304	-32.381245	4.6720308e-07	-32.381233	-32.381245	151200	6.377697e-08	110.689125	-0.016253736	-0.70436096	0.009834736	0.0	104.09779381752014
252	-64.91641	160.02806	-23.635208	-831.7943	24.416666	-31.542282	1.9621912e-06	-31.54227	-31.54228	151800	-4.6094257e-08	1107.1418	-0.027279086	-1.8702393	0.008563749	0.0	104.4587631225586
253	-30.442123	7.585655	-20.304407	-47.509876	25.391304	-32.913403	0.0	-32.913403	-32.913403	152400	7.78834e-08	61.511497	-0.015529048	-5.629219	0.0069128545	1.0	104.82869553565979
254	-27.056849	5.2963095	-18.830597	-40.860336	25.347826	-30.542559	0.0	-30.542559	-30.542559	153000	-1.1901061e-07	38.9034	-0.01769152	-11.3914795	0.0078363335	0.0	105.20367407798767
255	-31.28723	7.6820736	-19.652637	-45.359566	25.47826	-27.214052	0.0	-27.214052	-27.214052	153600	1.11262e-08	74.58053	-0.013664752	-16.141167	0.006457545	1.0	105.562260389328
256	-30.063585	4.638191	-20.7528	-36.899544	25.565218	-31.073519	5.717806e-06	-31.07352	-31.073524	154200	4.430612e-08	21.95778	-0.012415465	-0.9774971	0.009082535	0.0	105.92831206321716
257	-33.065117	9.700529	-22.658772	-60.021694	25.782608	-30.124903	1.9073486e-06	-30.124905	-30.124905	154800	4.053116e-08	102.14963	-0.022412585	-8.675598	0.009457958	0.0	106.27064037322998
258	-34.949787	8.784106	-25.106142	-54.315975	25.347826	-32.944695	3.8146973e-06	-32.94469	-32.94469	155400	-1.5894573e-08	78.90681	-0.0161822	-3.778328	0.007375261	1.0	106.63679504394531
259	-31.20145	7.8217583	-19.430624	-53.11416	25.652174	-34.814426	0.0	-34.814426	-34.814426	156000	1.66893e-08	73.05845	-0.0139806885	-12.2700615	0.007828769	0.0	107.00328731536865
260	-27.835974	5.7570868	-19.24063	-41.65134	25.52174	-31.511705	0.0	-31.511705	-31.511705	156600	-6.357829e-09	45.747402	-0.013420679	-12.995068	0.007871224	0.0	107.6144757270813
261	-28.42003	5.5272574	-19.737953	-45.984882	25.608696	-28.157442	1.9073486e-06	-28.157444	-28.157444	157200	1.8080076e-08	30.05654	-0.010196608	-0.083156586	0.007674198	0.0	107.98543643951416
262	-28.2171	5.7363777	-20.820915	-44.325886	25.434782	-28.416521	1.9073486e-06	-28.41652	-28.41652	157800	3.238519e-08	32.20917	-0.012222862	-0.04108429	0.009622967	0.0	108.37016248703003
263	-28.960983	7.019181	-18.634493	-52.969345	25.565218	-28.225863	1.9073486e-06	-28.22586	-28.22586	158400	3.218651e-08	49.20668	-0.023160188	-0.59965515	0.009512533	0.0	108.8602466583252
264	-28.72992	6.143578	-18.260857	-42.449757	25.47826	-28.965557	1.9073486e-06	-28.965559	-28.965559	159000	-6.973743e-08	37.017365	-0.014568399	-0.04339218	0.009073323	0.0	109.23567390441895
265	-29.238016	7.789852	-21.61236	-54.910786	25.608696	-28.765736	3.8146973e-06	-28.765732	-28.765732	159600	-2.5629998e-08	60.12772	-0.015977945	-0.23312378	0.009474734	0.0	109.67088747024536
266	-30.091015	7.2173514	-20.946243	-45.67465	25.608696	-29.235878	1.9073486e-06	-29.23588	-29.23588	160200	3.218651e-08	52.223335	-0.011719356	-0.80019	0.0066435584	1.0	110.04262471199036
267	-30.48517	6.6685495	-19.8175	-44.638805	25.347826	-30.114258	0.0	-30.114258	-30.114258	160800	4.2915346e-08	43.201057	-0.01795216	-0.1384964	0.009475656	0.0	110.40772652626038
268	-30.022034	6.8975606	-20.139338	-49.016315	25.608696	-30.482906	1.9073486e-06	-30.482908	-30.482908	161400	-4.2319297e-08	46.444168	-0.015083837	-0.20113373	0.007232938	0.0	110.76417660713196
269	-30.546564	5.3487897	-20.873383	-45.77554	25.826086	-30.036505	1.9073486e-06	-30.036507	-30.036507	162000	-1.7484028e-08	28.821892	-0.013149502	-0.28867912	0.0068554753	1.0	111.27882170677185
270	-31.011852	5.698529	-22.568827	-45.15566	25.826086	-30.574541	0.0	-30.574541	-30.574541	162600	-5.364418e-08	32.44888	-0.013845676	-0.18852615	0.009213592	0.0	111.95120096206665
271	-29.293303	7.3488865	-19.886475	-51.18422	25.652174	-31.011778	5.730517e-06	-31.011768	-31.011772	163200	5.821387e-08	55.866756	-0.013756379	-3.0209312	0.008512483	1.0	112.3169093132019
272	-30.556242	7.1918473	-19.531723	-42.936237	25.695652	-29.260752	0.0	-29.260752	-29.260752	163800	3.89417e-08	52.716324	-0.0069983522	-1.6119118	0.008312425	0.0	112.72710394859314
273	-30.192663	6.58181	-21.083609	-44.778103	25.695652	-30.542776	0.0	-30.542776	-30.542776	164400	-1.291434e-08	42.84494	-0.02620964	-0.102199554	0.009082333	0.0	113.20163297653198
274	-30.965466	7.01076	-20.411448	-50.289745	25.695652	-30.218685	1.9073486e-06	-30.218687	-30.218687	165000	2.6623407e-08	49.269394	-0.02225401	-0.5996666	0.009815645	0.0	113.58398914337158
275	-29.542345	9.394786	-20.579065	-62.31801	25.695652	-31.005846	0.0	-31.005846	-31.005846	165600	-1.08281775e-08	89.47179	-0.011480206	-2.1271286	0.007521693	1.0	113.9471800327301
276	-32.157776	6.8159895	-23.160917	-48.975872	25.47826	-29.522184	5.722046e-06	-29.522179	-29.522179	166200	2.9404958e-08	51.7582	-0.02380575	-6.401623	0.008823042	0.0	114.32312846183777
277	-31.233345	7.8971796	-20.72411	-46.112846	25.608696	-32.086857	3.8146973e-06	-32.08686	-32.08686	166800	7.4307124e-08	61.57689	-0.016117273	-0.71860886	0.009017053	0.0	114.70057773590088
278	-32.983543	8.407594	-19.817448	-47.356647	25.434782	-31.225368	1.9073486e-06	-31.22537	-31.22537	167400	5.6624412e-08	71.55698	-0.01712455	-2.841652	0.007579665	1.0	115.05238962173462
279	-30.718395	7.6903834	-19.175528	-53.797943	25.608696	-32.938667	3.8146973e-06	-32.93867	-32.93867	168000	-3.218651e-08	62.417515	-0.015472256	-4.7106667	0.008328294	0.0	115.44054007530212
280	-30.720573	7.376816	-19.727234	-49.10894	25.565218	-30.73672	1.9073486e-06	-30.736717	-30.736717	168600	-3.8146972e-08	53.17639	-0.012815791	-0.0001335144	0.008576991	0.0	116.15390419960022
281	-29.434238	6.404607	-19.854738	-41.1806	25.695652	-30.724726	1.9073486e-06	-30.724728	-30.724728	169200	6.2783556e-08	41.947468	-0.011529675	-1.5605011	0.008919534	0.0	116.53928518295288
282	-30.28746	5.6834245	-21.374292	-42.9991	25.608696	-29.452145	0.0	-29.452145	-29.452145	169800	-5.652507e-08	32.3189	-0.0125167975	-0.6829014	0.00997743	0.0	116.89653658866882
283	-28.427933	6.2047267	-19.37783	-44.47283	25.391304	-30.295153	0.0	-30.295153	-30.295153	170400	4.9869218e-08	41.210045	-0.014273428	-3.3877068	0.0075573246	0.0	117.27418494224548
284	-31.347841	5.0756774	-25.003197	-44.76217	25.52174	-28.418428	0.0	-28.418428	-28.418428	171000	9.934108e-09	33.582275	-0.018299818	-8.131062	0.009299854	0.0	117.64088773727417
285	-27.73498	5.726509	-19.103844	-41.082726	25.695652	-31.312937	0.0	-31.312937	-31.312937	171600	5.165736e-08	44.908848	-0.017624956	-12.563118	0.009842706	0.0	118.00640749931335
286	-29.077002	6.2318773	-19.360401	-45.70701	25.695652	-27.759733	1.9073486e-06	-27.759735	-27.759735	172200	4.45048e-08	39.706406	-0.013320441	-1.702507	0.006601986	1.0	118.36476635932922
287	-31.861296	10.58406	-22.025394	-61.67238	25.652174	-29.070173	0.0	-29.070173	-29.070173	172800	2.5629998e-08	117.00632	-0.016708845	-7.2639236	0.006937858	1.0	118.71347689628601
288	-29.27892	6.9644966	-21.099543	-48.33273	25.565218	-31.762253	3.8146973e-06	-31.762257	-31.762257	173400	1.5298525e-08	53.454266	-0.017260859	-5.84021	0.009769237	1.0	119.17943859100342
289	-29.212172	7.0757985	-21.08296	-48.960094	25.782608	-29.359362	0.0	-29.359362	-29.359362	174000	4.3114028e-08	49.48225	-0.008421765	-0.021247864	0.0075765722	1.0	119.54178762435913
290	-29.131943	7.2464485	-19.991688	-48.70237	25.52174	-29.212963	3.8146973e-06	-29.212967	-29.212967	174600	1.9272168e-08	51.414623	-0.013848783	-0.00592041	0.008790951	0.0	120.29072284698486
291	-29.963156	10.08024	-20.651249	-69.10716	25.47826	-29.13541	1.9073486e-06	-29.135408	-29.135408	175200	-1.0550022e-07	101.116325	-0.019521635	-0.76166534	0.009756747	0.0	120.70952248573303
292	-28.322245	5.3991914	-18.498978	-42.95955	25.695652	-30.01692	1.9073486e-06	-30.016918	-30.016918	175800	6.934007e-08	31.639603	-0.015522115	-2.8182487	0.008894306	0.0	121.07221484184265
293	-27.880304	6.312839	-18.295023	-44.23498	25.47826	-28.32028	3.8146973e-06	-28.320276	-28.320276	176400	-1.5695889e-08	38.967453	-0.012211564	-0.21122742	0.005495508	0.0	121.44463849067688
294	-31.744223	9.332166	-20.336617	-57.682415	25.652174	-27.854095	5.722046e-06	-27.85409	-27.85409	177000	-7.708867e-08	100.46763	-0.015376292	-14.491676	0.006310819	0.0	121.90042543411255
295	-28.18485	6.8738246	-20.44688	-46.875072	25.652174	-31.654205	3.8146973e-06	-31.65421	-31.65421	177600	-6.556511e-08	58.124622	-0.01117821	-11.74374	0.00973954	0.0	122.29730200767517
296	-28.74495	4.5848656	-20.705618	-37.231968	25.52174	-28.287594	0.0	-28.287594	-28.287594	178200	6.477038e-08	20.630148	-0.026783312	-0.20070457	0.0077806725	0.0	122.729416847229
297	-27.825647	4.2347465	-20.89084	-36.784508	25.652174	-28.728336	1.9073486e-06	-28.728338	-28.728338	178800	-7.073084e-08	18.362041	-0.018576872	-0.7426567	0.007807714	0.0	123.22603416442871
298	-30.782417	8.36263	-19.200697	-54.531773	25.434782	-27.871466	1.9073486e-06	-27.871464	-27.871464	179400	1.06890994e-07	76.5648	-0.014306225	-8.041321	0.008608232	0.0	123.77090454101562
299	-29.764874	5.843752	-21.850603	-44.96763	25.434782	-30.670534	3.8146973e-06	-30.670538	-30.670538	180000	-6.318092e-08	33.904667	-0.015713546	-0.8013687	0.00904704	0.0	124.56616377830505
300	-28.330458	5.4050264	-20.596094	-42.031876	25.434782	-29.783789	1.9073486e-06	-29.78379	-29.78379	180600	7.8678134e-08	30.691042	-0.012596218	-1.9494705	0.0064386697	0.0	125.6831226348877
301	-31.61853	4.9418306	-21.576807	-42.39366	25.391304	-28.393217	1.9073486e-06	-28.393215	-28.393215	181200	-5.7021776e-08	33.96481	-0.015792182	-9.792553	0.008039481	0.0	126.17582631111145
302	-28.157072	5.5583415	-19.430573	-39.392433	25.434782	-31.47484	1.9073486e-06	-31.474838	-31.474838	181800	2.026558e-08	40.820774	-0.013506555	-10.389654	0.0064968932	1.0	126.64626908302307
303	-30.318388	7.586963	-21.395689	-59.01273	25.565218	-28.34509	1.9073486e-06	-28.345089	-28.345089	182400	-1.0261933e-07	59.235165	-0.017471552	-3.632885	0.007944458	1.0	127.02738308906555
304	-27.724628	5.3498096	-20.115349	-38.695633	25.652174	-30.193295	1.9073486e-06	-30.193293	-30.193293	183000	5.1259995e-08	34.058613	-0.017745456	-5.8553905	0.008644641	0.0	127.46126985549927
305	-28.484838	6.2600074	-21.730799	-47.583893	25.47826	-27.85222	1.9073486e-06	-27.852222	-27.852222	183600	7.2320304e-08	38.58628	-0.014491062	-0.33913422	0.006903815	0.0	127.92373776435852
306	-30.77763	6.6818805	-21.199205	-46.533173	25.608696	-28.417572	1.9073486e-06	-28.417574	-28.417574	184200	-1.6649564e-07	48.874924	-0.011000027	-5.121849	0.009870107	0.0	128.36358070373535
307	-30.442436	7.97367	-22.558004	-53.476257	25.608696	-30.624222	1.9073486e-06	-30.624224	-30.624224	184800	7.6293944e-08	62.21487	-0.0148819275	-0.030586243	0.0067993035	1.0	128.86500191688538
308	-28.180225	5.0508723	-19.480387	-39.876076	25.695652	-30.454453	3.8146973e-06	-30.454456	-30.454456	185400	2.5629998e-08	30.396673	-0.013916964	-5.154751	0.007890487	0.0	129.24131774902344
309	-27.95274	6.9760323	-18.418991	-47.17214	25.782608	-28.227245	1.9073486e-06	-28.227243	-28.227243	186000	-7.78834e-08	47.81682	-0.02124669	-0.09170532	0.009474763	0.0	129.6644811630249
310	-29.916567	7.795204	-19.24889	-46.122482	25.652174	-27.9265	0.0	-27.9265	-27.9265	186600	-5.5631002e-08	64.05238	-0.01600381	-3.8602943	0.008215333	0.0	130.35803318023682
311	-29.779255	7.687996	-20.068905	-48.663574	25.782608	-29.86856	3.8146973e-06	-29.868565	-29.868565	187200	-1.37090685e-08	58.202766	-0.010298745	-0.014289856	0.0081192665	0.0	130.7100794315338
312	-29.257853	6.669625	-20.95121	-47.38857	25.608696	-29.75043	1.9073486e-06	-29.750431	-29.750431	187800	-1.013279e-07	43.102158	-0.02188737	-0.3299179	0.009939726	0.0	131.07896780967712
313	-28.53037	5.2694664	-21.068972	-39.886967	25.826086	-29.175331	1.9073486e-06	-29.175333	-29.175333	188400	7.381042e-08	28.232555	-0.019616283	-0.38757515	0.009569235	0.0	131.48027443885803
314	-28.52592	6.652065	-18.295414	-41.373848	25.826086	-28.54886	1.9073486e-06	-28.548859	-28.548859	189000	-7.549922e-09	44.08735	-0.014007044	-0.0006828308	0.006624214	1.0	131.97560858726501
315	-28.097479	6.0074944	-20.064629	-42.965168	25.695652	-28.522282	3.8146973e-06	-28.522285	-28.522285	189600	4.9571195e-08	35.358463	-0.023745276	-0.238163	0.006929589	1.0	132.32717156410217
316	-29.373875	5.339905	-20.559053	-37.96566	25.73913	-28.027119	1.9073486e-06	-28.027117	-28.027117	190200	-8.34465e-09	29.852032	-0.020306591	-1.7741795	0.009156243	0.0	132.71017694473267
317	-30.905502	7.096615	-21.085587	-46.753906	25.652174	-29.380375	0.0	-29.380375	-29.380375	190800	2.3841857e-09	51.813354	-0.013779503	-2.2097092	0.009259465	1.0	133.083349943161
318	-28.924162	7.6939597	-18.768946	-46.771893	25.608696	-30.891764	0.0	-30.891764	-30.891764	191400	3.059705e-08	61.971653	-0.015852114	-4.019825	0.008483642	0.0	133.46672773361206
319	-28.489538	6.602705	-19.075224	-47.881668	25.826086	-28.855423	1.9073486e-06	-28.855421	-28.855421	192000	-1.8874804e-08	43.320026	-0.014381388	-0.1450386	0.006588827	1.0	133.83032417297363
320	-30.870287	7.7259645	-18.618107	-47.17237	25.52174	-28.467607	0.0	-28.467607	-28.467607	192600	-1.09275184e-07	63.24746	-0.0128460545	-5.240013	0.009221994	0.0	134.5743763446808
321	-29.063614	4.9835763	-20.362772	-42.313885	25.73913	-30.793613	1.9073486e-06	-30.793612	-30.793612	193200	7.152557e-09	27.341557	-0.012085747	-3.009407	0.009289919	0.0	134.9545247554779
322	-30.511694	7.1548877	-21.749826	-47.789383	25.826086	-29.03084	0.0	-29.03084	-29.03084	193800	1.7881394e-08	53.081505	-0.019341249	-2.1853561	0.008916947	0.0	135.39517521858215
323	-27.823254	4.6645293	-19.746233	-38.478664	25.652174	-30.534184	1.9073486e-06	-30.534182	-30.534182	194400	-2.503395e-08	28.571028	-0.013481054	-7.150036	0.009586838	1.0	135.88126754760742
324	-28.185703	6.32321	-20.291405	-42.02063	25.695652	-27.827162	7.7867185e-08	-27.82716	-27.827162	195000	3.0994414e-08	39.13855	-0.02010016	-0.09000015	0.009120633	0.0	136.46776175498962
325	-29.515362	9.00621	-19.922806	-49.915207	25.73913	-28.131914	1.9073486e-06	-28.131912	-28.131912	195600	-4.9471854e-08	81.268425	-0.009115554	-1.714531	0.008717305	0.0	137.15618658065796
326	-28.408773	6.8503685	-20.383184	-46.57005	25.652174	-29.463673	1.9073486e-06	-29.46367	-29.46367	196200	-5.6624412e-08	47.68517	-0.015854098	-1.1024513	0.009618781	0.0	137.8265254497528
327	-30.9557	8.397893	-21.028732	-54.26368	25.695652	-28.394115	0.0	-28.394115	-28.394115	196800	6.318092e-08	75.04308	-0.024577102	-6.179558	0.009211662	0.0	138.30823302268982
328	-30.860147	7.7690344	-20.598692	-52.25667	25.695652	-30.918596	0.0	-30.918596	-30.918596	197400	-3.2981237e-08	58.978817	-0.011722898	-0.003791809	0.008831613	0.0	138.75267887115479
329	-30.62021	10.727828	-21.541378	-71.637184	25.652174	-30.85593	3.8146973e-06	-30.855934	-30.855934	198000	8.781751e-08	114.06919	-0.010166746	-0.043289185	0.006357618	0.0	139.24652671813965
330	-28.697826	8.109678	-19.262014	-54.278088	25.695652	-30.643606	7.7867185e-08	-30.643604	-30.643606	198600	-1.2497107e-07	68.611984	-0.010732774	-3.4512482	0.007228995	0.0	139.91135239601135
331	-27.456535	3.786631	-20.570879	-33.627235	25.608696	-28.749166	0.0	-28.749166	-28.749166	199200	4.6094257e-08	15.560371	-0.0146948425	-1.580616	0.008281228	0.0	140.27965641021729
332	-26.121058	6.1713467	-19.248714	-49.22029	25.695652	-27.466084	1.9073486e-06	-27.466082	-27.466082	199800	-1.00930535e-07	39.60508	-0.016371308	-1.7181778	0.006461173	1.0	140.64088034629822
333	-32.01336	7.434461	-21.31742	-56.745792	25.391304	-26.127794	3.8146973e-06	-26.127798	-26.127798	200400	7.2518986e-08	85.37924	-0.017116453	-32.11867	0.009692053	0.0	140.98926973342896
334	-27.818304	6.333638	-20.385786	-47.189457	25.695652	-31.690212	1.9073486e-06	-31.690214	-31.690214	201000	-6.7551933e-09	54.373344	-0.013970998	-14.280369	0.008706105	0.0	141.33610796928406
335	-27.390285	4.9526906	-19.101986	-36.286507	25.391304	-28.079287	0.0	-28.079287	-28.079287	201600	1.39077505e-08	24.388357	-0.009398109	-0.43613243	0.00853627	0.0	141.707852602005
336	-27.469028	5.3861666	-20.845509	-38.3324	25.52174	-27.436296	1.9073486e-06	-27.436295	-27.436295	202200	2.503395e-08	28.396967	-0.012588337	-0.00019645691	0.006993269	0.0	142.07489228248596
337	-27.16579	5.7464747	-19.082293	-43.081356	25.73913	-27.449024	1.9073486e-06	-27.449026	-27.449026	202800	-4.9273172e-08	32.851837	-0.016158197	-0.085559845	0.008828421	0.0	142.44849944114685
338	-27.244297	4.9229407	-19.968168	-39.26547	25.652174	-27.162045	1.9073486e-06	-27.162043	-27.162043	203400	2.7418137e-08	23.913269	-0.011707561	-0.004468918	0.008151101	1.0	142.82563138008118
339	-29.751087	6.449605	-19.892166	-47.5733	25.73913	-27.228046	1.9073486e-06	-27.228048	-27.228048	204000	2.0464261e-08	47.026123	-0.014619211	-6.2915916	0.0074318647	0.0	143.19410395622253
340	-31.942648	7.76932	-18.987381	-48.11606	25.782608	-29.69955	1.9073486e-06	-29.699553	-29.699553	204600	-4.430612e-08	64.562256	-0.011394081	-5.153454	0.0080852145	0.0	143.8368182182312
341	-28.713556	6.8971963	-18.711973	-41.02496	25.608696	-31.933014	0.0	-31.933014	-31.933014	205200	8.841356e-08	56.710293	-0.012276809	-10.034088	0.007262636	0.0	144.184100151062
342	-31.692621	7.621695	-19.27915	-45.982185	25.608696	-28.85815	0.0	-28.85815	-28.85815	205800	1.5298525e-08	65.076004	-0.016799616	-7.7613945	0.009506098	0.0	144.57020044326782
343	-28.777405	5.1555367	-20.780134	-40.44834	25.47826	-31.537294	1.9073486e-06	-31.537296	-31.537296	206400	-2.3047129e-08	33.353504	-0.015175596	-7.4357033	0.008017333	0.0	144.94390106201172
344	-30.388813	9.084356	-19.633419	-50.66932	25.565218	-28.934385	3.8146973e-06	-28.934381	-28.934381	207000	5.086263e-08	83.8926	-0.017109873	-2.2624207	0.006591211	1.0	145.3169493675232
345	-30.355627	7.8478994	-20.595922	-58.48709	25.652174	-30.373323	3.8146973e-06	-30.373327	-30.373327	207600	1.5894572e-09	61.165977	-0.018855164	-1.9073486e-05	0.007241447	1.0	145.69129371643066
346	-28.936205	6.1549373	-20.003347	-48.73477	25.47826	-30.371264	0.0	-30.371264	-30.371264	208200	6.765127e-08	39.185604	-0.013618733	-1.9009094	0.0074107526	1.0	146.0529499053955
347	-28.44433	6.068912	-19.015108	-40.752846	25.52174	-29.027422	1.9073486e-06	-29.027424	-29.027424	208800	4.2120615e-08	36.312687	-0.013556947	-0.35120392	0.007449708	0.0	146.41832661628723
348	-30.723654	8.624961	-19.342693	-57.87756	25.565218	-28.44403	0.0	-28.44403	-28.44403	209400	7.152557e-09	77.43767	-0.01944872	-4.8645325	0.008604426	0.0	146.78027391433716
349	-28.80338	6.6863604	-22.50789	-47.4292	25.47826	-30.607616	3.8146973e-06	-30.60762	-30.60762	210000	4.2915346e-08	46.49228	-0.022578826	-3.2837944	0.009681137	0.0	147.14498853683472
350	-30.031942	7.201596	-19.61713	-49.95994	25.565218	-28.8293	1.9073486e-06	-28.829302	-28.829302	210600	-2.4437904e-08	51.608013	-0.013743551	-1.2247581	0.008959871	0.0	147.78772473335266
351	-26.503443	4.8411064	-19.120838	-37.694107	25.434782	-29.920826	0.0	-29.920826	-29.920826	211200	2.7616819e-08	34.28908	-0.012528285	-11.146555	0.008806443	0.0	148.25001549720764
352	-27.533087	6.231052	-19.372646	-46.085983	25.695652	-26.669264	0.0	-26.669264	-26.669264	211800	5.9604646e-09	38.971603	-0.010673948	-0.7139473	0.0075297887	0.0	148.63792085647583
353	-28.527088	6.650981	-18.941092	-46.97733	25.652174	-27.493685	1.9073486e-06	-27.493687	-27.493687	212400	8.34465e-09	44.668797	-0.0085624	-1.0652771	0.0050508655	0.0	149.05825996398926
354	-28.753149	5.4224653	-20.693481	-42.795235	25.652174	-28.511816	3.8146973e-06	-28.511812	-28.511812	213000	-8.90096e-08	29.154491	-0.016020583	-0.05516243	0.0074754367	1.0	149.5259931087494
355	-26.798475	4.095953	-19.14179	-33.438877	25.565218	-28.74556	3.8146973e-06	-28.745556	-28.745556	213600	5.3246815e-08	20.12602	-0.0150033785	-3.5690823	0.008766208	0.0	149.90663695335388
356	-28.130465	7.5355034	-19.411922	-53.242508	25.565218	-26.868412	1.9073486e-06	-26.86841	-26.86841	214200	2.9802323e-09	57.50106	-0.011869376	-1.6157722	0.009600772	0.0	150.2666530609131
357	-29.13952	4.800553	-19.079336	-37.14253	25.782608	-28.135378	1.9073486e-06	-28.13538	-28.13538	214800	-7.311503e-08	23.743929	-0.024949867	-0.94169235	0.009231414	0.0	150.61489701271057
358	-28.296558	5.7364516	-19.560553	-40.36116	25.826086	-29.107845	0.0	-29.107845	-29.107845	215400	-5.9604643e-10	33.27434	-0.0159279	-0.7245369	0.007868238	1.0	150.97376823425293
359	-29.632275	6.539136	-19.901466	-44.856777	25.869566	-28.251492	3.8146973e-06	-28.251488	-28.251488	216000	2.036492e-09	43.80808	-0.010797575	-1.737133	0.008355392	0.0	151.3294939994812
360	-27.185291	6.371503	-18.47151	-41.859085	25.826086	-29.580807	1.9073486e-06	-29.580809	-29.580809	216600	1.39077505e-08	45.983704	-0.011297606	-5.8927917	0.007715966	0.0	152.11837816238403
361	-29.349976	7.901746	-18.590715	-48.342823	25.782608	-27.14148	0.0	-27.14148	-27.14148	217200	3.7550926e-08	66.383934	-0.020428963	-4.6132164	0.0066284817	1.0	152.54134249687195
362	-27.20752	9.247569	-18.983974	-60.488262	25.695652	-29.295273	1.9073486e-06	-29.295275	-29.295275	217800	6.437302e-08	88.80004	-0.01936276	-4.337723	0.006440045	1.0	153.02653098106384
363	-29.174498	4.719267	-18.34373	-38.84794	25.782608	-27.209929	3.8146973e-06	-27.209925	-27.209925	218400	-2.9007595e-08	25.451153	-0.010957663	-3.632574	0.007715982	0.0	153.3793339729309
364	-29.138056	6.8413396	-18.265635	-51.035187	25.782608	-29.11765	3.8146973e-06	-29.117653	-29.117653	219000	7.053216e-08	46.49908	-0.014601411	-4.9591064e-05	0.009132507	0.0	153.74296879768372
365	-29.968494	6.011459	-21.621393	-43.715973	25.52174	-29.111012	1.9073486e-06	-29.111013	-29.111013	219600	3.7749608e-08	35.650665	-0.014392052	-0.5975609	0.0097754765	0.0	154.09412908554077
366	-29.772285	6.1927867	-22.131392	-42.49621	25.73913	-29.892162	1.9073486e-06	-29.89216	-29.89216	220200	-1.9868216e-09	37.7584	-0.022026753	-0.023967743	0.008619225	0.0	154.45988154411316
367	-28.99629	6.387642	-21.812025	-44.926983	25.73913	-29.735167	0.0	-29.735167	-29.735167	220800	1.07288365e-08	40.697144	-0.015781594	-0.55000687	0.0075761746	0.0	154.8332269191742
368	-29.857882	5.992883	-18.432014	-43.799038	25.826086	-28.98086	1.9073486e-06	-28.980858	-28.980858	221400	-1.1722247e-08	36.35103	-0.015963538	-0.7832451	0.0084623005	0.0	155.18922233581543
369	-30.321156	7.7571807	-19.61935	-54.009518	25.52174	-29.882568	0.0	-29.882568	-29.882568	222000	1.0530154e-08	58.63722	-0.018378068	-0.19282532	0.0074265017	1.0	155.56386184692383
370	-28.950817	5.700099	-19.517397	-46.359173	25.869566	-30.330751	0.0	-30.330751	-30.330751	222600	-7.947286e-10	33.84711	-0.012343176	-1.9804535	0.008950215	0.0	156.28691577911377
371	-29.890043	6.5954	-16.522085	-45.417988	25.652174	-28.894274	1.9073486e-06	-28.894276	-28.894276	223200	1.41064325e-08	43.91939	-0.013412811	-0.9135132	0.0066389753	1.0	156.75354385375977
372	-29.493484	7.3935847	-18.301485	-50.00922	25.52174	-29.870348	1.9073486e-06	-29.870346	-29.870346	223800	-4.331271e-08	53.014584	-0.016210353	-0.15947342	0.00895036	0.0	157.2003402709961
373	-31.41613	7.1275373	-18.155943	-48.536232	25.52174	-29.462467	3.8146973e-06	-29.462471	-29.462471	224400	2.0066897e-08	53.67637	-0.025146706	-3.4291153	0.007352004	0.0	157.61183667182922
374	-27.113152	5.332549	-14.852474	-36.35086	25.782608	-31.353779	1.9073486e-06	-31.353777	-31.353777	225000	-4.072984e-08	46.09103	-0.011338906	-17.766863	0.0072317244	1.0	158.044584274292
375	-27.874071	7.5186687	-19.02516	-49.906616	25.565218	-27.098904	1.9073486e-06	-27.098902	-27.098902	225600	1.0728836e-07	55.653957	-0.020137982	-0.52389145	0.0064587905	1.0	158.7110197544098
376	-32.61689	7.570365	-22.547821	-56.29922	25.52174	-27.831833	0.0	-27.831833	-27.831833	226200	1.6490619e-08	77.30194	-0.025168119	-21.2272	0.006634749	1.0	159.5540840625763
377	-31.23826	7.457796	-22.049139	-54.362164	25.782608	-32.366276	3.8146973e-06	-32.36628	-32.36628	226800	-2.3841858e-08	55.565063	-0.01336983	-1.4140854	0.006599434	0.0	160.23209190368652
378	-28.967009	7.254918	-14.986127	-44.467327	25.826086	-31.196077	1.9073486e-06	-31.19608	-31.19608	227400	5.801519e-08	57.217957	-0.010354523	-4.907364	0.0065582762	1.0	160.67823886871338
379	-28.43485	6.2124004	-19.193876	-41.212032	25.73913	-29.012806	0.0	-29.012806	-29.012806	228000	1.9868216e-08	38.310574	-0.033358455	-0.33366394	0.009350697	0.0	161.0536231994629
380	-30.02642	5.5365605	-20.403732	-42.503292	25.695652	-28.438795	1.9073486e-06	-28.438793	-28.438793	228600	-1.947085e-08	33.010117	-0.015962046	-2.532816	0.0066989907	1.0	161.74906277656555
381	-29.358871	5.275136	-21.593403	-41.20787	25.73913	-30.020739	1.9073486e-06	-30.020737	-30.020737	229200	-4.251798e-08	27.932234	-0.013316374	-0.47249985	0.0069214576	1.0	162.11838459968567
382	-28.994371	6.822087	-20.6166	-43.765568	25.695652	-29.334063	0.0	-29.334063	-29.334063	229800	5.443891e-08	45.911213	-0.014973164	-0.14584732	0.008372531	0.0	162.47232222557068
383	-30.168022	6.1582637	-21.527622	-47.541157	25.47826	-28.950043	0.0	-28.950043	-28.950043	230400	-2.9206277e-08	38.657005	-0.015268844	-1.3873711	0.009808725	0.0	162.82132601737976
384	-28.827456	6.147824	-17.960709	-46.634426	25.695652	-30.137669	3.8146973e-06	-30.137672	-30.137672	231000	4.887581e-08	39.015865	-0.007153374	-1.7236443	0.006888765	0.0	163.19038271903992
385	-61.87916	169.7497	-19.198225	-875.7648	24.833334	-28.811054	1.9073486e-06	-28.811056	-28.811056	231600	-4.7683717e-08	1215.9591	-0.034267478	-0.8046875	0.005867019	0.0	163.5410373210907
386	-30.095451	7.605605	-21.187407	-58.258694	25.652174	-27.90192	3.8146973e-06	-27.901924	-27.901924	232200	-1.8080076e-08	61.94293	-0.009049262	-4.682537	0.009337336	0.0	163.90297722816467
387	-27.503565	5.204711	-18.660028	-40.639168	25.652174	-30.091015	1.9073486e-06	-30.091017	-30.091017	232800	-2.22524e-08	33.233486	-0.018310877	-6.590971	0.008304203	1.0	164.25429511070251
388	-28.897419	7.452102	-19.626972	-50.86222	25.608696	-27.505814	3.8146973e-06	-27.505817	-27.505817	233400	3.0199686e-08	56.0226	-0.015638806	-1.7376404	0.0086413985	0.0	164.6202130317688
389	-30.393078	7.7473583	-16.813005	-51.767944	25.652174	-28.83591	3.8146973e-06	-28.835915	-28.835915	234000	-8.543332e-09	60.83413	-0.017448418	-2.2235374	0.006593151	1.0	164.97028946876526
390	-30.562399	7.680792	-21.16623	-60.8929	25.695652	-30.342924	3.8146973e-06	-30.34292	-30.34292	234600	6.357829e-09	60.284992	-0.01838839	-0.073020935	0.006350417	0.0	165.65577936172485
391	-28.612705	6.188088	-21.128624	-42.31671	25.434782	-30.617008	3.8146973e-06	-30.617012	-30.617012	235200	1.8676122e-08	41.12887	-0.016707743	-3.7122269	0.00893544	0.0	166.00561809539795
392	-27.693596	6.1743345	-18.76756	-40.328247	25.73913	-28.663868	1.9073486e-06	-28.663866	-28.663866	235800	-6.437302e-08	38.640266	-0.011737328	-0.97187424	0.0068593184	1.0	166.36341214179993
393	-28.29136	7.38864	-19.289642	-51.62858	25.695652	-27.6622	5.722046e-06	-27.662195	-27.662195	236400	-1.1920929e-08	54.489975	-0.014335022	-0.4333458	0.009779077	0.0	166.7220377922058
394	-30.610231	6.077467	-21.200218	-47.538822	25.47826	-28.332598	1.9073486e-06	-28.3326	-28.3326	237000	-6.11941e-08	40.557926	-0.011935172	-4.878845	0.008384157	1.0	167.0803599357605
395	-27.228895	5.261206	-20.559944	-40.179417	25.565218	-30.577868	1.9073486e-06	-30.577866	-30.577866	237600	4.371007e-09	38.05929	-0.019945867	-11.036795	0.0088968035	0.0	167.4525363445282
396	-28.439203	7.444853	-20.203985	-55.569534	25.652174	-27.233395	0.0	-27.233395	-27.233395	238200	1.1523564e-08	54.91927	-0.014853749	-1.3305702	0.008141976	1.0	167.8165009021759
397	-27.319826	3.474621	-21.596764	-36.28597	25.52174	-28.397419	1.9073486e-06	-28.39742	-28.39742	238800	4.1921933e-08	12.974158	-0.015305345	-1.1839056	0.009874883	0.0	168.17636060714722
398	-27.482983	5.6191363	-19.078016	-44.835472	25.608696	-27.296278	1.9073486e-06	-27.296276	-27.296276	239400	3.33786e-08	30.615639	-0.010560645	-0.028497696	0.006480655	1.0	168.55551099777222
399	-27.792055	5.1627893	-22.516748	-46.26504	25.391304	-27.467682	7.6293945e-06	-27.46769	-27.46769	240000	-1.8576781e-08	25.805992	-0.011611517	-0.08748627	0.0041342513	0.0	168.9144914150238
400	-27.295776	4.888472	-19.562735	-36.758408	25.73913	-27.7689	0.0	-27.7689	-27.7689	240600	-1.6291937e-08	23.697256	-0.012698913	-0.23237038	0.009114908	0.0	169.61725187301636
401	-27.43329	6.2332006	-19.141666	-48.51841	25.652174	-27.277113	0.0	-27.277113	-27.277113	241200	-4.172325e-09	37.720444	-0.013715162	-0.008831024	0.009112346	0.0	169.9754068851471
402	-25.912352	5.0370684	-18.927229	-39.43801	25.52174	-27.372997	0.0	-27.372997	-27.372997	241800	3.973643e-09	26.886652	-0.021319145	-2.0304832	0.008568604	0.0	170.3690688610077
403	-27.57416	3.7545612	-21.095839	-34.29506	25.652174	-25.917648	0.0	-25.917648	-25.917648	242400	-9.57648e-08	16.410961	-0.022524191	-2.5224667	0.0091984	0.0	170.7346601486206
404	-29.095278	4.795719	-19.8056	-39.555004	25.695652	-27.539532	1.9073486e-06	-27.53953	-27.53953	243000	8.304914e-08	24.973024	-0.004923918	-2.3554344	0.0060426593	0.0	171.0885579586029
405	-27.571323	5.8909173	-20.767992	-42.525536	25.695652	-29.107285	0.0	-29.107285	-29.107285	243600	-5.642573e-08	36.617954	-0.010954461	-2.244236	0.0076265675	0.0	171.4596495628357
406	-28.260824	4.838945	-17.898151	-42.219353	25.608696	-27.57736	3.8146973e-06	-27.577356	-27.577356	244200	1.1523564e-08	23.265478	-0.014335941	-0.41820145	0.009094474	0.0	171.82305645942688
407	-27.074953	4.6353235	-18.482615	-36.823338	25.52174	-28.237728	1.9073486e-06	-28.237726	-28.237726	244800	-5.5730343e-08	22.520927	-0.01329992	-1.2951851	0.009975702	0.0	172.19495058059692
408	-24.934921	4.2017326	-20.103243	-34.96257	25.608696	-27.07559	1.9073486e-06	-27.075588	-27.075588	245400	-2.6623407e-08	21.876448	-0.015056131	-4.329113	0.009674379	1.0	172.53956294059753
409	-28.548672	6.084006	-20.89828	-44.72162	25.434782	-24.95039	1.9073486e-06	-24.950388	-24.950388	246000	-1.66893e-08	48.395607	-0.018362483	-12.2667465	0.006529186	1.0	172.90101051330566
410	-28.060871	5.4345455	-19.918343	-45.54217	25.434782	-28.509626	1.9073486e-06	-28.509624	-28.509624	246600	-8.106232e-08	28.893316	-0.014600924	-0.20009995	0.00673474	0.0	173.5907654762268
411	-25.937153	5.456693	-19.448692	-42.316444	25.608696	-28.053848	3.8146973e-06	-28.053844	-28.053844	247200	-7.7486035e-08	33.66955	-0.0074805026	-4.1971817	0.009127787	0.0	173.93413281440735
412	-27.254545	4.690103	-19.299528	-36.147022	25.347826	-25.968843	3.8146973e-06	-25.968847	-25.968847	247800	6.67572e-08	22.993744	-0.012228403	-1.5856247	0.006557116	1.0	174.2878999710083
413	-26.109747	4.3093586	-19.352139	-34.64539	25.565218	-27.251759	1.9073486e-06	-27.25176	-27.25176	248400	-2.880891e-09	19.374907	-0.009426162	-1.2900829	0.0073708296	1.0	174.66883516311646
414	-29.801416	7.16198	-20.800507	-49.805492	25.608696	-26.093388	3.8146973e-06	-26.093391	-26.093391	249000	-1.5894573e-08	64.504326	-0.0175341	-13.620544	0.008665255	0.0	175.0415277481079
415	-30.4839	6.9598136	-21.201223	-47.774967	25.652174	-29.81601	3.8146973e-06	-29.816006	-29.816006	249600	-2.2297104e-07	48.28663	-0.014911697	-0.4796753	0.009431972	0.0	175.43247175216675
416	-28.04889	5.4474583	-18.3563	-41.60043	25.52174	-30.517076	1.9073486e-06	-30.517078	-30.517078	250200	7.1326895e-08	35.015076	-0.013813563	-5.874571	0.006587851	1.0	175.86561512947083
417	-28.566103	3.5585597	-21.957684	-36.287437	25.73913	-28.072435	1.9073486e-06	-28.072433	-28.072433	250800	3.3775965e-08	12.833603	-0.005085929	-0.24029064	0.0057789	0.0	176.21971702575684
418	-25.57944	4.7989736	-19.125572	-36.009007	25.782608	-28.568743	1.9073486e-06	-28.568745	-28.568745	251400	2.6623407e-08	31.66194	-0.01439149	-8.705225	0.007548369	0.0	176.58893275260925
419	-27.30277	4.871416	-19.378063	-37.217392	25.652174	-25.603498	1.9073486e-06	-25.603497	-25.603497	252000	5.5631002e-08	26.249792	-0.012112886	-2.726944	0.009941564	0.0	176.9470934867859
420	-25.495502	4.445906	-18.155453	-36.499317	25.695652	-27.264055	1.9073486e-06	-27.264057	-27.264057	252600	3.4769375e-08	22.705248	-0.006136907	-2.9645329	0.008988041	0.0	177.65309619903564
421	-27.270031	8.285011	-16.780489	-45.35296	25.608696	-25.531448	1.9073486e-06	-25.53145	-25.53145	253200	3.0199686e-08	70.35103	-0.010381852	-2.885872	0.006685907	1.0	178.020751953125
422	-26.889633	5.702166	-21.322134	-40.783142	25.695652	-27.24211	0.0	-27.24211	-27.24211	253800	-7.152557e-09	32.37986	-0.014804308	-0.099285126	0.008428446	0.0	178.36428833007812
423	-26.78774	5.092797	-18.291859	-42.783012	25.73913	-26.923445	1.9073486e-06	-26.923443	-26.923443	254400	1.10467276e-07	25.773842	-0.011597351	-0.020549774	0.00649797	0.0	178.7301104068756
424	-27.436172	5.782124	-19.166656	-43.605328	25.869566	-26.777922	1.9073486e-06	-26.77792	-26.77792	255000	9.437402e-08	34.13905	-0.011793485	-0.4354477	0.0073955455	0.0	179.09166932106018
425	-26.20025	6.4406714	-16.551065	-42.35983	25.73913	-27.449554	0.0	-27.449554	-27.449554	255600	-2.7418137e-08	42.556965	-0.011539825	-1.5561981	0.00759444	1.0	179.45512747764587
426	-27.047615	6.174996	-18.985243	-45.506557	25.695652	-26.178585	3.8146973e-06	-26.178581	-26.178581	256200	-2.7418137e-08	38.53151	-0.0081844	-0.7361717	0.0077636726	0.0	179.81036829948425
427	-28.793394	9.418276	-16.754185	-65.35605	25.434782	-27.053905	1.9073486e-06	-27.053904	-27.053904	256800	-1.7086665e-08	88.239105	-0.020904817	-2.645462	0.0058924914	0.0	180.15960311889648
428	-25.993597	6.1440053	-16.336143	-42.44695	25.608696	-28.713263	3.8146973e-06	-28.713259	-28.713259	257400	-6.6955884e-08	44.266594	-0.017758839	-7.3521347	0.006224601	0.0	180.52530574798584
429	-26.661694	5.714167	-18.898207	-38.450413	25.565218	-25.956745	1.9073486e-06	-25.956747	-25.956747	258000	3.0199686e-08	32.47598	-0.011812717	-0.46746826	0.008876373	0.0	180.87598252296448
430	-25.069029	3.777405	-19.863472	-32.65871	25.47826	-26.65337	1.9073486e-06	-26.653368	-26.653368	258600	1.2993813e-07	16.378965	-0.009002703	-2.4543009	0.009045438	0.0	181.59258580207825
431	-29.438025	8.401464	-18.870342	-47.752655	25.434782	-25.056826	0.0	-25.056826	-25.056826	259200	3.695488e-08	87.8206	-0.01481245	-18.402435	0.007342711	1.0	181.9354808330536
432	-26.046175	5.5037546	-19.096027	-41.295338	25.565218	-29.346712	1.9073486e-06	-29.34671	-29.34671	259800	-6.874402e-08	40.405262	-0.0039558685	-10.349155	0.0076025296	1.0	182.3232753276825
433	-26.225317	6.012762	-18.284506	-40.40309	25.391304	-26.17271	1.9073486e-06	-26.172709	-26.172709	260400	2.880891e-08	35.755795	-0.015311448	-0.0077285767	0.007429482	1.0	182.71072506904602
434	-24.501587	4.3483224	-13.871658	-33.130154	25.608696	-26.258343	1.9073486e-06	-26.25834	-26.25834	261000	-2.3047129e-08	21.619667	-0.012133795	-3.1037369	0.0052784896	0.0	183.07830834388733
435	-29.158625	7.2646923	-19.619684	-50.821815	25.608696	-24.505995	3.8146973e-06	-24.505991	-24.505991	261600	5.9604646e-09	73.541405	-0.007336485	-21.068638	0.009536101	0.0	183.4448184967041
436	-26.442057	5.594072	-19.536776	-42.51491	25.52174	-28.922184	1.9073486e-06	-28.922186	-28.922186	262200	-4.7683717e-08	36.68336	-0.013580386	-6.0233097	0.009054175	0.0	183.78108191490173
437	-30.088339	9.548679	-18.400637	-62.221413	25.826086	-26.584658	5.722046e-06	-26.584663	-26.584663	262800	-3.33786e-08	103.11302	-0.008384695	-12.1768265	0.0071443454	0.0	184.15471148490906
438	-26.631979	4.088854	-20.474464	-39.602528	25.73913	-29.859135	1.9073486e-06	-29.859133	-29.859133	263400	-9.775162e-08	26.713684	-0.013989879	-10.164326	0.008296359	0.0	184.52456974983215
439	-27.248161	6.9990387	-20.647865	-51.50752	25.52174	-26.912907	3.8146973e-06	-26.91291	-26.91291	264000	-8.1857046e-08	49.70791	-0.017101228	-0.1842575	0.009358228	0.0	184.90807223320007
440	-26.767761	5.2682714	-20.098495	-41.824867	25.47826	-27.304104	1.9073486e-06	-27.304102	-27.304102	264600	2.9404958e-08	27.564512	-0.019900953	-0.2663746	0.0093561495	0.0	185.6418616771698
441	-26.777643	5.9108863	-17.692884	-39.76832	25.434782	-26.817396	1.9073486e-06	-26.817394	-26.817394	265200	7.947286e-08	34.07454	-0.020628748	-0.004940033	0.009965672	0.0	186.00275325775146
442	-28.319609	6.536797	-19.739853	-48.981155	25.565218	-26.74904	0.0	-26.74904	-26.74904	265800	1.6291937e-08	44.60065	-0.03091818	-2.394783	0.009555646	1.0	186.36535120010376
443	-28.32908	7.7218843	-20.02684	-56.95714	25.73913	-28.237309	1.9073486e-06	-28.23731	-28.23731	266400	-2.3841857e-09	59.201687	-0.01641149	-0.010536194	0.0075354385	0.0	186.72792172431946
444	-26.785448	5.7599525	-18.609835	-42.94304	25.47826	-28.339176	3.8146973e-06	-28.33918	-28.33918	267000	-9.8645685e-08	34.669727	-0.021215327	-2.4206848	0.009349793	0.0	187.08403325080872
445	-27.10658	6.980724	-17.913254	-45.966805	25.47826	-26.822071	1.9073486e-06	-26.82207	-26.82207	267600	-8.742015e-08	47.47232	-0.016007997	-0.075042725	0.00870729	0.0	187.44381284713745
446	-28.075052	6.305074	-19.91455	-42.90153	25.26087	-27.089952	1.9073486e-06	-27.089954	-27.089954	268200	-3.2583873e-08	39.67484	-0.011614646	-0.8752022	0.0068323542	1.0	187.81127166748047
447	-26.43409	4.878093	-18.184992	-39.45652	25.304348	-28.015684	0.0	-28.015684	-28.015684	268800	8.145968e-08	25.68458	-0.0065180017	-2.2840385	0.0075612245	0.0	188.18510913848877
448	-27.356352	4.6169143	-19.808613	-37.272488	25.52174	-26.51639	3.8146973e-06	-26.516394	-26.516394	269400	1.04109446e-07	21.503708	-0.0073331827	-0.63196373	0.0046728477	0.0	188.65640568733215
449	-28.177448	4.8064957	-21.010479	-39.341976	25.565218	-27.309095	3.8146973e-06	-27.309092	-27.309092	270000	5.801519e-08	23.430899	-0.014167007	-0.70241547	0.007528759	2.0	189.03793501853943
450	-28.717346	6.875151	-19.63564	-42.839325	25.608696	-28.149685	3.8146973e-06	-28.149681	-28.149681	270600	-1.291434e-07	47.12475	-0.011591595	-0.3514061	0.0069485996	1.0	189.86764001846313
451	-24.943497	4.5185404	-16.728474	-35.86238	25.565218	-28.747066	1.9073486e-06	-28.747068	-28.747068	271200	-1.5298525e-08	34.17313	-0.008289508	-13.886538	0.008778338	2.0	190.24865818023682
452	-25.51466	3.9961803	-19.053825	-33.232323	25.52174	-25.055235	0.0	-25.055235	-25.055235	271800	1.4702479e-08	15.827757	-0.009807935	-0.19415951	0.0066752257	2.0	190.60532689094543
453	-25.666143	5.006343	-18.454615	-35.97125	25.52174	-25.492653	0.0	-25.492653	-25.492653	272400	3.1391778e-08	24.597683	-0.01173763	-0.029016495	0.009326578	0.0	190.98244166374207
454	-28.220764	6.8340044	-18.977165	-43.361176	25.652174	-25.663483	0.0	-25.663483	-25.663483	273000	3.973643e-10	52.326862	-0.0040995367	-6.3274155	0.004273597	0.0	191.3540906906128
455	-29.16299	5.4075794	-20.862804	-44.21498	25.652174	-28.173626	1.9073486e-06	-28.173624	-28.173624	273600	-4.7683715e-09	29.4347	-0.014588633	-0.9457607	0.0076346938	0.0	191.71396279335022
456	-24.896404	5.142981	-16.516237	-36.40384	25.565218	-29.148682	0.0	-29.148682	-29.148682	274200	6.536643e-08	43.725864	-0.013227512	-17.266817	0.008984203	0.0	192.0979609489441
457	-27.51612	6.8563695	-19.567799	-51.139282	25.304348	-25.08447	0.0	-25.08447	-25.08447	274800	-1.7623107e-07	51.998325	-0.016374188	-5.671959	0.008104961	0.0	192.4759202003479
458	-25.95897	4.28893	-17.683174	-35.529396	25.434782	-27.397356	1.9073486e-06	-27.397354	-27.397354	275400	-2.0662943e-08	19.978695	-0.0021103013	-1.9549637	0.006757102	1.0	192.8586938381195
459	-24.964624	3.9662962	-18.726799	-35.348114	25.608696	-26.034239	0.0	-26.034239	-26.034239	276000	6.556511e-08	16.615227	-0.021769099	-1.0971794	0.008970841	1.0	193.2951157093048
460	-26.040892	5.351029	-19.069468	-41.03652	25.47826	-25.00334	1.9073486e-06	-25.003338	-25.003338	276600	-5.920728e-08	29.162409	-0.024880243	-1.0200329	0.007820701	0.0	194.11990356445312
461	-24.610855	4.0480843	-15.822055	-32.29166	25.652174	-26.001263	0.0	-26.001263	-26.001263	277200	-1.11262e-08	18.076578	-0.011643494	-1.9012165	0.006432898	0.0	194.48373699188232
462	-26.7682	5.8604465	-18.276909	-43.022495	25.52174	-24.63333	0.0	-24.63333	-24.63333	277800	-1.11262e-08	37.53579	-0.006622607	-4.255661	0.0034154158	0.0	194.86603832244873
463	-24.881184	5.3225837	-18.492119	-43.616978	25.73913	-26.678532	1.9073486e-06	-26.678534	-26.678534	278400	1.013279e-08	31.299543	-0.009604073	-3.1351166	0.00361863	0.0	195.31499648094177
464	-25.886202	6.2857733	-14.589531	-43.138275	25.52174	-24.921736	0.0	-24.921736	-24.921736	279000	-1.14440915e-07	39.769886	-0.015009905	-0.95526505	0.007257383	0.0	195.681987285614
465	-24.95219	5.794183	-14.813677	-41.19126	25.73913	-25.896038	0.0	-25.896038	-25.896038	279600	1.7484028e-08	33.825542	-0.013618312	-0.8918381	0.009345139	0.0	196.0554437637329
466	-28.647764	9.983281	-19.313526	-63.306965	25.47826	-24.949877	0.0	-24.949877	-24.949877	280200	3.8146972e-08	108.82464	-0.019155707	-12.222931	0.008156909	0.0	196.41724920272827
467	-25.742556	6.7578316	-14.858796	-44.03799	25.652174	-28.401928	1.9073486e-06	-28.401926	-28.401926	280800	3.596147e-08	51.943832	-0.017826036	-7.1553955	0.009352406	1.0	196.80138897895813
468	-26.029846	5.4746923	-17.858675	-38.15136	25.608696	-25.782259	3.8146973e-06	-25.782263	-25.782263	281400	-3.8345654e-08	29.904247	-0.021327375	-0.06645012	0.007186791	1.0	197.16295337677002
469	-26.138144	4.710872	-19.906979	-41.718307	25.52174	-26.034748	1.9073486e-06	-26.03475	-26.03475	282000	-1.9868216e-09	21.52694	-0.015533833	-0.0028076172	0.0070623946	1.0	197.54927825927734
470	-26.383415	4.6657605	-17.302639	-35.0045	25.652174	-26.087568	0.0	-26.087568	-26.087568	282600	-1.0450681e-07	21.561722	-0.011449577	-0.07232475	0.008937357	0.0	198.47935819625854
471	-25.337753	4.973211	-14.138631	-40.031948	25.652174	-26.356749	5.722046e-06	-26.356743	-26.356743	283200	-4.5100848e-08	25.242207	-0.007528964	-1.121481	0.006279118	0.0	198.84948587417603
472	-26.950914	6.110314	-18.939407	-43.815594	25.565218	-25.292665	0.0	-25.292665	-25.292665	283800	1.1165937e-07	39.331665	-0.014019458	-2.583912	0.009558422	0.0	199.289048910141
473	-27.037914	8.426787	-18.668432	-53.54369	25.652174	-26.909908	3.8146973e-06	-26.909904	-26.909904	284400	-6.3975655e-08	69.29496	-0.026381282	-0.0052719116	0.009258855	0.0	199.6869101524353
474	-26.622517	5.6010747	-18.551216	-37.526493	25.695652	-26.983334	3.8146973e-06	-26.98333	-26.98333	285000	-1.6093254e-07	31.213337	-0.015182862	-0.118356705	0.0075883945	0.0	200.109361410141
475	-26.225098	4.7671323	-19.65344	-37.57394	25.52174	-26.63426	1.9073486e-06	-26.634262	-26.634262	285600	4.649162e-08	22.255505	-0.016928233	-0.18591118	0.008256397	0.0	200.4717230796814
476	-24.283188	3.840567	-20.112942	-34.369816	25.782608	-26.195498	5.722046e-06	-26.195503	-26.195503	286200	1.66893e-08	18.193783	-0.004703354	-3.534175	0.008286208	0.0	200.8300850391388
477	-27.244717	5.5797133	-17.887306	-39.40977	25.347826	-24.283768	0.0	-24.283768	-24.283768	286800	-1.66893e-08	38.90332	-0.009972445	-8.399935	0.0066390117	0.0	201.1939036846161
478	-28.762478	6.0700364	-19.387964	-41.595524	25.47826	-27.213366	3.8146973e-06	-27.21337	-27.21337	287400	2.9007595e-08	38.67325	-0.014150082	-2.4685936	0.0069986302	1.0	201.55186080932617
479	-27.927088	5.9231763	-19.877768	-41.82968	25.52174	-28.80301	0.0	-28.80301	-28.80301	288000	-1.10367935e-07	34.782467	-0.007691436	-0.7286186	0.009470021	0.0	201.9221453666687
480	-26.175797	3.5257912	-20.979774	-33.47638	25.608696	-27.936907	3.8146973e-06	-27.93691	-27.93691	288600	1.768271e-08	15.319002	-0.010116195	-3.0231295	0.0064648706	1.0	202.6647343635559
481	-25.467274	5.508265	-15.679559	-40.468166	25.434782	-26.172682	1.9073486e-06	-26.17268	-26.17268	289200	4.7683717e-08	30.349485	-0.008443448	-0.4400444	0.0069159283	1.0	203.02516436576843
482	-26.300217	5.440047	-17.48777	-37.667427	25.826086	-25.497805	0.0	-25.497805	-25.497805	289800	-3.7153562e-08	30.091295	-0.0091069555	-0.63323593	0.008068899	0.0	203.45152020454407
483	-27.8927	5.549564	-20.094948	-38.162106	25.608696	-26.308838	0.0	-26.308838	-26.308838	290400	-6.953875e-10	32.847847	-0.013249783	-2.5078602	0.006525087	0.0	203.86215591430664
484	-25.880817	4.0987005	-17.44621	-33.7264	25.434782	-27.9231	3.8146973e-06	-27.923103	-27.923103	291000	-1.1523564e-07	20.670202	-0.013133524	-4.08416	0.009435374	0.0	204.23443627357483
485	-25.80162	6.5371885	-16.825178	-42.429287	25.434782	-25.86516	0.0	-25.86516	-25.86516	291600	1.4305115e-07	41.571434	-0.011421433	-0.010730743	0.007318001	1.0	204.6059684753418
486	-28.592909	5.98292	-20.432446	-47.854668	25.565218	-25.759336	3.8146973e-06	-25.759333	-25.759333	292200	-5.066395e-09	43.462612	-0.008132456	-7.892597	0.007095909	1.0	204.98009276390076
487	-24.675983	2.961527	-19.167835	-30.322962	25.695652	-28.614199	1.9073486e-06	-28.6142	-28.6142	292800	3.2782555e-08	23.977484	-0.03551536	-15.114997	0.009062767	0.0	205.3054301738739
488	-24.850681	5.298538	-14.597793	-36.780342	25.73913	-24.725695	1.9073486e-06	-24.725697	-24.725697	293400	3.6557516e-08	27.82748	-0.014447159	-0.007955551	0.009010851	0.0	205.68483710289001
489	-28.168837	3.7222452	-22.114489	-38.312134	25.73913	-24.814789	0.0	-24.814789	-24.814789	294000	1.15633014e-07	24.85365	-0.010889237	-10.968893	0.008405636	1.0	206.0642056465149
490	-26.025417	4.1842513	-19.701439	-37.931473	25.52174	-28.103333	3.8146973e-06	-28.103336	-28.103336	294600	-3.417333e-08	21.300537	-0.012552697	-4.1395206	0.008492235	0.0	206.82038807868958
491	-26.994085	5.5388856	-19.395689	-38.30391	25.782608	-26.087643	1.9073486e-06	-26.087645	-26.087645	295200	-1.9868215e-10	31.147522	-0.017254857	-0.78554344	0.009695431	0.0	207.15885305404663
492	-27.100557	7.2953243	-13.319443	-44.143867	25.652174	-26.970034	1.9073486e-06	-26.970036	-26.970036	295800	9.139379e-08	52.448986	-0.008292751	-0.015209198	0.007997806	0.0	207.54173636436462
493	-27.136097	6.554926	-18.73044	-42.47148	25.608696	-27.093885	1.9073486e-06	-27.093884	-27.093884	296400	-5.8809917e-08	42.60599	-0.016760534	-0.0013427734	0.009799449	0.0	208.0675687789917
494	-25.12196	6.5433784	-16.828938	-42.249527	25.695652	-27.130476	1.9073486e-06	-27.130478	-27.130478	297000	-4.529953e-08	45.82292	-0.019915909	-4.2457657	0.009418683	0.0	208.49744033813477
495	-25.935385	5.18153	-18.835955	-37.195324	25.826086	-25.055906	1.9073486e-06	-25.055904	-25.055904	297600	-6.67572e-08	27.283985	-0.016976833	-0.73791885	0.007436575	1.0	208.94869017601013
496	-27.826876	6.0044956	-13.726558	-43.085747	25.608696	-25.923779	1.9073486e-06	-25.92378	-25.92378	298200	1.0371208e-07	39.207516	-0.0150144575	-3.4331589	0.0070843673	1.0	209.33802819252014
497	-26.275444	7.991929	-14.998227	-55.05646	25.73913	-27.795576	0.0	-27.795576	-27.795576	298800	-6.477038e-08	64.53154	-0.015918454	-2.3874626	0.009910798	0.0	209.8029944896698
498	-26.309057	3.3911743	-20.657787	-33.919926	25.695652	-26.233028	1.9073486e-06	-26.23303	-26.23303	299400	8.319815e-08	11.299602	-0.009529551	-0.0072345734	0.008297706	0.0	210.23432850837708
499	-28.066296	5.5318985	-22.249651	-46.56063	25.565218	-26.319399	0.0	-26.319399	-26.319399	300000	-4.172325e-08	32.673683	-0.020291008	-2.8837318	0.009315867	0.0	211.2217230796814
