Epoch	AverageEpRet	StdEpRet	MaxEpRet	MinEpRet	EpLen	AverageVVals	StdVVals	MaxVVals	MinVVals	TotalEnvInteracts	LossPi	LossV	DeltaLossPi	DeltaLossV	Entropy	KL	Time
0	-823.3118	68.702225	-690.7577	-886.4	12.083333	0.74915487	0.34227875	2.063906	0.0	600	0.009467499	587216.2	-0.002364919	-6132.5625	2.6013927	5.278508e-05	1.0292003154754639
1	-852.0755	59.451866	-712.7209	-915.2633	8.236111	-3.2461705	0.96313864	-0.7246474	-3.9664862	1200	-0.010123381	648279.7	-0.0019832645	-5807.5	2.624106	0.00047388175	1.558007001876831
2	-854.51807	42.837162	-721.28424	-929.2461	8.681159	-6.958882	1.8894892	-1.7907069	-8.032341	1800	-0.007045574	690633.5	-0.0015072827	-4766.625	2.6400182	0.00045335173	2.103146553039551
3	-846.5296	61.62146	-653.9694	-936.8718	8.328571	-9.840182	2.4313831	-3.2099133	-10.760747	2400	-0.058985	620892.3	-0.0017137788	-3945.75	2.6378083	0.00022627712	2.6414177417755127
4	-846.33514	60.695694	-645.2422	-948.1079	12.5	-12.730445	2.285854	-4.9819913	-13.418035	3000	0.004691151	658514.94	-0.0015969039	-4438.0	2.6781194	3.7607155e-05	3.168508529663086
5	-844.5646	56.92351	-701.9605	-902.91895	10.473684	-15.329056	2.773934	-6.8498945	-16.242073	3600	-0.020629227	643294.4	-0.0012161732	-4338.0625	2.7135239	0.00067062915	3.6394500732421875
6	-834.75037	63.965397	-649.4388	-906.8326	13.0	-18.207031	2.6359909	-9.195952	-19.006203	4200	-0.014038914	609055.0	-0.0016344571	-4203.25	2.694929	0.00012328505	4.136673450469971
7	-846.1134	75.13382	-469.03583	-905.9296	8.263889	-20.411966	3.318591	-11.607399	-21.720592	4800	0.013161174	567295.56	-0.001099796	-3963.0	2.7123573	-0.0002683143	4.644284725189209
8	-837.2796	68.42029	-651.7684	-898.19183	13.902439	-23.60596	2.4506817	-14.673398	-24.280235	5400	0.0049091284	580061.9	-0.001215965	-3856.875	2.6299188	-1.325965e-05	5.159008264541626
9	-854.94745	56.632694	-641.84314	-909.747	7.9589043	-25.709435	3.1629915	-17.27662	-26.898485	6000	-0.023358503	603922.9	-0.0014031865	-4172.8125	2.6832156	0.000164692	5.689444541931152
10	-831.9225	72.0839	-551.60297	-905.37555	9.933333	-28.643015	2.6987295	-20.620943	-29.552956	6600	-0.05450212	561578.75	-0.0019005127	-3974.0625	2.664424	0.00034770847	6.444490909576416
11	-836.15314	70.62806	-622.2805	-893.4708	12.886364	-31.551647	2.2278059	-23.72787	-32.186916	7200	-0.027295422	539796.44	-0.0006331187	-3662.5625	2.6352541	-0.000433865	6.974075555801392
12	-839.2486	72.22059	-553.8072	-934.62634	9.810345	-33.941616	2.4476278	-26.529938	-34.751102	7800	-0.052978925	523018.28	-0.0013091192	-3599.2812	2.6917121	7.825752e-05	7.505706310272217
13	-835.7627	64.46044	-602.0742	-900.7323	13.311111	-36.681816	2.052322	-29.55951	-37.273804	8400	-0.05128696	580550.1	-0.0016447008	-4166.25	2.6088758	0.000101056896	8.037539005279541
14	-829.0164	76.39495	-654.76917	-907.1907	12.434783	-39.421867	1.9957078	-32.57629	-40.004253	9000	0.034491222	524361.7	-0.0010393336	-3653.625	2.6635263	8.382956e-05	8.571476697921753
15	-837.8274	68.93147	-624.24347	-886.4	9.4262295	-41.847317	2.1596656	-35.485504	-42.581276	9600	-0.025015106	500178.56	-0.0010805819	-3549.1875	2.6735373	-0.00018894016	9.113861799240112
16	-834.1859	74.56986	-630.84766	-930.0021	12.0	-44.550827	1.8077893	-38.55508	-45.096474	10200	-0.036906034	550705.9	-0.0015233867	-3991.875	2.6361282	-7.8948935e-05	9.631754398345947
17	-810.12976	83.02054	-554.39435	-907.923	13.714286	-47.335327	1.5938299	-41.598984	-47.77871	10800	0.021679962	484249.88	-0.0011697691	-3430.0938	2.5824056	4.228731e-05	10.079694986343384
18	-842.34784	62.970566	-631.89075	-890.2978	9.015385	-49.644333	1.8551255	-44.36753	-50.297462	11400	-0.056631815	529040.94	-0.0011506081	-3822.0	2.6579654	-9.9505385e-05	10.583675146102905
19	-832.9689	65.48491	-688.50006	-886.4	9.844828	-52.380547	1.6209168	-47.472233	-52.916397	12000	-0.026550472	493191.47	-0.0010723844	-3519.5312	2.668114	8.913576e-05	11.098560571670532
20	-845.2686	67.02243	-649.7802	-926.39606	8.863636	-54.89088	1.5930734	-50.397617	-55.456142	12600	-0.038991913	521516.06	-0.0012349077	-3763.1562	2.6419919	0.00037324606	12.055846691131592
21	-835.9972	83.58407	-502.18286	-914.32465	9.721312	-57.589363	1.4181764	-53.41179	-58.071358	13200	-0.019952275	479301.22	-0.0010684002	-3509.2188	2.6190472	-0.00053782086	12.571830987930298
22	-816.46375	80.28947	-610.3384	-886.4	12.478261	-60.277157	1.1658572	-56.278088	-60.617393	13800	0.00694042	442194.88	-0.000955028	-3178.2812	2.6282117	-0.00033885817	13.073159456253052
23	-845.1265	81.32577	-485.76254	-908.3581	9.32258	-62.62535	1.2722626	-58.910915	-63.061485	14400	-0.08466857	474277.2	-0.0010448769	-3388.5625	2.6456487	-0.00016073506	13.582866191864014
24	-840.6981	61.83613	-703.46515	-888.22644	16.485714	-65.33888	0.92079645	-61.694267	-65.57167	15000	0.0116098495	543227.25	-0.0003763102	-3899.1875	2.6906052	0.00042300066	14.100793361663818
25	-835.55853	70.51617	-613.6097	-886.4	11.313725	-67.94992	1.0630229	-64.49903	-68.27762	15600	-0.0059048613	484495.78	-0.00094898045	-3526.9375	2.6724946	0.00021513442	14.609688997268677
26	-838.725	72.11201	-654.0661	-916.2411	13.333333	-70.5934	0.9482921	-67.26311	-70.86358	16200	0.034381103	508535.9	-0.00082816556	-3795.9062	2.5907767	1.4521877e-05	15.134125709533691
27	-823.5439	81.5592	-614.0195	-886.4	15.684211	-73.31076	0.8514351	-70.08152	-73.53538	16800	0.036101006	466552.44	-0.00064934045	-3494.3438	2.589266	-0.0001746883	15.644605159759521
28	-838.57196	68.48343	-677.7428	-918.1103	12.0	-75.83633	0.925369	-72.76722	-76.11547	17400	-0.054507356	494053.0	-0.000997819	-3707.1875	2.6550384	5.1094692e-05	16.144649982452393
29	-825.95996	80.69272	-611.55994	-886.4	13.363636	-78.51915	0.8396187	-75.570496	-78.75834	18000	0.011567686	447311.47	-0.00086838566	-3317.9375	2.6203923	-0.00020147304	16.659639596939087
30	-817.66797	78.43688	-665.08875	-908.7405	17.71875	-81.10858	0.6962092	-78.222725	-81.27665	18600	-0.035580013	446161.66	-0.0011179447	-3199.3125	2.6070504	-5.8677593e-05	17.45257544517517
31	-838.0549	69.329765	-661.02905	-906.3869	10.350877	-83.46567	0.8802153	-80.77492	-83.75381	19200	-0.032535173	457136.53	-0.0008841567	-3420.5938	2.6296823	-0.00026575924	17.968795776367188
32	-819.19775	112.57867	-423.1875	-906.21106	11.588235	-86.06144	0.7885911	-83.501434	-86.30455	19800	-0.06585347	389862.1	-0.0011213273	-2882.625	2.59615	-0.00055780273	18.499898672103882
33	-828.30585	72.79129	-665.7403	-886.4	12.804348	-88.464	0.71262574	-86.019585	-88.671875	20400	-0.014405736	441072.84	-0.0010246495	-3314.375	2.6274958	0.00015355229	19.035003900527954
34	-820.66	67.10348	-701.70245	-901.493	15.052631	-91.032326	0.6248864	-88.66231	-91.197235	21000	-0.0046902783	444784.25	-0.0007308284	-3290.9375	2.6790626	0.00014000991	19.56084418296814
35	-833.37787	63.455357	-675.8746	-918.90686	11.384615	-93.51566	0.695937	-91.2799	-93.732475	21600	-0.08245227	459356.06	-0.0009485483	-3509.9688	2.605217	0.00036439896	20.088948965072632
36	-824.0339	72.00645	-669.1234	-886.4	12.822222	-96.165184	0.6198174	-94.01419	-96.34393	22200	0.0051203943	416683.0	-0.00079649314	-3144.7188	2.61353	-0.00019155323	20.62243342399597
37	-815.36554	81.31934	-612.80676	-886.4	15.128205	-98.68561	0.5560082	-96.60522	-98.8343	22800	-0.0224835	419530.7	-0.00071129575	-3206.5	2.6205893	6.4722495e-05	21.141902208328247
38	-816.32275	94.352104	-540.9556	-886.4	13.372093	-101.18828	0.5615443	-99.19212	-101.34634	23400	-0.10478416	398316.44	-0.0012282729	-2963.5312	2.6739557	0.00019713263	21.664737701416016
39	-831.11383	90.21095	-409.61795	-886.4	11.48	-103.59878	0.5773833	-101.70441	-103.77484	24000	-0.02835721	410421.78	-0.0013196412	-3037.7812	2.586805	6.0548387e-06	22.091308116912842
40	-792.97375	109.55938	-394.06042	-886.4	17.818182	-106.119804	0.45518628	-104.26261	-106.23141	24600	0.059666276	366340.38	-0.0007860884	-2826.8438	2.5811996	-0.00012245993	22.864999055862427
41	-806.5009	102.90426	-529.8087	-905.95276	15.756757	-108.49875	0.46651855	-106.70466	-108.62017	25200	-0.065709256	384200.7	-0.0005797446	-2925.0625	2.516776	-0.0004847612	23.370296239852905
42	-816.18604	86.66433	-610.00336	-886.4	16.647058	-110.941956	0.4353508	-109.192795	-111.05036	25800	-0.013708056	384197.9	-0.0008455608	-2908.3125	2.6217341	-0.00032208284	23.87759232521057
43	-832.1775	81.978226	-607.0358	-899.1378	12.416667	-113.33734	0.4942134	-111.68008	-113.484795	26400	-0.040727515	414089.9	-0.0007787943	-3274.0625	2.6453314	0.00029948074	24.41416621208191
44	-833.1484	65.004234	-691.4793	-886.4	12.931818	-115.93172	0.45343158	-114.3393	-116.06088	27000	-0.021804575	425727.25	-0.00091479905	-3277.375	2.5814698	0.00040723244	24.9488308429718
45	-812.76416	109.64422	-429.73962	-886.4	12.717391	-118.52104	0.44274592	-117.00236	-118.650185	27600	-0.06250688	348594.94	-0.0009924099	-2722.1875	2.6904998	-0.00028968215	25.488275289535522
46	-802.51416	111.32085	-398.00623	-898.78784	15.263158	-120.926704	0.38819128	-119.45441	-121.02909	28200	0.01255531	347863.0	-0.00059973355	-2693.7188	2.5905352	-0.00037370107	26.033257722854614
47	-832.21564	75.37951	-606.62317	-886.4	12.22449	-123.26669	0.42034048	-121.87258	-123.39347	28800	-0.029126396	404035.0	-0.0008855779	-3283.4375	2.5973876	-3.1830866e-06	26.566883087158203
48	-816.49255	96.069176	-491.96338	-886.4	16.571428	-125.90623	0.34440583	-124.54304	-125.9933	29400	-0.07530405	382914.0	-0.0011801645	-3025.7812	2.5678658	0.0001245592	27.096258640289307
49	-801.4832	111.63489	-469.83237	-886.4	14.075	-128.4187	0.35465086	-127.109184	-128.5148	30000	-0.043540407	322470.6	-0.0010780804	-2477.5938	2.583788	0.00019699633	27.624461889266968
50	-795.10583	122.06013	-430.99796	-886.4	13.227273	-130.71027	0.35706404	-129.45631	-130.81201	30600	-0.04901875	304122.94	-0.0011422858	-2391.5625	2.6552534	-4.0394665e-05	28.3963840007782
51	-808.21625	95.32959	-538.3866	-886.4	13.333333	-132.97125	0.34257594	-131.76817	-133.06886	31200	-0.084036306	334929.38	-0.0010657534	-2795.4062	2.6403599	0.00011239171	28.8751699924469
52	-826.05054	101.75198	-375.27182	-886.4	11.607843	-135.39827	0.35067815	-134.25986	-135.50635	31800	-0.07255163	365250.75	-0.0011880919	-2965.1562	2.5970335	0.0004041638	29.37410306930542
53	-833.0099	81.418655	-594.9255	-886.4	9.964912	-137.91429	0.35024434	-136.84363	-138.02892	32400	-0.043101452	342787.9	-0.00089570135	-2765.6562	2.6668165	0.00019550363	29.87795400619507
54	-822.54706	97.684654	-471.5942	-886.4	11.96	-140.3837	0.3117903	-139.36075	-140.47879	33000	-0.026982924	332727.3	-0.0007583555	-2806.7188	2.646334	6.5496766e-05	30.41225528717041
55	-790.8991	117.19228	-538.93604	-886.4	15.384615	-142.87895	0.26254743	-141.88318	-142.9482	33600	-0.045074247	295873.44	-0.0013287961	-2520.3125	2.6383622	-0.00017224431	30.980286836624146
56	-806.792	131.46548	-352.8811	-886.4	11.346154	-145.21596	0.29235658	-144.27672	-145.30698	34200	-0.07421796	289327.34	-0.0011740848	-2346.7188	2.5871656	-4.947702e-05	31.57679510116577
57	-802.00287	140.11716	-263.0717	-886.4	11.78	-147.50601	0.2740303	-146.60693	-147.58958	34800	-0.0432165	276232.28	-0.0013211295	-2230.3125	2.5788543	-0.0004081128	32.1638879776001
58	-785.2061	109.21445	-572.44775	-902.1867	18.121212	-149.77309	0.21693906	-148.88795	-149.82628	35400	-0.08966665	300681.3	-0.0010643825	-2615.625	2.556811	-8.842369e-05	32.75182485580444
59	-797.63055	128.21823	-272.52057	-886.4	15.972973	-152.18828	0.22279765	-151.33147	-152.24626	36000	-0.043790072	312313.62	-0.0011190735	-2643.3125	2.6281288	-5.4211814e-05	33.33510708808899
60	-800.1145	118.46295	-433.82776	-886.4	14.146341	-154.63475	0.22688952	-153.80774	-154.697	36600	-0.07865513	287678.1	-0.00059818476	-2442.0312	2.6172183	-0.00016905388	34.18583130836487
61	-780.64606	112.42801	-538.247	-886.4	17.545454	-157.01755	0.19867405	-156.20692	-157.06624	37200	0.008240957	267729.2	-0.001088269	-2335.9688	2.6227617	-7.387678e-05	34.61367344856262
62	-771.32996	134.82576	-435.23584	-886.4	16.083334	-159.3397	0.2014532	-158.5539	-159.39139	37800	-0.083221085	249104.94	-0.0014362931	-2129.3906	2.5617008	-9.519637e-05	35.05572485923767
63	-759.1639	154.85495	-280.04636	-886.4	16.25	-161.57625	0.19586444	-160.81223	-161.62648	38400	-0.050875593	233548.56	-0.001087185	-1984.4062	2.5932763	-0.0003845686	35.542551040649414
64	-768.6748	149.2821	-305.03607	-886.4	17.787878	-163.75125	0.18294112	-163.00484	-163.79611	39000	-0.05457114	267245.8	-0.0009497516	-2288.9688	2.561328	-0.00038686633	36.04990339279175
65	-796.8503	146.90794	-264.9692	-886.4	12.733334	-166.06567	0.20524085	-165.35341	-166.12483	39600	-0.028092813	243031.28	-0.00090296194	-2053.8438	2.5670877	-0.00042499305	36.585920095443726
66	-738.1046	167.87961	-295.6639	-886.4	19.266666	-168.31987	0.16392708	-167.61755	-168.35814	40200	-0.018773722	219646.77	-0.0009700358	-1886.8125	2.594002	-0.00031039855	37.117632150650024
67	-806.03796	112.67558	-312.03894	-886.4	13.066667	-170.4557	0.19243981	-169.78786	-170.51117	40800	-0.017630065	287560.0	-0.0006873254	-2600.125	2.612623	0.0002511847	37.64976119995117
68	-811.27136	106.27979	-463.58475	-886.4	14.463414	-172.9706	0.17733647	-172.3242	-173.01927	41400	-0.1006867	301063.9	-0.0010666698	-2802.5625	2.5983987	0.0004277126	38.18156957626343
69	-777.8803	132.04262	-454.917	-886.4	16.794117	-175.60484	0.15691537	-174.97438	-175.6439	42000	-0.017828338	243223.52	-0.0005533658	-2195.2188	2.5166736	3.111879e-05	38.717384576797485
70	-803.4807	119.07549	-360.40866	-886.4	13.177778	-177.94524	0.17307144	-177.34464	-177.99515	42600	-0.060764898	273571.72	-0.0009454526	-2525.4375	2.6323636	0.0002284497	39.542404890060425
71	-781.5303	127.26325	-446.75098	-886.4	16.657143	-180.45633	0.1483476	-179.86916	-180.49382	43200	-0.046170548	242535.89	-0.0006838478	-2272.4844	2.608402	0.00022062063	40.024847984313965
72	-765.4424	119.494934	-554.179	-886.4	18.34375	-182.85678	0.13812473	-182.28424	-182.89012	43800	-0.036984704	230703.05	-0.0006088577	-2213.125	2.634054	-0.00010420621	40.52412009239197
73	-760.7803	105.43023	-533.1518	-886.4	20.785715	-185.2291	0.12670001	-184.66687	-185.25764	44400	0.013211045	247524.11	-0.0008028047	-2376.0625	2.5512528	0.0003618892	41.037145137786865
74	-780.4904	110.426254	-567.08856	-897.8109	18.548388	-187.6815	0.13006455	-187.13353	-187.71239	45000	-0.00550896	252645.55	-0.0012451331	-2397.8594	2.5811627	0.00039811552	41.533546924591064
75	-815.2465	126.80882	-314.86575	-886.4	9.523809	-190.12975	0.17313094	-189.62427	-190.18906	45600	-0.09475645	229242.3	-0.001076363	-2171.7031	2.6304615	-4.7911803e-05	42.062565326690674
76	-796.44073	130.69301	-312.6875	-886.4	13.595238	-192.52126	0.13662738	-192.02954	-192.55925	46200	-0.087374344	230545.02	-0.00088160485	-2123.625	2.5593283	1.7873645e-05	42.593881130218506
77	-756.6214	107.93558	-607.25244	-886.4	22.692308	-194.88548	0.105259374	-194.4006	-194.90837	46800	-0.029218921	237639.05	-0.00038455054	-2374.25	2.6077938	-0.00010963698	43.12679862976074
78	-763.7035	118.69095	-502.01376	-886.4	21.0	-197.3675	0.10678772	-196.89363	-197.39156	47400	0.0037096785	230379.78	-0.00011965423	-2303.2188	2.5432038	0.00010263145	43.659902811050415
79	-795.5528	122.14549	-493.63635	-886.4	14.973684	-199.82227	0.1203343	-199.36584	-199.85397	48000	-0.08863148	226049.12	-0.000395976	-2158.7188	2.6007247	0.000106992724	44.12146735191345
80	-810.25946	106.49735	-549.2437	-886.4	13.4651165	-202.21237	0.12298503	-201.7752	-202.247	48600	-0.012399359	233732.8	-0.00022892654	-2310.2344	2.639147	3.828923e-05	44.965901374816895
81	-763.66394	159.11058	-374.59998	-886.4	15.384615	-204.69054	0.11155485	-204.26743	-204.71994	49200	-0.059137	182725.23	-0.0006500557	-1807.4375	2.628857	-7.585923e-05	45.47207713127136
82	-756.07336	159.04517	-432.08542	-886.4	15.421053	-206.91074	0.10763859	-206.5025	-206.93913	49800	-0.05868384	153177.31	-0.00036051124	-1527.8281	2.5555425	-0.0003798	45.96584439277649
83	-753.9564	132.47655	-412.34213	-886.4	19.866667	-208.96634	0.09342538	-208.56609	-208.98816	50400	-0.056642137	206441.69	-0.00038029999	-2109.8125	2.6022248	-1.8924475e-06	46.46260905265808
84	-760.8305	166.39969	-338.2884	-886.4	15.384615	-211.34982	0.10157079	-210.96458	-211.3766	51000	-0.05143308	169429.03	-0.00065986067	-1705.4375	2.5588722	-0.00021620453	46.97469210624695
85	-766.5682	162.62334	-278.17365	-886.4	15.756757	-213.54437	0.09698158	-213.17143	-213.56963	51600	-0.026102677	184687.39	-0.0005899146	-1784.9688	2.6290495	-0.00015964865	47.48473763465881
86	-751.8149	145.256	-257.16205	-886.4	19.966667	-215.78702	0.08525169	-215.4218	-215.80695	52200	-0.06051168	207388.5	-0.000724677	-2154.8438	2.5757313	0.00023259879	47.99754071235657
87	-779.7135	148.10242	-363.41983	-886.4	16.742857	-218.24358	0.089262374	-217.89026	-218.26613	52800	-0.006920031	212908.31	-0.0005950453	-2151.4375	2.6056492	0.00023943523	48.52435231208801
88	-754.84	166.61081	-271.96777	-886.4	15.783784	-220.71967	0.08879471	-220.37817	-220.74275	53400	-0.057898037	164037.2	-0.0007379465	-1643.2031	2.5166984	-6.796976e-05	49.044750928878784
89	-753.4915	151.78008	-313.42715	-886.4	18.6875	-222.91573	0.08038753	-222.58252	-222.93513	54000	-0.06611276	179726.81	-0.00042837858	-1904.4844	2.6383476	9.396474e-06	49.57300305366516
90	-759.16254	139.859	-449.33954	-886.4	19.35484	-225.25948	0.0759405	-224.93411	-225.27719	54600	-0.011288236	199107.52	-0.000621859	-2142.9844	2.600016	0.0002350376	50.42195200920105
91	-733.14185	160.35388	-365.5258	-886.4	18.580645	-227.75453	0.07510551	-227.43811	-227.77237	55200	-0.041215353	149051.56	-0.000717286	-1569.6562	2.5428443	1.0444919e-05	50.916759967803955
92	-755.22107	182.12422	-165.95679	-886.4	16.0	-229.83292	1.7309403	-190.9019	-229.94653	55800	-0.05705386	181185.47	-0.0011318065	-1767.7344	2.6544604	-0.0003972135	51.42838931083679
93	-704.3679	153.94322	-402.68378	-886.4	26.181818	-232.21393	0.060484204	-231.911	-232.22606	56400	-0.060301222	172946.47	-0.00062631443	-1816.0469	2.5477579	0.00019280195	51.9511878490448
94	-765.04517	139.6511	-465.97388	-886.4	19.193548	-234.5471	0.06964095	-234.2537	-234.56367	57000	-0.08689477	192390.8	-0.0007683411	-2122.0469	2.6216464	0.00041490892	52.43823027610779
95	-758.91595	166.08687	-234.81851	-886.4	17.352942	-237.04333	0.5950084	-222.70718	-237.08815	57600	-0.06757559	171499.14	-0.00091109425	-1830.0938	2.6250565	-5.3307413e-05	52.9350962638855
96	-760.96356	150.28262	-401.50827	-886.4	16.194445	-239.44287	0.070377424	-239.1683	-239.46089	58200	-0.045774404	140546.05	-0.0005371794	-1582.9844	2.5462692	-0.00021657228	53.43690896034241
97	-772.98895	164.17197	-272.9987	-886.4	13.714286	-241.6575	0.07285416	-241.39532	-241.6778	58800	-0.052231167	152319.33	-0.0007776432	-1568.5625	2.5517101	9.5359486e-05	53.95823311805725
98	-781.48975	139.44305	-434.2113	-886.4	14.947369	-243.87125	0.066715166	-243.61821	-243.88884	59400	-0.029918801	154757.12	-0.00044672377	-1708.0	2.5661428	0.00021793922	54.48638558387756
99	-741.5114	176.07756	-308.04538	-886.4	16.942858	-246.1868	0.061815187	-245.94214	-246.20244	60000	-0.061107304	129722.414	-0.000604935	-1436.6562	2.5603144	-0.00034992874	55.01435136795044
100	-719.67847	196.51236	-274.05484	-886.4	18.09091	-248.33961	0.05822523	-248.10208	-248.35393	60600	-0.085226215	124221.336	-0.000827305	-1295.6016	2.581066	-0.00051256834	55.87364673614502
101	-725.7939	185.08139	-339.78732	-886.4	17.75	-250.39386	0.055768855	-250.16267	-250.4073	61200	-0.088435225	105375.51	-0.00060398877	-1140.7344	2.610979	-0.00016785145	56.37526750564575
102	-726.41095	207.95065	-233.811	-886.4	16.514286	-252.33849	0.05643167	-252.11516	-252.35281	61800	-0.09284068	118447.336	-0.0013586283	-1145.6406	2.5100198	0.00025541603	56.883167028427124
103	-763.9543	141.20659	-395.0372	-886.4	16.444445	-254.29684	0.055367194	-254.08087	-254.31105	62400	-0.1371099	161417.86	-0.00072838366	-1917.7031	2.576454	0.0007257785	57.39316272735596
104	-711.6245	181.47392	-164.01064	-886.4	21.142857	-256.7321	1.1254724	-240.17969	-256.8249	63000	-0.047235843	144104.95	-0.0006404184	-1696.5781	2.5566618	0.0002061067	57.92115116119385
105	-689.39417	236.66751	-239.41359	-886.4	15.289474	-258.17834	5.656723	-212.05023	-259.20706	63600	-0.1640627	62734.83	-0.0010420084	-620.2422	2.5553167	-0.0007824864	58.41584753990173
106	-718.57605	182.45479	-348.09134	-886.4	19.766666	-260.66556	0.046487506	-260.4664	-260.67645	64200	-0.0615809	123155.98	-0.0004111044	-1392.1641	2.5186055	5.4985285e-05	58.921387672424316
107	-719.4601	213.71584	-208.76173	-886.4	15.552631	-262.83282	0.05040771	-262.64166	-262.8462	64800	-0.100534245	89347.57	-0.0007131621	-937.2969	2.4989047	-0.00023602824	59.42915678024292
108	-665.3192	223.7595	-199.27518	-886.4	20.0	-264.6989	0.043139473	-264.51147	-264.70892	65400	-0.07087176	80751.45	-0.00080063194	-833.83594	2.5635297	-0.00027703465	59.93927526473999
109	-735.51495	190.9606	-298.9875	-886.4	16.054054	-266.44382	0.04693423	-266.26328	-266.456	66000	-0.091629475	104395.24	-0.00054471195	-1220.625	2.5544243	-0.000104203624	60.471694469451904
110	-732.84814	203.70485	-146.89304	-886.4	16.135136	-268.45636	1.2543602	-252.46759	-268.57056	66600	-0.09337874	111000.77	-0.0007360205	-1243.8438	2.645544	-8.408785e-05	61.35452198982239
111	-681.6968	206.49675	-225.3033	-886.4	20.821428	-270.67865	0.93578297	-254.50658	-270.74146	67200	-0.033577826	101599.62	-0.00091844425	-1165.1016	2.5800114	-0.00020284473	61.85059309005737
112	-711.5686	211.81349	-291.29376	-886.4	16.027027	-272.63824	1.7597522	-256.4882	-272.85123	67800	-0.088666	73231.88	-0.00058797	-871.9375	2.5581045	-0.0004346192	62.359830379486084
113	-736.4072	205.8965	-182.2094	-886.4	14.365853	-274.6825	0.048547525	-274.14377	-274.6953	68400	-0.06323526	83947.98	-0.0007022694	-979.9531	2.5476372	-0.00039391936	62.86553454399109
114	-764.31067	162.36833	-320.14938	-886.4	14.65	-276.6014	0.6795353	-260.0494	-276.6424	69000	-0.08358068	107362.67	-0.00036223233	-1449.2812	2.6062822	7.172326e-05	63.38616943359375
115	-772.1568	165.45314	-362.8607	-886.4	13.0222225	-279.02112	0.041569788	-278.87686	-279.0331	69600	-0.097935535	99820.04	-0.00044117123	-1354.5078	2.5767493	-9.485404e-05	63.91553616523743
116	-676.0414	228.0172	-167.36157	-886.4	18.806452	-281.181	1.809416	-264.50555	-281.38608	70200	-0.10100935	70848.51	-0.0008812025	-813.8047	2.5297627	-0.0004748418	64.41254997253418
117	-641.21063	216.96288	-158.8519	-886.4	23.08	-283.0504	1.6907619	-266.23557	-283.22882	70800	-0.02302758	72761.75	-0.0006840285	-848.0469	2.551843	-0.0002323105	64.88853311538696
118	-715.5086	207.84087	-175.99832	-886.4	17.470589	-284.72888	2.4888391	-268.00092	-285.10895	71400	-0.07913359	96085.17	-0.001142554	-1162.0938	2.5275223	-9.1320675e-05	65.38618397712708
119	-691.9969	229.08025	-292.21927	-886.4	16.514286	-286.80316	2.8864436	-270.07733	-287.32062	72000	-0.07575437	62931.473	-0.0006354749	-708.5	2.5662057	-0.00026861727	65.90172743797302
120	-727.73883	176.21548	-332.36862	-886.4	18.933332	-289.05365	0.02968027	-288.9265	-289.0606	72600	-0.05258721	95161.89	-0.0006134398	-1300.8359	2.5087621	0.00028535028	66.91973161697388
121	-700.88336	200.03032	-243.45564	-886.4	19.193548	-291.41068	0.029326368	-291.2871	-291.41763	73200	-0.06384228	84421.414	-0.00058597326	-1156.2578	2.5935726	7.3574185e-05	67.51075339317322
122	-728.50555	217.18437	-193.66168	-886.4	14.0	-293.68893	0.044013888	-292.9699	-293.69928	73800	-0.11765239	63936.69	-0.0004599765	-782.3711	2.4811425	-0.0002219065	68.11245107650757
123	-705.9955	188.33333	-300.05444	-886.4	18.28125	-295.5072	1.021349	-277.8298	-295.57297	74400	-0.087692946	74414.79	-0.0008131191	-1052.7891	2.5484803	0.00017593642	68.7114679813385
124	-753.39966	187.6696	-214.44817	-886.4	13.431818	-297.65268	1.2600434	-279.87762	-297.75272	75000	-0.10587154	85298.62	-0.0006477833	-1162.5469	2.5678544	4.999737e-05	69.23044347763062
125	-666.2234	191.39185	-333.76828	-886.4	22.73077	-300.01376	0.7919919	-282.04587	-300.061	75600	-0.074166894	67415.16	-0.0005336702	-1035.7266	2.5200832	0.00015147308	69.78233814239502
126	-733.03253	228.06696	-180.45432	-886.4	12.142858	-301.97214	2.2486057	-284.1233	-302.27246	76200	-0.12895232	54404.38	-0.0012215525	-554.26953	2.532743	-0.0006156786	70.3152174949646
127	-607.9071	245.38782	-201.85411	-886.4	20.925926	-302.94818	4.016882	-285.65305	-303.9021	76800	-0.045311056	41889.324	-0.00097245723	-377.875	2.5441577	-0.0005822245	70.81458449363708
128	-684.15125	244.99094	-244.35374	-886.4	15.763158	-304.295	4.0752625	-286.94376	-305.2775	77400	-0.1515109	50531.566	-0.00075396895	-495.5586	2.5576103	-3.919343e-05	71.27519488334656
129	-692.8243	226.4333	-211.86594	-886.4	17.939394	-306.6724	1.4544287	-288.37378	-306.79974	78000	-0.119851634	68386.734	-0.0007486865	-833.59375	2.52951	-0.00013354202	71.79553484916687
130	-696.05475	225.37946	-215.81404	-886.4	17.382353	-308.41217	2.7437394	-290.29105	-308.84088	78600	-0.12287842	68563.305	-0.0010082275	-883.7344	2.5762665	-0.0003583155	72.73035407066345
131	-710.5625	210.40038	-103.69365	-886.4	17.060606	-310.50937	2.829039	-291.5166	-310.9578	79200	-0.10501267	67497.32	-0.0007761419	-1253.6172	2.549102	2.016286e-05	73.28055667877197
132	-625.0138	200.86804	-299.3347	-886.4	25.217392	-311.5919	9.580524	-218.33328	-313.168	79800	-0.011513808	56729.008	-0.0003082864	-992.65625	2.544312	2.8542677e-06	73.83624029159546
133	-743.47363	209.51212	-293.40994	-886.4	12.020833	-315.22574	1.2514534	-296.6057	-315.32233	80400	-0.14191976	53697.332	-0.0008522123	-637.9336	2.5453641	0.00011682749	74.38143968582153
134	-644.3559	217.02348	-246.13914	-886.4	22.461538	-317.01987	2.3170893	-279.37686	-317.20993	81000	-0.023674902	57925.633	-0.00077692606	-806.1992	2.5950813	0.00013862332	74.89144396781921
135	-614.0925	225.5832	-143.91815	-886.4	23.916666	-318.43777	6.026772	-233.10054	-319.30145	81600	-0.0525729	49389.54	-0.00069581345	-837.8867	2.4745934	0.00017592529	75.4055814743042
136	-633.49506	231.0418	-95.389946	-886.4	22.5	-319.61502	10.965384	-223.95784	-321.24298	82200	-0.06667865	49931.246	-0.0009920597	-768.9258	2.5017471	-0.00015480915	75.93094396591187
137	-584.9652	229.17984	-211.18661	-886.4	23.96	-319.20642	11.882281	-225.31625	-323.2032	82800	-0.107410975	36753.152	-0.0008258745	-618.03125	2.4858577	8.698444e-05	76.47090744972229
138	-718.57794	239.84564	-141.2891	-886.4	12.826087	-320.72046	15.864997	-245.85999	-324.85715	83400	-0.15113558	55814.906	-0.0010807663	-1003.2344	2.4530916	-7.3673924e-05	77.01574873924255
139	-668.4699	220.87184	-317.7805	-886.4	19.466667	-323.32892	9.633333	-248.05443	-326.6256	84000	-0.122327484	45231.887	-0.0004899353	-949.3281	2.5212367	0.000106714964	77.49695324897766
140	-650.95844	254.3876	-52.208878	-886.4	18.548388	-327.45056	8.285645	-245.02777	-328.61142	84600	-0.16720134	40719.293	-0.0010127872	-1213.7656	2.502037	-0.00023087602	78.46564745903015
141	-744.6071	185.66643	-283.21545	-886.4	15.078947	-328.20978	10.478366	-191.92506	-330.2457	85200	-0.12715639	71673.25	-0.0008446425	-1278.1875	2.5514588	0.0004552265	79.01538681983948
142	-649.2391	268.43542	-198.91757	-886.4	15.552631	-325.90466	17.020113	-209.52312	-332.9458	85800	-0.12418579	21849.004	-0.0006338358	-231.78125	2.489515	-0.00039655427	79.57164549827576
143	-569.58484	249.06187	-219.40869	-886.4	22.923077	-327.41965	15.86515	-230.18611	-333.99414	86400	-0.09195055	25851.172	-0.00072404	-264.38477	2.4732246	-0.00019271433	80.11697435379028
144	-610.38983	260.06323	-224.93423	-886.4	19.766666	-331.0609	11.726412	-232.60681	-335.1632	87000	-0.097308345	28242.754	-0.0007669255	-280.57812	2.5206246	0.00010474304	80.66310429573059
145	-618.65857	255.5711	-153.53041	-886.4	19.766666	-330.10965	14.907826	-193.04196	-336.39807	87600	-0.07093492	31024.287	-0.0010425076	-343.6211	2.532475	-7.16118e-05	81.21841502189636
146	-731.84265	224.72177	-202.98926	-886.4	13.266666	-332.15067	17.969156	-193.84813	-337.808	88200	-0.122651674	47106.105	-0.0007118955	-728.9336	2.516859	0.000107811094	81.77020978927612
147	-697.76587	261.30286	-38.107925	-886.4	12.888889	-330.15787	25.906414	-195.00974	-339.89407	88800	-0.135426	39444.64	-0.0013231933	-472.14062	2.55566	-0.00021689395	82.31242203712463
148	-648.27234	263.70227	-172.2551	-886.4	17.470589	-328.8137	29.085358	-175.4499	-341.29193	89400	-0.10053731	39193.76	-0.00065829605	-805.76953	2.4803154	0.00019125362	82.86351728439331
149	-654.3206	251.83513	-150.39807	-886.4	18.161291	-334.03583	23.573208	-176.29247	-342.9701	90000	-0.07882969	39187.188	-0.0008726716	-588.2422	2.502579	2.2073984e-05	83.40498161315918
150	-651.6392	261.84818	-112.5926	-886.4	16.705883	-334.71786	26.758772	-177.2193	-344.7726	90600	-0.1126994	25445.057	-0.0008523166	-473.42578	2.508135	2.4018684e-06	84.22388792037964
151	-633.0897	251.69331	-216.45143	-886.4	18.65625	-335.3006	20.924921	-177.89792	-346.1298	91200	-0.15401168	29346.227	-0.0007735342	-532.5508	2.5647733	5.4915745e-07	84.73678803443909
152	-660.2492	278.3507	-22.236324	-886.4	14.609756	-333.06198	31.662533	-178.67097	-347.63196	91800	-0.17099057	36271.043	-0.001224786	-955.26953	2.4815474	-0.00024697205	85.27448296546936
153	-657.9782	274.96756	-138.24615	-886.4	14.536586	-326.73984	36.78513	-179.30011	-348.94888	92400	-0.15548676	24737.71	-0.0008085668	-336.5	2.543522	-0.00042823394	85.92395305633545
154	-685.0816	237.17029	-202.7066	-886.4	16.542856	-339.15765	21.45137	-179.76782	-349.9339	93000	-0.15053777	35399.07	-0.00064218044	-621.09766	2.5364168	0.00017641207	86.52713322639465
155	-632.2294	258.07907	-135.79468	-886.4	18.121212	-341.21252	24.85495	-180.78537	-351.8949	93600	-0.14510918	22808.09	-0.00067579746	-461.77344	2.4919999	0.00021160423	87.14859294891357
156	-571.4809	303.33557	-83.78362	-886.4	17.382353	-334.1115	40.509254	-181.519	-353.34036	94200	-0.12941194	16008.287	-0.0006825626	-1545.2676	2.4677513	-0.00072100223	87.71413993835449
157	-612.6354	275.03775	-39.25844	-886.4	18.28125	-322.75708	35.435593	-181.59248	-353.65997	94800	-0.14555459	24587.193	-0.0010779351	-1106.2363	2.5291271	5.657057e-05	88.27577924728394
158	-661.1798	269.86258	-170.72816	-886.4	15.051282	-337.05573	31.858131	-225.53326	-354.7178	95400	-0.113949634	27454.75	-0.00077584386	-851.5625	2.524902	0.000119123855	88.85748481750488
159	-637.3881	289.78506	-175.77681	-886.4	14.634147	-322.85974	48.584652	-160.68182	-356.02826	96000	-0.15209705	22387.715	-0.00093342364	-598.63477	2.5089135	-0.00019329389	89.43675374984741
160	-538.8264	273.21487	-156.43217	-886.4	21.481482	-327.54636	40.574646	-183.18571	-356.8879	96600	-0.1278563	13262.248	-0.0009430945	-252.74512	2.4633603	-8.026878e-05	90.37516903877258
161	-616.3037	294.17996	-126.253075	-886.4	15.972222	-322.6364	41.869232	-183.5165	-357.56625	97200	-0.15822652	18435.562	-0.0010713786	-699.29297	2.5314014	-0.0005506007	90.86407113075256
162	-623.7526	277.19376	-85.24318	-886.4	17.147058	-317.22824	41.92155	-183.85255	-358.26294	97800	-0.15963492	21242.703	-0.000664562	-1244.6035	2.5284529	0.00015069127	91.37932777404785
163	-561.2104	276.42426	-124.19642	-886.4	20.821428	-337.67133	35.681793	-187.29628	-359.43588	98400	-0.098027945	15264.238	-0.0006778911	-809.50195	2.4709034	-0.00051040074	91.88839507102966
164	-679.21906	256.62643	-163.60211	-886.4	14.487804	-336.3814	37.5833	-184.84738	-360.34814	99000	-0.14261042	23336.16	-0.00065740943	-980.2832	2.4908836	0.00018159409	92.40490460395813
165	-614.73987	305.72525	-93.50443	-886.4	15.432432	-328.572	52.46069	-185.66063	-361.90436	99600	-0.21857765	23503.777	-0.0010488182	-1883.584	2.4831038	-7.211566e-05	92.94381213188171
166	-635.6156	275.04648	-112.87598	-886.4	16.38889	-323.66525	51.42546	-185.95958	-362.7808	100200	-0.14316826	18210.166	-0.000967592	-586.79297	2.468978	2.1668473e-05	93.47399187088013
167	-650.5723	308.11182	-56.43161	-886.4	13.311111	-314.5812	62.973003	-164.03883	-364.03723	100800	-0.17533527	30773.803	-0.0011638701	-2005.3594	2.481731	-0.000280295	94.01745843887329
168	-610.6667	281.20023	-123.21083	-886.4	17.848484	-318.87546	57.79284	-164.43097	-365.4867	101400	-0.15629567	19090.904	-0.000984773	-1074.6113	2.474755	-0.00033139964	94.55927968025208
169	-638.45447	292.5721	-98.11331	-886.4	15.368421	-323.50662	54.050377	-187.65918	-366.67892	102000	-0.15824835	23007.346	-0.00084492564	-1093.9688	2.5203173	-0.00015780111	95.08963704109192
170	-595.67773	309.1571	-112.40539	-886.4	16.0	-310.44287	66.46979	-188.26768	-368.00974	102600	-0.1491693	18292.193	-0.0008134693	-785.6738	2.5046184	-9.442369e-05	95.9818868637085
171	-570.0717	310.26157	-110.1954	-886.4	17.529411	-311.83105	65.43929	-188.52171	-368.7611	103200	-0.1403534	17013.404	-0.0011932552	-633.333	2.454926	2.4587513e-05	96.48660087585449
172	-506.82413	312.62735	-44.480698	-886.4	20.172413	-301.93936	66.24874	-188.56331	-369.30566	103800	-0.17279685	15944.679	-0.001349479	-322.1416	2.4541218	-0.00032390794	97.00482702255249
173	-579.13086	312.02548	-88.47244	-886.4	17.142857	-303.73312	65.65579	-188.45369	-369.58682	104400	-0.17660086	20228.89	-0.0011490285	-541.3164	2.5021644	3.1875374e-05	97.53990292549133
174	-585.91125	309.42523	-40.75914	-886.4	16.971428	-300.47556	67.9492	-188.76268	-370.50787	105000	-0.13299139	19636.24	-0.0012151599	-712.4219	2.474879	6.495277e-05	98.16053485870361
175	-651.9726	307.60104	-78.26465	-886.4	13.068182	-304.79465	66.05837	-189.06638	-371.43506	105600	-0.18935026	29062.39	-0.0015096515	-475.29688	2.5177884	-0.0003162406	98.80969023704529
176	-614.16943	281.73053	-140.39557	-886.4	18.625	-316.09125	66.14571	-189.54013	-372.8972	106200	-0.13851222	27863.992	-0.0014927387	-1758.8379	2.4734159	0.00020935397	99.38425421714783
177	-546.7609	298.68472	-106.530655	-886.4	19.290323	-318.76312	66.667725	-191.14389	-376.03064	106800	-0.18211664	13403.008	-0.00086055696	-630.2158	2.4687858	2.3779472e-05	99.92462229728699
178	-574.29364	321.20645	-101.49117	-886.4	16.5	-308.13336	63.816864	-191.30486	-376.53314	107400	-0.200485	15424.6	-0.0009355396	-1021.8428	2.39459	-0.00025987963	100.48842334747314
179	-600.8429	335.48126	-46.34464	-886.4	13.714286	-274.57828	66.81425	-191.01886	-376.6843	108000	-0.16225041	18936.824	-0.0009384155	-1162.1973	2.431786	-0.00040650388	101.05421352386475
180	-562.622	299.67917	-54.508976	-886.4	19.2	-289.59366	65.14301	-167.55669	-376.88263	108600	-0.20482484	23894.117	-0.0018067062	-3924.7559	2.4687965	0.00065601367	102.08227133750916
181	-566.4359	319.15247	-109.38466	-886.4	17.352942	-299.6132	81.88478	-168.14192	-378.38885	109200	-0.113806926	19466.404	-0.0013001561	-877.91016	2.428118	0.0002977095	102.59689855575562
182	-487.63254	338.20923	-28.835495	-886.4	18.59375	-266.74683	75.07137	-168.41406	-379.28876	109800	-0.1689049	14298.588	-0.0011204034	-1684.6016	2.389567	-0.00054264703	103.21219372749329
183	-472.3841	320.21457	-86.311005	-886.4	20.428572	-256.44153	57.038727	-167.88297	-378.9082	110400	-0.13682468	12027.837	-0.0011891127	-645.00684	2.389626	-0.00020914554	103.75022959709167
184	-538.9129	342.67188	-57.78702	-886.4	16.162163	-249.85374	58.461475	-167.83072	-379.04987	111000	-0.15416478	14569.354	-0.00081922114	-516.59863	2.4011042	-0.0005522144	104.28887605667114
185	-460.69153	320.6003	-63.795242	-886.4	20.551723	-239.86281	55.59738	-167.5896	-379.16718	111600	-0.14397044	12588.215	-0.0011961758	-1276.3086	2.40726	-0.00014623006	104.84461450576782
186	-496.06497	278.66187	-53.753162	-886.4	22.961538	-278.9741	53.773243	-167.6406	-379.69244	112200	-0.0966776	14946.72	-0.0008979887	-1436.1895	2.478424	0.0007648585	105.39953780174255
187	-544.4382	353.82312	-55.79549	-886.4	14.948718	-272.73123	55.219322	-168.84503	-381.5035	112800	-0.15540552	18867.754	-0.001023367	-4867.6055	2.3903594	-0.00047817847	105.95660543441772
188	-527.2969	352.7444	-67.79828	-886.4	15.972973	-230.69214	61.458225	-168.40408	-381.56262	113400	-0.14951195	13995.946	-0.00081802905	-668.6045	2.4017026	4.358053e-05	106.54036951065063
189	-577.84656	345.7353	-48.986626	-886.4	14.261905	-227.11919	62.355465	-167.69478	-381.35666	114000	-0.19169031	18071.773	-0.0009396374	-274.42773	2.411207	-0.0002581338	107.14673924446106
190	-517.5571	332.5752	-52.44447	-886.4	17.90625	-238.49857	58.222866	-167.52425	-381.90964	114600	-0.14346094	13345.889	-0.0014154315	-164.27246	2.3813725	-0.00029091994	108.210862159729
191	-469.6471	352.65088	-32.555725	-886.4	18.21875	-228.00745	60.24995	-167.86386	-382.59024	115200	-0.14274105	15019.917	-0.0009664446	-337.11523	2.365328	-0.0002393355	108.73003196716309
192	-579.6593	335.22244	-59.40953	-886.4	15.236842	-236.70943	62.112373	-167.13579	-382.48544	115800	-0.15979129	19089.576	-0.000895381	-664.0371	2.4001892	1.2886822e-05	109.24656653404236
193	-608.9653	333.42783	-46.709473	-886.4	13.418605	-239.54036	64.35286	-167.79358	-383.87155	116400	-0.1731102	21700.113	-0.001143679	-384.38086	2.425015	0.000119378965	109.85818433761597
194	-558.43274	326.2609	-61.40485	-886.4	17.17647	-249.58571	61.98848	-168.65224	-385.64615	117000	-0.18023112	23456.686	-0.0009662211	-2478.252	2.4723713	0.0006451905	110.37600374221802
195	-561.5998	322.22775	-56.697918	-886.4	16.657143	-268.9316	63.7	-170.26501	-388.00934	117600	-0.21011616	16266.884	-0.0010893792	-580.04395	2.402847	0.0002773899	110.89624071121216
196	-546.9157	326.0848	-83.9416	-886.4	17.205883	-266.61667	60.485336	-170.83392	-388.99854	118200	-0.16124807	16338.13	-0.001011759	-399.82617	2.4328964	0.0003834044	111.44165420532227
197	-405.8951	323.58746	-38.089165	-886.4	21.666666	-246.43948	60.00095	-171.47578	-390.21332	118800	-0.17312007	11349.384	-0.0012551695	-706.9365	2.3467734	-0.0005845652	111.99499130249023
198	-529.0683	346.68982	-37.234806	-886.4	16.666666	-239.64398	66.83279	-170.5261	-389.7689	119400	-0.18952768	15273.84	-0.0013183802	-501.46973	2.3520203	-0.00037677915	112.53578329086304
199	-526.9174	348.6548	-36.685436	-886.4	16.444445	-235.05739	66.75082	-170.0617	-389.91626	120000	-0.20284508	14780.813	-0.0011660904	-549.95703	2.364875	-0.00021893412	113.07717657089233
200	-488.32025	338.1609	-48.220078	-886.4	18.71875	-247.59209	65.92675	-169.04474	-389.69006	120600	-0.16102017	11795.895	-0.00089141726	-240.49707	2.3662126	0.00010339419	114.0675892829895
201	-513.9027	339.89944	-29.758726	-886.4	17.529411	-248.10828	65.75421	-168.2127	-389.462	121200	-0.16612366	13718.028	-0.0012084395	-203.69629	2.3816454	-9.814699e-05	114.58876442909241
202	-546.72723	355.6543	-46.1491	-886.4	15.307693	-237.28696	67.11783	-167.63474	-389.68665	121800	-0.2362043	21522.771	-0.0010863543	-739.709	2.322968	0.0004906744	115.11084127426147
203	-399.6075	342.05792	-42.570274	-886.4	20.428572	-211.69998	65.21824	-167.35985	-390.55927	122400	-0.14448734	12164.864	-0.0010391474	-256.45215	2.339144	-0.0001824683	115.63947296142578
204	-467.60825	336.20102	-33.8982	-886.4	19.9	-230.77844	69.06659	-165.93645	-389.81583	123000	-0.19673681	16726.29	-0.0012098402	-1236.1455	2.339165	0.0003531734	116.19176006317139
205	-473.825	367.00284	-48.38815	-886.4	17.147058	-231.19836	66.8384	-165.44234	-390.13916	123600	-0.19296078	17054.42	-0.0011469871	-1592.5	2.2730095	-0.00027532945	116.72251343727112
206	-480.69543	342.9841	-35.386414	-886.4	18.625	-222.33162	62.430347	-163.23216	-389.7558	124200	-0.14616793	15046.33	-0.0011108071	-464.14648	2.3542984	9.85689e-05	117.240225315094
207	-473.12027	359.98312	-26.837458	-886.4	17.454546	-215.47697	61.417267	-162.8142	-389.36407	124800	-0.13980593	12815.355	-0.0008314699	-546.2334	2.367951	-0.000334994	117.79933571815491
208	-427.5111	344.09436	-48.57034	-886.4	20.206896	-215.78459	56.887566	-161.04799	-388.41867	125400	-0.15813787	13138.144	-0.000949353	-518.7656	2.2884388	-0.0004108891	118.41900968551636
209	-497.66763	350.96973	-26.973186	-886.4	17.294117	-214.57867	60.29819	-159.99347	-388.05545	126000	-0.15463316	13328.298	-0.00088486075	-168.63379	2.3512492	-9.8882716e-05	118.99311375617981
210	-592.88	336.66205	-36.95978	-886.4	14.268292	-228.81088	61.713226	-159.36858	-388.11264	126600	-0.16910993	19662.486	-0.0009774268	-1063.5059	2.4319148	0.0006083164	120.06272625923157
211	-491.4361	368.49094	-43.35218	-886.4	16.4	-215.51328	63.571865	-160.66019	-390.31613	127200	-0.17840292	15035.318	-0.0008792579	-666.792	2.2743392	-0.00030908058	120.62061333656311
212	-414.94595	369.60117	-25.026806	-886.4	18.4375	-194.71208	58.666462	-158.89676	-389.6604	127800	-0.124748714	12906.205	-0.0006665066	-754.417	2.2448606	-0.00037457547	121.17110562324524
213	-330.44614	320.78308	-36.56744	-886.4	22.807692	-189.88995	53.861282	-155.5707	-387.67755	128400	-0.15322095	13468.355	-0.0012583286	-709.875	2.26443	-7.998556e-05	121.68500542640686
214	-439.55444	358.3561	-52.485348	-886.4	18.483871	-196.72115	58.703934	-153.86073	-386.91928	129000	-0.15408714	12538.464	-0.00080287457	-110.01074	2.3375545	0.00031266082	122.20068669319153
215	-467.5147	354.73416	-33.469612	-886.4	18.03125	-195.99272	58.451363	-152.40585	-386.31268	129600	-0.15132041	14604.62	-0.0011151731	-334.96973	2.274709	-0.00012047947	122.72197675704956
216	-519.5463	374.43207	-31.011143	-886.4	15.131579	-192.88716	60.4815	-152.82097	-387.06815	130200	-0.17261651	17333.242	-0.00068566203	-402.88477	2.278289	-0.00026588928	123.24022436141968
217	-410.73926	337.3046	-36.22019	-886.4	20.571428	-193.89403	56.66175	-151.78476	-387.309	130800	-0.10748993	11341.038	-0.000936307	-319.5498	2.3460927	0.00022740503	123.77033257484436
218	-530.9766	384.00726	-22.3053	-886.4	13.813953	-189.37933	63.810802	-151.52007	-387.54288	131400	-0.14842418	17060.354	-0.000735417	-564.93945	2.2720177	-0.00027000526	124.33590126037598
219	-506.69162	374.68735	-31.164988	-886.4	15.594595	-185.85876	61.3778	-148.45158	-386.33014	132000	-0.18522964	17619.773	-0.0010129064	-211.09766	2.2904036	-0.00020444432	124.88572549819946
220	-422.34055	374.83493	-33.927845	-886.4	17.757576	-176.14992	59.75349	-147.25366	-386.37146	132600	-0.1272894	16313.877	-0.0011591911	-302.85742	2.2762597	-0.00064175326	125.92682766914368
221	-484.97763	385.96005	-33.507504	-886.4	15.421053	-174.73949	63.168434	-144.5952	-384.98434	133200	-0.16180366	16674.188	-0.0006700754	-284.54102	2.2200906	-0.00012746095	126.4461133480072
222	-298.7359	326.90674	-30.67986	-886.4	22.115385	-165.74481	55.041145	-142.06577	-383.7882	133800	-0.08161514	9000.687	-0.0008112788	-287.33984	2.2433681	-0.000322871	126.96261525154114
223	-546.18756	385.26605	-27.514673	-886.4	13.244445	-173.89053	66.95613	-138.8012	-381.29803	134400	-0.20720556	21688.658	-0.0005853176	-210.99805	2.2518265	7.864555e-05	127.46989393234253
224	-499.9837	390.17813	-33.17224	-886.4	14.7	-166.24835	64.61606	-136.98096	-381.61237	135000	-0.16658865	16783.62	-0.0005518049	-446.6328	2.2119613	-0.00031902242	127.98094344139099
225	-430.54184	373.81445	-30.202616	-886.4	18.030304	-167.5663	60.489784	-134.17166	-380.4562	135600	-0.18534045	15172.412	-0.00095553696	-516.56055	2.267768	-0.000113268696	128.50681233406067
226	-373.24622	352.44415	-41.781013	-886.4	20.310345	-167.62305	60.168835	-132.64561	-380.00427	136200	-0.15585786	13186.421	-0.0009676963	-174.22949	2.2705832	-0.00017729212	129.02305126190186
227	-481.14618	377.16565	-21.724802	-886.4	16.135136	-173.8987	64.09091	-131.64955	-379.6991	136800	-0.13699852	13368.674	-0.0005867034	-371.8672	2.2776995	0.00022075862	129.54237723350525
228	-354.94638	361.65082	-23.88911	-886.4	19.931034	-160.34676	57.73713	-130.6602	-379.45593	137400	-0.107106335	10836.86	-0.00070886314	-272.08887	2.1996176	-0.0003223606	130.04005002975464
229	-504.07483	378.7753	-25.425505	-886.4	15.256411	-165.67424	64.68462	-127.522675	-377.2195	138000	-0.18504927	16502.17	-0.0009402931	-246.80664	2.2755663	2.0772715e-05	130.54845809936523
230	-520.2649	379.05225	-36.69818	-886.4	14.609756	-172.31161	65.317314	-126.76897	-377.66077	138600	-0.16157313	15345.514	-0.0007279217	-205.28516	2.2862523	-0.0001565215	131.5870931148529
231	-487.20435	383.60504	-23.662481	-886.4	15.631579	-168.42122	65.75678	-125.83223	-378.1274	139200	-0.1473702	14970.003	-0.0006134659	-184.8711	2.1907637	-0.000102163154	132.1081042289734
232	-362.51877	372.9657	-33.893715	-886.4	19.033333	-153.68878	58.9635	-124.22776	-377.8853	139800	-0.088794686	10531.912	-0.00048278272	-631.4873	2.1697795	-0.00025867164	132.622083902359
233	-451.07596	390.54517	-28.792702	-886.4	16.222221	-145.93222	61.74965	-120.68533	-375.41733	140400	-0.1488354	13508.851	-0.00063438714	-116.74707	2.1778975	7.5624885e-05	133.15623927116394
234	-485.02155	384.76562	-31.00487	-886.4	15.552631	-148.65305	63.570637	-118.41058	-374.33615	141000	-0.1473677	14579.941	-0.00047647953	-397.7461	2.214611	-4.0198862e-05	133.6669409275055
235	-303.15756	340.38654	-40.582626	-886.4	21.321428	-145.45555	56.85877	-117.54624	-374.62244	141600	-0.045179214	8632.92	-0.0006211549	-227.16699	2.1990676	-3.8310587e-05	134.18706107139587
236	-422.27615	390.49536	-28.020638	-886.4	17.029411	-142.54382	60.80982	-115.251015	-372.79266	142200	-0.12681837	13523.97	-0.0006906539	-154.20703	2.2346349	-0.0004174753	134.70828533172607
237	-424.1276	378.37524	-26.592756	-886.4	17.787878	-144.61752	60.120304	-112.54204	-371.29807	142800	-0.12558793	12937.073	-0.00066539645	-360.1953	2.2297397	-6.772548e-05	135.22643446922302
238	-544.33997	376.6797	-30.257366	-886.4	13.666667	-158.71245	65.02536	-111.458374	-371.06866	143400	-0.22294635	18045.596	-0.0007843971	-219.00195	2.2774062	-4.3067437e-05	135.74102520942688
239	-410.91763	387.05664	-27.274832	-886.4	17.575758	-145.59456	61.69426	-112.28988	-373.2864	144000	-0.11043284	12382.4	-0.0004162565	-256.31055	2.2227578	0.00012458344	136.2444670200348
240	-411.65195	397.65918	-26.135788	-886.4	16.882353	-135.6878	63.34141	-110.346306	-372.32712	144600	-0.13344163	13778.707	-0.00061389804	-371.64062	2.1525497	-6.9983005e-05	137.28957986831665
241	-469.18253	389.5093	-30.504873	-886.4	16.0	-138.1449	65.167175	-106.64326	-370.18112	145200	-0.15107022	15195.448	-0.0006930083	-148.02539	2.2123775	-0.00018494099	137.79954314231873
242	-442.63043	387.4762	-28.34793	-886.4	16.8	-139.72536	62.929855	-106.12007	-370.65714	145800	-0.12759884	12089.096	-0.0005072504	-95.89258	2.2435806	2.2309621e-05	138.30820441246033
243	-353.83127	370.96695	-28.863842	-886.4	19.35484	-131.12877	60.061512	-104.807495	-370.31818	146400	-0.07968768	10634.895	-0.0006065741	-203.92578	2.1381083	-9.391169e-05	138.8144817352295
244	-436.33356	392.34518	-28.496742	-886.4	16.514286	-128.08803	63.747166	-103.38836	-369.22333	147000	-0.1269768	14177.21	-0.0004643947	-218.64453	2.2112932	-0.00013068537	139.3264753818512
245	-492.73682	403.48175	-23.046423	-886.4	14.04878	-132.8976	69.26184	-102.03066	-368.9963	147600	-0.13470271	16091.733	-0.00048957765	-215.10352	2.174843	-0.00028487472	139.8281478881836
246	-428.29633	386.25696	-36.019203	-886.4	17.235294	-133.84473	64.14368	-99.27943	-368.30283	148200	-0.12934248	13080.123	-0.00047448277	-250.84277	2.1966574	-3.4869114e-05	140.3356809616089
247	-407.04633	376.0056	-32.002136	-886.4	18.21875	-135.21558	62.629208	-98.50653	-368.6885	148800	-0.11985989	11374.269	-0.0006831214	-101.956055	2.2304838	0.00015651385	140.84980463981628
248	-288.56345	333.15744	-24.399004	-886.4	22.076923	-132.67442	57.65499	-98.31183	-368.8189	149400	-0.08471775	8738.687	-0.00088718534	-154.6211	2.1747236	0.00011980305	141.37754225730896
249	-466.4584	389.75922	-21.670471	-886.4	15.756757	-128.34128	66.22337	-97.705765	-367.88095	150000	-0.13384333	12748.587	-0.00036931038	-154.15527	2.1841056	-1.5958647e-05	141.87263822555542
250	-550.4827	383.42813	-43.38277	-886.4	12.913043	-138.93848	71.459076	-97.38951	-368.23383	150600	-0.19019966	19054.27	-0.00054724514	-320.2168	2.206428	0.00011222919	142.9307780265808
251	-424.08417	386.5545	-36.549114	-886.4	16.764706	-135.95644	65.28244	-98.524994	-371.0629	151200	-0.15335637	12567.952	-0.0005533546	-243.35449	2.175592	7.559856e-08	143.44587349891663
252	-493.0532	385.92377	-25.098701	-886.4	14.948718	-142.11444	67.440346	-97.211365	-370.9114	151800	-0.15439194	12888.086	-0.00044852495	-42.655273	2.1597316	-5.1408708e-05	143.94888615608215
253	-447.98062	384.57855	-24.282429	-886.4	16.6	-139.4692	65.27417	-97.27395	-371.85202	152400	-0.12924753	13191.759	-0.0005286485	-99.21094	2.1706214	0.00011059691	144.46270060539246
254	-435.49774	395.33902	-25.687939	-886.4	16.081081	-132.25775	67.35881	-97.779976	-372.93268	153000	-0.12474708	12248.975	-0.0004362315	-289.8584	2.1461549	-0.00022647003	144.98429560661316
255	-384.816	396.31732	-19.706448	-886.4	17.32353	-122.91547	64.98878	-95.31191	-371.67368	153600	-0.08468273	11393.58	-0.00039529055	-317.2744	2.1081634	-0.0002227519	145.51541090011597
256	-437.23325	391.36395	-27.472057	-886.4	16.542856	-122.89639	66.66257	-91.112335	-369.03326	154200	-0.10162314	11386.624	-0.00039045513	-160.66113	2.1301525	0.00015829176	146.02237629890442
257	-433.23172	396.73334	-39.870373	-886.4	16.216217	-120.86518	67.78635	-90.28738	-369.0437	154800	-0.09925686	11446.366	-0.00035266578	-132.41797	2.1584122	-0.00014680933	146.54287219047546
258	-429.01688	387.1696	-35.548832	-886.4	17.147058	-121.28862	66.01022	-88.85878	-368.71848	155400	-0.11379467	13003.587	-0.00033991784	-167.86035	2.1633363	0.00023161262	147.12320685386658
259	-371.22668	390.91333	-25.406166	-886.4	17.969696	-115.55474	65.781075	-89.75217	-369.75772	156000	-0.07813009	10330.572	-0.00045052916	-128.5498	2.1127603	-5.398919e-05	147.70708894729614
260	-372.92203	383.87692	-25.787912	-886.4	18.580645	-113.94025	64.73289	-87.06096	-368.08798	156600	-0.13857666	12461.21	-0.000527069	-13.785156	2.1714995	2.7477046e-05	148.66467571258545
261	-456.73483	399.45917	-25.305262	-886.4	15.307693	-113.44773	70.68904	-86.644806	-367.87457	157200	-0.11270388	13024.261	-0.000325799	-41.216797	2.122447	6.480803e-05	149.18956589698792
262	-402.34003	395.48633	-33.389755	-886.4	16.971428	-111.87682	67.668655	-86.139	-368.2886	157800	-0.09401499	11923.048	-0.0004737079	-152.43555	2.1145606	-0.00045669207	149.7005434036255
263	-508.2372	393.78143	-38.59358	-886.4	13.880953	-118.32007	72.3205	-84.190384	-367.394	158400	-0.18763842	16723.217	-0.0004466027	-588.5967	2.1205134	-8.485119e-06	150.21533036231995
264	-359.21494	374.0748	-23.272398	-886.4	19.233334	-121.026886	65.59642	-84.90999	-371.49396	159000	-0.15390348	11355.423	-0.00063735247	-304.20605	2.176954	0.00020513961	150.7441689968109
265	-392.27274	392.87292	-23.74996	-886.4	17.588236	-117.2547	69.7635	-83.93265	-369.64694	159600	-0.10952676	13505.423	-0.00045768917	-354.55078	2.1429062	-0.0002891605	151.2809178829193
266	-516.1521	398.29303	-33.494644	-886.4	13.4651165	-116.037384	74.86042	-82.70836	-368.901	160200	-0.14857465	14615.385	-0.0003349036	-85.07129	2.1594124	-0.00020428936	151.76582551002502
267	-391.2859	380.6027	-27.877728	-886.4	18.03125	-114.01137	66.24242	-82.73087	-370.34625	160800	-0.16001482	13040.627	-0.0006991029	-1039.3975	2.1614637	0.00039108138	152.2629110813141
268	-287.41916	347.6967	-39.46556	-886.4	20.892857	-110.95727	64.611786	-83.26964	-371.1589	161400	-0.047079697	7589.025	-0.00035412982	-254.24316	2.2009525	-0.00010862082	152.77107763290405
269	-518.7314	402.79175	-23.679895	-886.4	13.227273	-117.116745	75.800316	-81.71874	-371.39258	162000	-0.20014988	17196.102	-0.0004912913	-183.50195	2.0965147	0.00020828238	153.27851128578186
270	-209.12305	298.19156	-35.853775	-886.4	23.32	-104.08544	60.607475	-80.67838	-370.49658	162600	0.031845354	6199.11	-0.0002717264	-166.35303	2.1043777	-4.9373408e-05	154.31101775169373
271	-443.17908	400.0085	-21.293943	-886.4	15.789474	-110.55535	72.173195	-77.71893	-367.6453	163200	-0.15382594	13794.36	-0.0004374981	-100.5625	2.1219707	-6.289592e-05	154.81517434120178
272	-426.56808	387.4802	-22.646929	-886.4	17.088236	-112.52917	68.81216	-77.48096	-368.12708	163800	-0.09976573	11223.503	-0.00047845393	-270.15234	2.138964	0.00027454813	155.34862208366394
273	-448.3406	395.54697	-23.450607	-886.4	15.789474	-112.93267	71.657684	-78.91666	-369.72833	164400	-0.16483468	16382.847	-0.0005350858	-484.48633	2.1504133	-7.517715e-05	155.8836407661438
274	-326.29797	370.63074	-25.609404	-886.4	19.7	-113.01281	67.84824	-80.407875	-371.93356	165000	-0.093679644	12437.298	-0.0004049316	-165.37207	2.096812	4.8295955e-05	156.4291021823883
275	-432.723	393.81415	-21.710436	-886.4	16.457144	-114.647354	70.58625	-79.112366	-370.80438	165600	-0.095067926	11897.267	-0.00036705285	-337.10156	2.0966954	8.48786e-05	157.04928755760193
276	-401.14703	397.63965	-26.025969	-886.4	16.8	-109.37019	73.24643	-78.771614	-371.0857	166200	-0.082504295	11370.22	-0.0002341345	-529.0049	2.054882	-6.147504e-05	157.66419410705566
277	-387.95337	388.8682	-31.859222	-886.4	17.588236	-109.753334	70.52308	-76.72176	-369.8766	166800	-0.1592984	13135.673	-0.0005687028	-376.88086	2.1025825	0.0001403132	158.08172607421875
278	-427.32864	402.3911	-23.210659	-886.4	15.864865	-107.146736	72.73343	-75.66692	-369.49063	167400	-0.07570206	12043.045	-0.0002657473	-131.58496	1.9901673	4.1931867e-06	158.57679986953735
279	-327.9205	382.85327	-29.9343	-886.4	19.032259	-98.434006	67.39806	-74.196465	-369.04584	168000	-0.119959466	10648.7705	-0.0004734099	-368.3955	2.1484823	-8.941521e-05	159.08158540725708
280	-413.70593	401.37643	-28.894215	-886.4	16.666666	-95.00416	72.285995	-71.54288	-366.6819	168600	-0.06604774	12229.592	-0.00022011995	-644.0869	2.1255596	9.773731e-05	160.16775059700012
281	-385.39133	395.35922	-21.358746	-886.4	17.411764	-95.93574	69.960785	-71.06944	-366.9171	169200	-0.06613521	10286.997	-0.00030605495	-201.02539	2.0991366	-4.255414e-05	160.67788124084473
282	-441.66278	388.28162	-23.074682	-886.4	16.657143	-110.06215	70.8204	-69.534355	-366.0391	169800	-0.12567657	11949.203	-0.0004631877	-624.6123	2.1399226	0.0001691407	161.18485569953918
283	-507.3882	399.49377	-32.218227	-886.4	13.738095	-117.873764	75.39262	-71.58383	-368.68958	170400	-0.1708371	15108.309	-0.00039716065	-435.26562	2.1709192	5.0286053e-05	161.69118785858154
284	-485.97327	401.52322	-26.416674	-886.4	14.214286	-110.15409	77.15024	-73.55298	-371.97415	171000	-0.11861388	13773.435	-0.00026788563	-96.07422	2.0900664	4.340927e-05	162.20916485786438
285	-517.87085	397.228	-21.083553	-886.4	13.44186	-110.98021	78.02167	-74.35017	-374.1125	171600	-0.15446143	15120.898	-0.00036977232	-149.32715	2.1114495	7.1685216e-05	162.74968719482422
286	-483.696	394.5734	-24.927193	-886.4	14.794871	-118.44273	74.28573	-75.987114	-377.30096	172200	-0.15327363	13000.099	-0.00037698448	-146.21484	2.1769464	0.00012211144	163.28806495666504
287	-446.52408	406.22244	-39.12706	-886.4	15.282051	-116.30727	74.6956	-76.249695	-379.0478	172800	-0.1434319	13211.769	-0.00041292608	-477.50098	2.1297212	-9.349187e-06	163.79570984840393
288	-412.67142	401.9117	-25.126759	-886.4	16.25	-98.34443	73.44884	-74.49535	-378.9207	173400	-0.0638617	11779.417	-0.0002701953	-179.61719	2.0717294	-0.00011514753	164.2901051044464
289	-450.4373	390.00394	-34.580723	-886.4	16.13889	-104.934494	74.19034	-72.970825	-378.3616	174000	-0.1466139	13542.166	-0.0004233122	-587.3496	2.0899203	0.00022029132	164.8401494026184
290	-302.96506	361.7263	-26.610556	-886.4	20.034483	-108.51507	67.1766	-75.667496	-380.83206	174600	-0.050668027	8195.281	-0.00038994104	-246.31445	2.0699263	-6.12705e-05	165.9812068939209
291	-426.98505	403.85352	-31.318813	-886.4	15.972973	-101.82936	74.75218	-74.161934	-378.99268	175200	-0.08793885	13650.046	-0.0002721846	-59.03125	2.0906978	-1.1816621e-06	166.49836015701294
292	-445.33527	398.05597	-21.123178	-886.4	15.710526	-101.73014	75.70835	-73.8008	-379.28485	175800	-0.112979695	11967.271	-0.00032866746	-340.71777	2.159523	0.00018340131	167.00830364227295
293	-441.5833	399.85718	-34.254776	-886.4	15.684211	-109.53014	74.615555	-73.87375	-380.1869	176400	-0.13085513	12310.893	-0.00037536025	-42.82422	2.0374284	-6.438901e-05	167.50594687461853
294	-367.1968	378.5258	-20.367239	-886.4	18.53125	-106.417854	70.429665	-73.3684	-380.7177	177000	-0.07502874	9985.952	-0.0003515631	-131.36426	2.1453354	0.00015237987	168.02031350135803
295	-386.0147	394.75336	-30.272015	-886.4	17.205883	-103.281494	72.446465	-74.335976	-381.05835	177600	-0.03806577	10598.172	-0.00017237663	-303.4463	2.0350018	-3.711333e-05	168.52908778190613
296	-484.2175	403.14795	-27.681677	-886.4	14.285714	-99.12942	78.29062	-73.45127	-380.147	178200	-0.14084244	13770.338	-0.00031989813	-448.85938	2.1061113	9.980798e-05	169.03658604621887
297	-513.9888	397.3774	-35.39801	-886.4	13.222222	-104.64221	81.34355	-74.36231	-382.34836	178800	-0.15311198	15201.91	-0.00030505657	-165.54004	2.0755558	1.2794832e-05	169.56763648986816
298	-479.33548	395.52615	-29.87171	-886.4	14.717949	-107.12445	76.3256	-78.06273	-386.7926	179400	-0.13787049	14061.406	-0.0003886968	-137.09668	2.1209295	0.00012892266	170.07230710983276
299	-387.30508	394.39056	-23.769722	-886.4	17.058823	-107.33439	72.02704	-80.466705	-389.67215	180000	-0.061440215	10940.218	-0.00030167028	-172.00098	2.0592434	-1.974066e-05	170.57825779914856
300	-289.44797	362.07794	-20.670078	-886.4	20.0	-98.178734	67.65237	-79.21117	-389.0663	180600	0.024140231	8865.14	-0.0002930332	-106.84277	2.0935173	3.0429264e-05	171.69061827659607
301	-432.15195	405.0775	-24.780537	-886.4	15.394737	-99.767654	76.54354	-76.156975	-386.46323	181200	-0.15762143	15514.313	-0.00040377676	-1198.0918	2.0085666	7.779608e-05	172.19975805282593
302	-344.67563	375.83487	-30.773418	-886.4	18.870968	-100.16327	70.50466	-74.295006	-386.63297	181800	-0.035920925	9313.798	-0.00027979165	-267.3164	2.0179033	1.7786026e-06	172.72112846374512
303	-409.92056	403.31198	-30.82293	-886.4	16.333334	-104.37455	74.65676	-73.83166	-385.8399	182400	-0.07145977	11076.548	-0.00025060028	-292.1045	2.0544593	6.414056e-06	173.23561239242554
304	-395.92007	386.02136	-28.46053	-886.4	17.617647	-94.08472	73.28683	-71.682785	-384.85458	183000	-0.11233571	13605.854	-0.00045588613	-1012.30566	2.0252247	0.00027570763	173.7267665863037
305	-593.70135	388.45575	-28.902365	-886.4	10.509091	-112.6694	89.763084	-74.83978	-386.75705	183600	-0.19345538	20022.486	-0.00035254657	-280.7754	2.2066686	0.00020039757	174.23986268043518
306	-471.22623	403.6562	-26.044683	-886.4	14.365853	-105.86655	79.956924	-76.74507	-391.79816	184200	-0.112046026	14374.94	-0.00032114983	-137.16699	2.071613	-0.00024186054	174.7698655128479
307	-382.82938	396.89572	-34.514	-886.4	17.205883	-101.94924	73.98365	-76.985	-393.4491	184800	-0.06610542	10160.065	-0.0002162382	-182.66211	2.1161735	-6.25821e-05	175.29906749725342
308	-352.1386	388.5308	-26.749487	-886.4	18.125	-95.340744	72.99098	-75.1781	-392.32956	185400	-0.0019881758	10461.646	-0.00018670387	-352.61328	2.0528	-2.6007493e-07	175.8295660018921
309	-478.2997	408.6507	-24.181349	-886.4	14.214286	-100.81383	81.98453	-73.515335	-390.88416	186000	-0.10065458	13410.334	-0.000298433	-105.66211	2.0807753	-3.321568e-05	176.2862617969513
310	-302.1487	374.41284	-22.37553	-886.4	19.064516	-90.79944	71.68001	-72.11455	-391.1579	186600	0.026136646	8696.856	-0.00015897676	-132.93848	1.9772079	-6.471763e-05	177.3598906993866
311	-308.2525	377.62265	-27.85975	-886.4	19.4	-87.160805	70.82432	-69.112404	-388.55353	187200	-0.02620733	9275.185	-0.00030975975	-88.49609	2.0827532	9.637753e-05	177.87879490852356
312	-377.388	400.98358	-27.6868	-886.4	17.058823	-86.53312	75.03032	-66.72008	-386.28223	187800	-0.02973463	9958.858	-0.00019804388	-41.796875	1.9318082	-0.00016027201	178.3990375995636
313	-519.4206	400.0151	-31.563276	-886.4	12.956522	-91.72437	86.100136	-65.191086	-385.05228	188400	-0.12594862	17293.47	-0.00027112663	-913.49414	2.0923514	-0.00017880906	178.91653180122375
314	-344.87442	392.29956	-25.77542	-886.4	18.0625	-90.79142	72.884735	-69.12022	-389.19965	189000	-0.021770392	9033.812	-0.0001575984	-62.32617	2.0434098	-4.7341586e-05	179.4230031967163
315	-405.0574	394.0108	-24.295437	-886.4	16.62857	-91.27383	75.91715	-67.355545	-388.02756	189600	-0.03699653	10597.457	-0.00023106858	-53.385742	1.9466763	0.00015182832	179.9292347431183
316	-462.48096	395.09927	-35.979126	-886.4	15.256411	-96.813736	79.16359	-69.31802	-388.62256	190200	-0.09788511	14849.877	-0.0004652366	-283.22363	2.0891845	0.00020970205	180.4489758014679
317	-471.88544	404.51022	-26.158295	-886.4	14.195122	-101.44866	80.59787	-74.173	-391.39337	190800	-0.10845821	14243.335	-0.00026535243	-160.37793	2.0067327	-3.38613e-05	180.96194219589233
318	-397.33575	398.17072	-34.689095	-886.4	16.657143	-97.35429	75.483765	-75.27192	-393.04553	191400	-0.10523974	12199.403	-0.00026640296	-250.34961	2.005863	2.1635393e-05	181.4792423248291
319	-443.19983	399.96524	-24.35573	-886.4	15.684211	-102.68024	77.95246	-74.53072	-392.91608	192000	-0.089427985	11884.949	-0.00026018918	-44.83789	1.9931617	-4.0439267e-05	181.98942017555237
320	-479.50015	407.8814	-28.247526	-886.4	14.095238	-102.95102	81.94089	-75.089	-393.68985	192600	-0.10243641	13831.131	-0.00021319091	-113.21875	2.0323126	-8.916845e-05	183.12223529815674
321	-447.96576	396.37183	-27.494724	-886.4	15.605263	-103.17521	78.301346	-74.07662	-394.6401	193200	-0.08828799	12432.845	-0.00022955984	-132.95898	2.1235409	4.484256e-06	183.63857746124268
322	-427.0676	400.4535	-28.585766	-886.4	15.972973	-105.293724	77.9958	-76.191574	-396.39282	193800	-0.08947	12844.215	-0.00030305237	-86.524414	2.0163748	-2.4291972e-05	184.15072441101074
323	-366.468	393.77753	-24.199339	-886.4	17.515152	-98.441734	74.0191	-76.28232	-396.98965	194400	-0.03439907	9675.066	-0.00022602826	-70.75488	1.9855831	-0.00016650716	184.6567621231079
324	-475.0768	412.0525	-28.76731	-886.4	13.928572	-99.44043	82.75217	-73.88877	-395.54617	195000	-0.075619645	13810.02	-0.0002342835	-171.26953	1.9867309	-5.6761404e-05	185.17905950546265
325	-361.37646	388.74884	-34.716415	-886.4	17.647058	-91.24097	74.90341	-71.82509	-395.85358	195600	-0.019269938	9794.573	-0.00026524067	-2.6376953	1.9516504	-3.2660962e-05	185.717933177948
326	-364.91522	395.70886	-19.962639	-886.4	17.575758	-91.147484	74.79904	-71.89361	-395.49362	196200	-0.025679259	10620.411	-0.00023161434	-225.09961	2.0508199	1.9188523e-05	186.23530530929565
327	-333.1328	373.91275	-34.897373	-886.4	18.75	-90.169975	72.701485	-70.60132	-394.2823	196800	0.0077256393	8651.02	-0.00017506257	-73.86914	1.9824225	-9.828806e-07	186.76692414283752
328	-380.33417	398.1474	-21.631111	-886.4	17.294117	-99.09318	74.95325	-71.408066	-393.62973	197400	-0.08404926	11278.863	-0.00025110692	-89.31055	2.084614	-8.375645e-06	187.30153822898865
329	-436.43112	404.3245	-32.194695	-886.4	15.263158	-93.25782	79.43526	-69.98203	-392.69742	198000	-0.094263405	12362.627	-0.00023844838	-11.049805	2.0844917	-2.5040904e-06	187.84238719940186
330	-266.16614	333.94485	-35.255287	-886.4	21.518518	-92.42038	68.111694	-70.74352	-393.56018	198600	0.010175246	7821.6235	-0.0002040295	-133.33691	2.0324638	9.7783304e-05	188.9040243625641
331	-398.91705	398.47443	-31.937067	-886.4	16.6	-99.85589	75.3867	-72.20568	-392.3819	199200	-0.052344874	10111.34	-0.00020933151	-110.362305	2.0636811	9.218255e-06	189.47550797462463
332	-320.63983	371.9698	-28.144278	-886.4	19.433332	-91.78766	70.782745	-72.04808	-391.8259	199800	-0.016023824	8836.459	-0.00018686801	-143.66602	2.0910602	4.3980777e-05	190.03552436828613
333	-389.90097	391.78726	-21.455702	-886.4	17.0	-96.226585	74.31811	-71.38736	-389.95395	200400	-0.027684813	10285.101	-0.0001817178	-27.892578	2.0815947	7.903099e-05	190.5991051197052
334	-428.30045	400.74017	-21.965492	-886.4	15.540541	-97.19318	77.02137	-72.7242	-390.01224	201000	-0.05322521	11281.224	-0.00028641522	-47.878906	2.009702	1.9426743e-05	191.16191625595093
335	-403.4879	406.08917	-20.932365	-886.4	16.13889	-96.712135	76.136856	-73.65536	-390.8193	201600	-0.1127137	13784.196	-0.0002802387	-232.22656	1.9845474	-2.6627382e-05	191.72480654716492
336	-446.90033	407.42676	-28.689112	-886.4	14.923077	-94.865974	79.48492	-70.74631	-389.6996	202200	-0.06843579	11960.539	-0.00028462708	-46.54297	2.0171876	2.5683641e-05	192.20772409439087
337	-261.2102	329.58084	-25.176125	-886.4	21.428572	-88.15168	67.65335	-70.065285	-390.5419	202800	0.040616613	8503.48	-0.00021887943	-417.0581	1.9882067	-5.301833e-06	192.62130451202393
338	-285.55148	363.14066	-32.575752	-886.4	19.9	-92.31758	70.02955	-73.03504	-389.53622	203400	0.041785914	8170.118	-0.00018493086	-157.55908	2.002113	5.6011577e-05	193.1111762523651
339	-357.74844	382.72577	-38.825684	-886.4	18.625	-90.21819	72.68328	-70.58136	-391.5045	204000	-0.09697675	11255.035	-0.00034033507	-365.4414	2.1411953	8.681049e-05	193.61991691589355
340	-411.161	402.6333	-23.024738	-886.4	16.222221	-93.505615	75.001595	-72.41135	-384.49887	204600	-0.05641205	11183.344	-0.00023738667	-21.17871	1.9519886	6.4250824e-05	194.72647666931152
341	-367.0881	376.82986	-28.045418	-886.4	17.96875	-94.049065	71.19647	-71.808205	-384.6765	205200	-0.03169264	9095.333	-0.00020214543	-142.06348	1.9458405	-4.2043528e-05	195.26435589790344
342	-382.4381	397.03683	-35.43171	-886.4	16.970589	-97.65548	72.551476	-75.37687	-385.69537	205800	-0.061574407	9779.948	-0.0002389364	-50.046875	2.002518	0.00010966877	195.80755925178528
343	-351.4075	384.64694	-28.191046	-886.4	18.21875	-94.42609	70.67985	-73.81266	-384.086	206400	-0.064597726	11614.328	-0.00031918287	-854.5947	2.0347068	-6.829341e-05	196.34060668945312
344	-441.75375	412.07227	-24.82502	-886.4	14.897436	-95.62373	77.102806	-73.087616	-382.6144	207000	-0.09116387	12241.34	-0.00021873415	-132.37988	2.015906	-0.0001755475	196.87768054008484
345	-270.45676	349.33243	-26.530838	-886.4	20.655172	-86.91296	68.41621	-70.0373	-383.0429	207600	0.038291108	8388.006	-0.00021148473	-89.51953	1.9871426	0.0001886039	197.41288900375366
346	-327.3683	380.53683	-31.228584	-886.4	19.0	-87.77749	70.51587	-69.73516	-389.71106	208200	-0.08305073	12300.212	-0.00036796927	-575.74414	2.0191047	7.196804e-05	197.9493203163147
347	-277.6972	352.6811	-32.80602	-886.4	20.571428	-86.37552	67.73102	-69.007454	-375.95328	208800	0.03201941	7822.2134	-0.000259988	-477.62402	1.9715363	4.3360888e-05	198.47496390342712
348	-281.8492	351.59802	-27.339903	-886.4	20.571428	-89.450455	64.66116	-68.66173	-370.05093	209400	-0.035500668	8325.318	-0.00043582916	-95.49219	2.0847385	0.00033465386	198.89508056640625
349	-427.75574	401.11987	-23.154692	-886.4	15.594595	-91.18829	71.79505	-69.45901	-364.66803	210000	-0.08367376	11450.793	-0.0001874268	-108.828125	1.984656	-4.7228732e-05	199.37624168395996
350	-391.4748	395.88425	-28.256296	-886.4	16.666666	-90.18848	70.52328	-71.85334	-368.83844	210600	-0.06285493	10768.156	-0.00025428087	-16.608398	1.9828696	-8.142988e-07	200.54188561439514
351	-400.95496	397.3804	-23.516644	-886.4	16.857143	-92.77533	70.71542	-73.35805	-371.30945	211200	-0.053801313	10658.739	-0.00018537045	-22.157227	2.021399	-9.959121e-05	201.04892826080322
352	-403.46747	394.12048	-21.701254	-886.4	16.6	-93.17965	70.88662	-74.46955	-373.00244	211800	-0.07372065	11468.946	-0.0003368184	-166.92676	2.016723	-6.447494e-05	201.5796926021576
353	-254.47826	339.49527	-30.101496	-886.4	21.407408	-93.35654	63.394676	-76.45244	-375.54776	212400	0.051038623	7398.966	-0.00014743954	-127.40088	1.916047	5.0379436e-05	202.11629009246826
354	-419.30286	395.70435	-43.771755	-886.4	16.194445	-96.22536	70.781586	-74.021736	-368.7789	213000	-0.08316706	10759.814	-0.0002368316	-62.987305	1.9728845	3.5207966e-05	202.65318536758423
355	-512.85114	407.46246	-21.394098	-886.4	12.73913	-101.47401	79.13825	-76.14737	-371.40466	213600	-0.16709988	16580.816	-0.0002988279	-177.83398	2.0099502	-0.00012659778	203.19084548950195
356	-482.90326	411.14737	-27.765844	-886.4	13.697675	-100.79929	79.30015	-75.87047	-378.8027	214200	-0.15073018	15104.116	-0.0003003627	-257.31934	1.954574	-6.217579e-05	203.73670291900635
357	-348.17648	376.24268	-31.975166	-886.4	19.096775	-93.49534	69.36418	-73.578476	-381.88507	214800	-0.06278216	13021.56	-0.000271447	-1147.4717	2.0481608	6.229172e-05	204.27178478240967
358	-372.2792	389.52585	-28.812937	-886.4	17.424242	-98.93237	70.837425	-76.346176	-383.26453	215400	-0.026850045	9673.502	-0.000307519	-178.43164	1.9677058	0.0001910908	204.75018215179443
359	-365.91495	393.04953	-25.880732	-886.4	17.666666	-95.054115	70.761986	-76.31226	-382.37515	216000	-0.04129033	10697.108	-0.0002568923	-175.74707	2.0242398	2.2921462e-05	205.19942593574524
360	-338.54874	380.53107	-27.519567	-886.4	18.870968	-93.40617	71.37433	-58.9233	-380.41708	216600	-0.021512622	10789.188	-0.00030485168	-754.70703	2.0504782	0.00019108356	206.6313111782074
361	-403.55942	395.21954	-30.001167	-886.4	16.571428	-94.644615	72.33399	-58.42932	-378.2994	217200	-0.07376587	10380.284	-0.00024223328	-115.87598	1.9810474	-3.5095713e-05	207.21008801460266
362	-277.10117	353.4725	-31.799131	-886.4	20.678572	-95.39516	65.47271	-74.86662	-379.29254	217800	-0.026022505	7761.946	-0.00026960857	-116.43262	2.008633	3.118495e-05	207.80528569221497
363	-462.48184	401.22012	-21.182436	-886.4	14.65	-96.5478	76.01484	-72.28	-374.33417	218400	-0.13650481	15420.72	-0.00030985475	-271.79688	2.0153072	2.3292501e-05	208.3918149471283
364	-367.19434	390.54776	-25.62014	-886.4	17.60606	-95.2638	71.59544	-75.70422	-388.8908	219000	-0.1147006	11031.488	-0.00028378516	-289.7539	2.0499914	3.4150282e-05	208.9981553554535
365	-396.7058	400.3915	-23.269386	-886.4	16.571428	-95.64778	72.57209	-75.06719	-378.5752	219600	-0.059528604	10405.815	-0.0002233088	-146.04688	1.9909884	1.4981429e-05	209.58903574943542
366	-425.4146	402.6374	-23.964167	-886.4	15.945946	-95.36162	74.01674	-73.14362	-377.58237	220200	-0.106450215	12865.165	-0.00031779706	-314.3838	2.0295472	-5.6381523e-05	210.1753740310669
367	-354.29163	386.0299	-24.335209	-886.4	18.0625	-96.52299	70.23751	-72.59355	-379.11185	220800	-0.07397268	9170.354	-0.00033169985	-172.44434	2.009657	6.084939e-06	210.77056622505188
368	-444.31345	409.78488	-23.43462	-886.4	14.948718	-94.789925	76.16123	-72.26885	-377.6889	221400	-0.080443956	12145.116	-0.0002869293	-58.634766	2.0384429	2.1670858e-05	211.37020421028137
369	-350.10794	372.84628	-38.665802	-886.4	18.935484	-90.77777	69.297104	-70.81295	-379.19495	222000	-0.04120008	10494.192	-0.0007600337	-439.32617	2.0329902	0.00068298844	211.96678805351257
370	-424.46866	403.7127	-26.207201	-886.4	15.8918915	-101.19409	74.009285	-75.14948	-380.67456	222600	-0.09142311	10945.815	-0.000371024	-31.905273	2.0564916	-0.0001232476	213.27175879478455
371	-477.34464	409.51004	-27.878172	-886.4	14.047619	-100.379906	78.91602	-73.563385	-380.87476	223200	-0.12097361	13226.842	-0.0004233569	-60.84082	2.057977	-0.00072734343	213.849454164505
372	-350.38245	396.36963	-26.270994	-886.4	17.5	-91.65588	72.99775	-71.76355	-383.39728	223800	-0.030048244	10007.453	-0.00024908409	-198.38477	1.9976478	-0.0001418517	214.43091225624084
373	-448.18173	406.08627	-35.122974	-886.4	14.846154	-89.00588	77.94448	-67.39656	-379.9994	224400	-0.089610875	11733.566	-0.00027804822	-27.604492	1.9575858	-0.00060860603	215.02195978164673
374	-442.16776	411.7196	-22.2014	-886.4	15.051282	-90.45673	78.40196	-68.61583	-382.45355	225000	-0.1052228	12146.665	-0.00046426803	-46.280273	2.0269382	0.001381683	215.6024990081787
375	-402.95135	409.07053	-28.72671	-886.4	16.11111	-87.924545	76.07999	-67.259834	-383.50555	225600	-0.06594017	11001.623	-0.00015707314	-52.0459	1.9949344	0.0011105961	216.18905520439148
376	-421.64252	406.49854	-26.084135	-886.4	15.864865	-85.222694	77.40634	-64.48382	-382.43643	226200	-0.055899262	11532.135	-8.864701e-05	-7.288086	1.9340713	0.00035993397	216.79945993423462
377	-367.6831	391.6741	-25.035587	-886.4	17.69697	-84.18455	73.63113	-65.15827	-383.67938	226800	-0.05629514	10631.8	-0.00028308854	-176.82324	1.9842448	8.165111e-05	217.40958881378174
378	-221.26433	317.19632	-25.208218	-886.4	22.0	-84.73447	66.99502	-66.702225	-383.952	227400	0.05929927	8366.026	-0.00034402683	-88.41992	1.9487618	0.00033895124	217.98788690567017
379	-421.93027	405.92914	-36.467907	-886.4	15.7027025	-87.93118	76.21068	-66.3981	-379.5772	228000	-0.063980244	11132.112	-0.00026258826	-40.385742	1.9870638	-5.0011477e-05	218.5833444595337
380	-397.29776	399.9932	-30.34449	-886.4	16.485714	-86.13941	74.46057	-66.68907	-380.2761	228600	-0.058670036	10319.403	-0.00022108853	-14.87793	1.9738404	3.8830636e-05	219.9381012916565
381	-377.67084	401.52292	-24.704987	-886.4	17.470589	-87.72109	73.44252	-67.86827	-381.30554	229200	-0.053909745	10829.779	-0.00031220168	-178.15137	2.038641	8.7113185e-05	220.49124026298523
382	-341.00946	386.4717	-30.262325	-886.4	18.181818	-84.85958	71.59135	-65.64514	-379.66357	229800	-0.025304452	9279.316	-0.0002771411	-76.49512	1.9381754	5.0667724e-05	221.07207369804382
383	-407.1854	405.67606	-26.11389	-886.4	16.027779	-85.029205	75.16496	-65.40625	-377.94522	230400	-0.05640014	10918.917	-0.00024816766	-2.3466797	1.9644997	3.6833484e-05	221.66218519210815
384	-452.9803	409.44974	-25.327068	-886.4	14.55	-87.530205	78.99092	-65.27922	-378.4831	231000	-0.161345	16527.127	-0.00030304492	-491.65332	2.0506008	-0.00016127875	222.2786684036255
385	-302.3673	362.01614	-20.633934	-886.4	19.896551	-83.13094	68.81741	-66.85171	-382.41522	231600	-0.0066642826	8412.397	-0.00028714025	-71.8916	2.0295417	4.7991274e-05	222.872074842453
386	-377.35562	401.30954	-22.284945	-886.4	17.0	-89.18743	73.38435	-70.03981	-381.95035	232200	-0.055088095	10344.827	-0.00025946647	-73.143555	2.047594	-0.0001807656	223.4525465965271
387	-374.7698	392.04028	-26.143509	-886.4	17.142857	-86.53341	73.538826	-67.641914	-379.5777	232800	-0.099349454	11481.725	-0.00029155612	-220.47461	1.986724	-7.5224045e-05	224.0687747001648
388	-311.43765	377.17242	-19.71581	-886.4	19.066668	-86.15797	68.860756	-69.52174	-380.53754	233400	0.011196193	8313.111	-0.00023335777	-59.12207	1.985354	-0.00025930037	224.66173911094666
389	-296.14856	365.1565	-33.41572	-886.4	19.931034	-83.223724	67.31241	-67.5346	-376.4293	234000	0.0021703974	7741.28	-0.00026208244	-39.768066	1.9442704	0.00019780178	225.25601744651794
390	-291.76642	364.99893	-28.290592	-886.4	19.896551	-84.26482	67.86284	-67.707504	-390.47153	234600	-0.055870306	9091.611	-0.00034758076	-74.67969	1.9308143	8.907596e-05	226.6287658214569
391	-488.0143	408.35263	-22.393644	-886.4	13.813953	-89.62051	78.3657	-66.99437	-367.76508	235200	-0.11468369	14099.0	-0.00023798645	-126.3584	2.0422587	0.00013039004	227.22192335128784
392	-266.1219	350.3134	-28.643019	-886.4	20.655172	-84.981865	66.58916	-69.467705	-375.0104	235800	0.03210685	7047.175	-0.00020027906	-47.01465	2.0018404	8.170307e-05	227.80110549926758
393	-414.64194	399.7723	-30.692753	-886.4	16.11111	-87.608635	72.78009	-68.452576	-371.03284	236400	-0.06671104	11338.054	-0.0004735887	-111.72656	2.0058115	-0.0011682302	228.3984317779541
394	-413.69003	400.35678	-26.063723	-886.4	16.13889	-90.90995	72.67138	-71.347466	-373.54153	237000	-0.08849673	10960.483	-0.00031467527	-123.69336	1.9825782	-0.00046408642	229.00487351417542
395	-364.5065	395.2538	-27.223333	-886.4	17.666666	-92.01967	70.07189	-72.56582	-375.67813	237600	-0.038699232	9645.858	-0.00019006804	-51.106445	2.0459487	0.0001459217	229.59799337387085
396	-429.9669	399.29767	-35.64904	-886.4	15.72973	-91.19734	73.88808	-70.30399	-373.90286	238200	-0.08411096	11370.231	-0.00026682764	-176.56152	1.8924577	0.00027453553	230.2090036869049
397	-395.5833	401.3482	-34.397728	-886.4	16.571428	-93.68327	72.13824	-69.476944	-377.20572	238800	-0.060616467	10358.635	-0.000299491	-39.143555	1.9999107	9.572506e-07	230.8007411956787
398	-410.08405	403.56256	-23.970757	-886.4	15.972222	-91.344925	73.46735	-70.933365	-377.043	239400	-0.06404458	11263.842	-0.00025476515	-24.785156	2.062517	7.196734e-05	231.47655606269836
399	-499.3615	403.6122	-21.215302	-886.4	13.545455	-95.932396	81.581825	-51.727177	-377.9889	240000	-0.16243197	16647.594	-0.0003876686	-264.6455	2.0604277	-0.0001954792	232.06202697753906
400	-341.68683	386.47412	-22.276424	-886.4	18.181818	-93.39753	70.87596	-54.873222	-385.01675	240600	-0.031625327	9811.645	-0.00026664883	-111.62305	1.9422375	0.000101827485	233.49070835113525
401	-319.38977	372.6464	-35.713802	-886.4	19.133333	-84.61413	71.626686	-53.714294	-383.8255	241200	0.0226876	8895.895	-0.00031803176	-99.78418	1.9177951	0.00013417551	234.0836808681488
402	-211.95428	322.34875	-24.976084	-886.4	21.851852	-86.92252	65.6927	-54.49215	-381.33887	241800	0.054152846	6966.098	-0.00019865856	-350.32568	1.9590391	-0.0001232318	234.68535542488098
403	-463.85413	412.8401	-23.185144	-886.4	14.146341	-78.28091	81.645996	-53.406063	-374.94318	242400	-0.114032045	13045.538	-0.0003363192	-67.30762	1.9887623	-0.00022519946	235.2552888393402
404	-472.6329	404.29916	-28.463615	-886.4	14.0	-82.05124	81.784904	-55.20224	-378.61603	243000	-0.10068218	12962.22	-0.00029931962	-365.67188	1.9214572	-0.00010999918	235.83749294281006
405	-402.526	396.0014	-27.145876	-886.4	16.514286	-95.45806	72.86401	-57.334534	-383.3475	243600	-0.063696094	10434.81	-0.0003728941	-10.922852	1.8890787	-2.0269652e-05	236.42348170280457
406	-293.62805	358.7741	-26.931204	-886.4	19.9	-93.8674	67.88909	-61.410797	-384.39392	244200	-0.004380029	8226.502	-0.00034510903	-37.958496	2.0128732	0.00019731531	237.0197274684906
407	-408.6917	391.1959	-32.07995	-886.4	16.4	-95.532364	72.19776	-71.17391	-381.1369	244800	-0.064985596	10651.145	-0.0004701987	-77.552734	1.959574	8.7538065e-05	237.63115453720093
408	-374.8616	394.35327	-23.64376	-886.4	17.142857	-98.49711	70.797104	-80.43611	-382.85675	245400	-0.045123603	10475.396	-0.00018168241	-39.751953	1.977113	-8.195877e-05	238.22245931625366
409	-392.73376	402.63058	-24.03527	-886.4	16.685715	-96.695206	72.06236	-59.05744	-381.73154	246000	-0.098403	11653.53	-0.00039357692	-77.046875	1.9506437	4.773875e-05	238.82021403312683
410	-462.47815	414.02267	-21.68667	-886.4	14.341463	-96.48996	77.97924	-55.698807	-380.45667	246600	-0.11984708	13048.49	-0.00027656555	-112.32324	1.9507662	4.0468178e-05	240.23946118354797
411	-336.30417	389.46402	-22.349943	-886.4	18.181818	-88.52787	70.79272	-52.195633	-381.7491	247200	-0.014443519	9103.019	-0.00025559124	-70.63672	1.9726241	3.408124e-05	240.82524275779724
412	-348.88028	390.24844	-26.996355	-886.4	17.90625	-85.14295	70.99674	-49.2285	-379.15164	247800	-0.011159712	9626.139	-0.00034485478	-22.55664	1.9178581	-0.00023284435	241.41754412651062
413	-454.4953	397.64734	-29.189325	-886.4	15.102564	-88.239426	77.30139	-50.050747	-377.2386	248400	-0.20480548	15716.438	-0.0004338175	-414.8584	2.042108	-0.00049045624	242.02144503593445
414	-349.84393	389.04623	-31.075369	-886.4	18.0	-90.349556	70.556435	-54.629112	-382.4797	249000	-0.027625479	9069.906	-0.00016517006	-13.036133	1.8816854	0.00010017464	242.63565611839294
415	-427.59924	401.23535	-39.071884	-886.4	15.864865	-92.188614	75.23969	-71.16287	-381.21152	249600	-0.10066871	11258.345	-0.00027621537	-34.541992	1.9869088	1.44064425e-05	243.24384140968323
416	-365.7351	385.4911	-28.594221	-886.4	17.558823	-92.273544	72.48125	-66.351395	-382.88272	250200	0.005902497	9712.572	-0.00026488304	-36.120117	1.9276217	5.9732694e-05	243.84663724899292
417	-335.01562	373.18866	-28.175186	-886.4	18.46875	-92.50532	70.14345	-56.22522	-382.76587	250800	0.02143378	9225.099	-0.000263609	-39.283203	1.9443927	0.00017948031	244.45773649215698
418	-278.16864	344.9966	-29.852577	-886.4	20.448277	-92.189125	66.47854	-57.42896	-381.4599	251400	0.053048316	8104.1865	-0.00027578324	-59.31299	1.8597131	0.00030123125	245.05930948257446
419	-398.55746	399.1849	-33.15156	-886.4	16.4	-96.28151	71.28029	-60.137928	-378.03815	252000	-0.055598896	10510.127	-0.00031713396	-14.118164	1.9848702	-0.0003974538	245.6688871383667
420	-366.42032	392.60602	-23.21828	-886.4	17.727272	-94.00348	69.61565	-57.42908	-377.46796	252600	-0.11502206	10591.943	-0.00024473667	-28.889648	1.9958942	0.00016057242	247.12873220443726
421	-421.90213	405.9982	-30.14464	-886.4	15.648648	-94.88318	73.23806	-69.23179	-376.08734	253200	-0.076754935	11223.321	-0.00020577759	-35.41504	1.963042	-3.767133e-05	247.7333915233612
422	-306.4841	359.24103	-33.686226	-886.4	20.0	-89.13254	66.11804	-55.00351	-376.8735	253800	0.01292488	8007.21	-0.00021676067	-64.146484	1.9265039	-0.00010432085	248.34598684310913
423	-307.2424	359.07986	-30.661005	-886.4	20.068966	-90.91719	65.23124	-65.2482	-375.19748	254400	-0.022450686	8270.97	-0.00031359307	-69.37305	2.076643	0.00032865087	248.9471616744995
424	-305.60104	372.10202	-29.066326	-886.4	19.161291	-94.20471	66.18654	-78.43498	-373.0087	255000	-0.0026075046	8249.365	-0.00020486815	-97.643555	1.9625783	-2.0477772e-05	249.55400133132935
425	-418.13437	409.40475	-21.651129	-886.4	15.7027025	-94.004	71.10115	-58.2752	-367.35883	255600	-0.08717165	11699.641	-0.00031074136	-86.13672	1.9228438	-9.591073e-05	250.1597535610199
426	-374.111	403.38007	-23.74346	-886.4	17.0	-89.50953	69.24825	-72.13097	-367.70587	256200	-0.06588275	9956.338	-0.0002219677	-91.68848	1.963192	-7.547587e-05	250.7524917125702
427	-291.0341	360.12747	-29.07947	-886.4	19.766666	-83.85613	65.86161	-31.127062	-365.94473	256800	0.040323984	7938.2886	-0.00038792938	-36.577637	1.9560648	-0.00021749	251.33692812919617
428	-311.69977	368.6441	-24.539682	-886.4	19.225807	-84.47431	65.87719	-50.745354	-361.96378	257400	0.0034610685	8387.785	-0.0003425472	-49.759766	1.9515322	0.0003563583	251.93410086631775
429	-304.77444	372.73795	-25.594467	-886.4	19.225807	-85.72556	64.83383	-54.25226	-358.83685	258000	-0.025699932	8198.782	-0.00022382848	-44.680664	1.9810051	1.4092227e-05	252.52426958084106
430	-425.65057	403.1073	-23.152431	-886.4	15.567568	-87.13347	69.27235	-68.99933	-353.5326	258600	-0.07423294	11656.748	-0.00026881695	-51.02539	1.9212054	-3.44944e-05	253.98407983779907
431	-383.58917	395.59784	-34.139275	-886.4	17.264706	-87.557304	67.5081	-70.65911	-358.74002	259200	-0.084477864	11497.9375	-0.00037615	-92.302734	2.0355508	3.8088363e-06	254.59887290000916
432	-465.6791	401.92487	-30.063753	-886.4	14.725	-91.86604	72.98311	-71.74441	-361.09372	259800	-0.15248515	14480.429	-0.00032892823	-599.51074	2.0191085	5.3887466e-05	255.2053563594818
433	-383.71042	396.36758	-30.602118	-886.4	16.911764	-93.43609	68.7783	-75.42578	-369.03476	260400	-0.0312392	10057.037	-0.00031925738	-30.680664	1.9315364	5.3753753e-05	255.80531120300293
434	-374.61453	394.23166	-28.734102	-886.4	17.057142	-93.047386	69.97025	-74.87272	-369.5805	261000	-0.035618357	10188.785	-0.0002564378	-26.419922	1.9391866	1.9243756e-05	256.42517709732056
435	-469.12125	408.15662	-18.504812	-886.4	14.195122	-95.74622	75.22242	-74.00633	-369.02316	261600	-0.10444121	13561.651	-0.00031855702	-67.25098	2.0129826	-3.7588675e-06	257.03687596321106
436	-340.05948	386.90146	-26.004496	-886.4	18.09091	-91.231544	69.3622	-73.79982	-373.8174	262200	-0.04159385	9135.18	-0.00027022138	-43.583984	1.9021794	6.982555e-05	257.6357672214508
437	-358.1091	391.30026	-19.743824	-886.4	17.558823	-89.453606	70.30499	-71.52665	-371.4904	262800	-0.030060317	10133.484	-0.00036739	-7.446289	1.976276	0.00018109877	258.2285680770874
438	-443.94983	409.97098	-32.51765	-886.4	15.051282	-90.85847	74.62337	-70.58109	-369.81134	263400	-0.111445986	11955.368	-0.00029313564	-37.493164	2.0350714	0.00017507613	258.8273983001709
439	-381.5731	396.05765	-31.614365	-886.4	17.088236	-87.556305	71.02671	-69.39729	-372.44867	264000	-0.104988135	10817.507	-0.00029167533	-13.873047	2.0144937	-0.00013215542	259.42414236068726
440	-267.91476	357.74738	-24.30763	-886.4	20.535715	-85.19699	65.07043	-69.83781	-373.215	264600	0.012313604	7306.203	-0.00021520257	-110.038086	1.9762447	-0.00019415398	260.9267053604126
441	-219.12308	319.0609	-19.129917	-886.4	22.222221	-80.73626	62.325886	-66.29993	-367.46146	265200	0.04134734	6268.8433	-0.00020507723	-88.24805	2.0202188	0.00029415646	261.52900981903076
442	-477.44556	408.6703	-31.514507	-886.4	14.095238	-87.53731	76.545654	-56.77964	-360.6625	265800	-0.14936972	15795.175	-0.0002513379	-705.4883	2.012573	0.000104421175	262.12072825431824
443	-325.07742	379.49744	-26.04238	-886.4	18.75	-86.88452	67.34326	-67.79885	-367.39853	266400	-0.017174797	8925.386	-0.0002313368	-47.189453	1.9073218	-1.8934409e-06	262.72091603279114
444	-318.97174	372.40768	-20.657446	-886.4	19.466667	-84.59011	66.13522	-67.53211	-366.2107	267000	-0.0046930136	8159.8184	-0.00046813674	-29.083496	1.891595	-9.637932e-05	263.30193042755127
445	-463.64337	401.68585	-28.605827	-886.4	14.65	-91.68389	75.31403	-68.95136	-370.6754	267600	-0.11462879	14483.273	-0.00024725497	-254.87305	1.9500965	0.0002602473	264.05330634117126
446	-378.28577	400.61493	-21.987652	-886.4	16.852942	-93.45723	70.09551	-72.49353	-370.50186	268200	-0.07909703	10438.264	-0.00028900057	-176.37012	1.93663	0.000110786954	264.6782867908478
447	-348.97723	387.69662	-27.072231	-886.4	18.09375	-86.896286	68.43458	-51.29654	-369.87354	268800	-0.08261193	9723.323	-0.0003362894	-27.59668	1.9963341	0.0001418676	265.33312034606934
448	-314.11523	377.3596	-26.92247	-886.4	19.266666	-86.85386	66.17635	-62.70324	-368.47806	269400	-0.04306508	10098.594	-0.00023355708	-244.2207	1.9567456	-0.000103736915	265.9351589679718
449	-285.64743	363.88425	-27.553179	-886.4	19.966667	-87.25172	65.749664	-68.485535	-365.32892	270000	-0.006450418	8396.95	-0.00027505215	-81.11035	1.9721653	-0.00014929315	266.51908588409424
450	-268.54724	349.3713	-28.354147	-886.4	20.344828	-83.20611	64.09988	-66.364456	-360.25452	270600	0.02240436	7250.625	-0.00019234233	-88.115234	1.9176267	-1.2095968e-05	268.01738691329956
451	-400.78967	397.15106	-38.49115	-886.4	16.6	-85.13545	68.546036	-48.42729	-355.4183	271200	-0.07828439	10332.134	-0.00026526302	-48.961914	2.0363514	-0.00016412378	268.6342658996582
452	-317.3615	381.19733	-25.761845	-886.4	18.75	-86.315216	65.273445	-50.9608	-358.0802	271800	-0.10848204	11190.139	-0.0003715828	-316.3672	2.0172873	-0.00031169454	269.21793603897095
453	-365.43158	395.2641	-26.131556	-886.4	17.424242	-87.16852	69.50259	-55.15487	-367.7161	272400	-0.05992527	10821.378	-0.00042274594	-361.64258	2.046735	0.000110647576	269.8144109249115
454	-242.70276	336.82877	-24.373909	-886.4	21.214285	-81.037796	62.143906	-48.949112	-355.30533	273000	0.022621203	6569.736	-0.00033102557	-101.9668	2.0451922	-0.0005581421	270.40409660339355
455	-432.1032	409.44336	-25.743446	-886.4	15.157895	-85.53599	69.579506	-66.32474	-348.7991	273600	-0.114421695	12128.918	-0.0003203526	-55.25	1.9939429	-0.0006290538	271.0302348136902
456	-334.38943	382.37537	-19.486027	-886.4	18.516129	-83.12921	64.50449	-47.90672	-352.88364	274200	-0.050004464	9104.925	-0.00023205578	-37.351562	1.9818223	-5.0905943e-05	271.6325001716614
457	-392.0567	403.1963	-23.058477	-886.4	16.571428	-86.451454	67.77256	-54.07007	-352.20245	274800	-0.113812774	11557.91	-0.00034562498	-192.26855	2.0695167	0.00039141695	272.23674607276917
458	-213.92537	321.23746	-22.218283	-886.4	22.222221	-81.743484	60.53503	-65.61689	-353.5801	275400	0.029785624	6181.5596	-0.00016052648	-272.53027	1.9267048	7.086952e-05	272.8414144515991
459	-342.2981	385.4003	-25.196749	-886.4	17.90909	-79.868614	65.51953	-62.325134	-345.5697	276000	-0.0536911	9083.605	-0.00031672418	-29.920898	1.9718893	-0.000121546385	273.4573152065277
460	-326.75964	386.64215	-25.238531	-886.4	18.612904	-79.608765	63.20681	-45.665234	-344.67905	276600	-0.043760415	8370.356	-0.00020660087	-17.40625	2.012416	7.5250566e-05	275.02955055236816
461	-334.0107	382.24292	-30.229042	-886.4	18.838709	-78.009766	63.033382	-44.52321	-342.42163	277200	-0.027545802	8803.14	-0.00030352175	-39.22754	2.0648797	-1.4990568e-06	275.7612998485565
462	-474.19266	403.04126	-27.178661	-886.4	14.195122	-86.8386	70.70585	-63.31821	-341.8924	277800	-0.15358356	13670.89	-0.00033853948	-364.69824	2.0028758	2.717475e-05	276.7473967075348
463	-416.42102	410.65323	-24.010729	-886.4	15.675675	-89.431885	68.87826	-69.316345	-352.3941	278400	-0.1145945	11539.335	-0.00038440526	-159.51855	2.001455	-0.00018167496	277.727933883667
464	-301.56897	374.7609	-26.309702	-886.4	19.35484	-80.4561	64.46761	-48.670097	-355.40192	279000	-0.0018600973	8121.1636	-0.00026384997	-29.513672	2.0035157	3.632476e-05	278.589072227478
465	-327.6033	386.02655	-27.92858	-886.4	18.580645	-79.43086	65.1429	-47.424408	-352.74445	279600	-0.0391268	8357.395	-0.00023880601	-32.739258	1.9751025	-2.7393102e-05	279.3410060405731
466	-321.29813	371.13437	-31.428759	-886.4	19.233334	-78.809944	63.52575	-46.23654	-350.23065	280200	-0.013324744	8450.642	-0.0003108345	-128.8125	1.9619201	0.00023861497	280.10866594314575
467	-332.46225	383.0544	-24.240608	-886.4	18.548388	-83.0828	63.331203	-49.992775	-349.66736	280800	-0.02868642	8542.709	-0.00017984398	-20.411133	1.9745682	8.019606e-06	280.7251844406128
468	-332.0634	383.80002	-24.762028	-886.4	18.516129	-83.80689	62.938366	-68.193825	-348.21228	281400	-0.047826692	9065.71	-0.00035608932	-8.991211	2.0102012	0.00018854628	281.4355342388153
469	-363.92575	395.39706	-33.1428	-886.4	17.484848	-83.89086	64.42332	-64.15083	-346.42078	282000	-0.07104829	9246.488	-0.00023504347	-5.397461	1.9989026	6.0452323e-05	282.1537184715271
470	-219.421	318.6683	-30.16814	-886.4	22.185184	-80.56545	58.997204	-49.210438	-346.46777	282600	0.048011657	5972.709	-0.00027037412	-96.35156	1.9692656	-0.00024244735	283.9000129699707
471	-289.08536	369.18918	-27.762873	-886.4	19.793104	-79.59834	59.55868	-47.859287	-339.05093	283200	-0.025296757	7336.5186	-0.00021932647	-45.959473	2.021645	0.00039738804	284.6630628108978
472	-301.83478	374.76248	-19.65157	-886.4	19.35484	-78.73025	59.63506	-64.37044	-333.80435	283800	-0.022408549	8188.745	-0.00023282133	-23.161133	1.9472553	-2.9300352e-05	285.2579514980316
473	-268.88092	349.908	-22.371408	-886.4	20.586206	-76.628044	58.27697	-45.241673	-330.49167	284400	-0.03199661	7742.817	-0.0003559105	-83.64697	2.0067234	-2.877275e-05	285.8459646701813
474	-191.232	297.1259	-28.506386	-886.4	23.0	-77.38105	54.00283	-65.4913	-325.98456	285000	0.03341585	5194.3525	-0.00020740554	-150.48291	1.9087522	-1.1659761e-05	286.4226598739624
475	-403.7327	408.3531	-27.213217	-886.4	16.25	-79.49344	60.097267	-55.876163	-313.87164	285600	-0.13037081	11163.229	-0.00029034913	-75.59473	1.9779842	-3.0267536e-05	287.0085563659668
476	-265.04123	359.26993	-21.124788	-886.4	20.714285	-75.22595	55.374344	-41.723534	-320.43124	286200	-0.024064178	6785.249	-0.00021401793	-53.04248	2.057738	2.9399096e-05	287.599271774292
477	-295.3675	365.91208	-27.075787	-886.4	19.896551	-73.72214	55.666702	-42.814175	-315.72876	286800	-0.024309946	7777.019	-0.0003185589	-93.01221	1.9849919	5.9624315e-05	288.2176651954651
478	-305.18973	381.1013	-24.710604	-886.4	19.333334	-76.92376	55.39479	-46.013733	-314.05762	287400	-0.054363944	8045.595	-0.0002956055	-39.961914	1.9974313	7.763157e-05	288.8158164024353
479	-320.17267	382.41666	-32.028168	-886.4	18.6875	-75.34341	56.85397	-61.56412	-310.99158	288000	-0.05832344	8596.002	-0.0003112927	-0.31054688	1.9993929	0.00016065846	289.3902838230133
480	-372.50314	395.85995	-19.137604	-886.4	17.142857	-76.261055	58.45074	-44.06515	-311.03262	288600	-0.11201049	10368.664	-0.00031030178	-77.38379	1.948431	0.00013688396	291.0176782608032
481	-315.18054	375.47165	-22.47669	-886.4	19.266666	-77.64026	56.24593	-46.488	-318.49292	289200	-0.04539206	8691.407	-0.00023064762	-24.876953	1.9838957	-0.00023493698	291.883309841156
482	-278.9923	366.78018	-21.6346	-886.4	19.966667	-79.58512	55.94124	-66.474075	-319.2265	289800	-0.040012017	7456.177	-0.00031986088	-63.186523	1.9762778	-0.0003859234	292.6161389350891
483	-339.4618	378.5208	-24.216864	-886.4	18.870968	-77.211494	56.438484	-63.108696	-313.56116	290400	-0.072541244	8941.145	-0.00023903698	-149.3877	2.0131135	-4.2965214e-05	293.4984493255615
484	-248.31764	335.30765	-22.080608	-886.4	21.357143	-79.99812	53.381676	-52.400627	-316.82034	291000	0.0065516313	7322.245	-0.00024783146	-69.663574	2.0046077	0.00024427363	294.3193328380585
485	-341.07974	386.57626	-25.602818	-886.4	18.181818	-83.04555	55.084457	-69.7077	-311.3515	291600	-0.054930948	9316.878	-0.0002580434	-8.967773	1.9299188	9.369552e-05	295.01781725883484
486	-297.43127	364.93445	-27.176245	-886.4	20.413794	-81.865654	53.186985	-69.52952	-313.57733	292200	-0.062559366	7954.145	-0.00036482513	-17.805176	2.0141463	-0.00012625933	295.6267943382263
487	-168.67416	267.14655	-18.407942	-886.4	23.72	-81.14858	49.184406	-69.74903	-312.21207	292800	0.022344042	5145.178	-0.00034830347	-165.10889	1.9973519	-4.450013e-05	296.63820719718933
488	-340.61902	386.55264	-19.755669	-886.4	18.0	-82.66569	52.908844	-69.681946	-298.53802	293400	-0.09475637	9084.146	-0.00021743774	-10.834961	1.9475069	-5.058686e-05	297.56208324432373
489	-342.52054	385.16394	-40.00862	-886.4	18.121212	-82.34951	53.56714	-69.207245	-300.90778	294000	-0.100032166	9005.442	-0.00035076588	-17.867188	2.0407329	0.00022689928	298.2229526042938
490	-484.45993	411.83618	-21.851896	-886.4	14.02439	-86.51462	60.07806	-69.60176	-305.4948	294600	-0.2269607	16499.676	-0.00061269104	-451.80273	2.0351446	-0.00010642121	299.78542256355286
491	-389.88806	405.90845	-33.1865	-886.4	16.485714	-85.6516	59.952305	-35.250618	-322.09067	295200	-0.1037711	10758.764	-0.00025811046	-93.30078	2.0224454	0.000121557714	300.38136076927185
492	-241.96915	345.64142	-26.056618	-886.4	21.444445	-80.05031	54.55964	-49.768513	-325.62033	295800	-0.012999029	6860.194	-0.00026253052	-125.69971	2.0083277	4.6724777e-05	300.967253446579
493	-279.54352	374.95526	-19.909327	-886.4	19.862068	-74.58349	56.761436	-46.844006	-319.63336	296400	-0.039453182	7587.6084	-0.00020141527	-135.0083	1.943489	-0.0003338626	301.5292007923126
494	-446.30774	408.14648	-25.46823	-886.4	14.871795	-73.37277	64.74871	-43.037437	-314.04245	297000	-0.14940906	13270.6	-0.00033468008	-371.67383	1.9942883	-0.00014687519	302.11441445350647
495	-336.67755	378.4423	-29.760643	-886.4	18.870968	-77.69086	58.511784	-46.15227	-324.02393	297600	-0.097866684	9982.623	-0.00032766163	-98.80859	2.0531733	-0.0001541236	302.7509517669678
496	-315.30115	385.55817	-22.968344	-886.4	18.75	-81.702354	58.257065	-55.048584	-327.1249	298200	-0.057151712	8628.679	-0.00026519597	-62.558594	1.9647782	-0.00035013675	303.3459241390228
497	-400.33453	398.07364	-22.726934	-886.4	16.714285	-80.61946	61.76046	-49.40135	-325.04626	298800	-0.14363915	14227.092	-0.0004209429	-887.5117	2.0105026	-0.00024116535	303.99962067604065
498	-340.478	386.838	-24.692629	-886.4	18.181818	-83.4713	59.878273	-62.674133	-330.82867	299400	-0.086259104	9117.587	-0.00026926398	-7.6552734	1.9942033	0.00023904214	304.5740840435028
499	-302.15234	374.27344	-25.875425	-886.4	19.129032	-83.104065	59.251274	-65.06935	-331.8049	300000	-0.04506375	8044.1636	-0.00043182448	-46.42041	1.949939	6.529808e-05	306.0862715244293
