Epoch	AverageEpRet	StdEpRet	MaxEpRet	MinEpRet	EpLen	AverageVVals	StdVVals	MaxVVals	MinVVals	TotalEnvInteracts	LossPi	LossV	DeltaLossPi	DeltaLossV	KL	BacktrackIters	Time
0	-779.6304	99.1796	-405.10153	-876.85614	13.395349	-2.1911652	0.7376829	-0.69250107	-3.7364361	600	-4.7683715e-09	472475.1	-0.045367975	-5718.7188	0.009432646	0.0	0.8637042045593262
1	-802.46564	109.62852	-232.72318	-896.0798	10.714286	-6.503178	0.26033822	-4.838897	-6.631691	1200	-2.1894773e-07	511292.38	-0.05111199	-4188.2812	0.009299177	0.0	1.2555809020996094
2	-729.0525	185.2619	-225.69437	-883.3213	16.941177	-9.507333	0.10554231	-8.801132	-9.551232	1800	-4.7683715e-09	405129.0	-0.03131591	-3112.3438	0.008261803	0.0	1.6316521167755127
3	-696.6042	229.5599	-75.692535	-867.9975	15.2972975	-12.124654	0.0033731866	-12.042109	-12.124796	2400	8.0664954e-08	334112.44	-0.04535613	-2365.6562	0.008459239	0.0	2.0832266807556152
4	-550.97327	290.51917	-39.41777	-875.6684	22.26923	-14.417936	4.3726704e-05	-14.416866	-14.417938	3000	9.059906e-08	244456.69	-0.035770863	-1683.9219	0.008205487	0.0	2.471060276031494
5	-610.10565	288.65613	-47.109234	-867.8394	17.818182	-16.408762	1.5040062e-05	-16.40846	-16.408762	3600	7.0134796e-08	268370.62	-0.047181092	-1885.5625	0.008659822	0.0	2.928783655166626
6	-379.1174	324.52762	-43.896126	-874.08984	22.23077	-18.533642	0.03619493	-17.652456	-18.535273	4200	2.78155e-09	117778.586	-0.02223272	-663.7422	0.005654112	0.0	3.3855719566345215
7	-323.99826	316.45923	-29.925798	-884.21	20.321428	-19.893564	9.150024e-05	-19.891327	-19.893568	4800	3.1789145e-09	37393.35	-0.038193423	-232.66797	0.007489667	0.0	3.844437599182129
8	-304.89746	288.12286	-41.038517	-840.8059	24.583334	-20.725025	0.056417316	-19.34437	-20.727371	5400	-1.291434e-08	118895.87	-0.03523503	-681.22656	0.0071567106	0.0	4.320268869400024
9	-226.71596	249.77567	-32.217045	-852.65967	24.583334	-22.112514	2.5476851e-05	-22.111895	-22.112513	6000	-4.708767e-08	70215.16	-0.026053894	-392.90625	0.007145931	0.0	4.8681559562683105
10	-283.31433	285.04013	-22.390871	-863.0781	22.76923	-23.248293	0.0004180813	-23.239517	-23.248316	6600	9.536743e-09	74853.85	-0.035415012	-465.34375	0.00850055	0.0	5.429135084152222
11	-132.10298	149.16916	-33.142067	-826.10614	23.48	-24.48723	4.462272e-06	-24.487175	-24.487234	7200	-9.059906e-08	9750.312	-0.044985328	-101.26172	0.006105983	0.0	5.805265188217163
12	-105.852295	48.8689	-34.99975	-243.4697	25.130434	-25.128542	3.5683226e-07	-25.128534	-25.128542	7800	3.7352244e-08	8985.548	-0.019685008	-93.387695	0.008704017	0.0	6.244997024536133
13	-247.22305	273.18967	-48.525463	-882.9405	22.11111	-25.720736	1.4530942e-05	-25.720383	-25.720737	8400	-2.3047129e-08	37336.766	-0.03862349	-256.45703	0.0072825258	0.0	6.730445623397827
14	-204.86633	233.12506	-54.036446	-871.1538	21.814816	-26.707722	5.7008137e-06	-26.70759	-26.707724	9000	7.311503e-08	14452.188	-0.037804145	-168.30664	0.0071693277	0.0	7.145636320114136
15	-147.61475	144.26045	-41.631187	-836.1682	22.76923	-27.56103	6.0890943e-06	-27.560913	-27.561033	9600	-3.4968057e-08	11087.342	-0.031592146	-145.14844	0.0074200677	0.0	7.521890163421631
16	-109.167625	36.977936	-45.452026	-171.24431	24.208334	-28.364483	7.998745e-06	-28.364336	-28.364481	10200	-2.22524e-08	7589.698	-0.029072504	-113.23682	0.009134964	0.0	7.894864797592163
17	-172.68938	202.55284	-35.77934	-864.83997	22.5	-29.095339	9.987054e-06	-29.095104	-29.095339	10800	-9.2188515e-08	12412.065	-0.03481835	-147.01855	0.0051726494	0.0	8.269533634185791
18	-120.283516	153.44243	-29.119547	-852.47797	23.96	-29.935791	1.4188076e-06	-29.935764	-29.935791	11400	-1.2715658e-07	5947.763	-0.02970628	-78.63965	0.0075297584	0.0	8.841253280639648
19	-111.19779	50.297585	-30.975052	-231.1151	24.333334	-30.584684	6.6072494e-07	-30.58467	-30.584684	12000	7.549922e-09	8976.087	-0.02946324	-129.3457	0.007069245	0.0	9.296143531799316
20	-157.97214	204.12773	-38.288254	-855.4783	22.23077	-31.406166	2.1579185e-06	-31.406141	-31.406168	12600	3.417333e-08	8115.344	-0.031745207	-104.99414	0.004256746	0.0	9.926642656326294
21	-114.15064	46.65888	-35.606064	-219.36964	23.6	-32.179787	5.1651244e-07	-32.179775	-32.179787	13200	2.125899e-08	8555.995	-0.023321316	-143.64062	0.007181305	1.0	10.293457508087158
22	-123.335236	152.72601	-34.8564	-857.6396	23.038462	-33.089687	0.0007870494	-33.070423	-33.089718	13800	9.377798e-08	6480.074	-0.03176088	-92.1958	0.007936851	0.0	10.856340169906616
23	-137.41608	149.73389	-23.044346	-850.30023	23.076923	-33.853024	1.5573437e-07	-33.85302	-33.853024	14400	3.6557516e-08	8733.911	-0.026173333	-138.81738	0.006099279	0.0	11.361278057098389
24	-95.71911	34.448593	-46.60662	-162.63728	24.166666	-34.7843	0.0	-34.7843	-34.7843	15000	2.3841858e-08	4722.3984	-0.019941233	-93.103516	0.005174198	1.0	11.812718152999878
25	-100.280975	33.223743	-46.873867	-167.41354	24.666666	-35.583286	3.8146973e-06	-35.583282	-35.583282	15600	5.8809917e-08	5250.236	-0.028627504	-110.7832	0.009568471	0.0	12.322547197341919
26	-130.42377	150.72702	-31.41789	-846.08105	23.4	-36.4559	3.8808803e-06	-36.455883	-36.455894	16200	1.5894573e-08	6416.7036	-0.027670305	-113.492676	0.0064389915	0.0	12.713192224502563
27	-93.397766	35.594025	-32.30522	-176.90048	24.041666	-37.361935	3.958564e-05	-37.36097	-37.36193	16800	9.775162e-08	4164.48	-0.02071073	-85.38574	0.008432505	0.0	13.140403985977173
28	-145.60129	206.20302	-19.979118	-851.68225	23.076923	-38.17151	3.8146973e-06	-38.171513	-38.171513	17400	-1.2715658e-08	6272.402	-0.035475988	-84.35791	0.0087604225	0.0	13.588233232498169
29	-85.43069	37.183517	-34.31698	-169.89969	24.416666	-38.985157	3.8146973e-06	-38.985153	-38.985153	18000	2.9404958e-08	3335.812	-0.0163344	-63.80542	0.00912135	0.0	14.207334280014038
30	-76.2358	33.163677	-27.4165	-156.65825	24.5	-39.71384	3.1146874e-07	-39.713833	-39.71384	18600	7.410844e-08	2353.2317	-0.013022857	-42.75464	0.006343754	0.0	14.779368162155151
31	-111.4059	104.43096	-36.916973	-445.3395	25.26087	-40.324978	1.0901405e-06	-40.32495	-40.324978	19200	3.536542e-08	19497.22	-0.0048515433	-199.66211	0.0051488294	0.0	15.189080476760864
32	-137.32854	69.066315	-30.321108	-393.19156	24.333334	-41.611275	3.8146973e-06	-41.61128	-41.61128	19800	4.8478444e-08	14935.95	-0.028090976	-321.57324	0.0054357043	0.0	15.585461378097534
33	-102.65716	54.00794	-34.12785	-233.56557	24.666666	-43.301785	3.8146973e-06	-43.30178	-43.30178	20400	4.251798e-08	6673.768	-0.019985816	-140.15869	0.00637898	0.0	15.98124074935913
34	-81.19197	33.939075	-33.790012	-149.0281	24.375	-44.483677	3.8146973e-06	-44.48368	-44.48368	21000	-4.649162e-08	2374.6514	-0.030525835	-49.914795	0.008509924	0.0	16.35766291618347
35	-92.783775	47.90613	-29.491806	-213.49788	25.26087	-45.206486	3.8146973e-06	-45.20649	-45.20649	21600	-1.1205673e-07	4684.943	-0.03470948	-86.13037	0.007845865	0.0	16.72458243370056
36	-135.10678	162.52808	-35.33618	-852.49835	24.125	-46.125065	3.811517e-06	-46.125065	-46.12507	22200	-4.7683717e-08	9252.449	-0.03156104	-143.52148	0.007359923	0.0	17.095198392868042
37	-92.778206	47.579	-22.84818	-178.52519	24.541666	-47.335445	0.0	-47.335445	-47.335445	22800	-3.5762786e-09	4238.6343	-0.020324731	-86.14844	0.008283847	0.0	17.450756788253784
38	-132.59973	153.14848	-36.53746	-856.88245	23.92	-48.319283	3.8146973e-06	-48.319286	-48.319286	23400	-5.00679e-08	5706.5225	-0.034542933	-131.92822	0.0068361377	0.0	17.8228120803833
39	-100.19934	65.85631	-34.37892	-347.40424	24.666666	-49.521297	3.8146973e-06	-49.521294	-49.521294	24000	-3.33786e-08	7570.1816	-0.011039763	-120.47168	0.0030840521	0.0	18.18794536590576
40	-89.945564	30.144258	-33.247112	-136.49593	24.125	-50.707455	3.890243e-06	-50.707436	-50.70745	24600	-3.6160152e-08	2331.8132	-0.025286071	-67.96167	0.007825063	0.0	18.71137261390686
41	-92.5145	37.505447	-32.82313	-196.77135	24.416666	-51.628593	7.6293945e-06	-51.628586	-51.628586	25200	8.742014e-09	2945.2124	-0.018794158	-74.03369	0.007708678	0.0	19.078983068466187
42	-74.78306	56.00437	-28.642006	-306.11102	25.173914	-52.58575	1.1444092e-05	-52.58574	-52.58574	25800	-7.947286e-09	4207.87	-0.018712176	-31.243164	0.0054149805	0.0	19.46632719039917
43	-82.7304	30.33748	-26.856909	-137.75754	25.086956	-53.242195	7.6293945e-06	-53.242203	-53.242203	26400	7.947286e-09	1700.0773	-0.017210685	-40.628784	0.0060428665	0.0	19.851540327072144
44	-85.67775	40.28774	-37.655495	-185.56827	25.217392	-53.97494	3.8146973e-06	-53.974937	-53.974937	27000	5.3644182e-09	2628.373	-0.017857563	-52.598145	0.0062171808	0.0	20.33613419532776
45	-74.785576	40.891373	-26.417603	-194.4598	25.347826	-54.82623	0.0	-54.82623	-54.82623	27600	-2.1457673e-08	2090.661	-0.016926914	-23.31543	0.005232946	0.0	20.708585262298584
46	-104.79199	135.73161	-23.369753	-748.5604	23.96	-55.425415	8.555474e-06	-55.42532	-55.425423	28200	1.6291937e-08	6526.6377	-0.010366069	-48.600098	0.009410037	7.0	21.096948862075806
47	-78.581955	48.74349	-26.473866	-247.35138	25.304348	-56.26483	1.5258789e-05	-56.264816	-56.264816	28800	3.2782555e-08	2981.4846	-0.02843547	-32.148438	0.00684003	0.0	21.479609727859497
48	-79.32864	32.40764	-31.966227	-174.48222	25.0	-56.98443	7.648444e-06	-56.984413	-56.98442	29400	3.0199686e-08	1557.0359	-0.01677093	-31.121582	0.00571657	0.0	21.867802619934082
49	-84.462006	44.28935	-19.785221	-202.27393	24.708334	-57.69543	7.6293945e-06	-57.695423	-57.695423	30000	-1.2516975e-08	2734.9993	-0.021066595	-44.914795	0.003991726	0.0	22.255083322525024
50	-86.00382	45.827732	-31.056953	-267.82556	25.043478	-58.557037	3.8146973e-06	-58.55704	-58.55704	30600	3.2583873e-08	3155.1458	-0.015599	-52.140625	0.005293839	0.0	22.805174112319946
51	-67.61978	24.369228	-22.844423	-112.71367	24.875	-59.507942	3.8146973e-06	-59.50794	-59.50794	31200	-1.5497207e-08	636.30414	-0.02392329	-4.8616333	0.0084398575	0.0	23.167417526245117
52	-108.320465	161.50087	-29.137163	-861.1805	24.083334	-59.846874	3.8146973e-06	-59.84687	-59.84687	31800	-3.1789145e-09	2883.076	-0.039820354	-20.33252	0.0068722516	0.0	23.546344995498657
53	-71.96991	30.4154	-34.405163	-145.5343	25.217392	-60.44601	0.0	-60.44601	-60.44601	32400	-1.00533164e-07	1017.31793	-0.02154402	-9.589783	0.008728165	0.0	23.907994031906128
54	-75.813286	36.242725	-38.07037	-218.48001	25.26087	-60.89276	7.648444e-06	-60.892746	-60.892754	33000	2.0861625e-08	1686.0687	-0.01683716	-18.252686	0.005426917	0.0	24.28736972808838
55	-77.96351	33.748466	-24.24654	-170.4151	24.375	-61.49253	3.8146973e-06	-61.492527	-61.492535	33600	-5.990267e-08	1382.9077	-0.019502332	-20.298584	0.005655357	0.0	24.647090435028076
56	-63.763393	27.926142	-23.573202	-138.0066	25.0	-62.147083	3.8400444e-06	-62.14707	-62.14708	34200	2.4239222e-08	767.022	-0.027692612	-0.2498169	0.008348658	0.0	25.02776050567627
57	-67.0996	22.999855	-24.573374	-135.83128	25.0	-62.26276	3.8146973e-06	-62.262764	-62.262764	34800	-3.3775965e-08	562.8001	-0.026101688	-1.909729	0.009087382	0.0	25.40961527824402
58	-81.64018	34.743248	-42.218426	-170.86958	25.043478	-62.46293	3.8146973e-06	-62.462933	-62.462933	35400	-3.6557516e-08	1588.9377	-0.03154993	-30.163574	0.007954979	0.0	25.795626878738403
59	-61.767223	24.055208	-25.95648	-109.68272	25.0	-63.27552	3.8146973e-06	-63.275524	-63.275524	36000	-1.2516975e-08	584.8965	-0.021246385	0.08068848	0.0073297946	0.0	26.175312519073486
60	-52.819103	25.096264	-26.029205	-112.68884	24.958334	-63.29953	3.8146973e-06	-63.299534	-63.299534	36600	-8.145968e-09	744.00916	-0.029012898	-10.130432	0.007784594	0.0	26.74358820915222
61	-55.928875	20.784794	-19.658882	-95.94248	25.869566	-62.81248	0.0	-62.81248	-62.81248	37200	4.45048e-08	477.80408	-0.020504516	-4.626892	0.0076956176	0.0	27.106674194335938
62	-78.96377	39.72493	-35.343777	-168.75774	25.869566	-62.449024	0.0	-62.449024	-62.449024	37800	4.072984e-09	1941.52	-0.021014223	-29.355225	0.008438924	0.0	27.486623287200928
63	-72.75491	30.961575	-32.66355	-133.78313	24.5	-63.283348	3.8146973e-06	-63.28335	-63.28335	38400	2.582868e-08	1023.25726	-0.027929198	-9.758301	0.0076177837	0.0	27.86772394180298
64	-62.607315	24.186502	-22.033644	-109.52194	24.916666	-63.841373	1.1444092e-05	-63.841385	-63.841385	39000	-2.8610229e-08	578.463	-0.0213491	-0.08905029	0.0069008074	1.0	28.24629282951355
65	-60.605495	29.229868	-23.60691	-135.41628	25.217392	-63.813026	0.0	-63.813026	-63.813026	39600	3.2583873e-08	807.9075	-0.013052274	-1.6964111	0.005335395	0.0	28.62987446784973
66	-64.84836	31.504242	-27.909203	-168.2272	25.73913	-63.590267	0.0	-63.590267	-63.590267	40200	-1.947085e-08	1029.1636	-0.01864006	-0.31311035	0.008069812	0.0	28.99647068977356
67	-65.31604	28.276615	-27.902403	-142.531	25.47826	-63.673367	3.8146973e-06	-63.67337	-63.67337	40800	4.371007e-09	770.15485	-0.018444255	-0.22357178	0.0073197857	0.0	29.378282070159912
68	-59.510082	32.1823	-26.827343	-166.78471	25.652174	-63.76262	3.8146973e-06	-63.762615	-63.762615	41400	-1.5497207e-08	1097.5427	-0.018777719	-1.3778076	0.006899732	1.0	29.747267961502075
69	-63.431934	26.684525	-25.36696	-112.81631	25.130434	-63.55903	7.6293945e-06	-63.559036	-63.559036	42000	-3.9339067e-08	692.2767	-0.021503454	0.0008544922	0.009667511	0.0	30.136377334594727
70	-59.69543	29.260704	-20.069233	-136.52463	26.043478	-63.53381	1.1444092e-05	-63.5338	-63.5338	42600	4.0233136e-08	889.9352	-0.013960778	-1.708313	0.0057940576	0.0	30.71728539466858
71	-55.053017	20.903166	-20.695738	-118.67616	25.565218	-63.292637	3.8146973e-06	-63.29264	-63.29264	43200	5.165736e-09	500.8879	-0.024243148	-8.230499	0.009103693	0.0	31.095398426055908
72	-51.639336	20.774614	-18.977636	-96.822266	25.304348	-62.737583	3.8146973e-06	-62.73758	-62.737587	43800	3.1391778e-08	536.36	-0.023418853	-16.243347	0.0075833527	1.0	31.48851704597473
73	-52.93305	19.980095	-21.726475	-126.857956	25.086956	-61.931965	0.0	-61.931965	-61.931965	44400	4.7683715e-09	474.41238	-0.014977262	-11.560974	0.008002561	0.0	31.86728000640869
74	-46.35034	17.153475	-20.801598	-87.961586	24.75	-61.221184	7.6293945e-06	-61.221176	-61.221176	45000	1.37090685e-08	511.5451	-0.023857528	-34.908997	0.008497411	0.0	32.24296474456787
75	-47.895084	17.184252	-21.333815	-80.3129	25.0	-60.008972	0.0	-60.008972	-60.008972	45600	7.78834e-08	444.98978	-0.027666328	-25.83319	0.009226021	0.0	32.62984800338745
76	-61.17948	28.46251	-30.415432	-124.536026	25.304348	-58.91163	3.8146973e-06	-58.911633	-58.911633	46200	-1.41064325e-08	798.00134	-0.013787548	-0.30560303	0.0073561952	0.0	33.00413799285889
77	-44.68501	16.914679	-20.603193	-97.70061	25.47826	-58.98159	0.0	-58.98159	-58.98159	46800	-7.7585376e-08	480.02438	-0.007931269	-29.782288	0.0073818923	0.0	33.37868785858154
78	-54.303387	25.002579	-26.946527	-109.055405	25.130434	-57.850105	3.8146973e-06	-57.85011	-57.85011	47400	-1.8874804e-08	615.35956	-0.014770228	-2.8881226	0.008736808	0.0	33.75167942047119
79	-47.43469	19.970785	-26.075308	-102.94654	25.47826	-57.412018	7.6293945e-06	-57.41201	-57.41201	48000	1.1523564e-08	490.88626	-0.016460262	-16.571259	0.008643318	0.0	34.13037633895874
80	-77.83019	152.06169	-19.850998	-800.38806	24.5	-56.510098	3.8146973e-06	-56.510094	-56.510094	48600	-1.7484028e-08	2386.461	-0.034542046	-10.065186	0.008226702	0.0	34.70087766647339
81	-81.231155	162.84477	-20.818892	-855.26465	24.291666	-55.75489	7.6293945e-06	-55.754898	-55.754898	49200	3.6557516e-08	1613.9457	-0.031090671	-8.428955	0.0074653206	0.0	35.070870876312256
82	-58.729355	31.448452	-20.480175	-131.51636	24.541666	-55.060913	0.0	-55.060913	-55.060913	49800	8.145968e-09	951.4375	-0.02996516	-1.1351318	0.00874589	0.0	35.43298578262329
83	-52.586864	20.268476	-26.296572	-102.07925	25.043478	-55.27207	3.8146973e-06	-55.272076	-55.272076	50400	8.34465e-09	401.71844	-0.014116377	-1.432251	0.00840391	0.0	35.808767557144165
84	-50.940292	17.660963	-22.257364	-102.3963	25.130434	-55.008045	3.8146973e-06	-55.00804	-55.00804	51000	-1.5099843e-08	310.71652	-0.007986262	-3.4444275	0.008181513	0.0	36.16766285896301
85	-49.16853	25.062878	-24.173231	-118.20214	25.173914	-54.54626	0.0	-54.54626	-54.54626	51600	5.165736e-09	643.532	-0.012185318	-5.745056	0.006121531	0.0	36.56555700302124
86	-44.92127	20.965117	-20.84408	-113.738106	25.391304	-53.93655	0.0	-53.93655	-53.93655	52200	3.0199686e-08	510.45386	-0.012761133	-18.112305	0.007090285	0.0	36.98578333854675
87	-50.141537	21.179611	-20.383657	-87.37649	25.73913	-52.847713	3.8146973e-06	-52.84771	-52.84771	52800	1.1324882e-08	455.2625	-0.017411986	-1.5994263	0.009253189	0.0	37.390315532684326
88	-52.032185	26.306536	-20.859816	-123.618034	25.173914	-52.463387	7.6293945e-06	-52.463394	-52.463394	53400	9.536743e-09	664.3944	-0.017829485	-0.109802246	0.008148728	0.0	37.779446601867676
89	-43.833584	14.724122	-18.955467	-72.53846	25.26087	-52.361412	0.0	-52.361412	-52.361412	54000	3.89417e-08	278.35876	-0.0134352455	-16.570435	0.0067468625	1.0	38.16349220275879
90	-52.51557	22.25866	-24.361076	-98.833694	25.52174	-51.28876	1.1444092e-05	-51.288773	-51.288773	54600	-1.6887983e-08	488.53677	-0.013591183	-0.15209961	0.009029478	0.0	38.752411127090454
91	-42.63946	17.624004	-23.166286	-83.54028	25.086956	-51.348625	3.8146973e-06	-51.34863	-51.34863	55200	-5.6028366e-08	368.94434	-0.016026717	-18.376007	0.0075729196	0.0	39.165470600128174
92	-50.120266	16.771553	-25.910154	-89.92535	25.347826	-50.193237	3.8146973e-06	-50.193233	-50.193233	55800	6.556511e-09	278.4976	-0.014136474	0.01965332	0.008490661	0.0	39.551827907562256
93	-47.874023	14.275047	-28.040495	-84.259895	25.434782	-50.07168	0.0	-50.07168	-50.07168	56400	-2.4239222e-08	205.39359	-0.022068737	-1.1086578	0.008571235	0.0	39.937504053115845
94	-48.017403	15.773638	-25.407454	-77.43222	25.304348	-49.775345	0.0	-49.775345	-49.775345	57000	-1.5099843e-08	244.8618	-0.022150181	-0.7592163	0.009439387	0.0	40.32368803024292
95	-44.560192	15.316461	-23.577238	-78.700005	24.875	-49.506626	3.8146973e-06	-49.50663	-49.50663	57600	7.0134796e-08	259.65723	-0.016471332	-7.9647064	0.008777846	0.0	40.694937229156494
96	-41.459553	16.528196	-20.797987	-79.76315	25.26087	-48.66416	0.0	-48.66416	-48.66416	58200	-1.7484028e-08	315.23526	-0.021865332	-15.47171	0.008477652	0.0	41.06627321243286
97	-46.17558	14.314865	-19.404224	-78.0849	25.217392	-47.442734	0.0	-47.442734	-47.442734	58800	-1.2318293e-08	199.36803	-0.025570653	-0.76919556	0.008372291	0.0	41.55191612243652
98	-45.148857	13.146125	-23.88565	-72.71239	25.391304	-47.106693	0.0	-47.106693	-47.106693	59400	-2.6226044e-08	173.85446	-0.006850554	-1.1135254	0.007994382	0.0	41.95298910140991
99	-45.854572	17.61854	-21.15962	-83.31646	25.0	-46.76788	3.8146973e-06	-46.767876	-46.767876	60000	1.5298525e-08	298.15775	-0.024979785	-0.36825562	0.008568661	0.0	42.34877347946167
100	-46.30565	15.490952	-20.408728	-75.943146	25.0	-46.557682	3.8146973e-06	-46.557686	-46.557686	60600	5.5631002e-08	239.90068	-0.021410575	-0.033706665	0.009172792	0.0	43.062896728515625
101	-41.069447	10.082556	-22.976002	-58.58804	24.958334	-46.48834	0.0	-46.48834	-46.48834	61200	4.649162e-08	129.39981	-0.014892051	-9.89296	0.007710466	0.0	43.555493116378784
102	-48.961655	22.983171	-24.487524	-122.832016	25.347826	-45.45035	3.8146973e-06	-45.450356	-45.450356	61800	-4.5696895e-09	547.3272	-0.02463177	-4.668762	0.009400806	0.0	43.92857909202576
103	-43.26698	13.408822	-23.762518	-70.70392	25.0	-46.12112	7.6293945e-06	-46.121113	-46.121113	62400	-1.768271e-08	189.41011	-0.008917523	-2.7058258	0.006721917	0.0	44.29931712150574
104	-47.325672	19.695625	-20.204073	-96.623985	25.0	-45.60035	3.8146973e-06	-45.600353	-45.600353	63000	7.152557e-09	382.76376	-0.03196706	-0.6876831	0.008502605	0.0	44.68844127655029
105	-46.18331	21.534199	-25.614664	-114.40837	25.130434	-45.858276	7.6293945e-06	-45.85827	-45.85827	63600	-3.059705e-08	462.0	-0.012862237	-0.19326782	0.0067378967	0.0	45.078656911849976
106	-42.50713	15.315996	-22.953985	-78.66733	25.173914	-46.03271	0.0	-46.03271	-46.03271	64200	-1.3212363e-08	239.96968	-0.005958068	-4.2751465	0.0066862227	0.0	45.7289617061615
107	-47.135895	16.250475	-25.755978	-92.64273	24.916666	-45.291286	0.0	-45.291286	-45.291286	64800	-7.152557e-09	257.62424	-0.020888902	-0.9458618	0.008962065	0.0	46.27102088928223
108	-42.77365	13.514178	-24.009865	-65.19425	25.304348	-45.613346	7.6293945e-06	-45.613354	-45.613354	65400	3.059705e-08	185.82133	-0.019060886	-3.1873627	0.0076643135	0.0	46.63648986816406
109	-45.76316	16.137861	-26.727388	-90.03435	25.086956	-44.96256	3.8146973e-06	-44.962563	-44.962563	66000	-1.39077505e-08	244.0147	-0.014298301	-0.14511108	0.007079326	0.0	47.00812864303589
110	-47.569847	22.5248	-23.734879	-115.54282	25.347826	-45.07767	3.8146973e-06	-45.077675	-45.077675	66600	2.3841857e-09	508.21417	-0.021981286	-3.4379272	0.009306374	0.0	47.61133670806885
111	-38.070038	10.942706	-20.11077	-63.11862	25.217392	-45.812473	0.0	-45.812473	-45.812473	67200	1.4702479e-08	175.63683	-0.027305631	-26.113007	0.008428931	0.0	47.96654963493347
112	-43.99819	13.058468	-25.518711	-79.26936	25.217392	-43.828823	3.8146973e-06	-43.828827	-43.828827	67800	-1.4603138e-08	162.08528	-0.021014487	0.04057312	0.008341036	0.0	48.34283947944641
113	-41.590195	17.082703	-22.566656	-82.2861	25.347826	-43.6694	3.8146973e-06	-43.669403	-43.669403	68400	3.5762786e-09	291.0962	-0.010684539	-1.9945068	0.008763093	0.0	48.73015904426575
114	-47.0282	19.67051	-20.546097	-92.01471	25.217392	-43.096092	0.0	-43.096092	-43.096092	69000	-3.7352244e-08	391.9812	-0.019852174	-6.911865	0.008858854	0.0	49.10864877700806
115	-41.18848	13.676844	-22.144531	-68.39169	25.217392	-44.16147	0.0	-44.16147	-44.16147	69600	3.8146972e-08	189.44987	-0.020880708	-4.0921173	0.008526452	0.0	49.485182762145996
116	-73.2114	159.18044	-24.131805	-849.111	24.0	-43.35822	0.0	-43.35822	-43.35822	70200	2.22524e-08	1352.32	-0.026363567	-0.84729004	0.008208561	1.0	50.14048719406128
117	-40.321484	12.343922	-19.561802	-60.806763	25.0	-42.91562	7.6293945e-06	-42.91561	-42.91561	70800	2.026558e-08	158.59393	-0.011698883	-3.9064636	0.0065773493	0.0	50.65276741981506
118	-36.01212	10.112681	-20.670244	-57.837765	25.304348	-42.03247	0.0	-42.03247	-42.03247	71400	-1.202027e-08	134.42235	-0.021940123	-19.011902	0.009003961	0.0	51.03610301017761
119	-74.63168	160.24773	-18.519226	-856.49713	24.0	-40.05817	0.0	-40.05817	-40.05817	72000	-7.947286e-09	1331.8348	-0.030389966	-5.7354736	0.007239901	0.0	51.403799057006836
120	-39.95758	7.955408	-26.889275	-58.304996	25.347826	-41.05362	3.8146973e-06	-41.053623	-41.053623	72600	-2.3543835e-08	61.85672	-0.0066286726	-0.6422653	0.00738509	1.0	52.01725697517395
121	-37.74863	10.428677	-24.067709	-59.71103	25.391304	-40.736717	3.8146973e-06	-40.73672	-40.73672	73200	-8.265177e-08	113.87552	-0.01429792	-5.3256607	0.006286563	0.0	52.541165351867676
122	-35.225292	9.227772	-19.219402	-55.187603	25.26087	-39.641758	0.0	-39.641758	-39.641758	73800	-5.1259995e-08	101.68499	-0.00804139	-11.307167	0.006441207	0.0	52.94050931930542
123	-40.810177	13.584618	-24.240164	-83.240166	25.217392	-38.008305	3.8146973e-06	-38.00831	-38.00831	74400	-1.5099843e-08	182.85419	-0.018267361	-3.6547089	0.00965517	0.0	53.354657888412476
124	-44.08909	15.796541	-21.903667	-84.76753	25.347826	-38.86215	0.0	-38.86215	-38.86215	75000	7.947286e-10	272.9799	-0.017618077	-17.348282	0.008229827	0.0	53.97301125526428
125	-39.345436	13.88548	-19.00917	-75.013176	25.434782	-40.92229	3.8146973e-06	-40.922287	-40.922287	75600	3.0795732e-08	191.93852	-0.010608818	-1.1040497	0.007090513	0.0	54.36430549621582
126	-44.346718	15.858337	-20.208488	-97.40183	25.391304	-40.4807	3.8146973e-06	-40.480698	-40.480698	76200	-2.0861625e-08	269.2093	-0.013942046	-9.522949	0.008426997	0.0	54.773863792419434
127	-39.35394	13.606043	-20.391817	-69.68293	25.26087	-41.991405	3.8146973e-06	-41.99141	-41.99141	76800	4.8478444e-08	185.76132	-0.02112433	-4.134186	0.008062414	0.0	55.442574977874756
128	-37.837677	15.338589	-21.500761	-81.23525	25.52174	-41.025852	0.0	-41.025852	-41.025852	77400	-2.7616819e-08	242.81511	-0.012486329	-5.913025	0.0064289677	0.0	56.184208154678345
129	-42.551765	15.133466	-22.947071	-95.91018	25.391304	-39.731625	0.0	-39.731625	-39.731625	78000	-1.1821588e-08	223.91783	-0.0102893235	-4.6740875	0.0069669564	0.0	56.7079803943634
130	-41.833054	12.456557	-24.28238	-68.52309	25.391304	-40.813206	3.8146973e-06	-40.81321	-40.81321	78600	5.2452087e-08	151.82266	-0.016911915	-0.7638397	0.006787271	0.0	57.83644151687622
131	-37.653324	12.557351	-22.193338	-68.887726	25.043478	-41.325863	3.8146973e-06	-41.32586	-41.32586	79200	-5.6823094e-08	162.2438	-0.016759504	-9.359772	0.0062460513	0.0	58.719560861587524
132	-37.995907	8.254421	-25.708387	-58.09462	25.52174	-39.694813	3.8146973e-06	-39.69481	-39.69481	79800	-5.8412553e-08	69.44198	-0.01539976	-1.848938	0.0066491906	0.0	59.286988258361816
133	-40.78988	14.193702	-21.765156	-79.40904	25.347826	-38.887356	0.0	-38.887356	-38.887356	80400	-4.529953e-08	201.07347	-0.01724315	-2.4682922	0.0071075736	0.0	59.70347356796265
134	-36.2714	11.481302	-20.366196	-69.738144	25.304348	-39.73856	3.8146973e-06	-39.738556	-39.738556	81000	6.9538753e-09	139.07782	-0.01083984	-8.427246	0.0064288704	0.0	60.08279871940613
135	-35.222973	10.576552	-21.575108	-63.89443	25.391304	-38.135952	3.8146973e-06	-38.135956	-38.135956	81600	-2.0464261e-08	117.291954	-0.021829752	-6.5246353	0.0082864715	0.0	60.47457456588745
136	-34.484276	8.7312355	-23.622053	-60.29843	25.695652	-36.619404	0.0	-36.619404	-36.619404	82200	3.973643e-08	79.833336	-0.003971244	-3.3302155	0.008596916	0.0	60.846874713897705
137	-42.047733	17.305866	-24.032576	-99.45546	25.47826	-35.515614	3.8146973e-06	-35.51561	-35.51561	82800	3.6557516e-08	337.51144	-0.011456025	-30.254303	0.006463783	0.0	61.2355682849884
138	-41.224075	11.029676	-19.2507	-59.981647	25.652174	-38.64804	3.8146973e-06	-38.648037	-38.648037	83400	-9.139379e-09	126.29135	-0.011665624	-5.4065094	0.004739352	0.0	61.614715337753296
139	-34.652042	10.943238	-19.7406	-66.69348	25.347826	-40.10415	3.8146973e-06	-40.104145	-40.104145	84000	5.821387e-08	145.37186	-0.02859939	-21.452087	0.008613703	0.0	61.984132528305054
140	-39.077038	15.524932	-24.809423	-90.98334	25.47826	-37.463516	0.0	-37.463516	-37.463516	84600	0.0	253.15068	-0.007601667	-2.5001373	0.008416389	0.0	62.86019039154053
141	-42.822407	19.56783	-22.227934	-97.95084	25.73913	-38.299145	0.0	-38.299145	-38.299145	85200	1.8576781e-08	412.34332	-0.014711216	-17.65213	0.008184394	0.0	63.34422993659973
142	-40.313183	12.627257	-21.454561	-60.10843	25.173914	-40.798336	3.8146973e-06	-40.798332	-40.798332	85800	1.0430813e-08	153.86185	-0.012814448	-0.13034058	0.006729981	0.0	63.84871244430542
143	-36.262043	13.381482	-20.10139	-75.87022	25.434782	-40.647984	3.8146973e-06	-40.647987	-40.647987	86400	1.4305114e-08	192.95547	-0.021823253	-14.641418	0.008332381	0.0	64.21954822540283
144	-36.80742	9.652506	-19.35368	-55.62539	25.086956	-38.346615	0.0	-38.346615	-38.346615	87000	2.1060307e-08	92.48078	-0.01366413	-1.8260803	0.0077073136	0.0	64.59472036361694
145	-38.242336	7.5219407	-24.866768	-58.727295	25.304348	-37.453342	3.8146973e-06	-37.453346	-37.453346	87600	2.0861625e-08	55.33974	-0.022815198	-0.3967476	0.009598767	0.0	64.96035885810852
146	-43.500156	17.761497	-22.540697	-103.023605	25.434782	-37.82226	0.0	-37.82226	-37.82226	88200	4.8577785e-08	355.74335	-0.022165297	-28.355682	0.008841451	0.0	65.3356442451477
147	-40.6478	12.631046	-23.426716	-71.71145	25.391304	-41.101994	3.8146973e-06	-41.101997	-41.101997	88800	7.549922e-09	153.36346	-0.007950912	-0.117248535	0.008428206	0.0	65.69697141647339
148	-35.45416	10.645532	-22.607113	-63.65544	25.26087	-40.965816	0.0	-40.965816	-40.965816	89400	2.0662943e-08	139.29514	-0.020627001	-23.212845	0.009554151	0.0	66.06286478042603
149	-38.177185	12.74754	-21.030573	-67.9904	25.391304	-37.978817	0.0	-37.978817	-37.978817	90000	2.4636586e-08	158.30232	-0.009621132	0.010147095	0.009842423	0.0	66.43219470977783
150	-39.282314	11.440211	-24.409317	-77.46444	25.391304	-37.951984	0.0	-37.951984	-37.951984	90600	2.9404958e-08	130.53192	-0.009917314	-1.5250854	0.009989464	0.0	67.01480889320374
151	-39.484528	8.351231	-24.79954	-58.013542	25.52174	-38.74403	0.0	-38.74403	-38.74403	91200	3.6160152e-08	68.47438	-0.017802475	-0.544693	0.008762622	0.0	67.39131307601929
152	-44.740738	17.918242	-20.100945	-77.14341	25.652174	-39.243774	7.6293945e-06	-39.243782	-39.243782	91800	1.6490619e-08	347.38098	-0.017564379	-24.996124	0.009974579	0.0	67.75370526313782
153	-37.53797	12.248115	-20.908531	-62.776154	25.608696	-42.469784	3.8146973e-06	-42.46978	-42.46978	92400	3.2583873e-08	171.94785	-0.01685538	-19.513962	0.0069492245	1.0	68.11838006973267
154	-35.081825	11.007663	-20.752192	-69.46603	25.565218	-39.752075	7.6293945e-06	-39.752083	-39.752083	93000	4.251798e-08	139.78218	-0.008587718	-18.042831	0.0047537778	0.0	68.48157048225403
155	-34.199696	9.550131	-19.929464	-52.275772	25.652174	-36.984955	3.8146973e-06	-36.98495	-36.98495	93600	-7.857879e-08	97.55973	-0.01446706	-6.6777344	0.007605486	0.0	68.84789156913757
156	-37.807774	10.930994	-19.8152	-62.50892	25.391304	-35.26926	0.0	-35.26926	-35.26926	94200	5.165736e-09	121.70956	-0.012616083	-4.551277	0.0069072056	0.0	69.21954894065857
157	-39.184193	10.58519	-19.579151	-58.533485	25.826086	-36.601597	3.8146973e-06	-36.601593	-36.601593	94800	-8.543332e-09	116.2387	-0.011500813	-5.5639877	0.007077303	1.0	69.5918140411377
158	-39.338757	10.60448	-20.968294	-61.427444	25.652174	-38.179585	0.0	-38.179585	-38.179585	95400	-5.761782e-09	111.91397	-0.012781225	-1.0807266	0.0079600485	0.0	69.95351147651672
159	-36.78179	9.141491	-23.319881	-56.763634	25.434782	-38.907658	0.0	-38.907658	-38.907658	96000	2.9802322e-08	85.46425	-0.016429095	-3.580536	0.006737908	0.0	70.32585906982422
160	-35.851757	8.971362	-21.786137	-55.999756	25.26087	-37.6505	0.0	-37.6505	-37.6505	96600	-3.1789146e-08	80.94144	-0.016965317	-2.978157	0.0066856956	1.0	70.91927099227905
161	-37.0231	12.031904	-21.421476	-69.646255	25.391304	-36.44012	3.8146973e-06	-36.440117	-36.440117	97200	1.1920929e-09	139.69124	-0.008766091	-0.25769043	0.008823296	0.0	71.28471302986145
162	-43.53333	14.821702	-23.395517	-81.53524	25.652174	-36.767677	3.8146973e-06	-36.767673	-36.767673	97800	-2.4835268e-08	262.14728	-0.0140737565	-38.241882	0.006721284	1.0	71.64535641670227
163	-35.88573	11.64887	-21.719322	-65.058205	25.47826	-40.95828	3.8146973e-06	-40.958275	-40.958275	98400	-2.0662943e-08	157.12584	-0.013105656	-20.105927	0.008600741	0.0	72.00963234901428
164	-36.258144	9.806214	-20.979485	-66.39641	25.652174	-38.09402	0.0	-38.09402	-38.09402	99000	3.685554e-08	97.18236	-0.013561826	-3.0052643	0.0070548668	0.0	72.37047457695007
165	-36.53732	10.826688	-22.253239	-74.35193	25.52174	-36.85479	3.8146973e-06	-36.854786	-36.854786	99600	-4.371007e-09	113.505104	-0.0071165925	-0.14633179	0.004774694	0.0	72.7327516078949
166	-33.899265	11.046904	-20.094955	-69.28032	25.73913	-36.57037	0.0	-36.57037	-36.57037	100200	-1.8278758e-08	128.51021	-0.009646782	-5.5954437	0.0069311922	1.0	73.09558391571045
167	-34.860706	11.541382	-21.095095	-67.37463	25.913044	-34.941387	0.0	-34.941387	-34.941387	100800	2.8212865e-08	134.31007	-0.013818056	-0.0037231445	0.009788666	0.0	73.45872950553894
168	-37.400482	11.571117	-21.384607	-70.47401	25.73913	-34.960567	0.0	-34.960567	-34.960567	101400	2.8212865e-08	139.32501	-0.01194254	-5.3923798	0.007791745	0.0	73.81908464431763
169	-45.887424	19.507591	-23.072718	-121.92024	25.782608	-36.605625	3.8146973e-06	-36.60563	-36.60563	102000	-6.5962475e-08	475.10007	-0.017830616	-73.396576	0.00895398	0.0	74.19055414199829
170	-35.072468	8.356191	-22.745916	-53.146366	25.347826	-42.292175	0.0	-42.292175	-42.292175	102600	8.106232e-08	117.23233	-0.011508676	-37.539673	0.0063829	0.0	74.81289458274841
171	-38.536224	19.191582	-20.540829	-108.190895	25.26087	-38.60166	0.0	-38.60166	-38.60166	103200	1.7484028e-08	340.86218	-0.011467288	-0.0035095215	0.0093192	0.0	75.18079257011414
172	-39.147495	12.231717	-21.899244	-81.24341	25.47826	-38.358482	3.8146973e-06	-38.35848	-38.35848	103800	1.0331472e-08	146.04454	-0.024145864	-0.46469116	0.009896097	0.0	75.5533812046051
173	-35.766808	10.017462	-18.962082	-54.776245	25.652174	-38.798077	0.0	-38.798077	-38.798077	104400	-2.9007595e-08	107.00273	-0.014164048	-6.995781	0.00826077	0.0	75.91717863082886
174	-38.126274	12.496955	-19.508118	-71.14385	25.434782	-37.100487	3.8146973e-06	-37.10049	-37.10049	105000	1.39077505e-08	152.75233	-0.008211906	-0.6726837	0.005546869	0.0	76.28033375740051
175	-39.208942	12.888631	-22.865044	-78.12983	25.565218	-37.593796	0.0	-37.593796	-37.593796	105600	1.4702479e-08	163.39005	-0.017936975	-2.0777283	0.0074444436	0.0	76.64469027519226
176	-39.847157	11.35545	-19.476976	-66.77515	25.73913	-38.573673	3.8146973e-06	-38.573677	-38.573677	106200	3.973643e-10	128.92416	-0.020063864	-1.4775772	0.008768961	0.0	77.02545928955078
177	-37.17046	11.788729	-22.209402	-59.865135	25.304348	-39.422707	3.8146973e-06	-39.42271	-39.42271	106800	4.0233136e-08	140.60677	-0.01936963	-4.1245117	0.008855617	0.0	77.39062094688416
178	-37.98498	12.919456	-20.216137	-62.204914	25.52174	-38.042965	0.0	-38.042965	-38.042965	107400	5.980333e-08	165.91383	-0.008921049	-0.0029449463	0.007826771	0.0	77.75360798835754
179	-42.93007	11.888337	-19.487883	-64.21525	25.043478	-38.060223	0.0	-38.060223	-38.060223	108000	-3.4769375e-08	158.6818	-0.02075835	-19.03952	0.009078993	0.0	78.12033724784851
180	-37.151363	13.587309	-22.719517	-74.24104	25.47826	-41.104725	3.8146973e-06	-41.10472	-41.10472	108600	-4.1325887e-08	196.04263	-0.01689979	-11.795044	0.008380341	0.0	78.72378015518188
181	-36.79209	11.622667	-22.82053	-78.3239	25.304348	-38.791786	3.8146973e-06	-38.79179	-38.79179	109200	-2.0861626e-09	134.2432	-0.012266871	-3.568161	0.0075378427	0.0	79.10444235801697
182	-71.87572	165.37898	-20.970966	-863.7922	24.208334	-37.41016	3.8146973e-06	-37.410164	-37.410164	109800	4.7683715e-09	1222.792	-0.024729533	-1.6239014	0.007276001	0.0	79.48466944694519
183	-33.57244	9.3107605	-18.92624	-66.83235	25.173914	-38.29049	3.8146973e-06	-38.290485	-38.290485	110400	4.371007e-09	104.51867	-0.013224608	-18.076218	0.009361099	0.0	79.86925888061523
184	-39.35226	10.228318	-20.737114	-61.39481	24.958334	-35.30884	3.8146973e-06	-35.308846	-35.308846	111000	-7.2320304e-08	120.80172	-0.017709155	-14.516602	0.008066132	0.0	80.27288746833801
185	-39.567333	13.535406	-22.114555	-63.79452	25.304348	-37.90794	0.0	-37.90794	-37.90794	111600	4.261732e-08	177.98083	-0.018112643	-1.8569031	0.0056388713	0.0	80.65474057197571
186	-34.717705	11.144736	-19.991007	-64.8684	25.391304	-38.93603	0.0	-38.93603	-38.93603	112200	-1.8278758e-08	137.83401	-0.014062676	-15.07399	0.007164709	0.0	81.07958507537842
187	-38.686893	9.941097	-21.219812	-66.48241	25.0	-36.214092	0.0	-36.214092	-36.214092	112800	1.1920929e-08	105.5744	-0.025048738	-5.36689	0.009729128	0.0	81.49171924591064
188	-36.521294	9.404594	-22.763304	-51.565445	25.043478	-37.795692	3.8146973e-06	-37.795696	-37.795696	113400	3.1789145e-09	86.180145	-0.018486751	-1.3172379	0.008034111	0.0	81.87919473648071
189	-34.697575	11.317095	-21.306957	-75.76752	25.086956	-37.00937	3.8146973e-06	-37.009365	-37.009365	114000	2.6226044e-08	128.10498	-0.007579427	-4.4694595	0.006508921	0.0	82.25326919555664
190	-33.52002	8.104999	-17.97563	-47.895824	25.217392	-35.452396	3.8146973e-06	-35.4524	-35.4524	114600	-1.3113022e-08	66.91867	-0.017830273	-3.1941833	0.006839622	0.0	82.88067173957825
191	-37.85006	10.501085	-23.841896	-67.952194	25.217392	-34.106613	0.0	-34.106613	-34.106613	115200	-6.477038e-08	117.85388	-0.011745509	-11.362999	0.0068526324	1.0	83.24816966056824
192	-36.671173	10.748563	-22.858337	-59.041702	25.26087	-36.567455	0.0	-36.567455	-36.567455	115800	2.2848447e-08	111.51294	-0.015974687	-0.004463196	0.0064568566	0.0	83.62009835243225
193	-32.37464	10.608196	-21.083017	-69.33226	25.652174	-36.68436	3.8146973e-06	-36.684357	-36.684357	116400	-6.953875e-08	131.44409	-0.014560509	-15.839928	0.009786827	0.0	83.98871493339539
194	-36.42406	9.119406	-22.365736	-60.359806	25.652174	-33.72446	0.0	-33.72446	-33.72446	117000	3.218651e-08	88.60119	-0.014223586	-6.3646545	0.007161544	0.0	84.49705934524536
195	-36.90433	8.471284	-22.391794	-53.479176	25.565218	-35.548107	0.0	-35.548107	-35.548107	117600	-5.4041546e-08	72.29579	-0.008921213	-1.6318436	0.009359139	0.0	85.04719758033752
196	-36.466534	14.366434	-20.725965	-81.24454	25.652174	-36.549126	3.8146973e-06	-36.54912	-36.54912	118200	2.9206277e-08	207.00139	-0.017830838	-0.002456665	0.007509582	0.0	85.54940056800842
197	-33.985603	10.75528	-19.984062	-64.72548	25.391304	-36.60419	3.8146973e-06	-36.604195	-36.604195	118800	-4.371007e-09	118.13245	-0.01589532	-6.8379517	0.009909191	0.0	86.19879579544067
198	-33.4815	13.214109	-18.783884	-79.05199	25.47826	-34.583065	3.8146973e-06	-34.58306	-34.58306	119400	2.7815501e-08	169.34003	-0.016911302	-1.3739319	0.007484207	0.0	86.60484027862549
199	-38.018288	11.813151	-18.845089	-57.362953	25.391304	-33.633392	0.0	-33.633392	-33.633392	120000	-4.4107438e-08	154.8876	-0.013979576	-16.649582	0.0076013105	0.0	87.03160643577576
200	-36.63862	10.630664	-23.068357	-75.42633	25.47826	-36.784584	3.8146973e-06	-36.784588	-36.784588	120600	-3.576279e-08	112.20534	-0.013522682	-0.01260376	0.009397621	0.0	87.79767370223999
201	-31.511312	8.007559	-23.53574	-54.450756	25.652174	-36.732944	3.8146973e-06	-36.73295	-36.73295	121200	7.152557e-09	90.672165	-0.02415848	-24.884872	0.009724246	0.0	88.3179624080658
202	-70.3296	158.4921	-22.562862	-829.2283	24.291666	-32.904575	3.8146973e-06	-32.90458	-32.90458	121800	-5.086263e-08	1156.9894	-0.025975483	-28.37207	0.00868744	0.0	88.73647570610046
203	-35.530933	9.53099	-19.083849	-57.590633	25.434782	-36.77252	3.8146973e-06	-36.772522	-36.772522	122400	1.5099843e-08	90.44141	-0.017622339	-1.3614197	0.008061618	0.0	89.201833486557
204	-35.53292	7.3589892	-21.84555	-50.99422	25.434782	-35.98303	3.8146973e-06	-35.983025	-35.983025	123000	2.0662943e-08	53.50268	-0.014264541	-0.2480011	0.007123502	0.0	89.61740684509277
205	-38.294968	15.10386	-20.879528	-95.88635	25.695652	-35.58691	0.0	-35.58691	-35.58691	123600	2.95043e-08	239.85344	-0.015048632	-7.7628174	0.007834558	0.0	90.04476189613342
206	-36.245914	9.419517	-23.71601	-56.71338	25.26087	-37.691463	0.0	-37.691463	-37.691463	124200	2.8610229e-08	88.10701	-0.010621372	-1.8964233	0.009560184	0.0	90.48951768875122
207	-37.821323	14.592788	-19.314098	-84.564644	25.47826	-36.672306	0.0	-36.672306	-36.672306	124800	1.2119611e-08	211.66539	-0.010574263	-1.1497955	0.007810634	0.0	91.05759501457214
208	-39.06374	13.210964	-19.178526	-74.94798	25.304348	-37.486782	0.0	-37.486782	-37.486782	125400	1.2715658e-08	168.83574	-0.013800427	-2.0158386	0.0060379677	0.0	91.53692030906677
209	-35.13397	15.986258	-20.340532	-95.4883	25.782608	-38.620052	3.8146973e-06	-38.62005	-38.62005	126000	-6.198883e-08	270.78516	-0.023945075	-10.627197	0.008543368	0.0	91.99250173568726
210	-31.910809	8.746843	-22.310848	-55.12096	25.652174	-36.068443	3.8146973e-06	-36.06844	-36.06844	126600	-4.7683715e-09	91.57692	-0.015686834	-16.379768	0.0070056287	0.0	92.90989327430725
211	-35.292233	7.9648776	-20.414288	-56.268764	25.26087	-32.88007	3.8146973e-06	-32.880074	-32.880074	127200	6.655852e-08	65.90901	-0.010056087	-4.7357063	0.006632485	0.0	93.28735089302063
212	-34.477695	10.446164	-19.609715	-58.154755	25.52174	-34.5329	3.8146973e-06	-34.532906	-34.532906	127800	1.0232131e-07	107.17585	-0.019676076	-0.00031280518	0.0061131343	0.0	93.65405488014221
213	-31.896404	8.177513	-18.883448	-46.414547	25.47826	-34.529915	3.8146973e-06	-34.52992	-34.52992	128400	4.6690305e-09	72.589836	-0.014161458	-6.3647156	0.0085851	0.0	94.00924491882324
214	-31.993382	7.549001	-21.172726	-50.20914	25.52174	-32.515736	0.0	-32.515736	-32.515736	129000	1.7881394e-08	55.12168	-0.010169386	-0.32714844	0.0052612275	0.0	94.36015915870667
215	-35.459057	13.200377	-22.334162	-70.217224	25.434782	-32.025616	0.0	-32.025616	-32.025616	129600	3.0994414e-08	180.2473	-0.014015661	-10.339706	0.008191061	0.0	94.73442125320435
216	-37.172375	11.885926	-23.468655	-77.24906	25.26087	-34.61974	0.0	-34.61974	-34.61974	130200	1.1622905e-08	138.36354	-0.020924542	-5.104477	0.008268093	0.0	95.07829070091248
217	-35.385372	13.109779	-18.741745	-69.62568	25.608696	-36.487423	3.8146973e-06	-36.48742	-36.48742	130800	1.0371208e-07	170.74219	-0.011153671	-0.9055939	0.0074081374	0.0	95.44474864006042
218	-32.927505	6.0844088	-25.058695	-51.255257	25.347826	-35.724556	3.8146973e-06	-35.72456	-35.72456	131400	2.1060307e-08	43.134773	-0.010686785	-7.4334183	0.006525477	0.0	95.80726766586304
219	-32.845795	8.65806	-20.771402	-64.248764	25.608696	-33.463863	0.0	-33.463863	-33.463863	132000	-9.318193e-08	74.2444	-0.011005056	-0.34490967	0.0069772727	0.0	96.15651321411133
220	-40.601368	12.929554	-25.334219	-92.05241	25.608696	-32.948025	0.0	-32.948025	-32.948025	132600	-5.761782e-09	224.68622	-0.013222428	-54.530228	0.0072471127	0.0	96.76002264022827
221	-35.205803	10.95617	-21.797266	-75.96082	25.304348	-38.660748	0.0	-38.660748	-38.660748	133200	4.4902166e-08	125.34036	-0.016952023	-10.8657	0.0066066454	1.0	97.11997771263123
222	-32.60657	7.321056	-19.239912	-54.526062	25.52174	-36.26021	1.5573437e-07	-36.260204	-36.26021	133800	-4.182259e-08	65.55168	-0.010603592	-11.818405	0.007651393	0.0	97.47404766082764
223	-33.804432	8.390475	-19.44065	-50.29758	25.347826	-33.625072	0.0	-33.625072	-33.625072	134400	1.8080076e-08	68.812645	-0.012434334	-0.0076522827	0.009183929	0.0	97.82971239089966
224	-33.63691	7.5696373	-20.025595	-48.818443	25.347826	-33.662052	3.8146973e-06	-33.66205	-33.66205	135000	-3.417333e-08	55.857937	-0.019616544	-4.5776367e-05	0.008454393	0.0	98.17774820327759
225	-32.861855	7.588226	-21.107965	-51.27508	25.52174	-33.66022	3.8146973e-06	-33.660225	-33.660225	135600	-5.642573e-08	57.24988	-0.011540363	-0.48160172	0.0067972	0.0	98.52978157997131
226	-34.9734	12.00895	-20.240309	-59.78089	25.304348	-33.111973	0.0	-33.111973	-33.111973	136200	-1.4702479e-08	141.58083	-0.0070657087	-2.9193573	0.0066568945	1.0	98.8932101726532
227	-33.50987	8.458544	-21.52213	-48.682613	25.608696	-34.469906	0.0	-34.469906	-34.469906	136800	-1.9868216e-08	71.59559	-0.009567184	-0.82373047	0.0055272253	0.0	99.24725341796875
228	-36.093445	10.412771	-19.653494	-61.566998	25.52174	-33.752293	3.8146973e-06	-33.752296	-33.752296	137400	2.7418137e-08	114.242294	-0.009440306	-5.4242477	0.009412039	0.0	99.59894919395447
229	-32.99807	8.178438	-21.072697	-47.854557	25.391304	-35.643234	0.0	-35.643234	-35.643234	138000	8.861224e-08	72.148926	-0.015213041	-6.371582	0.0077292123	0.0	99.9689109325409
230	-35.19843	7.852055	-22.056332	-49.995403	25.652174	-33.600952	3.8146973e-06	-33.60095	-33.60095	138600	6.7154566e-08	63.29216	-0.014692526	-2.508461	0.008166771	0.0	100.59924554824829
231	-32.490112	7.8861265	-21.5473	-50.32952	25.695652	-34.883297	3.8146973e-06	-34.883293	-34.883293	139200	2.3047129e-08	66.81322	-0.016451927	-5.1317596	0.0073686615	0.0	100.95522046089172
232	-34.387157	9.689834	-19.621279	-62.310818	25.26087	-33.018658	0.0	-33.018658	-33.018658	139800	-2.7815501e-08	94.17341	-0.0075961826	-1.6196823	0.006743625	0.0	101.32811641693115
233	-33.256332	9.300091	-21.476622	-52.723503	25.608696	-34.066	3.8146973e-06	-34.065998	-34.065998	140400	-1.5298525e-08	85.49503	-0.005662299	-0.66381836	0.006914869	0.0	101.69129681587219
234	-34.3288	7.5215898	-21.53186	-50.986313	25.652174	-33.384212	3.8146973e-06	-33.38421	-33.38421	141000	4.7683715e-09	56.64914	-0.019724775	-0.73202515	0.008727463	0.0	102.04637789726257
235	-33.61884	11.544341	-21.106201	-63.909702	25.52174	-34.11577	0.0	-34.11577	-34.11577	141600	-4.688899e-08	130.66832	-0.02029417	-0.2676239	0.008540426	0.0	102.41502475738525
236	-36.234093	13.083724	-25.55212	-74.059685	25.391304	-33.669003	3.8146973e-06	-33.669006	-33.669006	142200	3.3775966e-09	171.97534	-0.02376925	-6.103256	0.009204815	0.0	102.79045486450195
237	-36.972023	11.016134	-23.34951	-74.466995	25.73913	-35.83356	0.0	-35.83356	-35.83356	142800	-1.4305114e-08	123.883545	-0.016572095	-1.4868774	0.008672042	0.0	103.1658079624176
238	-33.16187	8.7554455	-18.436113	-57.326855	25.695652	-36.929577	0.0	-36.929577	-36.929577	143400	-7.728735e-08	88.9891	-0.028118247	-14.339195	0.0077491505	0.0	103.51853823661804
239	-34.406235	9.848742	-21.21949	-62.704147	25.347826	-33.62942	0.0	-33.62942	-33.62942	144000	7.152557e-09	93.760254	-0.02460693	-0.48349762	0.007235678	1.0	103.87170100212097
240	-33.557045	9.019838	-18.614704	-52.764618	25.608696	-34.21803	3.8146973e-06	-34.218033	-34.218033	144600	6.9538753e-09	79.919266	-0.013517134	-0.47104645	0.007043402	0.0	104.49741792678833
241	-36.122665	12.660212	-18.791483	-79.846756	25.391304	-33.610844	3.8146973e-06	-33.610847	-33.610847	145200	-2.880891e-08	165.39388	-0.015244007	-6.183502	0.009440356	0.0	104.86067032814026
242	-36.657803	15.51294	-20.274818	-93.99945	25.652174	-35.8286	3.8146973e-06	-35.828598	-35.828598	145800	3.7749608e-08	239.37563	-0.013035371	-0.6021118	0.0055004875	0.0	105.21088409423828
243	-33.648163	7.489834	-23.138336	-49.302345	25.391304	-36.54236	3.8146973e-06	-36.542355	-36.542355	146400	4.2915346e-08	63.02974	-0.012992963	-7.9587364	0.007575741	1.0	105.56911492347717
244	-67.21494	162.23206	-19.328394	-844.2095	24.5	-34.004765	0.0	-34.004765	-34.004765	147000	5.8809917e-08	2260.3645	-0.026558073	-4.6987305	0.0075209076	1.0	105.92273449897766
245	-33.304394	7.7463317	-22.826172	-48.274902	25.391304	-35.944546	0.0	-35.944546	-35.944546	147600	-3.1789145e-09	65.25623	-0.019458069	-6.3429527	0.009548857	0.0	106.27504992485046
246	-34.30659	11.037004	-19.805477	-59.11477	25.608696	-33.689087	7.6293945e-06	-33.689095	-33.689095	148200	3.1789145e-09	121.17385	-0.004667508	-0.4230957	0.008148152	0.0	106.62840557098389
247	-33.746883	10.418654	-20.388494	-66.756905	25.652174	-34.268497	3.8146973e-06	-34.268494	-34.268494	148800	2.1060307e-08	107.81698	-0.008852474	-0.17368317	0.009106289	0.0	106.98778462409973
248	-33.780396	11.4644785	-21.482054	-64.492905	25.47826	-33.887817	7.6293945e-06	-33.887825	-33.887825	149400	7.947286e-10	129.17201	-0.013891186	-0.010040283	0.007421503	0.0	107.35081648826599
249	-31.73978	8.375565	-18.25042	-44.518703	25.565218	-33.792553	0.0	-33.792553	-33.792553	150000	1.66893e-08	73.303505	-0.0076084216	-4.0790176	0.00303544	0.0	107.701744556427
250	-34.638493	9.038121	-20.659477	-59.74725	25.52174	-31.90181	0.0	-31.90181	-31.90181	150600	-4.172325e-09	87.47168	-0.012533274	-7.22361	0.007864743	0.0	108.32794451713562
251	-29.283192	8.043135	-19.387312	-52.49471	25.565218	-34.399773	3.8146973e-06	-34.39977	-34.39977	151200	6.139278e-08	89.03477	-0.010694516	-24.68296	0.0068355543	0.0	108.67411756515503
252	-35.062572	11.020285	-19.545609	-54.554226	25.434782	-29.970657	1.9073486e-06	-29.970655	-29.970655	151800	-4.4902166e-08	144.03505	-0.011839602	-24.382095	0.0052742404	0.0	109.02121114730835
253	-34.95991	9.559793	-19.134651	-56.579453	25.434782	-34.160313	3.8146973e-06	-34.160316	-34.160316	152400	3.973643e-09	89.235146	-0.0050878497	-0.53279877	0.008746344	0.0	109.38976240158081
254	-36.21739	9.860783	-20.610611	-52.82842	25.695652	-34.82655	3.8146973e-06	-34.826553	-34.826553	153000	-1.5099843e-08	97.79952	-0.005057745	-1.8468094	0.009364793	0.0	109.75097608566284
255	-35.319622	8.128498	-21.120014	-50.282784	25.565218	-36.011036	3.8146973e-06	-36.011032	-36.011032	153600	1.8278758e-08	65.08063	-0.013182288	-0.47753143	0.007881129	0.0	110.09896993637085
256	-33.102757	9.0972395	-20.005024	-64.09691	25.52174	-35.410877	0.0	-35.410877	-35.410877	154200	3.5762786e-09	87.699974	-0.013584462	-4.368828	0.0092231855	0.0	110.4493100643158
257	-36.15805	8.050303	-24.005096	-54.636356	25.47826	-33.554127	0.0	-33.554127	-33.554127	154800	-1.0967255e-07	70.92405	-0.0093586	-6.648079	0.00969741	0.0	110.80751490592957
258	-32.9009	8.362923	-22.585897	-50.58423	25.47826	-35.82483	7.6293945e-06	-35.824837	-35.824837	155400	5.364418e-08	76.54225	-0.01600425	-8.205574	0.007289204	0.0	111.16842794418335
259	-31.718819	6.638552	-19.326849	-46.63358	25.304348	-33.318027	0.0	-33.318027	-33.318027	156000	3.33786e-08	45.40965	-0.022075249	-2.3077507	0.0051488485	0.0	111.54293203353882
260	-35.566463	11.0795965	-21.977612	-57.765038	25.47826	-31.95236	0.0	-31.95236	-31.95236	156600	-3.3775966e-09	135.52008	-0.0077354237	-13.354439	0.004660418	0.0	112.19018030166626
261	-31.76972	9.945859	-22.159405	-67.392685	25.347826	-35.143375	0.0	-35.143375	-35.143375	157200	-3.0199686e-08	104.3346	-0.021281393	-11.280823	0.006683634	1.0	112.5536367893219
262	-34.66811	8.319656	-22.581203	-55.26423	25.304348	-32.26705	3.8146973e-06	-32.267048	-32.267048	157800	-7.549922e-09	73.025055	-0.018574417	-5.3144073	0.006748934	1.0	112.91254568099976
263	-34.88901	13.211158	-19.3769	-75.80195	25.304348	-34.23218	0.0	-34.23218	-34.23218	158400	4.6690307e-08	166.30812	-0.011322734	-0.3347931	0.007084915	0.0	113.28656721115112
264	-35.44877	11.977345	-21.406073	-70.90966	25.52174	-34.75525	7.6293945e-06	-34.75524	-34.75524	159000	-1.947085e-08	142.71437	-0.015983433	-0.5073395	0.0076345634	0.0	113.6495304107666
265	-34.376656	7.52626	-21.540115	-51.84546	25.652174	-35.38928	0.0	-35.38928	-35.38928	159600	3.8146972e-08	55.98278	-0.021049552	-1.0818481	0.009437041	0.0	114.02239608764648
266	-31.08637	8.805508	-19.801155	-57.925926	25.695652	-34.46015	3.8146973e-06	-34.460155	-34.460155	160200	3.5762786e-09	88.27493	-0.015928501	-10.229637	0.008687931	0.0	114.38102006912231
267	-32.916946	9.069622	-21.879644	-51.505997	25.695652	-31.604935	1.9073486e-06	-31.604937	-31.604937	160800	-4.7683715e-09	82.460846	-0.017183034	-1.5629883	0.0078610275	0.0	114.73780798912048
268	-33.15777	10.282421	-20.634556	-60.333782	25.47826	-32.71023	3.8146973e-06	-32.710228	-32.710228	161400	-4.6690307e-08	102.839775	-0.01966595	-0.18586731	0.009406558	0.0	115.1016902923584
269	-29.463598	7.2634716	-19.637417	-47.587032	25.47826	-33.108997	0.0	-33.108997	-33.108997	162000	4.7683717e-08	64.67231	-0.017573195	-12.582745	0.009918926	0.0	115.47345876693726
270	-31.261137	7.6388946	-19.138714	-45.746292	25.869566	-29.926315	3.8146973e-06	-29.926311	-29.926311	162600	7.3512396e-09	59.818203	-0.01769692	-1.716713	0.006938255	0.0	116.1170289516449
271	-33.9107	16.78926	-19.076628	-93.27339	25.565218	-31.091843	3.8146973e-06	-31.091839	-31.091839	163200	5.5233638e-08	287.72913	-0.01631803	-8.08255	0.008173934	0.0	116.48345565795898
272	-31.504807	8.684861	-18.761572	-52.6285	25.695652	-33.658157	0.0	-33.658157	-33.658157	163800	5.00679e-08	78.57949	-0.0108449925	-4.488388	0.009416182	0.0	116.84351348876953
273	-34.463787	10.215749	-21.828003	-61.508484	25.608696	-31.761967	0.0	-31.761967	-31.761967	164400	-3.069639e-08	110.96435	-0.026252644	-7.2285995	0.0074205813	0.0	117.34211277961731
274	-32.91739	7.987042	-18.033758	-54.923565	25.26087	-34.16654	3.8146973e-06	-34.166534	-34.166534	165000	-1.0331472e-08	63.54669	-0.013921548	-1.5905838	0.0082298815	0.0	117.78721785545349
275	-35.48355	11.061602	-18.434269	-58.418743	25.434782	-33.038143	3.8146973e-06	-33.03814	-33.03814	165600	-2.4636586e-08	123.01992	-0.01572163	-4.901016	0.0071992446	0.0	118.21092343330383
276	-27.587477	6.5265937	-20.06871	-43.59313	25.52174	-35.04121	3.8146973e-06	-35.041214	-35.041214	166200	2.0464261e-08	95.67438	-0.012831955	-50.69277	0.009366531	0.0	118.68766045570374
277	-32.77429	9.008078	-19.075884	-51.641335	25.695652	-29.136595	5.722046e-06	-29.13659	-29.13659	166800	7.728735e-08	93.87762	-0.011829561	-12.579597	0.008648062	0.0	119.13142561912537
278	-29.986322	7.4354916	-18.389866	-47.547928	25.565218	-31.934128	1.9073486e-06	-31.934126	-31.934126	167400	-5.2452087e-08	58.050755	-0.01739396	-3.5998383	0.009984503	0.0	119.59470319747925
279	-32.270172	9.032519	-18.153065	-49.269043	25.608696	-30.43668	3.811517e-06	-30.43668	-30.436684	168000	2.5431316e-08	83.391304	-0.0088922605	-3.0786514	0.009569553	0.0	120.11547136306763
280	-28.985567	6.8981133	-20.772158	-47.454643	25.565218	-31.850143	3.8146973e-06	-31.85014	-31.85014	168600	6.357829e-09	54.639336	-0.013888737	-7.8002243	0.00875058	0.0	121.14893412590027
281	-32.201588	9.344931	-17.019007	-50.615017	25.565218	-29.582767	0.0	-29.582767	-29.582767	169200	-7.947286e-10	92.47334	-0.02757268	-6.2624435	0.008807976	1.0	121.57150483131409
282	-35.198505	11.718932	-18.775488	-62.390457	25.826086	-31.605585	3.8146973e-06	-31.605589	-31.605589	169800	-4.172325e-08	148.45033	-0.015653439	-12.510925	0.008235283	0.0	121.94291806221008
283	-35.165794	11.949391	-20.136187	-66.53999	25.782608	-34.511692	3.8146973e-06	-34.511696	-34.511696	170400	-2.7815501e-08	142.10175	-0.014126185	-0.3976593	0.0072835255	0.0	122.30726599693298
284	-32.45242	8.63724	-20.50454	-60.529343	25.826086	-35.064606	0.0	-35.064606	-35.064606	171000	-2.6623407e-08	80.427315	-0.013996828	-6.1736603	0.009406331	0.0	122.67751407623291
285	-32.99809	8.545232	-20.46686	-55.863644	25.695652	-33.011997	3.8146973e-06	-33.012	-33.012	171600	-1.8874804e-08	71.629295	-0.019831123	0.00034332275	0.007421055	0.0	123.04229235649109
286	-30.977856	8.250051	-22.02551	-54.33596	25.52174	-32.97363	0.0	-32.97363	-32.97363	172200	-5.165736e-09	69.977486	-0.013717032	-3.9602356	0.0074711656	1.0	123.40636682510376
287	-32.92005	6.6220675	-22.788317	-49.651016	25.565218	-31.289877	0.0	-31.289877	-31.289877	172800	-2.9802322e-08	46.296776	-0.016499668	-2.602272	0.0049608178	0.0	123.76943898200989
288	-30.03481	9.152829	-17.583359	-48.03814	25.565218	-32.65228	0.0	-32.65228	-32.65228	173400	-5.4041546e-08	88.39755	-0.0088146385	-6.4713135	0.0067127873	0.0	124.12559223175049
289	-33.14802	9.892	-18.473007	-53.677734	25.73913	-30.488607	0.0	-30.488607	-30.488607	174000	4.9670536e-08	103.67074	-0.01072198	-7.0134735	0.0075869975	0.0	124.49081778526306
290	-29.900562	7.424598	-18.10669	-45.616463	25.652174	-32.732025	7.6293945e-06	-32.732018	-32.732018	174600	8.046627e-08	62.41456	-0.014128471	-7.415619	0.006843352	1.0	125.18366503715515
291	-32.189095	7.1285777	-20.50044	-51.310555	25.565218	-30.431358	1.9073486e-06	-30.431356	-30.431356	175200	3.5762786e-09	52.994694	-0.011901722	-2.939064	0.008691704	0.0	125.55793833732605
292	-29.907999	7.6903725	-18.807243	-53.177902	25.608696	-31.880787	0.0	-31.880787	-31.880787	175800	-9.536743e-09	61.61118	-0.015832977	-3.6668053	0.0077686547	0.0	125.9288215637207
293	-30.694708	8.85206	-18.840134	-56.761776	25.47826	-30.240225	0.0	-30.240225	-30.240225	176400	-9.934108e-09	76.36538	-0.014021589	-0.17681885	0.009753863	0.0	126.28360199928284
294	-31.605556	7.783932	-18.087776	-49.6874	25.73913	-30.594921	1.9073486e-06	-30.594923	-30.594923	177000	3.4769375e-08	60.346157	-0.017777113	-0.9390068	0.009765574	0.0	126.63926362991333
295	-31.57557	7.1984916	-23.798471	-52.49847	25.565218	-31.457565	3.8146973e-06	-31.457561	-31.457561	177600	-1.0212263e-07	51.455624	-0.021977598	-0.019634247	0.008083159	0.0	126.98512601852417
296	-32.227585	6.595947	-20.359774	-42.60369	25.565218	-31.588795	0.0	-31.588795	-31.588795	178200	2.503395e-08	43.288548	-0.016140534	-0.39748764	0.0070052845	0.0	127.3412652015686
297	-28.175747	5.9331326	-21.151943	-45.277214	25.608696	-32.163574	0.0	-32.163574	-32.163574	178800	-6.417434e-08	50.089897	-0.008964554	-15.340527	0.008709954	0.0	127.69315457344055
298	-29.590601	10.306532	-17.878984	-61.574047	25.782608	-28.663395	1.9073486e-06	-28.663397	-28.663397	179400	-2.1855037e-08	106.4043	-0.010714511	-0.7595215	0.008064788	0.0	128.06083798408508
299	-31.640673	10.895713	-20.167244	-70.471436	25.52174	-29.428545	1.9073486e-06	-29.428547	-29.428547	180000	-2.503395e-08	119.230675	-0.011351468	-4.5890045	0.0081541	0.0	128.42830538749695
300	-31.51677	7.301823	-17.691154	-49.89815	25.826086	-31.371365	0.0	-31.371365	-31.371365	180600	9.735425e-09	52.89398	-0.01577343	-0.02544403	0.0078481175	0.0	129.0814652442932
301	-33.20426	9.580526	-19.666067	-54.828625	25.695652	-31.526947	3.8146973e-06	-31.526943	-31.526943	181200	2.7815501e-08	93.93263	-0.012322162	-2.7109528	0.009811457	0.0	129.44059109687805
302	-32.73596	6.1237044	-23.766947	-49.97947	25.608696	-33.04559	0.0	-33.04559	-33.04559	181800	7.212162e-08	37.014187	-0.0102148205	-0.06995773	0.008152399	0.0	129.79221105575562
303	-32.320282	7.9009485	-18.170742	-52.196312	25.608696	-32.804382	0.0	-32.804382	-32.804382	182400	-6.9538753e-09	61.817722	-0.00886325	-0.22040558	0.0068134754	1.0	130.15493416786194
304	-32.686356	11.379871	-18.262945	-79.43532	25.782608	-32.360386	3.8146973e-06	-32.360382	-32.360382	183000	-5.3246815e-08	129.36113	-0.007089419	-0.10560608	0.0056579155	0.0	130.51456451416016
305	-32.51031	8.506685	-20.475534	-58.140106	25.913044	-32.669445	0.0	-32.669445	-32.669445	183600	-1.5497207e-08	70.826065	-0.015453055	-0.031173706	0.006391043	0.0	130.88763785362244
306	-27.563267	5.93438	-20.184072	-44.379475	25.73913	-32.499744	3.8146973e-06	-32.49974	-32.49974	184200	-7.708867e-08	58.56627	-0.01561149	-23.414867	0.0073405043	0.0	131.24426078796387
307	-31.335423	6.1830745	-19.763418	-46.563385	25.782608	-28.007956	0.0	-28.007956	-28.007956	184800	3.6557516e-08	48.652496	-0.020737484	-10.6037445	0.008025348	0.0	131.60460877418518
308	-30.249344	7.344096	-19.701262	-52.65173	25.652174	-30.96084	0.0	-30.96084	-30.96084	185400	4.0332477e-08	54.200806	-0.013479077	-0.453125	0.008993817	0.0	131.9687783718109
309	-28.18213	6.112474	-20.264174	-43.09498	25.826086	-30.355331	0.0	-30.355331	-30.355331	186000	8.742014e-09	41.764244	-0.01617755	-4.5809555	0.006651526	0.0	132.31346106529236
310	-30.934042	8.426299	-18.566343	-57.66647	25.608696	-28.376635	1.9073486e-06	-28.376633	-28.376633	186600	6.973743e-08	75.14334	-0.016920768	-6.111038	0.0074558947	1.0	132.95956873893738
311	-31.421745	7.688745	-21.227009	-53.942066	25.652174	-30.6464	1.9073486e-06	-30.646402	-30.646402	187200	1.7484028e-08	58.84012	-0.011442546	-0.62163544	0.006165481	0.0	133.31335711479187
312	-31.088001	7.5387635	-18.594238	-48.04289	25.52174	-31.388948	1.9073486e-06	-31.388947	-31.388947	187800	-2.0662943e-08	55.74158	-0.0105052525	-0.09750366	0.006786893	1.0	133.70566320419312
313	-29.677267	8.347265	-20.297674	-57.341274	25.782608	-31.096989	0.0	-31.096989	-31.096989	188400	6.9538753e-09	71.256004	-0.015133888	-1.9445038	0.008540552	0.0	134.0827977657318
314	-28.055954	5.2651134	-17.933434	-39.729195	25.47826	-29.773834	5.722046e-06	-29.77384	-29.77384	189000	4.331271e-08	30.02453	-0.014274666	-2.9284897	0.00890702	0.0	134.4296362400055
315	-32.382282	6.58181	-21.122763	-43.201336	25.782608	-28.140455	1.9073486e-06	-28.140457	-28.140457	189600	-2.5232634e-08	60.555443	-0.019090954	-17.230206	0.008521688	0.0	134.81533908843994
316	-28.100233	5.909092	-18.822596	-42.337933	26.0	-31.98987	0.0	-31.98987	-31.98987	190200	-4.2915346e-08	50.079536	-0.016798051	-14.891117	0.0068191495	1.0	135.19949007034302
317	-29.721369	7.268362	-18.659224	-51.334827	25.47826	-28.510157	1.9073486e-06	-28.510155	-28.510155	190800	-2.4686257e-08	53.576523	-0.014203413	-1.3256454	0.0071275956	0.0	135.5486855506897
318	-28.950779	7.3641596	-20.502047	-48.16801	25.565218	-29.540924	1.9073486e-06	-29.540926	-29.540926	191400	-9.139379e-09	53.769096	-0.008686393	-0.3282547	0.006067744	0.0	135.9149329662323
319	-31.490942	10.199822	-19.804075	-55.411446	25.52174	-29.018385	1.9073486e-06	-29.018383	-29.018383	192000	1.1920929e-08	107.22131	-0.008090272	-5.773651	0.0052957386	0.0	136.26052141189575
320	-28.221064	7.074679	-18.362228	-45.82912	25.695652	-31.231455	0.0	-31.231455	-31.231455	192600	2.4437904e-08	58.280926	-0.010105949	-8.591106	0.009046542	0.0	136.9203724861145
321	-33.282116	10.082478	-19.38032	-62.879517	25.782608	-28.558409	5.722046e-06	-28.558403	-28.558403	193200	9.57648e-08	123.14707	-0.0159109	-21.825462	0.0064587854	0.0	137.27764916419983
322	-29.65393	6.9309983	-18.966534	-44.25282	25.73913	-32.673985	0.0	-32.673985	-32.673985	193800	2.404054e-08	56.272064	-0.018159073	-8.980236	0.0072057224	0.0	137.63729047775269
323	-31.525602	7.8279686	-19.214336	-48.073997	25.695652	-30.089005	3.8146973e-06	-30.089	-30.089	194400	7.5499216e-08	61.878555	-0.010566367	-1.8153114	0.0070530083	0.0	137.9831519126892
324	-32.82557	9.83262	-19.82203	-61.158997	25.869566	-31.252302	1.9073486e-06	-31.2523	-31.2523	195000	-9.338061e-09	98.69418	-0.020139342	-2.5383987	0.009701914	0.0	138.33512115478516
325	-27.591877	7.1168804	-19.581873	-55.982433	25.52174	-32.674217	3.8146973e-06	-32.67422	-32.67422	195600	1.7444293e-07	74.209206	-0.017087054	-24.148006	0.006473842	1.0	138.69189286231995
326	-28.526834	6.1399517	-19.701155	-43.065205	25.652174	-28.47418	5.722046e-06	-28.474174	-28.474174	196200	1.5497207e-08	36.845287	-0.017675811	0.0016555786	0.008312063	0.0	139.06780362129211
327	-30.783644	10.470424	-19.546267	-54.15471	25.869566	-28.429785	1.9073486e-06	-28.429787	-28.429787	196800	3.059705e-08	114.73701	-0.0031902273	-5.5306168	0.009548468	0.0	139.43193674087524
328	-30.033062	7.2042704	-20.651983	-43.924847	25.608696	-30.468266	1.9073486e-06	-30.468267	-30.468267	197400	6.218751e-08	51.226555	-0.018315103	-0.18033218	0.008304141	0.0	139.7796835899353
329	-28.41621	6.767468	-19.378374	-43.823547	25.782608	-30.11108	3.8146973e-06	-30.111076	-30.111076	198000	5.165736e-09	47.998203	-0.008991521	-2.8380203	0.008068144	0.0	140.13095927238464
330	-33.19929	7.644852	-19.383839	-48.84059	25.73913	-28.61664	3.8146973e-06	-28.616644	-28.616644	198600	4.6094257e-08	78.95751	-0.012058366	-20.189945	0.00841778	0.0	140.78591632843018
331	-31.417276	5.700503	-21.82071	-44.11687	25.73913	-32.47733	3.8146973e-06	-32.477325	-32.477325	199200	-3.5762786e-09	33.146145	-0.0075346148	-1.0866127	0.00529034	0.0	141.13246965408325
332	-31.562166	8.294449	-18.648493	-51.799564	25.826086	-31.60634	1.9073486e-06	-31.606342	-31.606342	199800	2.0861625e-08	68.79992	-0.018137133	-0.0013427734	0.009895674	0.0	141.50334429740906
333	-32.107227	9.6584	-18.091125	-54.175926	25.47826	-31.631289	0.0	-31.631289	-31.631289	200400	-2.9206277e-08	89.9711	-0.024677318	-0.1601181	0.0096927425	0.0	141.86871671676636
334	-29.718948	6.715343	-18.665464	-47.91487	25.52174	-31.98853	0.0	-31.98853	-31.98853	201000	-4.4902166e-08	48.82668	-0.013603099	-4.833637	0.0074481517	0.0	142.21312761306763
335	-33.11314	12.437131	-16.958265	-74.454834	25.695652	-30.022976	1.9073486e-06	-30.022974	-30.022974	201600	4.2120615e-08	163.51357	-0.016176943	-9.159927	0.0069962866	1.0	142.57115578651428
336	-32.466644	9.553021	-18.257305	-53.82884	25.565218	-32.701294	7.6293945e-06	-32.7013	-32.7013	202200	1.1821588e-08	88.90549	-0.009750798	-0.064826965	0.009061294	0.0	142.9271433353424
337	-32.525616	7.9854517	-18.71631	-58.595726	25.782608	-32.48865	0.0	-32.48865	-32.48865	202800	3.9339067e-08	62.904686	-0.0032065446	-0.0007286072	0.006819536	1.0	143.30420899391174
338	-31.941618	9.9548855	-19.166437	-57.428463	25.869566	-32.511402	0.0	-32.511402	-32.511402	203400	-9.079774e-08	97.846924	-0.018192464	-0.30966187	0.009663936	0.0	143.69602823257446
339	-35.396496	13.919688	-18.895296	-66.94942	26.043478	-31.998318	1.9073486e-06	-31.99832	-31.99832	204000	1.9669534e-08	207.22932	-0.010026616	-12.207092	0.007651661	0.0	144.15671038627625
340	-29.263786	6.6492524	-21.293266	-45.316814	25.608696	-35.177853	0.0	-35.177853	-35.177853	204600	-7.669131e-08	77.54239	-0.017341152	-32.879337	0.0077857827	0.0	144.82392477989197
341	-31.634602	9.554431	-18.679884	-60.70982	25.565218	-30.268164	1.9073486e-06	-30.268162	-30.268162	205200	-3.059705e-08	92.065285	-0.016042262	-1.9331436	0.003938389	0.0	145.18962454795837
342	-29.503532	8.667689	-19.54245	-55.61882	25.608696	-31.41913	1.9073486e-06	-31.419132	-31.419132	205800	6.834666e-08	76.82425	-0.012482198	-3.5307693	0.008978285	0.0	145.55031824111938
343	-30.755207	6.6853533	-20.52033	-43.146534	25.73913	-29.808092	0.0	-29.808092	-29.808092	206400	-4.172325e-08	44.424614	-0.009381186	-0.85176086	0.007305781	0.0	145.90917325019836
344	-31.439196	7.2059035	-18.152617	-53.054737	25.826086	-30.601713	1.9073486e-06	-30.601711	-30.601711	207000	-8.404255e-08	52.259323	-0.018184898	-0.6880722	0.00715221	0.0	146.26975774765015
345	-33.549774	9.924667	-21.016958	-57.738865	26.043478	-31.343063	3.8146973e-06	-31.34306	-31.34306	207600	2.78155e-09	104.32367	-0.013592077	-4.997673	0.0069183684	0.0	146.62677574157715
346	-30.088028	6.0907807	-22.130562	-41.98402	25.782608	-33.33677	3.8146973e-06	-33.336773	-33.336773	208200	5.165736e-08	47.171284	-0.0099035585	-9.880821	0.007921015	0.0	146.972491979599
347	-33.320206	11.914967	-18.219517	-60.549137	25.913044	-30.574343	1.9073486e-06	-30.57434	-30.57434	208800	-2.4338563e-08	147.34642	-0.018293213	-7.2855835	0.0031502657	0.0	147.33609461784363
348	-30.835476	8.418065	-20.603722	-52.14945	25.565218	-32.926777	0.0	-32.926777	-32.926777	209400	2.582868e-09	74.02959	-0.015389405	-3.8777466	0.009287023	0.0	147.68019700050354
349	-33.37969	7.877229	-20.164665	-44.588814	25.695652	-31.207592	3.8146973e-06	-31.207596	-31.207596	210000	2.22524e-08	66.0331	-0.023953304	-4.449749	0.009962169	0.0	148.03216981887817
350	-30.46894	6.9739833	-17.76759	-50.737488	25.956522	-33.062103	7.6293945e-06	-33.062096	-33.062096	210600	2.3444494e-08	55.360443	-0.011442872	-6.2500725	0.00849798	0.0	148.70372533798218
351	-30.961393	7.751743	-18.15218	-46.523407	25.652174	-30.863064	1.9073486e-06	-30.863062	-30.863062	211200	4.341205e-08	59.29061	-0.020086814	-0.022205353	0.00921096	0.0	149.07026600837708
352	-30.34198	7.6812587	-17.91018	-49.654747	25.565218	-30.98274	0.0	-30.98274	-30.98274	211800	7.947286e-09	59.148033	-0.010728697	-0.33885956	0.0064421454	1.0	149.42294645309448
353	-28.481594	6.8092394	-18.687668	-43.26698	25.73913	-30.455982	1.9073486e-06	-30.45598	-30.45598	212400	3.89417e-08	49.798527	-0.009551249	-3.803711	0.00443668	0.0	149.78456044197083
354	-35.760918	12.468509	-19.590834	-73.597946	25.869566	-28.673763	1.9073486e-06	-28.673765	-28.673765	213000	-5.5631002e-08	207.20244	-0.004401622	-48.45453	0.008475517	0.0	150.15444612503052
355	-29.270655	6.847829	-17.19929	-42.230278	25.826086	-34.50201	3.8146973e-06	-34.502014	-34.502014	213600	4.9670536e-08	73.23919	-0.013282951	-25.426785	0.007909196	0.0	150.52410197257996
356	-28.42435	6.5655975	-18.507637	-43.649803	26.043478	-30.54791	5.722046e-06	-30.547905	-30.547905	214200	-4.9670536e-08	47.726418	-0.003979173	-4.3972206	0.0038776093	0.0	150.88578820228577
357	-35.029762	17.916515	-18.596518	-107.15385	25.956522	-28.819244	3.8146973e-06	-28.819248	-28.819248	214800	-3.7650267e-08	368.06543	-0.012006578	-36.87393	0.0071608606	0.0	151.24034929275513
358	-27.844522	6.3542	-19.713678	-39.47002	25.73913	-33.423996	0.0	-33.423996	-33.423996	215400	-8.205573e-08	70.503944	-0.010388666	-27.08635	0.0064091138	0.0	151.6054995059967
359	-30.95436	6.050694	-20.937271	-41.961308	25.826086	-29.699568	0.0	-29.699568	-29.699568	216000	-2.0662943e-08	37.760178	-0.011349435	-1.396122	0.007550323	1.0	151.97324919700623
360	-29.89323	8.235577	-18.561138	-51.751575	25.695652	-30.49082	1.9073486e-06	-30.490818	-30.490818	216600	-1.847744e-08	66.825745	-0.016081236	-0.35863495	0.008321478	1.0	152.6616563796997
361	-29.17719	7.6626544	-17.80097	-44.82707	25.652174	-30.065567	0.0	-30.065567	-30.065567	217200	5.7121117e-08	58.447422	-0.016378451	-0.63140106	0.008089447	0.0	153.0018424987793
362	-28.560379	5.838382	-19.598984	-39.50661	25.608696	-29.45364	0.0	-29.45364	-29.45364	217800	1.2318293e-08	34.249805	-0.016929816	-0.7750168	0.0071488596	1.0	153.36569809913635
363	-33.24369	11.134005	-19.38698	-65.13903	25.782608	-28.765242	0.0	-28.765242	-28.765242	218400	-2.880891e-08	142.0629	-0.010201352	-17.879639	0.0061096507	0.0	153.71647953987122
364	-29.725117	7.544522	-21.020405	-47.166866	25.695652	-31.980898	3.8146973e-06	-31.980902	-31.980902	219000	4.529953e-08	60.99613	-0.0135087855	-4.5515633	0.0074316873	1.0	154.06975150108337
365	-31.157604	7.798606	-18.433187	-42.687096	25.695652	-30.40309	1.9073486e-06	-30.403088	-30.403088	219600	1.7484028e-08	60.75698	-0.012041643	-0.56069946	0.009495633	0.0	154.42009806632996
366	-65.712425	164.62346	-17.250338	-853.9797	24.75	-30.954714	3.8146973e-06	-30.954718	-30.954718	220200	-1.7484028e-08	1217.3607	-0.030111808	-3.3876953	0.00893192	0.0	154.7674720287323
367	-31.007067	7.2216477	-21.591394	-53.963203	25.956522	-32.410458	3.8146973e-06	-32.410454	-32.410454	220800	5.761782e-08	54.02985	-0.016342167	-1.789814	0.0063640843	0.0	155.11867475509644
368	-30.774536	9.5076885	-18.920229	-57.68357	25.695652	-31.366608	1.9073486e-06	-31.36661	-31.36661	221400	-1.947085e-08	90.01023	-0.012052541	-0.30114746	0.006625332	1.0	155.48403429985046
369	-33.098873	12.179916	-18.121292	-71.063545	25.73913	-30.90731	1.9073486e-06	-30.907309	-30.907309	222000	-3.6160152e-08	153.94473	-0.010501535	-4.52124	0.0072709364	1.0	155.85918045043945
370	-31.405478	9.56344	-17.987041	-54.4497	25.826086	-32.636383	0.0	-32.636383	-32.636383	222600	4.4107438e-08	92.2251	-0.012699065	-1.5668945	0.0057097785	0.0	156.54907774925232
371	-29.857573	9.109723	-19.318714	-58.855236	25.782608	-31.624271	3.8146973e-06	-31.624275	-31.624275	223200	3.4570693e-08	85.043365	-0.016107004	-2.962494	0.0069403443	1.0	156.91028308868408
372	-28.481825	5.5524235	-19.654995	-43.472176	25.695652	-30.176205	1.9073486e-06	-30.176207	-30.176207	223800	3.3775965e-08	33.143055	-0.013963942	-2.7065258	0.009010125	0.0	157.2751796245575
373	-29.240429	7.052735	-19.55891	-50.675114	25.695652	-28.775501	0.0	-28.775501	-28.775501	224400	-2.7815501e-08	50.186863	-0.016726809	-0.20864868	0.007621466	0.0	157.6390516757965
374	-29.661074	8.002736	-18.756927	-51.844807	25.826086	-29.153868	0.0	-29.153868	-29.153868	225000	-1.2497107e-07	63.44168	-0.01625915	-0.2032814	0.0065418826	0.0	158.01217913627625
375	-29.406824	8.795514	-20.244143	-53.087807	26.086956	-29.549252	1.9073486e-06	-29.54925	-29.54925	225600	1.4901161e-08	77.739815	-0.019160995	-0.010795593	0.0089922575	0.0	158.3666181564331
376	-28.510408	7.2526593	-19.086662	-45.310005	25.913044	-29.460117	0.0	-29.460117	-29.460117	226200	6.9141386e-08	53.019653	-0.011519561	-0.8835907	0.006405851	1.0	158.7222113609314
377	-32.080387	7.371373	-20.290363	-49.197662	25.913044	-28.620358	1.9073486e-06	-28.62036	-28.62036	226800	5.4041546e-08	66.8316	-0.012390692	-12.028896	0.0077010044	0.0	159.07759189605713
378	-30.06398	8.706852	-19.517004	-59.153854	25.782608	-31.678028	1.9073486e-06	-31.678026	-31.678026	227400	1.1523564e-08	75.59276	-0.015814586	-2.8302612	0.00661624	1.0	159.44523978233337
379	-29.475893	7.836857	-19.386183	-54.81953	25.956522	-30.206814	1.9073486e-06	-30.206812	-30.206812	228000	3.8146972e-08	61.70272	-0.014449205	-0.60754013	0.007279934	0.0	159.7946856021881
380	-27.832357	6.624832	-18.312235	-46.243896	25.73913	-29.497066	1.9073486e-06	-29.497065	-29.497065	228600	1.0331472e-08	46.59239	-0.010996772	-2.522152	0.0076317405	0.0	160.48450207710266
381	-32.7954	11.312565	-20.252314	-79.34357	25.913044	-28.056093	5.722046e-06	-28.056099	-28.056099	229200	-6.2783556e-08	149.79121	-0.011402032	-21.698044	0.008049687	0.0	160.8347737789154
382	-29.64278	7.307599	-19.890789	-47.41084	25.826086	-32.133392	0.0	-32.133392	-32.133392	229800	-9.934108e-09	59.282097	-0.010922348	-5.8871536	0.0074785645	0.0	161.18732118606567
383	-28.151571	5.0653186	-18.971548	-36.645477	25.608696	-30.047787	1.9073486e-06	-30.047785	-30.047785	230400	-4.152457e-08	29.037504	-0.016421722	-3.4292908	0.007873238	0.0	161.53935480117798
384	-30.456726	7.014984	-19.620338	-45.29263	25.869566	-28.40567	3.8146973e-06	-28.405666	-28.405666	231000	-7.947286e-08	53.028492	-0.006660586	-4.1138763	0.0062390096	0.0	161.90659379959106
385	-31.59543	7.7383666	-21.580948	-48.22527	25.73913	-30.183819	0.0	-30.183819	-30.183819	231600	-1.3510387e-08	60.980625	-0.014169773	-1.8686218	0.007954248	0.0	162.26640462875366
386	-27.916666	7.1510167	-18.611723	-48.984447	26.043478	-31.413303	0.0	-31.413303	-31.413303	232200	-8.051594e-08	62.82901	-0.009174847	-12.245659	0.008131642	0.0	162.61842393875122
387	-29.424953	6.572011	-19.892912	-45.63742	25.869566	-28.339733	1.9073486e-06	-28.339735	-28.339735	232800	3.973643e-09	44.055523	-0.023035383	-1.0592995	0.008250489	0.0	162.96906781196594
388	-29.068933	5.8108883	-20.223097	-45.277325	26.086956	-29.232058	0.0	-29.232058	-29.232058	233400	-6.874402e-08	33.731277	-0.0122964615	-0.030094147	0.007705722	0.0	163.33580374717712
389	-29.443697	6.462731	-18.950245	-46.71359	26.136364	-29.082516	3.8146973e-06	-29.082512	-29.082512	234000	8.314848e-08	40.007492	-0.018982187	-0.12094879	0.008796255	0.0	163.70072555541992
390	-29.927536	7.9980264	-17.821627	-46.81539	26.043478	-29.398438	0.0	-29.398438	-29.398438	234600	5.2054723e-08	64.00639	-0.0105531085	-0.25331497	0.009209473	0.0	164.38325023651123
391	-30.676939	9.90404	-17.502768	-50.126274	26.181818	-29.864515	0.0	-29.864515	-29.864515	235200	1.9868216e-09	94.43557	-0.015415645	-0.5036392	0.007087993	1.0	164.7453637123108
392	-28.593826	6.2728715	-18.28723	-42.178326	26.0	-30.528835	1.9073486e-06	-30.528837	-30.528837	235800	-9.834766e-08	43.077587	-0.008550124	-3.762352	0.0063411426	0.0	165.1225941181183
393	-32.223667	9.422494	-19.745655	-63.376713	26.181818	-28.712679	0.0	-28.712679	-28.712679	236400	-1.7086665e-08	98.448166	-0.01552077	-11.658897	0.0078040212	0.0	165.49271965026855
394	-28.039526	6.435248	-18.765268	-41.70311	26.043478	-31.86289	1.9073486e-06	-31.862892	-31.862892	237000	3.2981237e-08	56.012463	-0.01650266	-14.062969	0.008770893	0.0	165.86300778388977
395	-29.027954	7.7636466	-18.457787	-46.525803	25.826086	-28.482044	0.0	-28.482044	-28.482044	237600	4.808108e-08	59.71173	-0.011039682	-0.28141785	0.008750093	0.0	166.22738313674927
396	-27.807264	6.5863266	-18.83928	-46.809055	26.043478	-28.9492	0.0	-28.9492	-28.9492	238200	3.039837e-08	44.928062	-0.013107447	-1.3165741	0.0074334512	0.0	166.59065127372742
397	-31.841764	8.300115	-19.064945	-50.51358	26.0	-27.894361	0.0	-27.894361	-27.894361	238800	-1.947085e-08	83.99176	-0.015421141	-14.870094	0.008636556	0.0	166.95350408554077
398	-28.509304	7.4511967	-18.903873	-55.466248	25.956522	-31.378386	1.9073486e-06	-31.378387	-31.378387	239400	-4.7683715e-09	63.441914	-0.0073590805	-8.082623	0.008366958	0.0	167.29231572151184
399	-30.765562	8.036412	-20.845312	-53.8851	26.0	-28.847591	3.8146973e-06	-28.847588	-28.847588	240000	6.318092e-08	68.13829	-0.002783663	-3.5675583	0.0070467917	1.0	167.70231795310974
400	-31.340208	5.4048405	-19.953184	-44.069214	25.565218	-30.53152	1.9073486e-06	-30.531523	-30.531523	240600	6.556511e-09	29.433125	-0.0149225285	-0.6171932	0.007920182	1.0	168.41851806640625
401	-62.69495	160.4238	-18.811775	-831.21124	24.541666	-31.256071	3.8146973e-06	-31.256067	-31.256067	241200	-3.973643e-08	2195.64	-0.028542485	-0.6159668	0.0046284725	0.0	168.76269006729126
402	-31.006342	8.7683525	-18.094118	-46.78975	25.73913	-31.98205	0.0	-31.98205	-31.98205	241800	1.9868216e-09	76.91862	-0.011718172	-0.8891449	0.0075683165	1.0	169.10589265823364
403	-30.584505	8.655667	-19.40027	-53.89397	25.52174	-31.107256	1.9073486e-06	-31.107258	-31.107258	242400	-7.947286e-09	72.78964	-0.015989617	-0.26063538	0.007055403	1.0	169.45710349082947
404	-33.16394	7.0363045	-20.80934	-50.57413	25.565218	-30.623867	3.8146973e-06	-30.623863	-30.623863	243000	4.7683715e-09	55.360573	-0.020412778	-6.2903976	0.009100043	0.0	169.81955671310425
405	-30.52082	8.860466	-19.239944	-58.75179	25.47826	-32.979	0.0	-32.979	-32.979	243600	4.0928523e-08	81.98135	-0.012462131	-6.2037735	0.009770888	0.0	170.18433165550232
406	-29.606108	7.0602474	-19.841576	-49.04848	25.826086	-30.653881	1.9073486e-06	-30.65388	-30.65388	244200	2.324581e-08	50.900074	-0.0129156	-1.1095352	0.008894872	0.0	170.54155325889587
407	-28.604708	8.126378	-18.453804	-52.69767	25.869566	-29.652494	3.8146973e-06	-29.65249	-29.65249	244800	-5.2054723e-08	66.31392	-0.016072836	-1.1450119	0.008161455	0.0	170.8932240009308
408	-29.6502	5.599744	-20.557785	-39.226856	25.782608	-28.631413	1.9073486e-06	-28.631414	-28.631414	245400	-1.5695889e-08	31.841516	-0.009293185	-0.9617176	0.006927433	0.0	171.2555422782898
409	-30.178385	8.661175	-18.722841	-50.23269	25.782608	-29.571012	5.722046e-06	-29.571007	-29.571007	246000	6.9538753e-09	74.92263	-0.0125755565	-0.35419464	0.009289793	0.0	171.6078279018402
410	-28.813553	6.950267	-18.861101	-45.081066	25.826086	-30.149221	0.0	-30.149221	-30.149221	246600	3.774961e-09	49.7768	-0.008637596	-1.7270126	0.007175115	1.0	172.30991101264954
411	-27.088963	6.7650666	-19.234827	-44.565308	25.652174	-28.869144	1.9073486e-06	-28.869146	-28.869146	247200	-1.9073486e-08	47.913807	-0.00757236	-3.0068665	0.009724487	0.0	172.6814000606537
412	-33.416294	11.631965	-19.41248	-64.53208	25.608696	-27.17299	1.9073486e-06	-27.172989	-27.172989	247800	4.6094257e-08	171.09482	-0.015144135	-37.04648	0.006430655	1.0	173.03570675849915
413	-28.962402	5.7492795	-18.016026	-37.11811	25.826086	-32.731915	0.0	-32.731915	-32.731915	248400	2.1457673e-08	46.96461	-0.00837178	-13.789574	0.008370048	0.0	173.3724353313446
414	-30.515308	5.85085	-20.097834	-42.64162	25.826086	-29.460957	1.9073486e-06	-29.460955	-29.460955	249000	7.688999e-08	34.774662	-0.009234717	-1.1172714	0.008682573	0.0	173.73807501792908
415	-28.698566	7.4633074	-18.04275	-48.988636	25.826086	-30.384655	1.9073486e-06	-30.384653	-30.384653	249600	3.3676624e-08	58.411236	-0.014878732	-2.6098557	0.0059757074	0.0	174.09526586532593
416	-33.90063	8.457118	-19.862535	-53.50626	25.956522	-28.935156	0.0	-28.935156	-28.935156	250200	-2.1855037e-08	96.37759	-0.0091138305	-24.699425	0.0071779205	1.0	174.4519557952881
417	-27.571335	7.5140023	-18.037018	-49.472935	25.869566	-33.241043	0.0	-33.241043	-33.241043	250800	2.7418137e-08	87.65262	-0.0110826	-29.891048	0.0067357086	1.0	174.81705117225647
418	-29.45703	5.580926	-19.131683	-41.185585	25.608696	-28.775728	3.8146973e-06	-28.775732	-28.775732	251400	-1.0073185e-07	30.81549	-0.015736647	-0.45612526	0.009426033	0.0	175.17560744285583
419	-28.625818	6.5612774	-18.032984	-48.453465	25.826086	-29.283401	3.8146973e-06	-29.283405	-29.283405	252000	1.2636184e-07	43.05277	-0.015513414	-0.36294937	0.008183708	1.0	175.5337417125702
420	-63.701508	160.06276	-17.07585	-829.3535	24.875	-28.787344	0.0	-28.787344	-28.787344	252600	-3.973643e-08	2277.853	-0.024624374	-18.702148	0.0039045862	0.0	176.27700877189636
421	-30.761156	7.5899115	-20.844902	-44.14253	25.782608	-32.341408	0.0	-32.341408	-32.341408	253200	5.443891e-08	59.668125	-0.018727036	-2.2483482	0.0074393367	1.0	176.6583960056305
422	-32.176807	7.899027	-20.243	-55.655197	26.0	-31.141907	0.0	-31.141907	-31.141907	253800	-2.2848447e-08	64.48611	-0.007678415	-1.2005005	0.0067462157	0.0	177.0477056503296
423	-31.14194	9.659754	-19.21578	-62.391525	25.869566	-32.04349	3.8146973e-06	-32.043488	-32.043488	254400	-8.742014e-09	95.04172	-0.026893687	-0.7011719	0.006902056	0.0	177.4160270690918
424	-27.070429	6.946049	-18.776737	-41.509068	25.782608	-31.342451	1.9073486e-06	-31.34245	-31.34245	255000	4.887581e-08	65.685265	-0.016109493	-16.78302	0.007709891	0.0	177.7685866355896
425	-27.659897	5.1164207	-20.11835	-37.472527	25.608696	-27.908646	3.8146973e-06	-27.90865	-27.90865	255600	1.0430813e-08	25.758396	-0.0071461885	-0.054203033	0.0067371605	1.0	178.12006950378418
426	-27.78272	5.9547944	-19.185625	-43.207386	25.869566	-27.675137	3.8146973e-06	-27.675133	-27.675133	256200	1.3609728e-08	35.24542	-0.010222832	-0.017482758	0.007515036	0.0	178.48884868621826
427	-28.92928	8.477808	-20.042015	-60.016926	25.73913	-27.78857	3.8146973e-06	-27.788567	-27.788567	256800	2.404054e-08	72.61413	-0.008274008	-1.3269424	0.0069890213	1.0	178.862238407135
428	-30.028198	7.585606	-18.98508	-43.40486	26.136364	-28.790651	1.9073486e-06	-28.79065	-28.79065	257400	-3.5564106e-08	56.3741	-0.0155328335	-1.477356	0.00906018	0.0	179.20747423171997
429	-27.866854	6.8737655	-19.817238	-49.230827	25.913044	-29.867064	1.9073486e-06	-29.867065	-29.867065	258000	-1.07288365e-08	50.603985	-0.009011741	-4.0973167	0.008722843	0.0	179.55656814575195
430	-31.735603	8.171251	-19.95921	-50.995926	25.73913	-28.08362	1.9073486e-06	-28.083618	-28.083618	258600	-7.7486035e-08	79.6434	-0.020195628	-12.866333	0.009269885	0.0	180.26625037193298
431	-35.586834	11.846895	-20.06266	-74.78552	26.043478	-31.201523	0.0	-31.201523	-31.201523	259200	-6.854534e-08	162.20404	-0.006413208	-19.279633	0.0072336164	0.0	180.6478190422058
432	-30.344742	11.295595	-18.630856	-74.25762	26.086956	-34.96537	3.8146973e-06	-34.965374	-34.965374	259800	-8.8214875e-08	150.8505	-0.010493735	-19.677734	0.008132262	0.0	181.0104489326477
433	-30.20116	10.739079	-18.145971	-71.28103	25.782608	-31.333815	0.0	-31.333815	-31.333815	260400	4.2915346e-08	117.8787	-0.02308207	-1.0140381	0.009280615	0.0	181.3888599872589
434	-27.941921	5.6236362	-19.970633	-45.478878	25.695652	-30.453112	0.0	-30.453112	-30.453112	261000	5.4836274e-08	37.11498	-0.013038699	-5.962654	0.008087057	0.0	181.75382471084595
435	-29.288546	8.697225	-17.888098	-50.28482	25.913044	-28.403946	5.722046e-06	-28.40394	-28.40394	261600	2.1060307e-08	75.80581	-0.018557884	-0.8028412	0.009657824	0.0	182.10991024971008
436	-29.598843	7.2783556	-18.547678	-47.029423	25.695652	-29.142662	1.9073486e-06	-29.14266	-29.14266	262200	-8.7221466e-08	52.417957	-0.01746284	-0.22298431	0.007047198	1.0	182.4584515094757
437	-25.816317	5.2901287	-18.75502	-42.202927	25.73913	-29.556686	3.8146973e-06	-29.55669	-29.55669	262800	2.4437904e-08	41.328823	-0.017155634	-13.081955	0.0097947	0.0	182.81713676452637
438	-31.41055	8.602125	-19.762642	-47.47571	25.869566	-26.480852	0.0	-26.480852	-26.480852	263400	2.2649765e-08	97.42626	-0.01480683	-22.786598	0.009309392	0.0	183.17955231666565
439	-30.633842	8.5868225	-20.32745	-59.492508	25.913044	-30.38156	1.9073486e-06	-30.381561	-30.381561	264000	-9.139379e-09	74.04547	-0.00843178	-0.08203125	0.0072193053	0.0	183.54270124435425
440	-30.304356	8.446493	-19.643116	-53.35304	25.695652	-30.668655	1.9073486e-06	-30.668657	-30.668657	264600	-3.1689805e-08	70.2553	-0.029692885	-0.14151764	0.009388809	0.0	184.27611660957336
441	-27.682453	5.992248	-19.88269	-42.39767	26.043478	-30.351732	1.9073486e-06	-30.35173	-30.35173	265200	-7.7486035e-08	43.050697	-0.0141597465	-6.8547287	0.009515662	0.0	184.62140345573425
442	-29.305822	8.158278	-17.417727	-49.31138	25.826086	-28.135406	0.0	-28.135406	-28.135406	265800	-1.13248824e-07	67.977516	-0.007902157	-1.5253372	0.009098115	0.0	184.96831345558167
443	-29.333565	6.5061755	-21.524122	-46.77712	25.826086	-29.169466	1.9073486e-06	-29.169468	-29.169468	266400	-1.04109446e-07	41.963802	-0.011634396	-0.01781845	0.008188281	0.0	185.3374366760254
444	-31.276896	7.968322	-19.15132	-51.45744	25.913044	-29.295807	0.0	-29.295807	-29.295807	267000	2.5629998e-08	67.041306	-0.012513133	-3.7450218	0.006840102	0.0	185.7069387435913
445	-28.887722	10.581889	-19.356546	-60.852608	25.869566	-30.986465	1.9073486e-06	-30.986464	-30.986464	267600	1.5497207e-08	115.42465	-0.01392896	-4.2503815	0.009065215	0.0	186.07121348381042
446	-30.20472	8.083195	-18.876284	-48.299805	25.695652	-29.18962	0.0	-29.18962	-29.18962	268200	-7.7486035e-09	64.97077	-0.010074182	-0.889122	0.007845096	0.0	186.42568588256836
447	-28.01895	6.12708	-17.745628	-41.03388	25.913044	-30.013353	1.9073486e-06	-30.013355	-30.013355	268800	-3.0199686e-08	41.38644	-0.016576633	-3.9304047	0.009150834	1.0	186.79052639007568
448	-27.88707	8.677342	-19.423231	-59.533268	25.826086	-28.249895	3.8146973e-06	-28.249899	-28.249899	269400	-1.11262e-08	76.47722	-0.010359497	-0.08521271	0.00954748	1.0	187.157488822937
449	-29.156971	8.991449	-18.879356	-52.6641	25.565218	-27.975447	1.9073486e-06	-27.975445	-27.975445	270000	-1.0748704e-07	81.37546	-0.015194673	-1.4732819	0.008628606	0.0	187.52056455612183
450	-29.147144	8.30734	-17.36118	-48.20467	25.391304	-29.083187	0.0	-29.083187	-29.083187	270600	5.1458677e-08	67.08892	-0.0075739315	-0.0055236816	0.009381161	0.0	188.23810410499573
451	-30.887362	9.490055	-20.191833	-58.554466	25.652174	-29.156868	1.9073486e-06	-29.15687	-29.15687	271200	3.33786e-08	91.56835	-0.01724889	-2.8680573	0.0081085535	0.0	188.596782207489
452	-27.276924	6.545961	-18.225142	-40.337006	25.782608	-30.733425	0.0	-30.733425	-30.733425	271800	-4.7286353e-08	53.92593	-0.010937489	-11.677303	0.0067462325	1.0	188.94043445587158
453	-29.404955	8.461709	-18.3566	-47.871174	25.695652	-27.600248	1.9073486e-06	-27.600246	-27.600246	272400	3.8444995e-08	73.905876	-0.0132667525	-3.0668945	0.008693739	0.0	189.298828125
454	-31.44431	7.250476	-19.159729	-49.721085	25.782608	-29.199556	0.0	-29.199556	-29.199556	273000	-4.2915346e-08	56.5744	-0.021036433	-4.9799576	0.009908708	0.0	189.64169597625732
455	-29.09864	7.7082973	-19.558912	-52.653645	25.782608	-31.265354	1.9073486e-06	-31.265356	-31.265356	273600	7.947286e-08	63.97717	-0.008871239	-4.189083	0.00898419	0.0	189.99894309043884
456	-30.009943	7.0208254	-19.293056	-43.755386	25.652174	-29.38097	1.9073486e-06	-29.380968	-29.380968	274200	-1.579523e-08	48.64994	-0.005277083	-0.37955093	0.007379342	0.0	190.35566759109497
457	-28.137024	7.7584724	-18.199823	-45.78383	25.652174	-29.949297	1.9073486e-06	-29.949299	-29.949299	274800	-7.152557e-09	62.798172	-0.009407156	-3.0644302	0.009703803	0.0	190.71617984771729
458	-26.795622	6.211679	-17.901054	-40.10442	25.52174	-28.30769	1.9073486e-06	-28.307688	-28.307688	275400	-1.0808309e-07	39.87714	-0.007928425	-2.0331345	0.0072514787	1.0	191.06778860092163
459	-26.979343	6.43378	-18.093029	-44.02283	25.695652	-26.954956	0.0	-26.954956	-26.954956	276000	7.947286e-08	40.438164	-0.0135219665	0.0	0.006701804	1.0	191.419047832489
460	-28.15471	8.06311	-18.644676	-43.460083	25.869566	-26.949581	3.8146973e-06	-26.949577	-26.949577	276600	-4.152457e-08	65.99842	-0.022685155	-1.4204102	0.009858507	0.0	192.15421962738037
461	-28.602411	8.271596	-19.40625	-60.045853	25.608696	-28.097044	5.722046e-06	-28.097038	-28.097038	277200	1.4980634e-07	68.05875	-0.014205435	-0.29434204	0.009736815	0.0	192.52325582504272
462	-28.957539	10.785536	-19.43063	-69.28754	25.695652	-28.625729	1.9073486e-06	-28.62573	-28.62573	277800	-1.4503797e-08	115.83185	-0.014946824	-0.12726593	0.0064956592	1.0	192.87937712669373
463	-27.522678	6.8630695	-16.81693	-46.128075	25.652174	-28.975863	5.722046e-06	-28.975868	-28.975868	278400	-4.072984e-08	48.38128	-0.01853907	-1.978859	0.008611033	0.0	193.2628014087677
464	-29.42077	9.860704	-18.080559	-56.011368	25.47826	-27.591448	0.0	-27.591448	-27.591448	279000	-9.179115e-08	99.61412	-0.017749831	-3.4382095	0.009698302	0.0	193.62312150001526
465	-28.02196	5.9840093	-17.03195	-44.589317	25.695652	-29.417757	3.8146973e-06	-29.41776	-29.41776	279600	2.0662943e-08	36.99222	-0.004855413	-1.8359146	0.0072451434	1.0	193.98806595802307
466	-27.567913	6.8366804	-19.17148	-51.166477	25.47826	-28.078503	1.9073486e-06	-28.078505	-28.078505	280200	1.480182e-08	46.466496	-0.010236443	-0.23623657	0.0052581844	0.0	194.35711312294006
467	-28.525404	8.140133	-18.377432	-56.937416	25.608696	-27.593866	1.9073486e-06	-27.593868	-27.593868	280800	5.6624412e-08	66.41515	-0.011017276	-0.9202957	0.006714933	1.0	194.70512318611145
468	-29.668503	7.3138847	-18.953949	-46.60355	25.826086	-28.553684	1.9073486e-06	-28.553686	-28.553686	281400	3.586213e-08	54.28793	-0.011050131	-1.3472862	0.009315516	0.0	195.07655143737793
469	-28.859022	5.8336596	-19.951815	-42.108067	25.695652	-29.71951	1.9073486e-06	-29.719511	-29.719511	282000	4.8379103e-08	34.210835	-0.009363337	-0.7509842	0.008472359	0.0	195.44037222862244
470	-30.072151	5.854736	-20.489538	-42.053547	25.695652	-28.84582	1.9073486e-06	-28.845821	-28.845821	282600	-6.377697e-08	35.536114	-0.007000551	-1.5332565	0.0075200526	0.0	196.19045686721802
471	-29.742899	6.783941	-17.575539	-41.41308	25.652174	-30.097338	1.9073486e-06	-30.097336	-30.097336	283200	4.808108e-08	45.525692	-0.015620391	-0.13518524	0.0065483395	1.0	196.5405557155609
472	-27.091724	6.614557	-18.986353	-39.63247	25.52174	-29.724277	1.9073486e-06	-29.724276	-29.724276	283800	2.026558e-08	49.43176	-0.013095939	-6.581749	0.009459095	0.0	196.90198969841003
473	-27.069458	5.9934144	-19.118832	-40.10283	25.695652	-27.132551	1.9073486e-06	-27.132553	-27.132553	284400	-1.07288365e-08	35.316082	-0.013242991	-0.003063202	0.008556521	0.0	197.26124262809753
474	-27.239386	6.2425785	-18.873161	-40.370323	25.73913	-27.07652	0.0	-27.07652	-27.07652	285000	1.5894572e-09	38.484512	-0.008223298	-0.02998352	0.008197689	0.0	197.60935378074646
475	-30.226677	7.5180187	-19.956322	-47.183395	25.73913	-27.252653	1.9073486e-06	-27.252651	-27.252651	285600	-7.6393285e-08	63.9284	-0.014879017	-8.480652	0.009866846	0.0	197.97739505767822
476	-31.006647	6.4970374	-21.574945	-44.508537	25.73913	-30.19722	3.8146973e-06	-30.197216	-30.197216	286200	3.576279e-08	42.231762	-0.010869993	-0.6193466	0.008275407	0.0	198.33517789840698
477	-28.91498	7.074374	-20.29764	-49.467865	25.47826	-30.99542	0.0	-30.99542	-30.99542	286800	6.8147976e-08	53.012363	-0.010326984	-4.1095695	0.009788944	0.0	198.69392371177673
478	-28.229609	5.8960705	-19.517227	-40.940422	25.826086	-28.94181	1.9073486e-06	-28.941813	-28.941813	287400	-5.8809917e-08	34.743446	-0.009768069	-0.5186615	0.008377446	1.0	199.05021381378174
479	-27.427023	5.195303	-18.446087	-37.631184	25.608696	-28.21016	0.0	-28.21016	-28.21016	288000	3.1391778e-08	27.219831	-0.005422592	-0.58758736	0.009909636	0.0	199.40685629844666
480	-29.115149	7.320749	-18.56136	-52.45968	25.52174	-27.429668	1.9073486e-06	-27.429667	-27.429667	288600	2.2649765e-08	55.514687	-0.009421838	-2.710102	0.008620677	0.0	200.1620454788208
481	-30.765638	7.4278183	-17.519741	-44.86312	25.826086	-29.105944	1.9073486e-06	-29.105942	-29.105942	289200	1.0639429e-07	57.315014	-0.01197766	-2.6307945	0.008925251	1.0	200.52190446853638
482	-29.445354	7.0851507	-19.01706	-47.82482	25.565218	-30.757858	3.8146973e-06	-30.757854	-30.757854	289800	9.735425e-08	50.57485	-0.008769079	-1.8126526	0.0065944563	1.0	200.8919198513031
483	-29.512375	8.983157	-17.490486	-47.209568	25.695652	-29.385637	1.9073486e-06	-29.38564	-29.38564	290400	-2.4239222e-08	78.796394	-0.015702918	-0.0079574585	0.008453572	0.0	201.26714277267456
484	-29.235907	6.0400496	-18.845276	-40.484463	25.695652	-29.476622	5.722046e-06	-29.476616	-29.476616	291000	6.7154566e-08	36.086426	-0.03507231	-0.054836273	0.009163644	0.0	201.6223611831665
485	-29.54446	6.831153	-19.729824	-43.449448	25.73913	-29.237364	0.0	-29.237364	-29.237364	291600	-4.9273172e-08	46.627434	-0.018559894	-0.117328644	0.0073583666	1.0	201.99783182144165
486	-27.316696	5.7382817	-18.249605	-40.130074	25.782608	-29.587278	3.8146973e-06	-29.587275	-29.587275	292200	5.3246815e-08	37.569225	-0.021817718	-5.2375984	0.008965748	0.0	202.36949110031128
487	-27.354874	5.326605	-19.317713	-39.901466	25.73913	-27.25041	1.9073486e-06	-27.250408	-27.250408	292800	9.159247e-08	28.169544	-0.018823732	-0.010494232	0.009628534	0.0	202.71663212776184
488	-28.53259	5.2412634	-19.75858	-39.888126	26.043478	-27.354631	1.9073486e-06	-27.354633	-27.354633	293400	2.0861626e-09	28.599812	-0.011324187	-1.3754063	0.009591614	0.0	203.08047819137573
489	-26.46137	7.112032	-16.83455	-50.868973	25.913044	-28.552402	0.0	-28.552402	-28.552402	294000	3.6160152e-08	53.896454	-0.017231287	-4.409527	0.0084563885	0.0	203.44377636909485
490	-29.45846	10.114864	-17.54546	-56.132084	25.913044	-26.408052	3.8146973e-06	-26.408056	-26.408056	294600	6.655852e-08	110.37896	-0.013859718	-8.902779	0.009135368	0.0	204.18975591659546
491	-30.48365	6.1172414	-19.166105	-42.509407	25.869566	-29.448269	0.0	-29.448269	-29.448269	295200	-7.311503e-08	38.173008	-0.007957441	-0.99368286	0.008255699	0.0	204.53494262695312
492	-28.77442	9.146006	-18.755629	-53.685375	25.52174	-30.46565	1.9073486e-06	-30.465649	-30.465649	295800	-9.775162e-08	84.439514	-0.012309067	-2.9475708	0.0088608265	0.0	204.87857103347778
493	-27.457045	6.2105417	-18.725393	-43.954945	25.73913	-28.7142	1.9073486e-06	-28.714197	-28.714197	296400	-7.9671544e-08	39.517258	-0.013199274	-1.5873337	0.009085199	0.0	205.23955059051514
494	-29.551622	7.6091676	-21.042875	-52.81548	25.608696	-27.427946	1.9073486e-06	-27.427944	-27.427944	297000	-1.66893e-08	60.64301	-0.012118758	-4.124611	0.0068050884	1.0	205.60697102546692
495	-24.76898	4.6654005	-18.739124	-37.218708	26.0	-29.4993	0.0	-29.4993	-29.4993	297600	1.9073486e-08	43.874657	-0.013607743	-22.398912	0.0077231405	1.0	205.98359441757202
496	-26.700073	4.2047215	-20.30145	-36.959026	25.73913	-24.785948	1.9073486e-06	-24.785946	-24.785946	298200	-1.5497207e-08	21.213917	-0.01748658	-3.5441895	0.008744857	0.0	206.36313843727112
497	-26.827888	5.8442864	-18.91278	-39.9376	25.869566	-26.6564	5.722046e-06	-26.656395	-26.656395	298800	4.1921933e-08	33.973267	-0.009945757	-0.02666092	0.0065902807	1.0	206.72911190986633
498	-28.112024	6.6870837	-18.706234	-43.309917	25.695652	-26.820316	0.0	-26.820316	-26.820316	299400	-5.8412553e-08	45.85943	-0.008640306	-1.6134644	0.00939054	0.0	207.0940260887146
499	-29.526312	6.711319	-20.284702	-44.95205	25.695652	-28.095377	0.0	-28.095377	-28.095377	300000	2.5431316e-08	46.239017	-0.016574549	-1.9288406	0.009030842	0.0	207.84551167488098
