Epoch	AverageEpRet	StdEpRet	MaxEpRet	MinEpRet	EpLen	AverageVVals	StdVVals	MaxVVals	MinVVals	TotalEnvInteracts	LossPi	LossV	DeltaLossPi	DeltaLossV	KL	BacktrackIters	Time
0	-846.631	58.6273	-653.87494	-922.33215	9.25	0.56742275	0.30699137	1.7434924	-0.09071761	600	-1.7404557e-07	619289.8	-0.026428938	-7903.5625	0.0057542343	0.0	0.8670856952667236
1	-853.1903	51.52232	-682.48517	-898.26074	9.047619	-4.6326213	1.4337215	-0.64831686	-5.9563737	1200	-1.3947486e-07	594540.1	-0.026952155	-5019.6875	0.0075042406	0.0	1.3272733688354492
2	-842.8251	61.809456	-665.8016	-889.7936	8.761194	-7.9943285	2.3027523	-1.5955056	-9.008905	1800	-1.5099843e-08	563039.5	-0.032119267	-3923.125	0.007122205	0.0	1.7991244792938232
3	-827.4796	76.09568	-648.5884	-889.1503	11.153846	-10.842548	2.429682	-3.094863	-11.672276	2400	4.0133795e-08	514819.53	-0.029400123	-3660.0	0.007706999	0.0	2.2591044902801514
4	-818.7161	95.10593	-525.07684	-889.8305	11.423077	-13.469064	2.6811776	-4.863275	-14.322268	3000	-2.1696091e-07	475824.44	-0.0290417	-3478.1875	0.007492521	0.0	2.7030019760131836
5	-836.07666	83.35243	-604.0761	-890.2121	9.274194	-15.872904	3.0374856	-7.0063	-16.921377	3600	-8.980433e-08	478123.4	-0.024534509	-3462.9375	0.007837662	0.0	3.1311819553375244
6	-790.61896	117.91872	-525.7168	-891.22504	14.195122	-18.795723	2.5004451	-9.683124	-19.48722	4200	-6.11941e-08	401209.88	-0.026974373	-3045.125	0.0096927425	0.0	3.5880112648010254
7	-830.16815	86.187256	-608.14124	-890.0506	9.633333	-20.94626	2.9880466	-12.065088	-21.959133	4800	8.662542e-08	458880.47	-0.028113479	-3494.2188	0.007946766	0.0	4.023279666900635
8	-828.32654	94.804344	-587.2965	-890.6526	7.68	-23.34802	3.1379676	-15.116631	-24.552689	5400	3.2583873e-08	405531.2	-0.027402248	-3215.6562	0.008687815	0.0	4.450115919113159
9	-794.43115	133.59784	-363.24036	-890.376	10.545455	-26.204508	2.50178	-18.415567	-27.017004	6000	1.9868216e-08	355579.38	-0.033447955	-2766.4062	0.007480499	0.0	4.853407382965088
10	-739.8438	161.70573	-364.36633	-886.8884	17.617647	-28.899815	1.9155823	-21.205248	-29.379858	6600	8.34465e-08	341066.2	-0.024567021	-2755.0312	0.008123477	0.0	5.4588823318481445
11	-771.59406	171.62259	-232.34447	-890.0266	11.3	-31.085657	2.2739286	-23.653074	-31.793333	7200	1.08281775e-07	299038.78	-0.03326901	-2279.3125	0.008369264	0.0	5.891828775405884
12	-762.9268	190.78558	-184.75764	-889.47687	10.907408	-33.270184	2.235297	-26.245905	-33.987606	7800	1.056989e-07	265551.53	-0.029460046	-2110.4688	0.006176692	0.0	6.324615240097046
13	-725.5148	224.56448	-175.7177	-888.3018	12.5	-35.531242	1.944311	-28.862455	-36.10142	8400	2.582868e-08	220123.31	-0.029343084	-1666.4531	0.0054622707	0.0	6.737615346908569
14	-709.4102	237.36246	-180.04695	-888.47253	13.613636	-37.513134	1.8082092	-31.163061	-38.029793	9000	8.145968e-09	233605.12	-0.03240699	-1809.5	0.008942191	1.0	7.163308620452881
15	-705.2548	207.11124	-274.02597	-886.89154	15.378378	-39.641224	1.5999717	-33.488316	-40.05862	9600	-6.437302e-08	222640.77	-0.02209263	-1843.8906	0.0068417764	0.0	7.578230857849121
16	-627.23083	262.86575	-78.80145	-890.4987	17.84375	-41.775127	1.4644028	-35.780624	-42.146767	10200	-1.4305114e-08	154810.95	-0.0278158	-1265.75	0.0076123383	0.0	8.002422571182251
17	-673.79407	271.86044	-171.34615	-890.1753	12.688889	-43.44638	1.6536071	-37.70778	-43.923687	10800	9.377798e-08	134490.84	-0.028612582	-1027.1562	0.0054387227	0.0	8.432932138442993
18	-695.78577	278.1628	-65.823715	-889.77435	10.980769	-44.997593	1.6660156	-39.645485	-45.517963	11400	-9.695689e-08	153414.1	-0.035752762	-1067.875	0.00644347	0.0	8.8582124710083
19	-618.28986	305.55234	-58.057438	-889.4706	14.425	-46.772427	1.3747468	-41.696274	-47.145256	12000	-2.3841857e-09	126535.81	-0.031412743	-873.5156	0.008920715	0.0	9.26633906364441
20	-613.8525	317.02936	-61.64346	-890.7097	13.2	-48.275337	1.3840051	-43.4724	-48.675133	12600	-2.8610229e-08	94601.14	-0.039712705	-673.71875	0.0062236716	0.0	9.862157106399536
21	-482.1228	338.44693	-37.839523	-887.8264	18.09091	-49.740353	1.1671419	-44.27355	-50.03582	13200	5.364418e-08	68839.77	-0.02621974	-441.98438	0.0065813637	1.0	10.29981803894043
22	-568.08093	337.1657	-41.212147	-888.4011	14.675	-50.849888	1.2095796	-46.3836	-51.1779	13800	-3.7352244e-08	89692.43	-0.024604723	-554.0	0.00882226	0.0	10.731462001800537
23	-535.65485	359.26138	-36.924145	-889.0656	14.390244	-52.127636	1.1738431	-47.849026	-52.44988	14400	3.576279e-08	69373.625	-0.023533113	-348.3828	0.0091041215	0.0	11.149059772491455
24	-582.5229	358.79608	-22.368637	-888.1546	12.0	-53.12632	1.2144591	-49.09843	-53.49293	15000	-2.22524e-08	67515.49	-0.03130452	-303.3047	0.008936413	0.0	11.580602407455444
25	-550.232	373.0752	-23.960829	-889.6544	12.74468	-54.1071	1.1328487	-50.33042	-54.45111	15600	-1.1920929e-08	58417.84	-0.027348947	-235.73438	0.007498657	0.0	12.003588676452637
26	-569.5367	371.0122	-33.32332	-892.0021	12.104167	-54.994297	1.0632101	-51.42901	-55.31176	16200	1.0331472e-08	61333.395	-0.026423622	-226.72266	0.005700037	0.0	12.427579402923584
27	-509.5533	386.6203	-29.400845	-888.9667	13.636364	-55.90071	0.95209014	-52.516262	-56.168835	16800	-2.026558e-08	51069.887	-0.025719212	-138.01562	0.007520561	0.0	12.875290870666504
28	-391.76578	378.87433	-23.773928	-887.78204	17.617647	-56.658813	0.8137934	-53.389145	-56.861485	17400	7.549922e-09	24364.797	-0.029713158	-69.24609	0.0048798253	0.0	13.308779239654541
29	-523.035	382.087	-24.08577	-888.95905	13.222222	-57.116386	0.8973553	-54.002243	-57.375256	18000	2.3047129e-08	54030.88	-0.02602684	-167.48047	0.00707248	0.0	13.75924301147461
30	-388.43365	368.6276	-31.067333	-887.8657	18.21875	-57.97413	0.7328926	-54.936222	-58.150997	18600	4.45048e-08	31640.68	-0.02375561	-112.16211	0.0084871985	0.0	14.347954034805298
31	-470.15646	379.06192	-36.62623	-886.55414	14.974359	-58.629765	0.782283	-55.702744	-58.83907	19200	-1.7086665e-08	44519.273	-0.008027634	-151.7539	0.0068229404	6.0	14.757408618927002
32	-527.58844	378.29956	-31.773449	-888.1304	13.204545	-59.404194	0.797401	-56.60383	-59.631557	19800	-2.4636586e-08	55362.65	-0.030379923	-184.73438	0.0069803777	0.0	15.177602529525757
33	-387.84985	374.31195	-36.885555	-887.09143	17.647058	-60.355034	0.6669222	-57.633945	-60.518654	20400	2.3841858e-08	29804.707	-0.02519991	-92.427734	0.007591177	0.0	15.59906554222107
34	-508.78107	390.5114	-28.326487	-886.89325	13.155556	-60.970676	0.74665904	-58.3795	-61.186047	21000	1.768271e-08	54313.965	-0.023933135	-126.87109	0.0061909165	0.0	16.02971053123474
35	-412.79742	389.534	-32.835064	-888.5745	16.18919	-61.770794	0.65135854	-59.26586	-61.940247	21600	-8.742014e-09	30407.67	-0.020155223	-55.003906	0.008179746	0.0	16.43551254272461
36	-341.88446	371.8211	-28.225838	-886.5612	18.0625	-62.32319	0.59000033	-59.884636	-62.46712	22200	-4.3710074e-08	23144.396	-0.023296779	-33.34961	0.0089766905	0.0	16.864694833755493
37	-471.6984	395.29538	-28.757364	-888.5812	14.170732	-62.704517	0.6436509	-60.358444	-62.88123	22800	2.3841857e-09	43577.707	-0.022178834	-78.640625	0.008309849	0.0	17.285456657409668
38	-408.51416	384.59076	-20.462696	-884.10767	16.162163	-63.350456	0.5895803	-61.083103	-63.503834	23400	2.3841857e-09	34012.625	-0.021976218	-66.77734	0.0077530527	0.0	17.715453624725342
39	-397.68594	389.2675	-25.31011	-887.25867	16.63889	-63.968464	0.5633192	-61.771088	-64.11304	24000	3.1789146e-08	30376.684	-0.019058894	-46.589844	0.006657626	0.0	18.13279938697815
40	-506.77176	390.58582	-21.35451	-887.7889	13.111111	-64.45753	0.60386664	-62.36189	-64.631615	24600	3.7501255e-08	50815.734	-0.023254873	-120.47266	0.0064295484	0.0	18.73307490348816
41	-260.23587	323.8956	-21.813993	-885.5216	21.481482	-65.35332	0.45577446	-63.29331	-65.45417	25200	-3.973643e-08	15030.917	-0.022214597	-42.58496	0.008006337	0.0	19.15346360206604
42	-318.7061	368.32104	-22.237741	-884.49976	18.709677	-65.887024	0.47863656	-63.8705	-66.000694	25800	2.1060307e-08	22492.916	-0.020534288	-21.15039	0.009144765	0.0	19.57428765296936
43	-416.51447	389.5515	-22.25586	-886.9313	15.605263	-66.24224	0.5149122	-64.28932	-66.37804	26400	1.7881394e-08	36914.316	-0.020514296	-60.328125	0.007940408	0.0	20.01814556121826
44	-397.6659	388.54547	-25.2742	-886.9837	16.36111	-66.87332	0.48570243	-64.9787	-66.99789	27000	-9.139379e-09	31419.334	-0.0148222195	-53.427734	0.008925067	0.0	20.445598363876343
45	-414.51404	380.09302	-25.71984	-865.12537	15.567568	-67.4883	0.4762326	-65.656845	-67.61219	27600	2.0811955e-08	34241.0	-0.014596453	-92.78125	0.005596438	0.0	20.870182514190674
46	-373.3349	374.99484	-31.550062	-871.6635	16.911764	-68.31965	0.44390273	-66.536125	-68.43015	28200	-3.1789145e-09	27405.826	-0.018020496	-61.51172	0.0071662934	0.0	21.29759907722473
47	-397.76154	381.97797	-34.340115	-876.2481	16.083334	-69.01554	0.44351593	-67.28547	-69.12925	28800	1.5099843e-08	31322.973	-0.016145892	-65.8457	0.00793633	0.0	21.748521089553833
48	-335.97958	376.29816	-24.266712	-886.9887	18.03125	-69.75338	0.40765557	-68.0636	-69.85173	29400	-1.0331472e-08	22215.09	-0.016971648	-19.246094	0.0070069935	0.0	22.1954505443573
49	-291.27548	358.4321	-33.559227	-874.28955	19.129032	-70.17127	0.39158565	-68.5215	-70.26424	30000	-3.059705e-08	19124.45	-0.011593422	-10.4453125	0.008352171	0.0	22.61345386505127
50	-336.03607	376.05164	-26.101717	-885.99506	18.1875	-70.46746	0.38894877	-68.85523	-70.56132	30600	2.3841857e-09	22662.01	-0.01880885	-18.220703	0.0068906276	0.0	23.21447491645813
51	-395.9517	382.44846	-31.618662	-874.05316	16.25	-70.8494	0.40023005	-69.28818	-70.95201	31200	-8.742014e-09	32445.746	-0.019210247	-66.45703	0.007211484	0.0	23.638494968414307
52	-468.75262	390.784	-29.563627	-876.1023	13.953488	-71.6034	0.4158681	-70.10666	-71.719	31800	3.0994414e-08	46083.906	-0.01930198	-124.39844	0.008496271	0.0	24.042428016662598
53	-406.72604	385.71783	-23.280119	-873.6494	15.621622	-72.70216	0.37495148	-71.2602	-72.79967	32400	1.1920929e-09	34198.49	-0.018657468	-70.6875	0.007905007	0.0	24.456676721572876
54	-207.5827	314.37836	-22.618296	-880.5471	21.925926	-73.58967	0.3132593	-72.1738	-73.659	33000	6.357829e-09	11486.978	-0.009929658	-0.10058594	0.009452317	2.0	24.88324522972107
55	-426.98587	389.30658	-22.96235	-854.5735	14.897436	-73.62102	0.36443835	-72.25741	-73.718445	33600	2.0066897e-08	37649.74	-0.027260482	-69.13281	0.009257097	0.0	25.31538462638855
56	-269.93964	329.15308	-34.267654	-870.18256	20.275862	-74.46004	0.3068458	-73.122536	-74.53048	34200	1.66893e-08	15483.87	-0.017720109	-38.65039	0.007659125	0.0	25.73333740234375
57	-335.97726	370.371	-36.377365	-850.13916	17.9375	-75.13778	0.31584167	-73.82858	-75.21398	34800	1.9073486e-08	22662.947	-0.013507517	-23.966797	0.008836519	0.0	26.145432710647583
58	-439.1288	395.2138	-30.486176	-877.36346	14.575	-75.656456	0.3411095	-74.39694	-75.748924	35400	4.7683715e-09	38997.36	-0.020214403	-70.546875	0.0076115276	0.0	26.56926202774048
59	-370.62485	377.59726	-27.842522	-872.1725	17.0	-76.57157	0.30362645	-75.35165	-76.64714	36000	9.536743e-09	27293.666	-0.011525771	-55.146484	0.009164668	0.0	26.979896545410156
60	-434.29987	386.48093	-32.45255	-888.31323	15.230769	-77.40745	0.31349277	-76.23447	-77.49125	36600	-3.7749608e-08	35894.867	-0.017613495	-108.58594	0.008081654	0.0	27.601128101348877
61	-274.46988	347.6137	-27.0466	-874.43176	19.6	-78.60482	0.26779193	-77.45753	-78.66733	37200	1.2715658e-08	16662.303	-0.015405999	-5.0039062	0.008864212	0.0	28.008153676986694
62	-340.0382	377.58206	-24.54269	-877.67444	17.647058	-78.91248	0.27336627	-77.79713	-78.97949	37800	-1.1523564e-08	25755.969	-0.017625725	-13.369141	0.008199741	0.0	28.417216777801514
63	-373.42752	383.49615	-25.276619	-886.79486	16.666666	-79.32004	0.2727087	-78.24062	-79.388954	38400	4.2915346e-08	27941.713	-0.018784279	-32.98242	0.008912207	0.0	28.827864170074463
64	-332.34445	371.8569	-30.404486	-868.2031	18.25	-80.003654	0.25312498	-78.95442	-80.064735	39000	-3.33786e-08	23112.36	-0.0146475425	-13.779297	0.009455039	0.0	29.243512630462646
65	-323.0297	373.74905	-29.44742	-875.8245	18.09091	-80.4688	0.24954253	-79.45066	-80.52998	39600	-3.1789145e-09	22939.857	-0.007927135	-4.669922	0.009355501	2.0	29.651812076568604
66	-348.2298	379.63263	-22.33414	-875.12445	17.90909	-80.72966	0.24221547	-79.7414	-80.78903	40200	-7.549922e-09	26021.04	-0.014353632	-14.765625	0.008562822	0.0	30.105621099472046
67	-447.38428	394.14325	-20.342377	-885.99133	14.536586	-81.18741	0.25926596	-80.2424	-81.25855	40800	9.536743e-09	40416.617	-0.017257866	-78.63281	0.009071959	0.0	30.531394243240356
68	-334.50116	375.0694	-30.631973	-871.7752	18.28125	-82.32549	0.22128196	-81.40826	-82.37888	41400	5.165736e-09	22568.977	-0.018503042	-10.466797	0.007754444	0.0	30.949254035949707
69	-353.73853	374.82315	-27.490004	-853.36584	17.757576	-82.79267	0.21756628	-81.90498	-82.846	42000	-1.66893e-08	24688.436	-0.01187468	-28.402344	0.009256588	0.0	31.363529443740845
70	-434.24576	396.24295	-30.123049	-876.7042	14.925	-83.48638	0.230759	-82.63431	-83.548874	42600	1.7484028e-08	38431.785	-0.012063016	-47.160156	0.00851619	0.0	31.98037838935852
71	-415.5818	393.8855	-20.902246	-879.98	15.552631	-84.422554	0.21548483	-83.605286	-84.47938	43200	-5.9604646e-09	35596.203	-0.014692434	-46.570312	0.008998098	0.0	32.40674877166748
72	-441.89996	389.4677	-32.24659	-877.1147	14.975	-85.37903	0.21155901	-84.597855	-85.436325	43800	1.3510387e-08	38140.926	-0.011542595	-102.28516	0.009258756	0.0	32.82508039474487
73	-396.30624	388.21985	-34.804943	-886.3728	16.36111	-86.81208	0.19348137	-86.05736	-86.86171	44400	4.7683715e-09	28796.807	-0.018804144	-34.5	0.0075223353	0.0	33.24578309059143
74	-356.61105	388.53488	-28.40841	-872.98254	17.147058	-87.70496	0.18165584	-86.975105	-87.75018	45000	9.139379e-09	26711.47	-0.0138005065	-0.8046875	0.008037032	0.0	33.670738220214844
75	-348.11404	377.8692	-24.880367	-850.95447	18.030304	-87.74922	0.17251271	-87.04535	-87.791504	45600	-6.357829e-09	24367.096	-0.016220221	-4.658203	0.00889665	0.0	34.10482716560364
76	-369.2388	379.15912	-23.522734	-874.32947	17.235294	-88.03292	0.16929664	-87.352715	-88.07506	46200	-2.3841857e-09	27291.643	-0.02100817	-33.085938	0.008529984	0.0	34.522629499435425
77	-357.16846	371.67337	-32.237713	-850.20483	17.515152	-88.89148	0.16213983	-88.22994	-88.93123	46800	-6.357829e-09	24250.05	-0.010563485	-36.30664	0.009849197	0.0	34.95108652114868
78	-399.75064	391.86237	-22.686382	-851.5545	15.8918915	-89.83654	0.16627602	-89.1971	-89.87979	47400	5.5631e-09	32725.107	-0.012239039	-15.654297	0.0093634045	0.0	35.38663673400879
79	-424.13562	390.3074	-24.073088	-876.03723	15.333333	-90.47303	0.16361259	-89.86085	-90.51676	48000	-1.1920929e-08	37315.094	-0.014739927	-51.85547	0.007529688	0.0	35.8066782951355
80	-270.28653	350.3075	-27.035368	-873.8062	19.833334	-91.62325	0.13930783	-91.026436	-91.655785	48600	-1.5894572e-09	16916.266	-0.010792511	-9.521484	0.008662958	0.0	36.43480038642883
81	-349.9569	385.52386	-23.014456	-887.35864	17.545454	-91.20138	0.14111698	-90.62561	-91.23597	49200	0.0	23104.066	-0.018026495	-1.1660156	0.007190722	0.0	36.8794801235199
82	-410.42957	392.45612	-21.846678	-852.4465	15.631579	-91.036095	0.14509892	-90.48579	-91.07437	49800	-1.9868216e-09	34760.54	-0.018611083	-18.152344	0.008928442	0.0	37.323967695236206
83	-342.37723	365.50375	-31.182785	-855.7078	18.46875	-91.717445	0.12865372	-91.18417	-91.7485	50400	0.0	23513.514	-0.012997382	-37.626953	0.008576011	0.0	37.753947019577026
84	-345.7577	385.48917	-20.88677	-876.5922	17.666666	-92.78203	0.12733717	-92.2625	-92.813255	51000	1.0927518e-09	25053.344	-0.017764088	-2.3359375	0.008778683	0.0	38.16700458526611
85	-309.0407	373.61667	-25.715038	-878.9897	18.64516	-92.6082	0.11921899	-92.10593	-92.636505	51600	5.5631e-09	21129.379	-0.011220177	-19.658203	0.00926069	0.0	38.60176157951355
86	-256.9584	334.1571	-32.426537	-848.6842	20.689655	-91.82794	0.109572545	-91.34173	-91.85263	52200	-2.3841858e-08	14910.753	-0.013233204	-2.7441406	0.009386895	0.0	39.029576778411865
87	-450.66382	391.99396	-23.90597	-876.2923	14.560976	-91.483604	0.12710945	-91.020294	-91.51848	52800	-1.66893e-08	40181.22	-0.015197213	-108.20703	0.00825427	0.0	39.447948932647705
88	-423.94852	392.38025	-27.705301	-874.7184	15.358974	-93.3294	0.11952195	-92.882195	-93.36135	53400	1.5497207e-08	36352.992	-0.01369441	-40.089844	0.0077178925	0.0	39.89844989776611
89	-312.44757	370.93628	-30.401815	-875.6303	18.64516	-94.59209	0.103140585	-94.15753	-94.616554	54000	-8.742014e-09	20788.734	-0.012720205	-10.574219	0.008474168	0.0	40.32814812660217
90	-257.76138	343.18045	-22.397717	-852.03687	20.535715	-94.061264	0.094823316	-93.6405	-94.082634	54600	-1.2715658e-08	15967.36	-0.019429026	-25.370117	0.008741251	0.0	40.95974278450012
91	-268.2032	352.49408	-21.399038	-875.629	19.733334	-93.07202	0.09486051	-92.66561	-93.09416	55200	1.5894572e-09	17497.49	-0.017266968	-36.814453	0.009046798	0.0	41.37205243110657
92	-316.01437	368.3453	-22.4087	-875.6749	18.806452	-91.85541	0.09293041	-91.46389	-91.87747	55800	1.1920929e-09	20538.613	-0.016352506	-1.7089844	0.008811961	0.0	41.77828502655029
93	-448.87354	397.15015	-26.712334	-882.9923	14.846154	-91.54063	0.09984693	-91.167046	-91.56734	56400	1.1920929e-08	37868.21	-0.020902919	-67.69141	0.008805412	0.0	42.23734903335571
94	-346.09232	381.69583	-31.058662	-877.82166	17.636364	-93.15222	0.08892562	-92.789406	-93.17403	57000	-2.22524e-08	25444.836	-0.024442075	-0.17773438	0.008706682	0.0	42.65277981758118
95	-388.69644	390.63763	-22.21242	-875.21576	16.527779	-93.25798	0.08908726	-92.91047	-93.28082	57600	-4.7683715e-09	30642.646	-0.016299067	-5.8828125	0.009511016	0.0	43.07533502578735
96	-428.15213	393.47025	-20.069424	-877.2597	15.256411	-93.72371	0.08875227	-93.39163	-93.747444	58200	6.7551933e-09	36298.652	-0.017403686	-55.246094	0.008497027	0.0	43.4894757270813
97	-408.82568	387.6013	-23.666832	-877.1797	16.0	-95.291794	0.08337824	-94.97116	-95.31349	58800	-3.1689805e-08	32601.03	-0.01930115	-63.16992	0.00845142	0.0	43.949336528778076
98	-473.40872	393.58365	-25.876724	-876.0497	13.928572	-97.04853	0.0854765	-96.7409	-97.07229	59400	1.5497207e-08	45099.152	-0.016611354	-121.03906	0.00871334	0.0	44.38142681121826
99	-384.38568	380.95453	-29.933178	-878.6532	16.971428	-99.470795	0.07549704	-99.17198	-99.48988	60000	-2.6027362e-08	27820.506	-0.01661106	-26.882812	0.009319819	0.0	44.79937386512756
100	-378.48154	385.995	-24.403019	-874.9135	16.77143	-100.712074	0.0730253	-100.423035	-100.73053	60600	3.774961e-09	28385.443	-0.015346755	-0.5234375	0.0089993365	0.0	45.458043813705444
101	-254.93819	341.8358	-26.33394	-852.99896	20.607143	-100.869576	0.063334994	-100.58855	-100.88386	61200	1.5099843e-08	16201.366	-0.012287913	-78.98926	0.009417721	0.0	45.875587701797485
102	-430.0903	391.81345	-35.43543	-878.47986	15.230769	-98.90352	0.070734285	-98.638855	-98.922424	61800	-1.1324882e-08	36003.023	-0.014332796	-42.351562	0.008955658	0.0	46.296708822250366
103	-364.30246	383.12387	-24.544981	-873.9835	17.264706	-100.236534	0.06398233	-99.97947	-100.252464	62400	7.947286e-10	26234.174	-0.020715997	-0.30078125	0.009712791	0.0	46.72228670120239
104	-228.3486	323.96692	-24.77028	-849.16595	21.428572	-100.24631	0.055308815	-99.99633	-100.25855	63000	3.973643e-09	13322.327	-0.015676621	-116.53027	0.008415896	0.0	47.129475831985474
105	-283.83896	347.21378	-26.35487	-853.38586	19.931034	-97.7696	0.0547671	-97.53086	-97.78215	63600	-3.2583873e-08	17586.246	-0.01974376	-6.279297	0.008686733	0.0	47.53076457977295
106	-385.36566	383.42212	-30.803583	-877.6257	16.62857	-97.03376	0.05792913	-96.80446	-97.048386	64200	-3.536542e-08	28512.232	-0.010042077	-31.175781	0.008995922	0.0	47.923383712768555
107	-269.87592	351.638	-28.579126	-877.8352	20.0	-98.31419	0.05167921	-98.08894	-98.326065	64800	9.536743e-09	17425.703	-0.011037323	-64.8457	0.008390594	0.0	48.32108688354492
108	-371.33624	377.4912	-29.693808	-876.7299	17.205883	-96.48382	0.05321783	-96.27	-96.49706	65400	-5.5631e-09	26967.365	-0.011134679	-36.13086	0.0091219405	0.0	48.727081060409546
109	-412.43915	396.30957	-27.666555	-887.0061	15.473684	-97.80218	0.054595046	-97.59511	-97.81657	66000	-2.3841857e-09	33420.883	-0.015841046	-2.9765625	0.009346145	0.0	49.10497546195984
110	-369.69604	380.8082	-26.094912	-875.6387	17.382353	-98.29312	0.049580857	-98.09392	-98.305466	66600	1.5894572e-09	26861.695	-0.017276332	-12.691406	0.008422017	0.0	49.75184369087219
111	-315.4296	370.726	-25.872486	-885.62946	18.580645	-99.18408	0.046018682	-98.990204	-99.19501	67200	2.78155e-09	20070.297	-0.013232119	-32.03711	0.009332013	0.0	50.196900367736816
112	-475.2397	394.16495	-23.848902	-888.4981	13.714286	-97.81194	0.050546944	-97.63002	-97.82599	67800	1.5894573e-08	42365.26	-0.015059738	-111.19531	0.006607643	1.0	50.645647048950195
113	-434.5248	396.28253	-25.475647	-874.98737	14.975	-100.37163	0.047586326	-100.195915	-100.384514	68400	-8.742014e-09	38644.77	-0.013387557	-24.5	0.009244824	0.0	51.085601806640625
114	-334.6963	376.27783	-19.065573	-875.77985	18.1875	-101.77931	0.04111803	-101.608864	-101.78922	69000	7.947286e-09	22844.16	-0.019998802	-12.994141	0.0082647465	0.0	51.51890015602112
115	-312.0212	366.26334	-22.788382	-885.4385	18.53125	-100.91842	0.03939099	-100.75514	-100.927925	69600	2.026558e-08	19967.037	-0.017346505	-27.707031	0.0070177736	0.0	51.96195650100708
116	-438.1014	391.85364	-24.527693	-877.70996	14.625	-99.48723	0.04175353	-99.33305	-99.498535	70200	1.07288365e-08	37803.426	-0.016228704	-60.597656	0.0085447915	0.0	52.41268467903137
117	-400.43576	388.4188	-23.927807	-853.0265	15.837838	-101.45642	0.038940746	-101.306656	-101.46654	70800	-2.1457673e-08	33310.22	-0.015168728	-9.859375	0.008695047	0.0	52.863569259643555
118	-228.1864	326.9035	-32.740623	-876.5148	21.285715	-102.41384	0.032988794	-102.26747	-102.42129	71400	0.0	13731.199	-0.014906848	-191.70801	0.009899463	0.0	53.30198431015015
119	-344.19083	383.7683	-27.76566	-877.9371	17.636364	-98.801796	0.03369657	-98.664314	-98.81006	72000	-1.09275184e-08	24861.709	-0.018302264	-39.66992	0.008786855	0.0	53.74126172065735
120	-387.008	390.46912	-23.748955	-876.3422	16.333334	-96.934456	0.03333526	-96.80443	-96.94301	72600	-1.1324882e-08	30147.268	-0.014879841	-0.16015625	0.008709235	0.0	54.42590308189392
121	-449.30606	389.44684	-20.452803	-873.3693	14.634147	-96.91818	0.03353175	-96.79438	-96.92728	73200	-9.536743e-09	39194.152	-0.014261195	-160.4336	0.009032598	0.0	54.88082432746887
122	-439.4101	395.16803	-31.476488	-878.08527	14.875	-100.291245	0.03274835	-100.17033	-100.30012	73800	-2.3841857e-09	37798.06	-0.018677427	-56.222656	0.009393028	0.0	55.3265597820282
123	-475.10022	394.39868	-31.505636	-877.4848	13.522727	-102.46642	0.033006266	-102.3505	-102.475815	74400	-6.000201e-08	46736.11	-0.012981697	-143.60156	0.009394889	0.0	55.776445627212524
124	-404.62695	389.7297	-26.322218	-878.2308	15.837838	-105.72603	0.029467767	-105.61271	-105.733696	75000	-1.4305114e-08	32065.24	-0.015185876	-3.3808594	0.008666175	0.0	56.21684384346008
125	-408.36533	396.90002	-22.410875	-880.1456	15.605263	-106.39885	0.02861134	-106.29034	-106.406395	75600	-1.947085e-08	34556.215	-0.01638074	-19.585938	0.009682634	0.0	56.654290437698364
126	-357.0311	379.66324	-32.203323	-876.94714	17.848484	-105.22962	0.025335066	-105.12626	-105.23584	76200	-4.7683715e-09	24566.186	-0.030842235	-1.578125	0.00831962	0.0	57.09418749809265
127	-351.35986	383.77805	-26.392921	-873.1559	17.142857	-104.82016	0.02470645	-104.72091	-104.826324	76800	1.9868216e-09	26752.96	-0.014417421	-54.353516	0.008727092	0.0	57.54882860183716
128	-410.61215	399.103	-26.669376	-887.09705	15.289474	-102.75755	0.02461068	-102.664215	-102.764046	77400	1.7484028e-08	33876.574	-0.020037983	-9.8828125	0.009195502	0.0	57.999565839767456
129	-345.47583	380.57147	-22.973457	-871.0738	17.69697	-101.75997	0.021863982	-101.67078	-101.76534	78000	-8.742014e-09	25779.873	-0.012556945	-25.960938	0.0065053497	1.0	58.44835615158081
130	-361.8984	382.8642	-23.009377	-877.2368	17.117647	-100.26303	0.021133797	-100.178116	-100.268295	78600	-2.582868e-08	27867.67	-0.019493194	-1.0742188	0.009589522	0.0	59.151764154434204
131	-350.49945	377.06674	-39.85253	-852.44464	17.69697	-99.88621	0.020077173	-99.80428	-99.89112	79200	-4.7683715e-09	23839.904	-0.012858615	-1.125	0.009057932	0.0	59.592507123947144
132	-302.20883	367.9697	-24.60319	-849.6521	18.6875	-99.57082	0.019103246	-99.49163	-99.575424	79800	1.2318293e-08	21051.336	-0.013389708	-106.43555	0.009188916	0.0	60.03323459625244
133	-422.4958	383.44662	-35.994473	-877.1544	15.972222	-96.49366	0.019051494	-96.41935	-96.49855	80400	5.9604646e-09	31304.434	-0.01307186	-180.47266	0.009432496	0.0	60.47730588912964
134	-340.2317	382.18686	-27.983088	-855.9732	17.515152	-100.20309	0.018212687	-100.12878	-100.20755	81000	2.22524e-08	25456.613	-0.025918687	-44.73633	0.008741279	0.0	60.926456689834595
135	-269.19693	352.65106	-29.41528	-879.04376	19.966667	-98.50999	0.016592361	-98.43891	-98.51387	81600	1.1622905e-08	17474.7	-0.015025905	-121.546875	0.009583189	0.0	61.37670278549194
136	-414.97415	390.6865	-29.760094	-869.8654	15.763158	-95.27474	0.017506668	-95.20833	-95.27934	82200	-9.536743e-09	33859.066	-0.01715159	-45.992188	0.009105594	0.0	61.8154354095459
137	-444.8943	392.74133	-33.348766	-856.2664	14.414634	-97.026054	0.01766164	-96.961685	-97.03091	82800	-3.218651e-08	39908.25	-0.016744332	-103.89844	0.009707779	0.0	62.280287742614746
138	-470.47516	398.03372	-23.934324	-874.3861	13.809524	-100.00737	0.017427387	-99.94466	-100.01222	83400	3.218651e-08	43526.027	-0.017603174	-56.378906	0.009231527	0.0	62.733115911483765
139	-258.58008	341.09833	-24.427511	-876.40356	20.5	-102.27303	0.013955719	-102.2111	-102.27617	84000	2.1457673e-08	16280.977	-0.019235564	-83.20703	0.008875286	0.0	63.177428245544434
140	-200.21045	306.62918	-27.47614	-851.00824	22.074074	-99.81545	0.0131070325	-99.75622	-99.81836	84600	2.8212865e-08	12556.845	-0.02566752	-255.61133	0.008313941	0.0	63.86249279975891
141	-333.91254	377.98428	-26.343256	-887.32043	18.0625	-95.30342	0.013375615	-95.247986	-95.306656	85200	1.39077505e-08	21821.68	-0.019376736	-10.542969	0.008923703	0.0	64.32514238357544
142	-418.93195	399.02725	-21.7106	-875.34283	15.358974	-94.16843	0.014077259	-94.11575	-94.17219	85800	3.1789145e-09	37386.566	-0.012284926	-6.2148438	0.008522497	0.0	64.7683618068695
143	-360.00974	380.45303	-24.531982	-877.4271	17.058823	-94.81473	0.0127188545	-94.763626	-94.817894	86400	-1.8278758e-08	29384.953	-0.019991027	-10.958984	0.008420443	0.0	65.13251733779907
144	-253.25543	339.50653	-21.908276	-877.7969	20.206896	-95.784775	0.011526434	-95.734535	-95.78742	87000	-5.165736e-09	15093.23	-0.016405754	-58.2041	0.008939422	0.0	65.48482513427734
145	-257.5324	332.11957	-34.363842	-851.8789	20.241379	-93.67165	0.011057481	-93.62346	-93.674194	87600	9.536743e-09	15556.583	-0.012193063	-4.354492	0.008366787	0.0	65.84742999076843
146	-322.11142	374.27515	-24.929249	-877.0695	18.151516	-92.93758	0.011433916	-92.89093	-92.94039	88200	5.5631e-09	22960.787	-0.020104095	-10.947266	0.007842894	0.0	66.20365262031555
147	-287.8844	358.63943	-26.525356	-875.04425	19.193548	-91.94578	0.010680118	-91.90079	-91.94832	88800	9.139379e-09	19762.312	-0.0150201665	-20.572266	0.008792565	0.0	66.5662157535553
148	-339.1425	376.87064	-35.02566	-872.6778	17.647058	-90.54745	0.010572918	-90.5043	-90.55003	89400	2.1457673e-08	24213.137	-0.02110634	-0.7324219	0.009042007	0.0	66.94847679138184
149	-387.79294	388.95804	-22.890821	-850.6953	16.0	-90.73848	0.010671859	-90.696846	-90.74121	90000	3.973643e-09	30219.473	-0.012874197	-25.958984	0.008925646	0.0	67.3106324672699
150	-444.67627	393.90897	-31.546928	-878.91046	14.414634	-92.31766	0.011052884	-92.27738	-92.3207	90600	-1.3510387e-08	39387.83	-0.016729554	-139.24219	0.008907333	0.0	67.84943580627441
151	-416.9503	387.93787	-26.501087	-878.98535	15.315789	-95.983246	0.010498835	-95.94342	-95.986015	91200	-8.34465e-09	34275.24	-0.010662435	-110.71875	0.009593445	0.0	68.19891595840454
152	-323.17126	372.49762	-23.670961	-876.85046	18.151516	-99.31541	0.009678714	-99.27592	-99.31778	91800	2.7020773e-08	22717.35	-0.01647177	-26.861328	0.009319751	0.0	68.55032730102539
153	-380.24356	385.20016	-32.754566	-875.02966	16.485714	-97.91709	0.009494158	-97.8795	-97.91948	92400	1.4702479e-08	28026.727	-0.013110745	-8.900391	0.009506358	0.0	68.90802049636841
154	-341.621	375.89413	-24.201391	-871.8439	17.529411	-98.728546	0.009074698	-98.692085	-98.730804	93000	-8.742014e-09	24455.2	-0.012491705	-1.8691406	0.008732001	0.0	69.25190091133118
155	-341.5916	375.63617	-27.89815	-880.0416	17.558823	-98.361946	0.00873675	-98.326836	-98.36411	93600	-2.503395e-08	25112.47	-0.012258453	-0.5449219	0.009311606	0.0	69.5953016281128
156	-409.29874	394.8356	-22.41549	-871.97626	15.394737	-98.109604	0.008862458	-98.076004	-98.11195	94200	5.9604646e-09	34921.82	-0.01627308	-4.0585938	0.009336802	0.0	69.93884944915771
157	-172.86757	290.39478	-20.313334	-872.34644	22.576923	-98.740814	0.007153542	-98.707855	-98.74236	94800	-1.9868215e-10	10268.929	-0.0079280045	-429.5869	0.009925979	0.0	70.27981352806091
158	-409.98557	397.62292	-27.336113	-877.7114	15.578947	-92.58694	0.007880734	-92.55705	-92.58902	95400	-3.1789145e-09	34584.152	-0.0115051195	-3.5859375	0.009334394	0.0	70.62841606140137
159	-357.4349	385.4773	-22.963669	-873.00555	17.117647	-92.89908	0.0072025578	-92.87013	-92.90086	96000	-2.5431316e-08	27468.855	-0.014314125	-0.640625	0.009079452	0.0	70.97540545463562
160	-346.6868	383.46594	-28.757986	-877.9497	17.575758	-92.71921	0.006838816	-92.69129	-92.72087	96600	1.390775e-09	24805.576	-0.013532379	-1.8535156	0.009705186	0.0	71.52665138244629
161	-390.6794	388.75644	-22.242329	-874.08014	16.333334	-92.29694	0.0068490985	-92.27022	-92.29869	97200	-1.9868216e-09	30117.846	-0.013627381	-30.478516	0.008380316	0.0	71.89553904533386
162	-432.07465	394.0804	-30.630753	-850.31305	14.8	-93.94769	0.0070128604	-93.921814	-93.94961	97800	-1.390775e-09	38716.72	-0.017225338	-82.890625	0.0087969545	0.0	72.2411596775055
163	-290.39288	361.48233	-25.849762	-876.8371	19.193548	-96.80299	0.0061080717	-96.77727	-96.80445	98400	1.2715658e-08	19230.328	-0.015523488	-49.23242	0.008516086	0.0	72.60544633865356
164	-265.80655	352.87122	-23.88035	-872.5535	19.633333	-94.81617	0.0057283747	-94.79163	-94.81751	99000	-7.0532162e-09	17461.322	-0.013690743	-124.99609	0.00920248	0.0	72.9523823261261
165	-366.6254	384.39838	-28.075403	-852.51044	16.63889	-91.33707	0.005876464	-91.314156	-91.338585	99600	-9.934108e-09	28099.174	-0.021228753	-5.8476562	0.009157468	0.0	73.3187050819397
166	-326.248	371.47183	-25.624361	-877.1805	17.969696	-91.91008	0.005478831	-91.88772	-91.911415	100200	-1.0331472e-08	22660.17	-0.015800737	-0.47070312	0.006458364	1.0	73.68556308746338
167	-339.49283	377.70074	-21.004354	-879.94904	17.5	-92.172005	0.005396537	-92.15033	-92.173355	100800	6.357829e-09	25149.5	-0.0135343205	-0.8925781	0.00924431	0.0	74.05541276931763
168	-435.0205	392.8035	-31.004314	-875.7043	14.575	-92.472206	0.0056306645	-92.45141	-92.473724	101400	6.357829e-09	38309.383	-0.010265889	-138.86328	0.009647724	0.0	74.41910886764526
169	-331.61285	373.2774	-34.286034	-877.0724	18.15625	-96.14014	0.0050145155	-96.11935	-96.14134	102000	4.1325887e-08	23104.957	-0.013053757	-1.1132812	0.008329576	0.0	74.77834749221802
170	-301.56534	373.4697	-22.620777	-878.6475	18.65625	-95.95512	0.0048405975	-95.93504	-95.956276	102600	-1.5894573e-08	21700.586	-0.010553278	-115.01758	0.006559815	1.0	75.3180480003357
171	-334.27625	383.79147	-19.699703	-886.32434	17.588236	-92.60929	0.004674082	-92.59051	-92.61045	103200	5.5631e-09	24122.092	-0.01499464	-41.44336	0.008299041	0.0	75.66901874542236
172	-318.95526	375.95874	-21.591635	-876.26434	18.181818	-90.444275	0.0042944746	-90.42648	-90.44533	103800	9.536743e-09	22827.086	-0.015107026	-22.763672	0.00960084	0.0	76.01806879043579
173	-347.95813	384.05765	-24.409426	-875.9117	17.545454	-88.8575	0.0041576256	-88.84053	-88.85851	104400	2.1457673e-08	24789.412	-0.015378517	-0.9667969	0.008898894	0.0	76.36462545394897
174	-383.78812	395.12222	-27.093094	-878.56134	16.305555	-89.102135	0.004199039	-89.085754	-89.10321	105000	1.1920929e-08	30628.38	-0.011791792	-1.4882812	0.009478445	0.0	76.72457957267761
175	-337.95282	378.18365	-21.27694	-876.4483	17.588236	-89.5164	0.003941023	-89.500565	-89.51738	105600	7.947286e-10	25716.23	-0.008558175	-1.890625	0.008762383	0.0	77.05993485450745
176	-410.49133	399.48605	-24.264881	-877.54065	15.421053	-89.98863	0.004026869	-89.97336	-89.98969	106200	-1.7881394e-08	34929.86	-0.016289674	-21.347656	0.009520587	0.0	77.40980768203735
177	-230.096	328.09576	-26.534096	-874.9513	21.25	-91.558304	0.0034001882	-91.543205	-91.55906	106800	-2.4636586e-08	13531.724	-0.013634203	-84.05664	0.009423764	0.0	77.74969291687012
178	-242.13141	341.10938	-24.065155	-850.1575	20.448277	-88.58146	0.0032806844	-88.567154	-88.58221	107400	-2.2649765e-08	15061.646	-0.017791089	-145.88281	0.009776383	0.0	78.09881067276001
179	-469.7476	398.69473	-21.530022	-877.48035	13.636364	-84.49068	0.0036793638	-84.4776	-84.491714	108000	0.0	47041.56	-0.017081121	-274.6875	0.008978024	0.0	78.44777369499207
180	-292.65726	359.44284	-34.474392	-879.24994	19.258064	-89.35753	0.0031526168	-89.34424	-89.35827	108600	-3.973643e-09	18656.086	-0.018339576	0.453125	0.009806744	0.0	79.00309991836548
181	-283.0904	359.50568	-23.098644	-850.81213	19.258064	-89.44988	0.0030617628	-89.43697	-89.4506	109200	3.576279e-08	19581.809	-0.007843813	-37.070312	0.009210394	0.0	79.35920143127441
182	-385.3243	392.17117	-28.514576	-876.7977	16.305555	-87.579895	0.0031364262	-87.567665	-87.5807	109800	-2.3841857e-09	30425.58	-0.010553613	-13.896484	0.009084982	0.0	79.70971536636353
183	-349.74796	392.69485	-19.627087	-877.98706	17.058823	-88.62581	0.0029664943	-88.61389	-88.62655	110400	3.973643e-09	27301.697	-0.015947359	-37.740234	0.009718981	0.0	80.05255126953125
184	-354.71954	387.6807	-20.253426	-851.0786	17.205883	-86.794945	0.0028091434	-86.78365	-86.79564	111000	-2.6226044e-08	26697.297	-0.008783631	-1.0332031	0.009520038	0.0	80.40699005126953
185	-265.63718	352.91824	-20.933174	-875.5161	19.833334	-86.35129	0.0025416475	-86.34041	-86.35189	111600	-9.536743e-09	17860.637	-0.017797673	-38.53711	0.00867547	0.0	80.7601637840271
186	-384.99802	391.35776	-24.105791	-874.87006	16.333334	-84.36958	0.0026390825	-84.35929	-84.37026	112200	2.1457673e-08	31317.176	-0.016064703	-40.742188	0.0076199947	0.0	81.1213972568512
187	-292.35535	365.25067	-20.095367	-878.39465	19.266666	-86.30281	0.00238627	-86.292595	-86.303375	112800	3.8146972e-08	19009.527	-0.010237104	-15.791016	0.006667756	1.0	81.48093962669373
188	-434.08258	398.1082	-21.254944	-874.8444	14.65	-85.13454	0.0026122613	-85.12489	-85.13525	113400	8.145968e-09	38658.977	-0.014958829	-151.6836	0.009343256	0.0	81.83483791351318
189	-385.63843	393.00052	-25.621334	-887.2716	16.222221	-88.95206	0.0024647333	-88.942444	-88.95269	114000	-4.371007e-09	30322.664	-0.010226379	-13.564453	0.008691059	0.0	82.2005615234375
190	-369.31787	394.6406	-22.371416	-878.5241	16.542856	-90.336266	0.0023608657	-90.32692	-90.33686	114600	2.7020773e-08	29169.37	-0.012067752	-5.0117188	0.009711618	0.0	82.75496554374695
191	-372.8527	391.43735	-24.876844	-881.828	16.657143	-89.66795	0.0022503557	-89.65905	-89.668526	115200	3.1789145e-09	28690.527	-0.010452491	-1.2011719	0.0094202915	0.0	83.106276512146
192	-276.86343	367.46655	-20.374704	-873.66254	19.35484	-89.98287	0.0020231714	-89.974205	-89.983345	115800	-4.3710074e-08	20036.873	-0.013054078	-184.33398	0.009412624	0.0	83.46095037460327
193	-368.67395	391.17075	-19.989782	-852.5811	16.714285	-85.67229	0.0020166289	-85.6643	-85.67279	116400	-2.4636586e-08	28572.43	-0.022131788	0.25	0.009659794	0.0	83.80207300186157
194	-314.34985	380.31158	-19.10722	-876.9987	18.181818	-85.60345	0.0018646016	-85.595726	-85.603905	117000	3.973643e-09	23301.29	-0.01373017	-37.0	0.009123728	0.0	84.13125038146973
195	-279.45905	362.51923	-23.125505	-851.0229	19.290323	-83.67807	0.001738319	-83.67075	-83.67849	117600	-5.9604646e-09	18911.463	-0.008773544	-52.90039	0.009069316	0.0	84.48454904556274
196	-338.83282	387.6969	-23.973427	-878.794	17.69697	-81.23083	0.0016969162	-81.2239	-81.23124	118200	-3.0199686e-08	25287.566	-0.018768646	-1.5351562	0.009203659	0.0	84.82768750190735
197	-353.4878	391.9384	-20.463505	-880.5979	17.058823	-80.69263	0.0016540095	-80.68598	-80.69304	118800	-1.07288365e-08	27142.553	-0.022244241	-0.16015625	0.009438852	0.0	85.18656396865845
198	-365.84875	392.22668	-24.890213	-857.0884	16.8	-80.8115	0.0016234728	-80.805084	-80.81192	119400	-2.2649765e-08	29544.533	-0.008837662	-6.5566406	0.009045073	0.0	85.53529572486877
199	-264.79578	358.9656	-20.877975	-849.2673	20.068966	-81.68607	0.0014482924	-81.67976	-81.68641	120000	5.6127707e-09	17357.346	-0.010858091	-89.015625	0.00863488	0.0	85.879221200943
200	-428.7928	399.76648	-20.433306	-877.19116	14.975	-78.54685	0.0015746717	-78.54104	-78.54728	120600	1.5894572e-09	39730.445	-0.01947011	-161.95703	0.0067906557	1.0	86.45437788963318
201	-168.641	289.82364	-19.871838	-852.5373	22.884615	-82.5227	0.0012937536	-82.51674	-82.52298	121200	2.1855036e-09	9514.383	-0.015196265	-198.65918	0.0054352568	0.0	86.80064082145691
202	-394.02243	403.29193	-22.008942	-877.22784	15.864865	-78.3966	0.0014271267	-78.391106	-78.396965	121800	-1.5894573e-08	33662.12	-0.014630288	-14.261719	0.0098563805	0.0	87.14003396034241
203	-354.49335	389.5767	-22.03114	-877.0449	17.264706	-79.3271	0.0013267881	-79.32177	-79.32743	122400	1.0331472e-08	27839.754	-0.0075220177	-12.130859	0.009022554	0.0	87.49077343940735
204	-334.77893	386.40027	-21.465448	-851.4297	17.636364	-80.48196	0.0012894522	-80.47669	-80.48227	123000	1.11262e-08	24946.1	-0.013332836	-5.595703	0.008870147	0.0	87.85060548782349
205	-385.71173	393.96692	-25.611021	-875.3298	16.166666	-79.79259	0.0012828361	-79.78758	-79.792915	123600	9.934108e-09	30680.1	-0.013118745	-61.322266	0.009448565	0.0	88.2035744190216
206	-467.4089	396.66547	-28.462954	-854.1802	13.636364	-82.216354	0.0013703182	-82.21148	-82.216736	124200	-1.8278758e-08	45893.67	-0.015364651	-306.2578	0.009670692	0.0	88.55191445350647
207	-427.60675	399.01138	-19.031544	-879.596	14.675	-87.60261	0.0013205684	-87.59773	-87.60297	124800	1.2715658e-08	39282.08	-0.008613885	-60.484375	0.0067750374	1.0	88.9043607711792
208	-323.7328	378.7194	-22.40685	-849.9532	18.09375	-90.15456	0.0011584121	-90.14975	-90.15483	125400	-2.6623407e-08	22781.785	-0.013996277	-24.541016	0.009439367	0.0	89.24851775169373
209	-393.42682	394.89246	-26.109974	-868.63837	15.918919	-88.7976	0.0011818125	-88.79305	-88.797905	126000	2.4239222e-08	34203.613	-0.0148051595	-8.761719	0.009277005	0.0	89.5907371044159
210	-478.30872	395.24918	-28.15799	-880.4153	13.395349	-89.59968	0.0012152044	-89.59535	-89.60001	126600	3.973643e-08	46977.8	-0.017870398	-257.92578	0.009729341	0.0	90.16131377220154
211	-283.0976	361.00983	-25.681654	-852.14276	19.161291	-94.32546	0.0010405938	-94.32108	-94.325714	127200	2.1060307e-08	19067.764	-0.0042260755	-73.81445	0.006756215	1.0	90.52244710922241
212	-451.1994	400.26544	-24.308224	-875.9847	14.119047	-92.122345	0.0011296017	-92.11827	-92.12265	127800	9.536743e-09	42272.605	-0.010419864	-57.5	0.009497953	0.0	90.87588596343994
213	-366.42966	395.69016	-22.400087	-873.62726	16.62857	-94.119606	0.0010019896	-94.11565	-94.119865	128400	1.11262e-08	29321.363	-0.017925723	-31.46289	0.009623922	0.0	91.2401237487793
214	-322.41815	380.21878	-22.554626	-873.4325	17.96875	-92.64943	0.00090620585	-92.645676	-92.64965	129000	3.1789145e-09	24016.969	-0.013020518	-47.27539	0.009226372	0.0	91.59472250938416
215	-393.06458	398.7179	-20.436132	-873.1477	15.918919	-90.5796	0.0009179803	-90.57607	-90.57984	129600	2.7020773e-08	32927.4	-0.02004232	-1.3867188	0.009292583	0.0	91.92428493499756
216	-302.91418	375.78372	-20.497786	-852.0784	18.67742	-90.12096	0.0008092013	-90.11754	-90.12114	130200	7.152557e-09	21401.783	-0.011067934	-93.09961	0.009276024	0.0	92.28296256065369
217	-284.50626	371.04968	-20.274424	-885.89026	19.3	-87.29242	0.0007515499	-87.28919	-87.29259	130800	1.1920929e-08	19421.24	-0.0124783795	-117.87305	0.008790785	0.0	92.63650298118591
218	-317.95026	385.13834	-24.05707	-876.0484	18.09375	-84.00159	0.00072530966	-83.99858	-84.00176	131400	-1.5099843e-08	23523.406	-0.010690515	-58.398438	0.009074138	0.0	93.01018810272217
219	-426.65674	402.97452	-24.388054	-877.054	14.875	-81.63112	0.000764236	-81.628296	-81.631325	132000	0.0	38997.406	-0.019558955	-46.164062	0.00946581	0.0	93.37114119529724
220	-370.09018	393.51562	-23.297842	-877.2719	16.714285	-83.49068	0.0006958008	-83.48793	-83.49086	132600	-1.66893e-08	28935.146	-0.014961061	-6.0390625	0.0085421065	0.0	93.94415664672852
221	-391.9628	400.1355	-20.79198	-881.2537	15.810811	-84.33716	0.000694981	-84.33449	-84.33734	133200	-1.07288365e-08	34920.12	-0.012463918	-8.894531	0.009245745	0.0	94.30637836456299
222	-513.7459	398.24673	-18.139305	-878.1218	12.291667	-85.261734	0.0007585404	-85.25918	-85.26195	133800	-3.5762786e-09	57386.113	-0.011425777	-347.53906	0.009140554	0.0	94.67478466033936
223	-408.11093	397.05856	-27.412989	-873.76794	15.473684	-90.63647	0.0006715239	-90.63391	-90.636635	134400	-1.9868216e-09	34273.137	-0.010150907	-17.097656	0.009108597	0.0	95.04380226135254
224	-325.50232	380.73502	-24.594164	-874.258	18.0	-92.09922	0.00059851614	-92.096725	-92.09935	135000	2.3841857e-09	23096.463	-0.012324914	-31.751953	0.009561877	0.0	95.41112160682678
225	-448.17508	401.603	-23.562567	-876.93787	14.214286	-90.55054	0.0006494224	-90.548195	-90.55071	135600	-4.172325e-09	43226.895	-0.011103788	-48.847656	0.008581317	0.0	95.74727320671082
226	-425.02872	402.7185	-22.690912	-887.23926	15.105263	-92.454	0.0005981134	-92.45174	-92.45416	136200	-7.947286e-09	35766.523	-0.0120358085	0.0546875	0.009430676	0.0	96.09523892402649
227	-407.4358	397.4269	-22.202784	-876.124	15.710526	-92.662094	0.0005699824	-92.65994	-92.662254	136800	4.3710074e-08	35496.805	-0.01148759	-5.8515625	0.009676279	0.0	96.4458224773407
228	-339.5794	385.78592	-27.032362	-875.44366	17.787878	-93.37182	0.00051509053	-93.36971	-93.37194	137400	2.0662943e-08	25165.46	-0.012974914	-40.98047	0.009248224	0.0	96.79852366447449
229	-321.78256	384.1282	-18.531033	-885.21234	18.15625	-91.50243	0.00048189244	-91.50043	-91.50254	138000	0.0	24295.623	-0.02240809	-74.00586	0.007196439	0.0	97.13691592216492
230	-434.87265	401.17154	-22.162186	-849.85626	14.948718	-88.82389	0.00050052936	-88.82202	-88.82403	138600	-3.973643e-10	38522.71	-0.013189278	-14.0390625	0.007437281	0.0	97.72258687019348
231	-383.92578	394.87766	-21.827265	-876.61115	16.61111	-89.82606	0.00046288737	-89.824234	-89.82616	139200	-2.1457673e-08	30651.006	-0.0122042755	-0.33984375	0.00910508	0.0	98.06525206565857
232	-395.26712	392.5347	-26.033125	-849.8451	16.135136	-90.088326	0.00045171622	-90.0866	-90.088455	139800	-3.0199686e-08	32856.09	-0.012763804	-13.46875	0.008871212	0.0	98.42083072662354
233	-369.10446	392.03818	-21.316395	-877.7759	17.114286	-91.238525	0.0004258747	-91.23683	-91.238625	140400	2.3047129e-08	29801.4	-0.015009458	-2.453125	0.009585884	0.0	98.76538729667664
234	-355.91333	390.38992	-28.104532	-875.42896	17.294117	-90.799484	0.00040060256	-90.79788	-90.79959	141000	1.9868216e-09	27079.09	-0.012327569	-13.333984	0.009742662	0.0	99.12637376785278
235	-320.70862	379.7323	-24.738522	-875.79803	18.181818	-89.58896	0.0003704882	-89.587425	-89.58905	141600	1.5894573e-08	23480.564	-0.013376455	-21.998047	0.009269434	0.0	99.4832375049591
236	-304.5317	378.48593	-30.063395	-875.33575	18.548388	-87.99101	0.00035664244	-87.98952	-87.991104	142200	1.4305114e-08	21470.88	-0.011058167	-90.708984	0.0088706985	0.0	99.8297655582428
237	-323.44543	381.3956	-24.021969	-874.9849	18.28125	-84.80358	0.00034103665	-84.80218	-84.80367	142800	1.8278758e-08	22958.363	-0.012652055	-18.722656	0.008924401	0.0	100.21311736106873
238	-429.2743	401.6578	-21.762825	-878.4211	15.157895	-83.21926	0.00035177675	-83.21793	-83.21936	143400	7.7486035e-09	36923.16	-0.010609184	-75.83594	0.0064668497	1.0	100.56862759590149
239	-438.68835	401.14615	-28.505713	-876.9252	14.609756	-86.0057	0.0003523748	-86.00441	-86.00579	144000	-7.152557e-09	41483.625	-0.012406361	-96.58594	0.009619411	0.0	100.91871452331543
240	-448.57626	402.4513	-23.97911	-878.73944	14.4	-89.34133	0.0003484411	-89.34004	-89.34142	144600	2.4239222e-08	41492.664	-0.019996472	-71.53125	0.00979345	0.0	101.51102089881897
241	-266.9959	358.22766	-21.380676	-850.303	20.0	-92.21984	0.0002964096	-92.21857	-92.219925	145200	1.5894572e-09	17497.443	-0.014693386	-165.64648	0.009683126	0.0	101.88468599319458
242	-473.3523	403.88358	-19.722202	-873.1014	13.395349	-88.33	0.00032625633	-88.32885	-88.3301	145800	2.7418137e-08	46654.93	-0.014236976	-69.46484	0.007537511	1.0	102.25204467773438
243	-381.34927	396.77744	-21.781906	-877.6417	16.36111	-90.66867	0.00029186846	-90.66753	-90.66874	146400	1.5099843e-08	30952.15	-0.017235104	-1.9902344	0.0070613017	0.0	102.61848616600037
244	-309.76584	375.15967	-22.93663	-885.7544	18.741936	-90.359	0.0002645424	-90.35787	-90.35905	147000	-1.7484028e-08	20395.56	-0.013783255	-47.56836	0.0077290637	0.0	102.96402597427368
245	-307.87372	370.5479	-19.78052	-877.23236	18.870968	-88.178154	0.0002503604	-88.17709	-88.17821	147600	-1.39077505e-08	22604.83	-0.016560929	-11.505859	0.008505244	0.0	103.31748080253601
246	-346.61578	382.3067	-20.582464	-875.5488	17.787878	-86.9901	0.00024883173	-86.989075	-86.99015	148200	1.9073486e-08	24605.816	-0.020845292	-3.3789062	0.008232895	0.0	103.65915250778198
247	-392.79718	398.6847	-19.951822	-876.3421	16.135136	-87.52995	0.0002527622	-87.52898	-87.530014	148800	2.3047129e-08	32973.438	-0.014934271	-0.21875	0.009092441	0.0	104.00541257858276
248	-419.46576	394.97247	-25.577171	-873.94104	15.384615	-87.72284	0.00025391352	-87.72188	-87.72291	149400	-2.3841857e-09	36999.586	-0.010588234	-85.64453	0.009338746	0.0	104.36651968955994
249	-394.42007	391.12308	-27.219526	-849.0475	16.514286	-90.75496	0.00023572236	-90.754036	-90.75503	150000	-2.9007595e-08	30186.994	-0.016056363	-19.089844	0.007278463	0.0	104.7232973575592
250	-466.83942	393.6474	-25.603096	-873.1553	14.463414	-92.35547	0.00024333125	-92.35458	-92.35554	150600	2.1060307e-08	41998.105	-0.01422848	-263.45703	0.0070762085	0.0	105.3209457397461
251	-299.75018	360.89944	-30.285154	-874.1635	19.666666	-97.53694	0.00020968485	-97.53603	-97.53698	151200	6.357829e-09	18906.014	-0.019765938	-16.246094	0.009165203	0.0	105.68001103401184
252	-287.39212	362.75317	-24.10435	-848.9548	19.433332	-96.52324	0.00020943303	-96.52234	-96.523285	151800	3.973643e-09	20653.664	-0.01871485	-112.990234	0.009415449	0.0	106.02754211425781
253	-432.24377	397.0372	-29.67242	-878.1015	15.263158	-93.1747	0.00021846195	-93.17388	-93.17477	152400	-1.5497207e-08	36943.387	-0.011362908	-48.59375	0.008507897	0.0	106.37339043617249
254	-361.39737	387.7689	-23.855265	-878.8003	17.617647	-95.13893	0.00019852191	-95.13814	-95.138985	153000	-2.026558e-08	27063.73	-0.016829323	-1.8964844	0.008301921	0.0	106.75011014938354
255	-383.2723	387.8108	-22.086544	-850.7766	16.941177	-94.82168	0.00019004698	-94.82093	-94.82174	153600	-7.947286e-10	28091.977	-0.011210384	-2.4101562	0.009417631	0.0	107.11338448524475
256	-208.89127	313.99973	-22.035454	-872.122	22.461538	-95.279144	0.00016765931	-95.27837	-95.27918	154200	-7.947286e-09	11424.315	-0.0049533215	-191.8623	0.008911053	0.0	107.4859414100647
257	-181.4019	287.4441	-27.843056	-846.23663	23.28	-91.04336	0.00015536015	-91.042625	-91.04339	154800	1.5894572e-09	9960.821	-0.0090032695	-156.75684	0.006457294	1.0	107.83308601379395
258	-498.42743	396.52396	-29.568977	-885.7811	13.111111	-87.08587	0.00019090188	-87.08521	-87.08593	155400	1.9073486e-08	49054.87	-0.00034235636	-296.5625	0.0044551943	2.0	108.18978190422058
259	-370.50244	387.26282	-23.515749	-849.92194	17.114286	-91.75799	0.00017038677	-91.75731	-91.758026	156000	1.11262e-08	29142.566	-0.008299619	-1.7128906	0.009828149	0.0	108.53016090393066
260	-383.66083	396.16382	-16.840605	-876.1773	16.555555	-92.47391	0.00016554203	-92.473274	-92.47396	156600	-1.3113022e-08	30954.453	-0.01709067	-1.9394531	0.004912475	0.0	109.12453889846802
261	-353.3636	390.20572	-21.613192	-875.5405	17.441177	-92.08896	0.00015572658	-92.08834	-92.089005	157200	-1.1920929e-09	27013.246	-0.008978076	-29.876953	0.009671005	0.0	109.4906210899353
262	-366.8628	391.71338	-20.589119	-877.71375	17.028572	-90.49899	0.00015237412	-90.4984	-90.49904	157800	2.2649765e-08	29583.74	-0.016722035	-6.640625	0.009773801	0.0	109.84953761100769
263	-422.8868	404.14322	-23.165089	-876.41516	15.0	-89.65746	0.00014845007	-89.656906	-89.6575	158400	1.4305114e-08	39003.375	-0.013813309	0.00390625	0.00898399	0.0	110.20771741867065
264	-305.82166	372.69116	-24.471077	-879.10284	18.838709	-89.649124	0.0001253297	-89.64859	-89.64915	159000	-4.7683715e-09	21860.527	-0.009512163	-39.601562	0.008217012	0.0	110.54911351203918
265	-326.5484	379.97653	-22.859451	-875.0648	18.5	-87.76039	0.00012192717	-87.75988	-87.760414	159600	2.3841857e-09	22993.992	-0.009237464	-12.568359	0.009267796	0.0	110.89505624771118
266	-391.5718	397.71545	-27.096878	-852.41	16.108109	-86.57143	0.00012675209	-86.57093	-86.57145	160200	7.947286e-10	32678.08	-0.010334721	-0.23632812	0.0064196014	1.0	111.24230647087097
267	-366.94815	395.3335	-25.693647	-879.08844	16.914286	-86.67552	0.00012162604	-86.67505	-86.67556	160800	3.1789146e-08	30004.127	-0.009964815	-2.3398438	0.009169782	0.0	111.5920045375824
268	-308.183	381.29904	-22.444529	-876.8063	19.096775	-86.203476	0.00010377099	-86.20306	-86.203514	161400	1.1920929e-08	23192.012	-0.009101469	-43.314453	0.009768663	0.0	111.96031498908997
269	-337.39575	388.38467	-18.732647	-873.91364	17.757576	-84.07008	0.000102332524	-84.069664	-84.07011	162000	-2.6226044e-08	25373.51	-0.010217199	-18.359375	0.0094562415	0.0	112.31858372688293
270	-391.57132	396.84842	-19.148758	-852.2413	16.18919	-82.56916	0.00010414426	-82.568756	-82.56918	162600	1.8278758e-08	32719.463	-0.011359483	-10.123047	0.009185448	0.0	112.91916751861572
271	-403.4468	403.15872	-23.138514	-873.5108	15.763158	-83.549194	0.0001016343	-83.54881	-83.549225	163200	3.1789145e-09	35253.543	-0.011751191	-4.734375	0.009660941	0.0	113.2831060886383
272	-310.50467	373.1166	-21.844742	-872.83154	19.225807	-84.33932	8.933725e-05	-84.338936	-84.33933	163800	0.0	20889.723	-0.01179698	-5.3535156	0.009594008	0.0	113.62136125564575
273	-350.34586	391.12622	-22.800886	-879.7798	17.294117	-83.58528	8.96792e-05	-83.584915	-83.5853	164400	7.152557e-09	27883.086	-0.013394739	-5.529297	0.009642657	0.0	113.98278212547302
274	-400.04892	398.30356	-21.631159	-875.011	16.0	-82.7247	8.839568e-05	-82.72435	-82.72472	165000	2.22524e-08	35337.15	-0.014718423	-36.20703	0.009625408	0.0	114.337557554245
275	-391.45038	396.1999	-17.728218	-868.7696	16.18919	-84.79013	9.105387e-05	-84.78978	-84.79015	165600	1.5894573e-08	34378.863	-0.018426798	-18.835938	0.009557528	0.0	114.68186068534851
276	-339.45645	386.34967	-20.861935	-876.7687	17.969696	-86.43711	8.568051e-05	-86.43675	-86.43712	166200	1.0331472e-08	25080.465	-0.016898926	-12.958984	0.009348256	0.0	115.04306483268738
277	-367.26288	395.31894	-22.169958	-874.90076	17.028572	-85.21883	8.156676e-05	-85.218506	-85.21885	166800	6.357829e-09	29180.613	-0.0138252955	-2.5703125	0.008854427	0.0	115.38699960708618
278	-367.54694	395.23706	-21.227243	-875.3532	17.114286	-84.559364	8.069866e-05	-84.55904	-84.55937	167400	1.3510387e-08	30217.113	-0.01106282	-0.00390625	0.008200294	0.0	115.74098563194275
279	-405.932	396.3578	-23.544283	-876.53937	16.055555	-84.48445	7.9071964e-05	-84.48414	-84.48447	168000	-1.2715658e-08	32433.543	-0.0070753004	-52.95703	0.0072163413	1.0	116.1048858165741
280	-287.11914	366.72174	-22.119312	-848.5211	19.533333	-87.19719	7.094106e-05	-87.196884	-87.197205	168600	-7.947286e-09	19189.047	-0.012051661	-84.87695	0.00911656	0.0	116.72024846076965
281	-288.40176	370.5637	-18.77871	-877.9054	19.5	-83.95452	6.0805844e-05	-83.95426	-83.95454	169200	-7.947286e-09	19474.932	-0.010302813	-70.03906	0.009483242	0.0	117.08135843276978
282	-391.68488	401.9197	-20.28071	-877.3923	16.216217	-80.75596	6.793803e-05	-80.75569	-80.755974	169800	1.5099843e-08	33413.188	-0.0090346085	-3.9453125	0.009431327	0.0	117.4454255104065
283	-409.15814	401.4263	-24.50359	-850.5646	15.513514	-81.350914	7.142352e-05	-81.35063	-81.35092	170400	-3.4968057e-08	35611.125	-0.007584186	-19.222656	0.008581348	0.0	117.79874420166016
284	-307.53796	373.6955	-22.395678	-875.5056	18.935484	-83.01432	6.211283e-05	-83.01405	-83.01433	171000	-6.357829e-09	20965.654	-0.007431995	-12.427734	0.0065144096	1.0	118.14307641983032
285	-334.95972	387.69876	-25.59354	-859.84906	17.848484	-81.77584	5.858759e-05	-81.7756	-81.77585	171600	-3.1789145e-09	25091.736	-0.013899033	-21.09961	0.00973253	0.0	118.48864507675171
286	-334.8698	381.94745	-28.463673	-875.5045	18.516129	-79.96945	5.1632458e-05	-79.96923	-79.96946	172200	1.5894572e-09	23561.637	-0.0058777607	-5.8496094	0.0069549666	1.0	118.84763765335083
287	-309.844	373.59555	-21.107471	-877.4321	19.096775	-80.81695	5.2521977e-05	-80.81674	-80.81697	172800	-3.1789146e-08	20920.664	-0.010937109	-0.45703125	0.00905538	0.0	119.18497562408447
288	-404.89313	400.05283	-21.459991	-880.81635	16.055555	-80.60109	5.506922e-05	-80.600876	-80.601105	173400	-7.947286e-09	33164.938	-0.008538256	-59.085938	0.0095516015	0.0	119.53131866455078
289	-367.8761	395.31802	-19.42895	-878.1684	17.39394	-83.58155	4.9491195e-05	-83.58135	-83.581566	174000	-7.947286e-10	27509.73	-0.011429068	-4.828125	0.009221999	0.0	119.88189458847046
290	-268.67474	359.21744	-22.049969	-878.85315	20.034483	-84.60186	4.3561104e-05	-84.60168	-84.601875	174600	-1.2715658e-08	17301.385	-0.01105226	-93.40625	0.009587598	0.0	120.4868552684784
291	-312.3346	375.88455	-21.26468	-878.8702	19.064516	-80.890495	4.4669436e-05	-80.890305	-80.8905	175200	-4.7683715e-09	21123.729	-0.012793653	0.041015625	0.009430368	0.0	120.85467767715454
292	-503.98138	401.17435	-20.619091	-887.6608	12.680851	-80.54896	5.4270688e-05	-80.54878	-80.54898	175800	-2.2649765e-08	54795.9	-0.019312868	-372.85938	0.009564187	0.0	121.21546077728271
293	-248.77182	347.7766	-21.078478	-874.2616	20.928572	-87.35558	3.9790055e-05	-87.355415	-87.3556	176400	2.4636586e-08	15257.253	-0.01561853	-112.2832	0.009071112	0.0	121.57250237464905
294	-418.1385	401.70383	-22.923138	-874.12823	15.567568	-84.19332	4.666837e-05	-84.19314	-84.19333	177000	-3.1789145e-09	35211.926	-0.014632582	-39.5625	0.009558256	0.0	121.9177393913269
295	-319.2448	381.47644	-20.14015	-874.98535	18.375	-86.03296	4.374445e-05	-86.03278	-86.032974	177600	3.1789145e-09	24073.672	-0.009262086	-36.802734	0.008434488	0.0	122.26210069656372
296	-319.90076	383.1782	-19.776354	-877.09784	18.4375	-84.18767	3.6545516e-05	-84.187515	-84.187675	178200	1.4702479e-08	23292.98	-0.013674443	-45.23047	0.009553729	0.0	122.61136984825134
297	-388.50885	400.15817	-22.030329	-873.7702	16.457144	-81.88655	3.9936072e-05	-81.88639	-81.88656	178800	-2.3047129e-08	31199.32	-0.01034034	-1.2402344	0.009291898	0.0	122.95342326164246
298	-352.84473	392.33603	-20.10068	-880.01263	17.558823	-82.161026	3.8013226e-05	-82.16088	-82.16104	179400	-5.165736e-09	27354.332	-0.0149377575	-1.765625	0.009619029	0.0	123.30378270149231
299	-402.47107	399.12607	-21.047691	-875.6176	16.083334	-81.741196	3.5997215e-05	-81.74105	-81.741196	180000	-8.742014e-09	33719.33	-0.01253315	-33.179688	0.009464383	0.0	123.643141746521
300	-395.05566	403.87122	-17.198448	-884.46124	16.457144	-83.67319	3.626973e-05	-83.67304	-83.673195	180600	1.3510387e-08	31002.574	-0.014513804	-5.5683594	0.008929835	0.0	124.32497048377991
301	-271.54965	357.94507	-19.68416	-875.2168	20.551723	-84.59697	3.1595275e-05	-84.59683	-84.59696	181200	-2.3841857e-09	17229.53	-0.007155525	-50.939453	0.008710613	0.0	124.65591645240784
302	-300.82285	380.82648	-23.183996	-878.60675	18.806452	-82.16	3.1714797e-05	-82.15987	-82.16	181800	2.7418137e-08	21735.604	-0.012181377	-97.47656	0.00911169	0.0	125.01292109489441
303	-292.23926	367.99823	-23.525686	-878.02136	19.666666	-78.648636	2.8724442e-05	-78.64851	-78.64864	182400	2.0662943e-08	19204.318	-0.008811519	-2.4746094	0.009013595	0.0	125.3689968585968
304	-286.25876	367.5652	-19.013083	-872.88715	19.666666	-77.91742	2.705299e-05	-77.917305	-77.91743	183000	3.218651e-08	20100.5	-0.01081102	-13.042969	0.009424722	0.0	125.72931504249573
305	-405.9042	402.32208	-20.136713	-876.9477	15.736842	-76.6347	3.3603996e-05	-76.6346	-76.63472	183600	-2.8610229e-08	35295.043	-0.011122342	-67.984375	0.009140329	0.0	126.10291957855225
306	-490.0889	401.40753	-23.907295	-876.6972	13.066667	-79.452805	3.591222e-05	-79.452675	-79.452805	184200	2.3841857e-09	51742.363	-0.009481546	-350.6914	0.008877518	0.0	126.44592690467834
307	-332.2458	387.45572	-21.011223	-849.4468	17.636364	-85.672226	3.0874708e-05	-85.6721	-85.672226	184800	3.5762786e-09	26117.094	-0.013957525	-31.9375	0.0098114	0.0	126.82640600204468
308	-324.8865	383.10236	-25.82197	-889.2475	18.125	-84.175186	3.0665044e-05	-84.17507	-84.1752	185400	-2.9007595e-08	22362.021	-0.02378261	-18.8125	0.007941643	0.0	127.18493366241455
309	-332.51965	391.8526	-18.6978	-874.94135	17.878788	-82.688065	2.3019204e-05	-82.68797	-82.68807	186000	3.4968057e-08	26632.49	-0.016610563	-47.58789	0.008758268	0.0	127.53191876411438
310	-302.1205	377.31354	-20.012749	-876.8458	18.67742	-80.42824	2.4077963e-05	-80.42814	-80.428246	186600	-7.152557e-09	21314.438	-0.007698869	-39.14453	0.008675243	0.0	128.15918493270874
311	-380.4731	397.73358	-19.078644	-877.7674	16.25	-78.311325	2.3906114e-05	-78.31123	-78.31133	187200	2.1457673e-08	31167.037	-0.0075142104	-15.253906	0.008904702	0.0	128.51167678833008
312	-423.2745	404.70248	-16.533377	-877.7629	14.925	-79.4782	2.3218525e-05	-79.478134	-79.47822	187800	-5.5631e-09	41032.29	-0.007149557	-61.890625	0.0063655195	1.0	128.88105368614197
313	-363.30865	395.53183	-22.415375	-850.86664	16.77143	-82.10832	2.429456e-05	-82.10822	-82.10832	188400	1.2715658e-08	29076.7	-0.010637554	-2.2382812	0.009498255	0.0	129.25956082344055
314	-283.78473	365.84348	-19.721603	-848.06665	19.433332	-81.730774	2.0471813e-05	-81.73069	-81.73078	189000	1.2715658e-08	20887.867	-0.014868598	-34.882812	0.008116284	0.0	129.608952999115
315	-422.31934	406.07455	-18.80729	-876.1203	14.925	-79.734116	2.1259879e-05	-79.73404	-79.73412	189600	3.1789145e-09	39429.855	-0.011224492	-22.492188	0.009933926	0.0	129.9669635295868
316	-376.28494	400.21332	-20.932707	-875.3628	16.416666	-81.22405	2.0336309e-05	-81.223976	-81.22406	190200	-1.8278758e-08	31394.82	-0.014446105	-0.6875	0.0080954	0.0	130.3334722518921
317	-162.17702	288.4972	-22.16357	-847.30426	23.076923	-81.01723	2.0467074e-05	-81.017136	-81.017235	190800	-3.1789145e-09	10421.356	-0.008385607	-303.4668	0.008744284	0.0	130.6881353855133
318	-310.99454	382.6027	-19.151917	-850.1341	18.5	-75.37824	1.6103264e-05	-75.378174	-75.37824	191400	-1.11262e-08	24942.822	-0.008620354	-30.511719	0.0067237513	1.0	131.05495595932007
319	-280.37192	372.13657	-18.405516	-873.63776	19.5	-73.34738	1.560766e-05	-73.34731	-73.34738	192000	-3.1789145e-09	19459.15	-0.008247045	-43.816406	0.009194198	0.0	131.40871477127075
320	-333.32715	392.97876	-24.707634	-878.5084	17.818182	-71.17687	1.9525885e-05	-71.17682	-71.17689	192600	1.11262e-08	25722.768	-0.01431269	-1.0371094	0.008500687	0.0	132.04466652870178
321	-495.71753	402.48254	-18.115587	-876.9584	12.76087	-70.72481	1.4757834e-05	-70.72476	-70.724815	193200	3.1789145e-09	55474.293	-0.013684046	-471.70703	0.008583298	0.0	132.39770531654358
322	-283.2442	370.47202	-20.974781	-877.09906	19.266666	-77.14527	1.9187586e-05	-77.14522	-77.14529	193800	-1.5894573e-08	20181.217	-0.013869193	-14.84375	0.008087622	0.0	132.75664138793945
323	-318.92236	390.45908	-21.825554	-887.12524	18.1875	-76.327614	1.7729111e-05	-76.327545	-76.32761	194400	2.9404958e-08	22898.826	-0.009423304	-30.65625	0.009630448	2.0	133.11443257331848
324	-304.04	378.3	-20.061798	-876.1559	18.935484	-74.65223	1.5857398e-05	-74.65216	-74.65223	195000	-1.5894572e-09	21289.816	-0.01602915	-4.9589844	0.0087650865	0.0	133.47431778907776
325	-377.55396	401.50323	-19.83355	-881.01764	16.472221	-73.91418	2.3430648e-05	-73.91415	-73.9142	195600	2.78155e-09	32540.504	-0.008579445	-13.7265625	0.009779593	0.0	133.81438374519348
326	-390.40323	403.6655	-18.560835	-876.122	16.18919	-74.98246	1.1520133e-05	-74.982414	-74.98246	196200	1.4702479e-08	34730.805	-0.010198934	-22.445312	0.009784739	0.0	134.15974044799805
327	-375.53278	395.36774	-21.006983	-872.0359	16.882353	-76.47259	1.0446979e-05	-76.47256	-76.472595	196800	2.22524e-08	29057.887	-0.010314806	-19.453125	0.009861849	0.0	134.49993515014648
328	-487.95746	403.06967	-20.361134	-877.6893	13.111111	-77.895325	1.5973214e-05	-77.8953	-77.89534	197400	-2.682209e-08	52021.387	-0.01801457	-260.69922	0.009389645	0.0	134.85479402542114
329	-433.95804	401.19925	-21.801525	-851.39264	14.846154	-82.73783	1.37893085e-05	-82.73778	-82.73783	198000	6.357829e-09	39355.914	-0.013947077	-66.30078	0.009780509	0.0	135.22209525108337
330	-434.14734	406.68762	-21.30216	-875.6554	14.846154	-85.35271	1.5635605e-05	-85.35265	-85.3527	198600	-2.5431316e-08	39303.805	-0.0076665534	-11.597656	0.0063990694	1.0	135.86783838272095
331	-365.4103	395.22025	-20.55427	-877.77856	16.942858	-86.4719	1.6680307e-05	-86.47184	-86.47189	199200	7.947286e-10	29132.96	-0.016777022	-7.673828	0.00888093	0.0	136.20325183868408
332	-402.61606	401.3922	-27.038015	-874.3764	15.944445	-85.69263	1.5835973e-05	-85.692604	-85.69264	199800	1.7484028e-08	33021.42	-0.008669333	-2.4492188	0.008776958	0.0	136.56155347824097
333	-378.4393	399.0325	-22.44759	-874.2813	16.666666	-86.12214	9.344062e-06	-86.1221	-86.12214	200400	-2.2649765e-08	31330.76	-0.012983603	-5.0058594	0.009150416	0.0	136.92913794517517
334	-451.21027	401.0226	-28.509312	-875.6903	14.65	-85.45896	1.4050658e-05	-85.458916	-85.458954	201000	2.3841857e-09	40559.902	-0.0093892515	-117.78125	0.008616704	0.0	137.26717734336853
335	-389.75845	397.52573	-18.55972	-875.5932	16.542856	-88.75951	9.344062e-06	-88.75947	-88.75951	201600	-2.78155e-09	30879.334	-0.01584244	0.32617188	0.009491333	0.0	137.60839986801147
336	-355.4475	390.30573	-27.969143	-885.8943	18.0	-88.90088	7.1570066e-06	-88.90085	-88.90088	202200	6.357829e-09	24074.46	-0.0109630255	-3.2558594	0.009169621	0.0	137.95013737678528
337	-415.0831	399.46307	-21.686573	-872.809	15.7027025	-88.31772	7.680089e-06	-88.31769	-88.31772	202800	2.1457673e-08	34630.887	-0.015553899	-10.792969	0.0064076125	1.0	138.31548190116882
338	-391.1834	400.66238	-20.419645	-876.3503	16.457144	-89.34058	1.582065e-05	-89.34056	-89.3406	203400	1.1523564e-08	31249.547	-0.0070297197	-1.7539062	0.0065011224	1.0	138.67515563964844
339	-305.98187	375.5867	-19.039478	-887.9952	19.096775	-88.96374	1.0235906e-05	-88.96371	-88.96373	204000	-2.9404958e-08	21126.504	-0.016636405	-72.69336	0.009430198	0.0	139.02993273735046
340	-379.07346	398.68964	-18.798931	-876.09357	16.941177	-86.1459	8.270066e-06	-86.14588	-86.145905	204600	-1.2318293e-08	30308.268	-0.01226139	0.19335938	0.009940389	0.0	139.67810940742493
341	-400.16254	406.53046	-23.3362	-886.1718	15.972222	-86.00403	7.6293945e-06	-86.00402	-86.004036	205200	7.947286e-09	32707.393	-0.022865873	-9.048828	0.009860287	0.0	140.0404715538025
342	-338.60904	385.90045	-22.563988	-871.37537	17.787878	-85.00202	9.197562e-06	-85.002	-85.002014	205800	-9.536743e-09	24999.268	-0.014228726	-10.017578	0.009261572	0.0	140.4021918773651
343	-333.84723	387.8446	-21.574064	-851.835	17.757576	-83.86468	8.252452e-06	-83.86466	-83.864685	206400	-1.0331472e-08	25174.133	-0.020555204	-38.72461	0.007470883	0.0	140.77300691604614
344	-322.78842	382.87708	-21.343134	-876.55206	18.15625	-81.66283	8.2348e-06	-81.66281	-81.662834	207000	-3.973643e-10	23169.318	-0.008571384	-12.035156	0.009008055	0.0	141.12882113456726
345	-110.3447	223.10675	-17.00957	-848.94745	24.666666	-80.33859	4.672031e-06	-80.33857	-80.33859	207600	3.1789145e-09	5805.139	-0.01791286	-345.1577	0.008321496	0.0	141.4816746711731
346	-480.6278	406.46304	-19.078075	-878.567	13.318182	-74.22024	9.6505055e-06	-74.220215	-74.220245	208200	1.0331472e-08	50798.4	-0.011180274	-226.10156	0.007371248	0.0	141.83161401748657
347	-413.63806	403.0486	-17.37876	-874.0418	15.307693	-78.45452	7.6293945e-06	-78.45451	-78.45453	208800	7.947286e-10	37168.85	-0.008646156	-42.808594	0.009358701	0.0	142.1812903881073
348	-297.22598	379.0833	-20.1321	-875.4286	18.903225	-80.648125	1.0235906e-05	-80.648094	-80.64813	209400	-1.66893e-08	22561.268	-0.011595257	-65.10547	0.009683134	0.0	142.52889800071716
349	-315.117	386.52487	-19.433613	-877.6651	18.34375	-78.35571	8.2348e-06	-78.3557	-78.35572	210000	1.9868216e-08	24531.297	-0.010467102	-39.626953	0.009336415	0.0	142.8799183368683
350	-390.24588	404.34744	-19.473303	-878.1387	16.081081	-76.348274	8.322687e-06	-76.34826	-76.34828	210600	9.536743e-09	33787.367	-0.007114852	-6.0898438	0.006593153	1.0	143.52143716812134
351	-456.27924	403.16187	-19.48659	-879.72644	14.219512	-77.00188	1.4170972e-05	-77.00183	-77.00187	211200	-1.7484028e-08	43669.086	-0.01128706	-186.2539	0.009570808	0.0	143.8841757774353
352	-278.72833	370.37796	-22.875309	-850.9502	19.433332	-81.08875	7.6293945e-06	-81.088745	-81.088745	211800	-6.357829e-09	20428.877	-0.0093558505	-79.56641	0.008207168	0.0	144.24002075195312
353	-495.7041	400.06174	-19.16617	-878.0214	12.826087	-78.70414	4.2706442e-06	-78.704124	-78.70414	212400	2.7815501e-08	54443.504	-0.006365107	-293.10938	0.008610655	0.0	144.58212304115295
354	-299.50613	377.20596	-22.440176	-876.1905	19.096775	-83.29553	7.6293945e-06	-83.295525	-83.29554	213000	-1.4305114e-08	23223.756	-0.009556741	-35.289062	0.00912902	0.0	144.9338674545288
355	-345.75027	394.68506	-18.415382	-873.2485	17.32353	-81.927345	1.0446979e-05	-81.927315	-81.92734	213600	-2.6226044e-08	28465.59	-0.012378176	-25.103516	0.009546363	0.0	145.2832944393158
356	-402.61954	401.4792	-18.66076	-886.74866	15.763158	-80.442856	8.340154e-06	-80.44284	-80.44286	214200	-3.1789145e-09	35754.15	-0.016636197	-15.613281	0.006726772	0.0	145.64776134490967
357	-300.84888	386.12735	-20.677273	-876.22864	18.67742	-81.471565	3.5238663e-06	-81.47155	-81.471565	214800	3.8146972e-08	22357.244	-0.0073158536	-81.33789	0.008994788	0.0	146.00870871543884
358	-211.94211	331.62775	-19.269718	-849.4303	21.321428	-79.02199	7.442734e-06	-79.02199	-79.021996	215400	3.973643e-09	13555.457	-0.004551751	-160.3623	0.008373044	1.0	146.35988998413086
359	-463.51358	403.95264	-19.965603	-876.85693	13.690476	-75.39324	1.0990037e-05	-75.39321	-75.393234	216000	2.1060307e-08	45058.918	-0.016122399	-146.39844	0.009238611	0.0	146.70333194732666
360	-279.2174	371.23392	-16.809956	-850.007	19.366667	-78.471756	7.429688e-06	-78.471756	-78.47176	216600	-2.3841857e-09	19516.477	-0.016611777	-58.171875	0.009673949	0.0	147.35019421577454
361	-363.03778	401.3164	-19.459616	-876.793	16.914286	-76.61962	7.6293945e-06	-76.61961	-76.61961	217200	-5.9604646e-09	29947.047	-0.0078077153	-2.140625	0.009080558	0.0	147.69828343391418
362	-443.42413	402.85535	-21.878506	-855.5511	14.425	-76.07629	3.988746e-06	-76.07627	-76.07629	217800	0.0	40972.7	-0.008618798	-98.19531	0.0085169645	0.0	148.0470507144928
363	-259.9966	362.02005	-18.498701	-848.8025	19.896551	-78.74902	8.181614e-06	-78.74901	-78.74903	218400	-1.9818545e-08	17553.588	-0.015558325	-81.56445	0.009343567	0.0	148.39855003356934
364	-347.84912	395.51706	-18.166983	-874.9695	17.32353	-76.4581	0.0	-76.4581	-76.4581	219000	-8.742014e-09	27577.799	-0.0075730514	-5.2246094	0.009394154	0.0	148.74126863479614
365	-331.82117	392.49265	-16.883263	-875.4672	17.848484	-75.67236	0.0	-75.67236	-75.67236	219600	1.5894572e-09	25698.574	-0.0063693775	-13.865234	0.009457968	0.0	149.1077218055725
366	-296.9066	377.58804	-19.47457	-853.9171	18.903225	-74.61277	3.5238663e-06	-74.612755	-74.61277	220200	-3.6160152e-08	22136.994	-0.012915303	-23.68164	0.008592702	0.0	149.46647191047668
367	-399.8181	400.19937	-21.170792	-875.95905	15.944445	-73.18536	7.6293945e-06	-73.185356	-73.18537	220800	5.1259995e-08	34981.99	-0.016945323	-66.24219	0.007954315	0.0	149.80849719047546
368	-401.94702	403.01086	-21.465868	-878.87305	15.710526	-75.41732	1.9451215e-06	-75.41731	-75.41732	221400	-1.3510387e-08	35552.125	-0.0067377314	-34.777344	0.0085401395	0.0	150.14639282226562
369	-316.21216	384.03897	-23.2129	-851.37115	18.40625	-77.235466	3.5785033e-06	-77.23545	-77.235466	222000	1.3510387e-08	23306.715	-0.009543717	-17.84961	0.007784199	0.0	150.50536918640137
370	-425.3979	404.96097	-20.763618	-877.6163	15.131579	-76.09839	8.340154e-06	-76.09837	-76.0984	222600	4.7683717e-08	37478.793	-0.013403679	-65.95703	0.0089323	0.0	151.18135952949524
371	-377.7621	397.98517	-14.673031	-877.1469	16.666666	-78.3823	3.7376246e-06	-78.382286	-78.3823	223200	-4.887581e-08	31386.67	-0.016023051	-6.0429688	0.009007863	0.0	151.52317667007446
372	-258.78058	364.87076	-20.023212	-871.4114	20.0	-79.249855	8.181614e-06	-79.24984	-79.24985	223800	-1.0331472e-08	17865.23	-0.01385614	-140.49414	0.007848233	0.0	151.87519669532776
373	-195.24539	315.05865	-17.405018	-846.7348	22.307692	-75.82952	7.455757e-06	-75.82952	-75.82953	224400	-2.3841857e-09	12111.67	-0.0059951455	-100.93457	0.0075870873	0.0	152.2535538673401
374	-410.0993	404.546	-16.632633	-877.1792	15.540541	-72.748604	7.6293945e-06	-72.74861	-72.74861	225000	1.7484028e-08	36355.67	-0.009726664	-44.535156	0.009902725	0.0	152.61072325706482
375	-316.01166	385.26508	-20.66292	-851.7973	18.3125	-74.52587	1.7892517e-06	-74.52586	-74.52587	225600	8.742014e-09	23433.35	-0.009236697	-9.972656	0.008184962	0.0	152.9609215259552
376	-373.10355	401.361	-19.51969	-876.924	16.555555	-73.71642	0.0	-73.71642	-73.71642	226200	-1.5894573e-08	31605.916	-0.011271166	-0.26953125	0.0076013845	0.0	153.3235263824463
377	-300.93423	381.55084	-19.511393	-886.0687	18.741936	-73.821266	3.5238663e-06	-73.82125	-73.821266	226800	-1.5894572e-09	20598.42	-0.024164615	-24.36914	0.0074079754	0.0	153.68925619125366
378	-448.62976	407.80872	-18.322643	-875.1805	14.219512	-72.34962	7.3575216e-06	-72.34962	-72.349625	227400	1.1920929e-08	44519.105	-0.008895229	-95.48828	0.009542023	0.0	154.05261874198914
379	-420.70544	407.98007	-18.606993	-879.45746	15.157895	-75.19892	5.835365e-06	-75.1989	-75.19892	228000	-1.1920929e-08	38603.285	-0.007753604	-39.191406	0.009241719	0.0	154.41350388526917
380	-298.62115	379.98853	-18.936066	-876.4282	18.741936	-77.247475	1.7619332e-06	-77.24747	-77.247475	228600	-1.5894573e-08	22438.604	-0.008853054	-34.189453	0.009207717	0.0	155.07327842712402
381	-299.64993	383.36786	-23.777443	-876.88873	18.806452	-75.568695	3.5238663e-06	-75.56868	-75.568695	229200	-3.4968057e-08	21885.482	-0.008795814	-47.408203	0.009206423	0.0	155.42261147499084
382	-314.96692	384.4359	-20.317188	-848.9247	18.375	-73.36657	1.7892517e-06	-73.36656	-73.36657	229800	1.5894572e-09	23261.58	-0.01077255	-13.7109375	0.0064873076	0.0	155.76284623146057
383	-329.27448	387.2256	-17.446547	-848.9637	17.939394	-72.11221	1.8161592e-06	-72.112206	-72.11221	230400	-6.357829e-09	26921.094	-0.009389642	-0.033203125	0.009846825	0.0	156.12455821037292
384	-398.23288	404.35208	-20.443695	-877.5621	15.789474	-71.97818	5.7600664e-06	-71.97816	-71.97818	231000	7.549922e-09	36446.203	-0.014686468	-33.222656	0.0054720887	0.0	156.4865243434906
385	-463.26614	406.2201	-21.86855	-877.6975	13.904762	-73.812386	7.6293945e-06	-73.81238	-73.81238	231600	1.9868216e-08	45643.566	-0.012220749	-196.98438	0.008954753	0.0	156.84583377838135
386	-374.84778	405.16516	-21.078617	-878.3272	16.583334	-78.26776	7.6293945e-06	-78.26775	-78.26777	232200	3.1789145e-09	32157.047	-0.009254173	-2.9277344	0.006498895	1.0	157.18640542030334
387	-412.7792	405.87524	-21.875395	-879.345	15.384615	-77.91662	1.9451215e-06	-77.91661	-77.91662	232800	-1.8278758e-08	37552.8	-0.009486161	-20.511719	0.006524713	1.0	157.53129243850708
388	-317.7444	387.68948	-19.423893	-877.23883	18.46875	-79.28785	0.0	-79.28785	-79.28785	233400	1.8278758e-08	24704.305	-0.011561006	-30.636719	0.009105398	0.0	157.87136840820312
389	-422.66595	405.51157	-18.695463	-876.4384	15.210526	-77.61792	8.340154e-06	-77.617905	-77.61791	234000	5.5631e-09	37512.81	-0.010245677	-37.023438	0.009499186	1.0	158.22618103027344
390	-317.01877	383.27975	-20.064562	-854.4361	18.53125	-79.45466	8.2348e-06	-79.45464	-79.45465	234600	-3.695488e-08	23259.197	-0.009711143	-27.578125	0.008941086	0.0	158.8886740207672
391	-462.41653	404.4814	-21.665417	-876.1367	13.952381	-77.880615	4.084874e-06	-77.8806	-77.880615	235200	-1.66893e-08	45938.582	-0.00967337	-154.23438	0.008530477	0.0	159.24788737297058
392	-388.1856	400.4787	-19.093977	-877.8191	16.4	-81.67971	7.6293945e-06	-81.67972	-81.67972	235800	-1.11262e-08	31132.7	-0.007787159	-2.5292969	0.008384613	0.0	159.5999677181244
393	-334.35263	390.79144	-22.466694	-876.74146	17.90909	-82.428986	0.0	-82.428986	-82.428986	236400	7.549922e-09	25661.48	-0.007072624	-31.894531	0.008954933	0.0	159.95172476768494
394	-375.35373	399.9876	-18.843245	-877.99927	16.882353	-80.656136	7.403527e-06	-80.656136	-80.65614	237000	-4.7683715e-09	30505.443	-0.010624714	-0.31054688	0.006779909	1.0	160.29976868629456
395	-320.24768	385.0685	-19.016943	-876.0446	18.5	-80.76489	1.5258789e-05	-80.76491	-80.76491	237600	-2.8212865e-08	23453.832	-0.017873708	-25.902344	0.007200811	0.0	160.64673829078674
396	-405.95538	405.89905	-20.192394	-850.8379	15.513514	-79.12261	1.9200222e-06	-79.122604	-79.12261	238200	-5.165736e-09	35425.887	-0.006295399	-0.01171875	0.008603589	0.0	161.00326800346375
397	-345.84454	394.11832	-17.60833	-876.82544	17.441177	-79.13462	7.6293945e-06	-79.13461	-79.13461	238800	-3.0199686e-08	29207.713	-0.010435426	-8.642578	0.009448647	0.0	161.3596122264862
398	-323.51987	378.46692	-17.659704	-850.5123	18.4375	-78.15448	1.7892517e-06	-78.15447	-78.15448	239400	3.576279e-08	22894.963	-0.017770106	-1.09375	0.0081253555	0.0	161.73906779289246
399	-297.51837	378.1451	-21.395744	-851.57	19.032259	-78.46482	7.6293945e-06	-78.46481	-78.46481	240000	-7.947286e-09	21388.773	-0.013418052	-72.984375	0.008023051	0.0	162.0920033454895
400	-299.4564	380.8599	-19.5829	-880.6087	19.032259	-75.54868	8.217109e-06	-75.54867	-75.548676	240600	1.5894573e-08	21682.246	-0.012720477	-48.98242	0.007873346	0.0	162.77009797096252
401	-461.96274	406.47952	-19.600742	-879.05347	13.904762	-72.99208	7.350926e-06	-72.99208	-72.99209	241200	-1.2715658e-08	46540.113	-0.008638373	-208.48047	0.008258709	0.0	163.1186764240265
402	-369.60858	403.11313	-18.069588	-849.6314	16.527779	-77.62964	3.7891807e-06	-77.62962	-77.62964	241800	-2.6623407e-08	31840.12	-0.009752038	-13.25	0.009925673	0.0	163.46596145629883
403	-419.21515	406.07745	-16.95541	-877.22314	15.184211	-76.67529	1.9451215e-06	-76.675285	-76.67529	242400	3.774961e-09	38237.6	-0.007677427	-27.125	0.009958833	0.0	163.8265688419342
404	-303.96878	382.5696	-19.659197	-878.5581	18.935484	-78.29499	1.7619332e-06	-78.29498	-78.29499	243000	3.973643e-09	21952.248	-0.009815227	-32.115234	0.009992758	0.0	164.1717300415039
405	-258.16064	366.953	-18.24556	-875.1429	20.068966	-76.52629	8.181614e-06	-76.526276	-76.52628	243600	-1.11262e-08	18005.28	-0.0060941577	-163.88672	0.009847743	0.0	164.53224062919617
406	-481.17102	403.8204	-21.039324	-876.65674	13.272727	-72.303825	7.6293945e-06	-72.30382	-72.30382	244200	2.9007595e-08	49507.99	-0.022356069	-298.1289	0.009484657	0.0	164.89279961585999
407	-312.37457	386.92224	-19.280455	-876.3506	18.40625	-77.281586	0.0	-77.281586	-77.281586	244800	-1.947085e-08	24617.982	-0.0050999126	-35.808594	0.007416995	0.0	165.239896774292
408	-469.62778	403.75235	-23.161947	-876.2369	13.627907	-75.79774	7.6293945e-06	-75.79773	-75.79773	245400	-2.9106936e-08	48765.473	-0.0067413957	-185.36328	0.009922479	0.0	165.58885955810547
409	-485.71207	405.02847	-20.574736	-876.07574	13.066667	-79.55673	7.331103e-06	-79.55673	-79.55674	246000	-3.238519e-08	52157.35	-0.009784146	-164.11328	0.0080619035	0.0	165.9390254020691
410	-263.2319	368.24118	-20.215473	-876.64935	20.103449	-83.32151	7.6293945e-06	-83.3215	-83.3215	246600	2.2500753e-08	18327.73	-0.009226545	-132.57617	0.007447423	0.0	166.62598729133606
411	-374.25684	400.90964	-21.437038	-876.9741	16.583334	-80.37371	0.0	-80.37371	-80.37371	247200	6.357829e-09	31472.297	-0.008449185	-6.0566406	0.009332216	0.0	167.01439261436462
412	-400.58032	401.77847	-21.78848	-873.7249	15.710526	-79.49464	7.3772735e-06	-79.49464	-79.494644	247800	2.78155e-09	35123.69	-0.009653546	-8.0703125	0.006460014	1.0	167.3521339893341
413	-257.27844	359.6615	-19.253294	-848.03375	20.0	-80.255	7.6293945e-06	-80.255005	-80.255005	248400	2.8610229e-08	19264.963	-0.007425258	-96.37305	0.009943888	0.0	167.70896792411804
414	-264.52997	362.04483	-18.873224	-879.4845	19.931034	-77.573	7.6293945e-06	-77.57299	-77.57299	249000	-7.152557e-09	17462.172	-0.005831404	-55.177734	0.0078886505	0.0	168.05474877357483
415	-330.9009	390.57098	-18.313408	-878.8424	17.818182	-75.34738	0.0	-75.34738	-75.34738	249600	7.152557e-09	25456.623	-0.0053761336	-12.708984	0.008907238	0.0	168.41248321533203
416	-361.82343	397.75888	-18.308626	-876.3196	16.942858	-74.230774	0.0	-74.230774	-74.230774	250200	9.139379e-09	29461.496	-0.007314813	-0.23632812	0.0077072587	0.0	168.7781388759613
417	-388.03662	405.11868	-21.46168	-877.65424	16.081081	-74.32846	0.0	-74.32846	-74.32846	250800	-1.475215e-08	33908.58	-0.014224883	-5.4296875	0.009017587	0.0	169.12901759147644
418	-314.2274	389.39938	-20.575214	-878.4835	18.28125	-75.02124	1.5258789e-05	-75.021225	-75.021225	251400	7.947286e-10	23907.367	-0.0072221598	-37.23047	0.00965106	0.0	169.49321460723877
419	-377.93723	400.78577	-21.58274	-879.84766	16.583334	-73.249245	0.0	-73.249245	-73.249245	252000	1.4305114e-08	31621.64	-0.005262976	-12.994141	0.00932819	0.0	169.8343710899353
420	-364.85413	396.6847	-21.732332	-874.9676	17.085714	-74.23349	0.0	-74.23349	-74.23349	252600	-1.2715658e-08	30378.45	-0.006893785	-13.902344	0.008986117	0.0	170.50989389419556
421	-334.7824	387.08966	-20.725853	-850.46075	18.030304	-75.43921	1.5258789e-05	-75.43919	-75.43919	253200	-1.11262e-08	25155.836	-0.013670024	0.0234375	0.00885987	0.0	170.87463927268982
422	-439.39795	407.66827	-20.721992	-874.1105	14.525	-75.46882	7.6293945e-06	-75.46881	-75.46881	253800	2.7418137e-08	42411.4	-0.007724388	-58.13672	0.008971136	0.0	171.2266445159912
423	-161.4161	295.85098	-20.255207	-845.0257	23.12	-77.850075	0.0	-77.850075	-77.850075	254400	6.357829e-09	10732.702	-0.007488157	-288.5293	0.009338011	0.0	171.57177591323853
424	-439.14087	404.515	-19.46667	-875.0992	14.575	-72.91763	0.0	-72.91763	-72.91763	255000	-1.6291937e-08	44778.387	-0.0064406046	-116.60547	0.009063982	0.0	171.9337739944458
425	-423.58978	404.1435	-18.648838	-875.74664	14.875	-75.73895	0.0	-75.73895	-75.73895	255600	-6.357829e-09	39323.26	-0.011630616	-70.07422	0.009574909	0.0	172.28431224822998
426	-332.0079	389.59415	-21.302122	-849.0563	17.666666	-78.29901	1.5258789e-05	-78.298996	-78.298996	256200	3.4893552e-09	25374.904	-0.0066203005	-11.826172	0.0066615287	1.0	172.63810539245605
427	-386.6359	401.747	-16.362068	-874.28656	16.0	-77.42864	7.6293945e-06	-77.428635	-77.428635	256800	1.7484028e-08	34321.906	-0.011952876	-3.1796875	0.009370885	0.0	172.98867201805115
428	-260.68814	356.40952	-21.639002	-874.13745	19.933332	-77.887405	7.6293945e-06	-77.88741	-77.88741	257400	-2.9404958e-08	17271.5	-0.013318736	-30.91211	0.009079445	0.0	173.3319275379181
429	-332.703	390.80557	-21.513971	-875.53796	17.878788	-76.28016	7.6293945e-06	-76.28015	-76.28015	258000	3.5762786e-09	26510.047	-0.0127221355	-7.123047	0.008492169	0.0	173.6770532131195
430	-260.57092	361.73	-18.141876	-851.00726	20.068966	-75.382805	7.6293945e-06	-75.3828	-75.3828	258600	2.1035472e-08	17435.66	-0.007772071	-74.41016	0.0063783946	1.0	174.38104510307312
431	-195.27588	320.13766	-28.318367	-874.56464	22.153847	-72.74656	0.0	-72.74656	-72.74656	259200	-7.947286e-10	11304.727	-0.013225097	-112.336914	0.008378136	0.0	174.74322652816772
432	-454.4004	405.973	-20.842958	-875.7613	14.146341	-69.44274	7.6293945e-06	-69.44273	-69.44273	259800	-2.3841858e-08	43665.266	-0.007508678	-193.26562	0.008802601	0.0	175.1141436100006
433	-387.5545	401.6606	-24.286257	-875.57526	16.162163	-73.30279	0.0	-73.30279	-73.30279	260400	8.742014e-09	34222.26	-0.013132229	-25.265625	0.008682931	0.0	175.47737669944763
434	-311.94714	384.89438	-19.840498	-848.724	18.40625	-74.98426	7.6293945e-06	-74.98425	-74.98425	261000	8.34465e-09	24344.37	-0.0086021535	-24.445312	0.009386568	0.0	175.84170842170715
435	-318.06473	388.2314	-18.225933	-878.26495	18.375	-73.61459	0.0	-73.61459	-73.61459	261600	-2.8610229e-08	24687.363	-0.008283739	-6.513672	0.008554562	0.0	176.17364120483398
436	-281.59882	369.96054	-22.248117	-877.46204	19.533333	-72.77244	7.6293945e-06	-72.77243	-72.77243	262200	1.4305114e-08	20029.943	-0.014000223	-15.486328	0.008719276	0.0	176.52921652793884
437	-260.0126	363.63367	-17.264431	-876.5723	20.137932	-71.554886	0.0	-71.554886	-71.554886	262800	-1.9073486e-08	17505.59	-0.014673106	-54.67578	0.008825164	0.0	176.89831137657166
438	-303.06125	382.74634	-21.47954	-875.61456	18.903225	-69.255424	0.0	-69.255424	-69.255424	263400	9.934108e-09	21770.615	-0.010665715	-1.8691406	0.00734414	0.0	177.27496790885925
439	-360.46564	397.21292	-18.033821	-875.3046	17.0	-68.70257	7.6293945e-06	-68.702576	-68.702576	264000	1.5894573e-08	29451.586	-0.012498278	-10.623047	0.009567067	0.0	177.6351044178009
440	-385.5291	402.2486	-19.233164	-885.81415	16.37143	-69.70318	7.6293945e-06	-69.70317	-69.70317	264600	-8.90096e-08	31327.518	-0.016955433	-33.035156	0.0076681017	0.0	178.33593845367432
441	-278.90088	372.3024	-20.316088	-876.92584	19.333334	-71.575	7.6293945e-06	-71.575005	-71.575005	265200	-2.0662943e-08	19421.887	-0.00994714	-35.976562	0.009206017	0.0	178.6891531944275
442	-433.65005	407.096	-21.42772	-876.7557	14.846154	-69.75957	7.6293945e-06	-69.759575	-69.759575	265800	1.9868216e-09	39911.582	-0.017728105	-126.90234	0.008188379	0.0	179.03185939788818
443	-421.9663	408.64474	-22.16346	-878.7262	14.975	-73.181404	7.6293945e-06	-73.18141	-73.18141	266400	3.973643e-09	40894.312	-0.011414532	-64.16797	0.008775754	0.0	179.4032745361328
444	-313.30466	386.32562	-22.92146	-849.60095	18.34375	-75.86335	7.6293945e-06	-75.86336	-75.86336	267000	2.1855037e-08	23561.518	-0.01926924	-36.83008	0.008761721	0.0	179.76378321647644
445	-388.17197	402.79163	-19.468616	-874.65063	16.216217	-74.09284	7.6293945e-06	-74.09285	-74.09285	267600	-1.2715658e-08	33520.492	-0.015017317	-9.6328125	0.008893985	0.0	180.10763812065125
446	-349.51642	401.83148	-16.955349	-877.9353	17.205883	-74.96544	7.6293945e-06	-74.96543	-74.96543	268200	-3.1789145e-09	28411.617	-0.008778056	-6.033203	0.007838479	0.0	180.46780467033386
447	-398.63406	406.51083	-18.810358	-890.81024	15.789474	-74.23725	7.6293945e-06	-74.23726	-74.23726	268800	-3.0994414e-08	35692.527	-0.016343052	-8.042969	0.0089711	0.0	180.83285427093506
448	-410.9832	403.84506	-19.835176	-878.0006	15.282051	-75.11616	0.0	-75.11616	-75.11616	269400	-2.3444494e-08	37287.305	-0.0099508455	-43.683594	0.009106589	0.0	181.18385434150696
449	-329.11307	390.45157	-20.10666	-848.57227	17.848484	-77.341255	0.0	-77.341255	-77.341255	270000	-2.3047129e-08	25526.549	-0.011363382	-31.019531	0.009865746	0.0	181.55461406707764
450	-378.70395	395.0481	-19.808231	-876.2302	16.666666	-75.608696	7.6293945e-06	-75.60869	-75.60869	270600	3.2583873e-08	31813.44	-0.008567845	-39.32617	0.009303234	0.0	182.2492413520813
451	-260.64508	363.2967	-18.164139	-870.8679	20.206896	-77.5874	0.0	-77.5874	-77.5874	271200	-2.026558e-08	17599.387	-0.01771696	-111.17383	0.009531633	0.0	182.5896725654602
452	-277.47205	368.8454	-18.754591	-847.4541	19.433332	-74.25588	7.6293945e-06	-74.25589	-74.25589	271800	1.3510387e-08	20030.863	-0.013936921	-52.933594	0.009471863	0.0	182.95119953155518
453	-194.7681	318.95337	-20.418612	-854.7565	22.307692	-71.70562	0.0	-71.70562	-71.70562	272400	-1.9868216e-08	11265.941	-0.010268422	-112.86133	0.007882066	0.0	183.2856845855713
454	-162.94948	294.51672	-16.62897	-873.29877	23.0	-68.183174	0.0	-68.183174	-68.183174	273000	-5.2452087e-08	9291.736	-0.011232542	-137.1709	0.008041314	0.0	183.65141892433167
455	-331.05887	391.55716	-18.933311	-872.6047	17.69697	-64.33409	7.6293945e-06	-64.33408	-64.33408	273600	1.66893e-08	25566.287	-0.011924848	-3.0839844	0.009702235	0.0	184.00975346565247
456	-331.9002	390.55475	-18.517426	-875.7508	17.818182	-64.732216	0.0	-64.732216	-64.732216	274200	7.549922e-09	27334.12	-0.0090548955	-20.841797	0.009846822	0.0	184.36487436294556
457	-375.75684	396.3029	-21.953587	-876.455	16.36111	-66.23263	0.0	-66.23263	-66.23263	274800	-1.5894573e-08	32994.28	-0.010105347	-111.609375	0.0089399805	0.0	184.72457218170166
458	-471.56424	406.19687	-20.520714	-876.9732	13.651163	-69.657845	7.6293945e-06	-69.65785	-69.65785	275400	-7.947286e-09	48842.566	-0.007890214	-305.2422	0.00854837	0.0	185.07929730415344
459	-375.83353	403.5815	-17.9973	-876.5285	16.527779	-75.07788	0.0	-75.07788	-75.07788	276000	-2.1457673e-08	33785.96	-0.0063680355	-7.1132812	0.008984271	0.0	185.42101860046387
460	-256.325	358.16403	-19.885386	-875.46985	20.0	-76.16848	7.6293945e-06	-76.16849	-76.16849	276600	2.3841858e-08	17449.639	-0.0072090696	-59.646484	0.009042385	0.0	186.11170196533203
461	-378.1984	396.7207	-15.990842	-852.4466	16.36111	-73.89814	7.6293945e-06	-73.89815	-73.89815	277200	1.0331472e-08	31182.363	-0.009193383	-25.482422	0.008247973	0.0	186.45594000816345
462	-348.7523	391.90182	-19.641848	-849.4079	17.17647	-75.28783	7.6293945e-06	-75.28782	-75.28782	277800	2.6623407e-08	27078.557	-0.0089831725	-0.5625	0.009768915	0.0	186.81328439712524
463	-345.2708	395.06653	-22.9441	-874.9454	17.17647	-75.62573	1.5258789e-05	-75.62572	-75.62572	278400	7.947286e-10	27476.86	-0.01495775	-7.388672	0.0071446816	0.0	187.1681890487671
464	-263.23645	360.28723	-17.177542	-850.1863	19.896551	-74.78951	0.0	-74.78951	-74.78951	279000	2.7815501e-08	17378.938	-0.0062296255	-41.25	0.00871742	0.0	187.51769590377808
465	-388.132	402.7524	-22.239376	-880.4673	16.216217	-72.72841	7.6293945e-06	-72.72842	-72.72842	279600	-5.165736e-09	34530.812	-0.007976659	-22.113281	0.009177184	0.0	187.8735706806183
466	-440.13788	407.95404	-20.168028	-878.9428	14.45	-74.11459	0.0	-74.11459	-74.11459	280200	-2.503395e-08	42510.652	-0.009169884	-83.02734	0.0063801566	1.0	188.2314841747284
467	-276.6932	372.90237	-16.845173	-873.55396	19.566668	-77.08496	0.0	-77.08496	-77.08496	280800	5.2452087e-08	20649.717	-0.017999295	-93.75391	0.006249803	0.0	188.5799961090088
468	-348.2874	396.35544	-20.098808	-878.3383	17.32353	-74.20637	0.0	-74.20637	-74.20637	281400	-1.5894572e-09	28590.746	-0.010831048	-0.10546875	0.009906181	0.0	188.9281041622162
469	-359.4684	399.69754	-18.609867	-872.91394	16.8	-73.83616	7.6293945e-06	-73.83615	-73.83615	282000	-7.947286e-10	29731.64	-0.0116597805	-0.9863281	0.009570238	0.0	189.28210020065308
470	-423.87515	408.0741	-20.80003	-879.8084	14.925	-73.519196	0.0	-73.519196	-73.519196	282600	3.2583873e-08	39875.15	-0.018579118	-68.26953	0.0086009605	0.0	189.99222826957703
471	-189.59447	311.80798	-18.535982	-846.5764	22.185184	-76.15923	7.6293945e-06	-76.159225	-76.159225	283200	-2.3841857e-09	11230.628	-0.014366665	-144.37305	0.009111487	0.0	190.34367203712463
472	-412.68958	404.48123	-20.10128	-876.4248	15.358974	-72.526924	7.6293945e-06	-72.52692	-72.52692	283800	6.9538753e-09	37470.715	-0.014447476	-57.359375	0.00612063	0.0	190.69286704063416
473	-300.20953	381.41812	-20.96903	-877.8921	18.870968	-74.66712	7.6293945e-06	-74.66713	-74.66713	284400	-2.78155e-09	21671.188	-0.008197698	-23.554688	0.007885478	0.0	191.05098962783813
474	-420.94604	404.57654	-18.178366	-849.9849	15.0	-73.29597	7.6293945e-06	-73.295975	-73.295975	285000	2.4636586e-08	39263.605	-0.009051438	-60.296875	0.009076352	0.0	191.41261887550354
475	-299.34436	377.4262	-19.819109	-872.942	18.67742	-75.619286	7.6293945e-06	-75.61929	-75.61929	285600	1.7484028e-08	22173.387	-0.0029294188	-13.916016	0.006725914	1.0	191.76643109321594
476	-351.63452	395.14218	-21.289057	-875.2381	17.147058	-74.57957	0.0	-74.57957	-74.57957	286200	2.3047129e-08	27562.021	-0.009923373	-1.3339844	0.008025414	0.0	192.11273169517517
477	-438.50586	401.52643	-23.601799	-872.86005	14.487804	-74.880745	7.6293945e-06	-74.88074	-74.88074	286800	-1.8278758e-08	41093.047	-0.0067362287	-212.19531	0.009918371	0.0	192.46023106575012
478	-353.1941	392.31293	-23.814917	-876.093	17.17647	-79.42585	0.0	-79.42585	-79.42585	287400	-1.8278758e-08	27277.557	-0.011316519	-0.6308594	0.0089453	0.0	192.8109836578369
479	-387.34766	399.69708	-18.650702	-872.29803	16.054054	-79.99575	0.0	-79.99575	-79.99575	288000	4.7683715e-09	33839.414	-0.0100306235	-3.4726562	0.009322233	0.0	193.15951585769653
480	-335.06546	388.70413	-23.583426	-875.76135	17.636364	-80.58276	1.5258789e-05	-80.58275	-80.58275	288600	7.947286e-10	25239.523	-0.008088658	-10.703125	0.008896326	0.0	193.88708972930908
481	-329.15933	390.0241	-20.33016	-886.43915	17.848484	-79.569756	7.6293945e-06	-79.56976	-79.56976	289200	-3.5762786e-09	26179.545	-0.010038469	-40.60742	0.0062070205	0.0	194.28153777122498
482	-315.5661	387.16696	-19.060946	-876.6269	18.15625	-77.45666	7.6293945e-06	-77.45665	-77.45665	289800	2.4239222e-08	23710.164	-0.011473997	-44.066406	0.009070104	0.0	194.62317848205566
483	-335.97943	388.31345	-21.881462	-876.3797	17.575758	-75.196594	0.0	-75.196594	-75.196594	290400	2.026558e-08	25180.518	-0.014077697	0.08984375	0.009277086	0.0	194.98358607292175
484	-377.47495	397.64117	-17.884768	-875.95087	16.25	-75.12493	0.0	-75.12493	-75.12493	291000	1.5099843e-08	32173.75	-0.014005375	-26.966797	0.00958736	0.0	195.34071826934814
485	-314.1952	385.40518	-19.577875	-851.9555	18.09375	-76.86518	0.0	-76.86518	-76.86518	291600	-3.0994414e-08	23485.686	-0.008266692	-35.90625	0.006569891	1.0	195.68776202201843
486	-296.1749	378.77527	-21.130175	-851.4864	18.774193	-74.9439	7.6293945e-06	-74.94389	-74.94389	292200	-4.371007e-09	22391.2	-0.008345477	-45.17578	0.0081345225	0.0	196.04443883895874
487	-241.05086	349.55856	-20.998968	-848.77325	20.642857	-72.5662	0.0	-72.5662	-72.5662	292800	-6.357829e-09	15185.215	-0.015504005	-67.075195	0.00899406	0.0	196.41735553741455
488	-314.4143	384.72885	-21.430677	-851.41705	18.34375	-69.69866	0.0	-69.69866	-69.69866	293400	-2.9007595e-08	24213.047	-0.012615049	-2.0527344	0.007975632	0.0	196.75910019874573
489	-431.2461	406.8345	-19.75915	-882.215	14.820513	-69.05733	7.6293945e-06	-69.057335	-69.057335	294000	1.5894572e-09	40540.547	-0.01041722	-141.79297	0.0065611405	1.0	197.10437560081482
490	-332.90707	392.85727	-18.87178	-879.63574	17.939394	-73.0216	7.6293945e-06	-73.02159	-73.02159	294600	1.4305114e-08	25720.916	-0.011456292	-2.6054688	0.009020146	0.0	197.81629085540771
491	-298.78854	379.37695	-22.610565	-873.7153	18.903225	-72.650856	7.6293945e-06	-72.65085	-72.65085	295200	-4.7683715e-09	21361.438	-0.01739491	-22.953125	0.009266862	0.0	198.15182876586914
492	-464.96378	407.08957	-18.972643	-875.4758	14.047619	-70.98879	0.0	-70.98879	-70.98879	295800	2.1060307e-08	45953.055	-0.0074789478	-253.19531	0.0087467	0.0	198.5166404247284
493	-318.14313	383.07764	-20.426785	-874.7136	18.625	-76.03867	7.6293945e-06	-76.038666	-76.038666	296400	7.947286e-09	25122.627	-0.019465828	0.34179688	0.008519446	0.0	198.8678810596466
494	-193.60617	322.21545	-17.650564	-872.96814	22.423077	-76.1159	7.6293945e-06	-76.11589	-76.11589	297000	-9.536743e-09	11682.107	-0.009776057	-197.91504	0.008551598	0.0	199.21920919418335
495	-463.52182	401.02396	-22.510042	-874.6766	14.166667	-71.73659	7.6293945e-06	-71.736595	-71.736595	297600	1.9868216e-09	47933.453	-0.006160343	-318.29688	0.00860504	0.0	199.56431460380554
496	-467.7609	400.54904	-25.158705	-876.4839	14.214286	-76.65046	7.6293945e-06	-76.65045	-76.65045	298200	-9.338061e-09	45780.99	-0.013976746	-284.0039	0.009343675	0.0	199.89291644096375
497	-262.0339	359.4392	-23.422735	-850.5835	20.310345	-81.48761	0.0	-81.48761	-81.48761	298800	4.45048e-08	18158.764	-0.011526022	-63.246094	0.009086428	0.0	200.2427499294281
498	-407.10538	403.12192	-26.128752	-877.17664	16.194445	-79.59522	7.6293945e-06	-79.59523	-79.59523	299400	1.7036994e-08	33490.31	-0.01205483	-28.042969	0.008901668	0.0	200.58363270759583
499	-307.16895	371.15857	-21.446302	-853.21533	19.290323	-80.88056	7.6293945e-06	-80.88057	-80.88057	300000	2.8212865e-08	21817.436	-0.0126165515	0.046875	0.0074772467	0.0	201.3158404827118
