Epoch	AverageEpRet	StdEpRet	MaxEpRet	MinEpRet	EpLen	AverageVVals	StdVVals	MaxVVals	MinVVals	TotalEnvInteracts	LossPi	LossV	DeltaLossPi	DeltaLossV	KL	BacktrackIters	Time
0	-629.5931	214.67172	-146.86143	-867.91583	20.448277	-0.24921219	0.71231526	2.743937	-2.5150833	600	-1.748403e-07	268056.38	-0.040446937	-3502.625	0.00853815	0.0	0.7137489318847656
1	-605.37134	233.08932	-151.93314	-877.4686	19.827587	-3.6941476	0.70306754	-0.07236626	-5.4127345	1200	7.708867e-08	221676.5	-0.0483747	-3105.4062	0.007833874	0.0	1.102421760559082
2	-564.15924	267.3049	-174.24863	-879.7188	18.67742	-7.329699	1.0128202	-1.6254655	-8.442285	1800	-4.4902166e-08	168056.08	-0.05668539	-2349.25	0.008868384	0.0	1.4959077835083008
3	-346.70288	293.92252	-34.367302	-860.9971	20.428572	-10.603124	1.6522398	0.11696565	-11.456935	2400	-9.536743e-09	44192.48	-0.055965554	-668.6211	0.0072442982	0.0	1.8796820640563965
4	-272.95404	166.76935	-54.89776	-858.8979	27.52381	-12.413533	1.3464166	-0.23478739	-13.171123	3000	1.9311905e-07	67701.055	-0.028372478	-882.4375	0.0076237964	0.0	2.2503726482391357
5	-242.29745	241.31174	-34.360584	-859.3896	23.56	-14.565798	1.5938879	-2.7280443	-15.415035	3600	-6.357829e-09	33338.375	-0.04480459	-453.75	0.0062394077	0.0	2.6293370723724365
6	-262.3343	226.74629	-40.517372	-863.0135	25.304348	-15.851387	1.9754698	-2.1301146	-16.860006	4200	5.4041546e-08	64796.81	-0.038887043	-792.91406	0.005415692	0.0	2.9923765659332275
7	-183.31294	162.11542	-44.443455	-837.4653	25.608696	-18.065123	1.8687128	-0.77606523	-18.82243	4800	-7.073084e-08	27701.73	-0.04731754	-468.66016	0.0065980623	0.0	3.3667407035827637
8	-185.95204	121.911606	-42.815777	-516.6952	27.47619	-19.649405	1.7942266	-7.24828	-20.575369	5400	-9.338061e-08	46708.42	-0.03908567	-633.15234	0.00572198	0.0	3.7510218620300293
9	-182.95844	153.39209	-63.684643	-821.5991	25.565218	-21.625559	1.8771416	-4.255471	-22.433123	6000	7.152557e-09	26463.494	-0.035851046	-445.5	0.006596312	0.0	4.107501268386841
10	-181.82947	206.0642	-39.008606	-846.62524	24.0	-23.453691	1.9268894	-8.122238	-24.172045	6600	5.7220458e-08	17842.68	-0.04240666	-298.82422	0.0069488706	0.0	4.605649709701538
11	-110.81454	74.12391	-35.44358	-392.48822	25.434782	-25.011055	1.7611029	-13.781991	-25.637234	7200	-4.7683717e-08	14582.493	-0.037835322	-249.21973	0.0055932864	0.0	4.964553594589233
12	-100.0009	38.99637	-24.84654	-163.19867	25.173914	-26.331572	1.7472856	-11.942241	-26.910591	7800	-2.6623407e-08	6795.446	-0.035627693	-188.41309	0.0051669637	0.0	5.337002277374268
13	-113.626816	158.7132	-35.54224	-860.5032	23.88	-27.792028	0.9455891	-20.597279	-28.047602	8400	-3.1789146e-08	6459.938	-0.046607554	-109.51514	0.005180962	0.0	5.697390079498291
14	-99.75304	56.347332	-27.37882	-269.27695	25.652174	-28.563227	1.4183568	-9.883186	-29.018682	9000	-1.2318293e-08	8658.989	-0.043109354	-171.37402	0.0045581297	0.0	6.072190046310425
15	-98.118904	48.407898	-37.591553	-224.49747	25.043478	-29.885498	1.1552682	-18.350876	-30.222822	9600	1.5894573e-08	7147.453	-0.03352612	-162.54492	0.004476713	0.0	6.433324337005615
16	-80.07159	36.454666	-21.628355	-148.02754	24.625	-31.224895	0.8846961	-24.89977	-31.439838	10200	1.0808309e-07	3603.385	-0.03247816	-96.13989	0.00767555	0.0	6.793747186660767
17	-78.884575	28.719307	-31.608442	-138.48102	25.217392	-32.089184	1.0753237	-26.829494	-32.39408	10800	2.5232634e-08	2898.5361	-0.031935498	-80.54736	0.0048019215	0.0	7.158205270767212
18	-116.83716	156.09863	-34.98612	-855.2444	23.8	-33.05782	0.9737988	-27.642334	-33.30274	11400	-2.0662943e-08	5822.2144	-0.044069853	-121.29785	0.004159102	0.0	7.518020153045654
19	-67.00894	29.64103	-23.099667	-124.66712	25.130434	-34.15089	1.0876536	-22.841084	-34.422817	12000	-5.0465268e-08	1904.9661	-0.03395806	-48.16626	0.0055342033	0.0	7.879800081253052
20	-78.57672	45.186237	-20.049643	-178.34314	25.217392	-34.89872	1.0310891	-29.97793	-35.16803	12600	3.2981237e-08	3969.1816	-0.034983624	-78.57666	0.0050177234	0.0	8.400954008102417
21	-73.83237	35.54148	-24.031574	-177.81009	24.708334	-35.88417	0.9623054	-30.481316	-36.11291	13200	3.5564106e-08	2775.7642	-0.022309892	-67.59326	0.0053985612	0.0	8.766096830368042
22	-71.159904	31.062351	-24.59027	-145.41922	24.833334	-36.865124	0.8201417	-31.38332	-37.025017	13800	-3.8544336e-08	2151.2717	-0.027907701	-59.132812	0.0044018626	0.0	9.12904977798462
23	-69.93789	30.387941	-20.894392	-137.38713	24.5	-37.751804	0.83596087	-27.229424	-37.886154	14400	-1.8874804e-08	1934.7983	-0.031353172	-51.06543	0.005578915	0.0	9.511788129806519
24	-72.23768	36.798866	-24.510021	-190.31299	25.130434	-38.49371	0.99223435	-32.612915	-38.709465	15000	4.808108e-08	2447.402	-0.03312304	-56.024414	0.006133715	0.0	9.895279169082642
25	-58.00527	21.239246	-21.457441	-103.565445	24.625	-39.489246	0.6378776	-34.695713	-39.581245	15600	4.2120615e-08	764.9001	-0.031997904	-19.355286	0.006501664	0.0	10.26449465751648
26	-75.386635	31.020573	-36.765335	-140.38393	24.791666	-39.91243	1.0210615	-33.986935	-40.132706	16200	4.0332477e-08	2196.2717	-0.022356551	-66.87256	0.0049801585	0.0	10.633368015289307
27	-70.96927	31.802923	-21.031586	-172.59406	24.5	-40.973534	0.8114785	-34.377323	-41.106243	16800	-3.973643e-09	1934.3369	-0.032748286	-53.26648	0.0042181867	0.0	10.99392032623291
28	-67.61291	30.981071	-20.56156	-149.22299	24.791666	-41.8065	1.0749458	-35.053402	-42.02675	17400	9.536743e-09	1709.3633	-0.026975539	-42.493652	0.00757934	0.0	11.385193824768066
29	-152.26517	249.71338	-31.843344	-857.09467	21.88889	-42.7025	0.91275144	-37.39489	-42.86363	18000	-6.357829e-09	4306.1436	-0.054989796	-41.2959	0.0041472265	0.0	11.756729125976562
30	-56.86186	20.971212	-20.509314	-107.258804	24.791666	-43.612175	0.65998864	-38.07753	-43.699852	18600	3.1789146e-08	592.0115	-0.034020286	-12.779053	0.008675944	0.0	12.267209768295288
31	-68.30371	31.458818	-29.817612	-162.50232	24.958334	-43.851795	1.5326315	-26.708694	-44.188637	19200	-6.139278e-08	1683.472	-0.028329914	-42.456787	0.0046540266	0.0	12.63096833229065
32	-51.596394	22.488941	-19.223787	-101.39082	25.0	-44.842102	0.94867283	-39.180412	-45.024708	19800	4.371007e-09	562.2811	-0.029675115	-7.778137	0.009674481	0.0	12.997874736785889
33	-68.17567	26.669636	-27.855415	-136.5834	24.875	-44.947876	1.6014814	-23.377018	-45.348747	20400	-7.947286e-10	1239.6202	-0.029105186	-36.66919	0.008147703	0.0	13.362849473953247
34	-52.188274	22.935362	-22.80881	-105.744446	24.875	-45.579376	1.9061285	-33.581886	-46.16659	21000	1.390775e-09	568.88617	-0.029876575	-6.0873413	0.0075647403	0.0	13.744933605194092
35	-50.19685	23.836393	-27.157274	-125.98233	25.130434	-45.72987	2.301218	-34.090553	-46.49502	21600	1.2516975e-08	598.09436	-0.02126531	-4.2958984	0.0046002446	0.0	14.108663558959961
36	-46.52033	20.492884	-18.362608	-123.098366	25.086956	-45.8617	2.2405949	-31.539171	-46.67466	22200	-2.582868e-08	386.71408	-0.027904468	-12.279205	0.008383557	0.0	14.483690977096558
37	-65.26616	46.11339	-25.904501	-209.28558	25.434782	-44.358692	2.9461038	-36.363514	-46.725006	22800	-3.5762786e-09	2723.479	-0.012694684	-98.50049	0.006382739	0.0	14.846789121627808
38	-45.94977	23.333168	-19.520483	-127.8302	25.173914	-47.044296	1.7862502	-34.828327	-47.50505	23400	-3.516674e-08	539.5952	-0.020651983	-5.3709717	0.005190542	0.0	15.218721151351929
39	-46.799534	21.144375	-20.360378	-95.45681	25.347826	-46.774174	2.31551	-34.47606	-47.56301	24000	-1.013279e-08	432.5222	-0.016343012	-1.9832458	0.0071869316	0.0	15.602208614349365
40	-49.383022	20.033726	-22.12664	-102.16914	24.916666	-46.51697	2.5072746	-33.834766	-47.55893	24600	1.7086665e-08	403.7494	-0.029360708	-3.1326904	0.008352035	0.0	16.11830997467041
41	-42.65218	17.946331	-19.45007	-85.96995	24.958334	-46.571068	2.893439	-32.80201	-47.68058	25200	-1.1324882e-08	330.22766	-0.0159211	-25.578247	0.008322784	0.0	16.4807767868042
42	-40.28421	12.626018	-21.259165	-78.37086	24.833334	-42.82849	2.8501573	-31.627106	-47.6097	25800	-1.11262e-08	158.31744	-0.019863991	-15.001785	0.004858665	0.0	16.845794677734375
43	-56.511623	35.666107	-26.903996	-181.13104	25.52174	-41.570858	2.0554566	-33.206913	-47.55298	26400	-2.036492e-08	1564.3643	-0.040279504	-124.76428	0.008248329	0.0	17.21523666381836
44	-44.40249	22.272	-19.559216	-101.69586	25.391304	-47.303215	2.3880556	-32.368134	-48.070717	27000	2.026558e-08	499.01413	-0.022550493	-4.722046	0.0077343066	0.0	17.60003638267517
45	-42.347965	16.613491	-18.978489	-71.77085	25.26087	-47.17431	2.4539497	-33.858223	-47.987736	27600	-6.357829e-09	287.00864	-0.022311885	-12.582092	0.007516736	0.0	17.97409152984619
46	-53.32605	40.313927	-19.96518	-182.14049	25.695652	-45.983864	2.9110913	-32.862484	-47.734173	28200	3.5762786e-09	1843.664	-0.024361711	-12.384399	0.0026724264	0.0	18.341968059539795
47	-37.490303	21.508324	-19.491955	-117.012245	25.608696	-46.126743	3.4876442	-31.80788	-48.1879	28800	1.8278758e-08	540.91437	-0.032320987	-80.62399	0.008689423	0.0	18.719871520996094
48	-80.52517	162.2949	-22.980555	-852.71594	24.166666	-40.14832	1.937995	-32.242496	-47.993053	29400	1.5894572e-09	1555.8162	-0.033075158	-10.5061035	0.006507163	0.0	19.092886447906494
49	-36.366207	16.345795	-21.270542	-100.534584	25.217392	-40.735676	1.7675174	-31.275799	-48.42035	30000	-1.7881393e-09	272.1711	-0.022386577	-3.489624	0.00579465	0.0	19.458338499069214
50	-38.7138	13.966912	-21.02788	-70.34631	25.130434	-40.50463	1.9129289	-32.709564	-48.248627	30600	2.9802323e-09	190.31516	-0.020126985	-1.3887024	0.0055674124	0.0	19.96837830543518
51	-45.680923	29.341059	-21.189816	-143.59393	25.347826	-40.311092	2.0198493	-25.53218	-43.63578	31200	-3.774961e-09	884.1169	-0.028274361	-18.635681	0.007015721	0.0	20.343369245529175
52	-38.28044	12.127465	-19.272715	-68.56265	25.217392	-40.824596	2.0337145	-29.191866	-48.466496	31800	-1.1722247e-08	146.09131	-0.021232903	-2.3217468	0.0077693653	0.0	20.7232985496521
53	-34.818	15.233652	-19.752748	-82.84896	25.391304	-40.757755	2.2337904	-29.517889	-48.3463	32400	-2.1457673e-08	256.88437	-0.014282833	-27.361343	0.0057894555	0.0	21.09956407546997
54	-76.06106	158.32155	-21.49205	-829.4271	24.416666	-37.98518	2.4545853	-32.702194	-47.97582	33000	1.2715658e-08	1453.5106	-0.03581586	-21.923218	0.0063268123	0.0	21.475754499435425
55	-38.584877	23.857803	-18.773512	-132.85858	25.652174	-40.400887	2.130582	-32.400146	-48.251804	33600	7.947286e-09	561.40314	-0.017348439	-4.0476685	0.0024205975	0.0	21.838606595993042
56	-38.55854	14.149417	-21.19807	-75.22597	25.217392	-40.232994	2.3596992	-32.9047	-48.203957	34200	-3.973643e-09	195.19598	-0.019954722	-1.2800446	0.00681525	0.0	22.192335605621338
57	-36.234207	15.444786	-17.113054	-87.76759	25.47826	-40.157696	2.5492342	-32.467175	-48.062344	34800	5.165736e-09	239.88864	-0.02663224	-3.728531	0.0064940434	0.0	22.56619167327881
58	-34.666267	12.005262	-18.192684	-58.578342	25.347826	-39.359505	2.4877853	-31.293404	-47.7768	35400	2.026558e-08	159.38289	-0.021612925	-19.981644	0.009029926	0.0	22.932807445526123
59	-64.04235	158.70914	-20.919765	-824.2619	24.458334	-36.34303	1.9920315	-30.195568	-47.479996	36000	-4.2915346e-08	1123.8634	-0.038352482	-10.162842	0.0061258525	0.0	23.30935525894165
60	-31.201641	11.258436	-18.838095	-71.72024	25.782608	-34.433136	2.2454333	-27.13455	-47.284775	36600	5.642573e-08	135.98007	-0.021572849	-2.517395	0.007979163	0.0	23.859406232833862
61	-36.228264	14.296456	-20.77024	-83.38104	25.217392	-33.958652	1.8636093	-28.654152	-47.02098	37200	5.165736e-09	195.98424	-0.022660147	-1.3051758	0.009742659	0.0	24.24008560180664
62	-31.741692	10.24721	-20.536694	-66.346	25.47826	-34.149845	1.8547672	-28.905762	-47.164368	37800	1.8676122e-08	106.23721	-0.01625738	-2.1356506	0.007778516	0.0	24.620134115219116
63	-34.145786	9.894564	-20.754564	-61.73719	25.652174	-33.879578	2.0050187	-25.770027	-47.000996	38400	-9.934108e-10	94.30449	-0.019337978	-0.39897156	0.0054596593	0.0	24.997535705566406
64	-31.067871	10.60684	-19.873308	-68.81294	25.652174	-34.125328	2.5123253	-28.597668	-46.99613	39000	3.1789145e-09	116.2336	-0.022583187	-3.6614838	0.0063284636	0.0	25.36599636077881
65	-37.16883	18.590368	-18.9878	-98.61514	25.652174	-33.63178	2.6788614	-28.289572	-46.743763	39600	-1.2318293e-08	333.92923	-0.014728612	-4.1605835	0.0068225255	0.0	25.733981609344482
66	-29.340014	7.691529	-19.763105	-53.14999	25.434782	-33.840145	1.9074593	-28.382301	-47.035145	40200	9.536743e-09	78.96833	-0.025699228	-15.789196	0.008883539	0.0	26.10265803337097
67	-40.31152	16.64482	-20.616571	-95.25966	25.52174	-32.082863	3.653058	-28.190586	-46.682236	40800	-3.0994414e-08	337.32257	-0.015124006	-44.932983	0.0065921154	0.0	26.468180656433105
68	-38.64449	20.58899	-20.657522	-100.550934	25.565218	-35.372242	2.86361	-28.141642	-47.23397	41400	5.5631e-09	414.9829	-0.0151275	-3.0561523	0.008298715	0.0	26.839072704315186
69	-33.21003	15.395681	-19.91958	-87.53137	25.608696	-35.685535	2.4106257	-29.314945	-47.64055	42000	-6.357829e-09	227.13177	-0.020181617	-8.303574	0.008541652	0.0	27.222949028015137
70	-30.480204	10.212805	-18.629261	-59.47724	25.608696	-33.57196	2.6426656	-28.026886	-47.479965	42600	-3.33786e-08	114.67598	-0.03141997	-8.826736	0.009151694	0.0	27.762439966201782
71	-33.465137	12.2318535	-20.929094	-78.702835	25.52174	-32.07686	2.518721	-25.716293	-47.286007	43200	2.1060307e-08	146.36572	-0.014696015	-1.4444275	0.004814779	0.0	28.13996124267578
72	-28.22964	8.608894	-18.507683	-49.148746	25.782608	-32.05277	1.9316031	-26.452278	-47.42789	43800	-5.2054723e-08	89.41409	-0.018623125	-4.6968155	0.007886666	0.0	28.50340747833252
73	-34.328846	15.730379	-19.040108	-98.147766	25.565218	-31.82487	3.1982396	-24.063257	-47.030697	44400	3.8146972e-08	244.0905	-0.020466348	-9.00737	0.007624553	0.0	28.863632917404175
74	-26.993471	9.349876	-18.137667	-57.873756	25.391304	-34.14744	2.2175276	-26.326572	-47.18873	45000	-3.8146972e-08	135.23392	-0.02250465	-37.853256	0.0066377185	0.0	29.233216047286987
75	-63.04289	167.80661	-17.513004	-866.29095	24.583334	-30.9533	2.6124396	-25.888075	-46.627617	45600	-1.5894573e-08	1276.8875	-0.035183195	-8.084473	0.0065846085	0.0	29.59691858291626
76	-27.706848	9.03649	-17.5521	-55.102123	25.652174	-30.587767	3.089261	-25.56594	-46.401897	46200	1.0331472e-08	86.78135	-0.017551623	-7.512665	0.007939645	0.0	29.969297885894775
77	-34.854282	11.16287	-19.135426	-58.545765	25.869566	-27.771595	2.9249651	-25.144022	-46.121906	46800	-1.8278758e-08	173.43282	-0.0027124349	-39.995087	0.007343678	0.0	30.349873781204224
78	-29.492392	12.825344	-18.885612	-64.73136	25.434782	-31.446367	2.617505	-26.246157	-46.796513	47400	2.1060307e-08	162.35551	-0.022109097	-3.6476288	0.008317122	0.0	30.729721307754517
79	-28.302088	11.631152	-18.748466	-70.95914	25.608696	-31.289928	3.0141807	-26.026775	-46.57409	48000	-2.8411547e-08	141.09389	-0.02462762	-3.1983032	0.007837165	0.0	31.107702493667603
80	-29.93556	11.785472	-18.30383	-65.59854	25.869566	-30.65957	2.9406593	-25.587866	-46.15628	48600	3.0199686e-08	133.64442	-0.018597921	-0.7879944	0.008655057	0.0	31.65144395828247
81	-23.949646	4.0075126	-19.199492	-36.158432	25.913044	-30.17836	2.2491508	-25.349033	-45.996006	49200	4.4703484e-08	59.093697	-0.018582236	-14.404133	0.0073644496	0.0	32.00975513458252
82	-60.4564	162.6431	-18.271667	-839.4493	24.541666	-29.008362	2.6532233	-22.747868	-45.052746	49800	-3.33786e-08	1173.3342	-0.033040777	-0.83862305	0.007652195	0.0	32.375101804733276
83	-24.121424	4.5408506	-17.284391	-35.576336	25.608696	-28.384518	2.0736804	-23.972704	-44.803432	50400	2.3841858e-08	42.115124	-0.02707571	-8.186836	0.009706075	0.0	32.75043559074402
84	-28.086126	11.823224	-17.827847	-72.29972	25.73913	-27.310635	2.5623567	-22.811522	-44.129993	51000	-3.1789145e-09	129.43782	-0.012441313	-0.71951294	0.005859008	0.0	33.12702012062073
85	-29.82156	26.313398	-17.58283	-149.219	25.913044	-27.834675	3.2840724	-23.238749	-44.17436	51600	-3.973643e-10	701.4895	-0.015877532	-3.4380493	0.0024808976	0.0	33.49910640716553
86	-25.542265	5.703222	-16.649334	-37.897366	25.782608	-28.252298	2.962497	-23.631104	-44.66185	52200	1.11262e-08	46.53247	-0.025879096	-3.8259468	0.008615864	0.0	33.876948833465576
87	-27.234219	8.159149	-18.064245	-55.43323	25.73913	-27.523157	3.170103	-23.100784	-44.211693	52800	-1.1523564e-08	68.830055	-0.020371461	-0.81827545	0.006703531	1.0	34.269062757492065
88	-26.655363	8.303813	-17.370554	-54.592976	25.47826	-27.327223	2.4245238	-22.63625	-44.058727	53400	1.2715658e-08	63.91035	-0.01693658	-0.72953033	0.0061264206	0.0	34.635780572891235
89	-25.803812	7.393402	-17.42112	-49.507526	25.695652	-27.249922	2.4643793	-22.73215	-43.90924	54000	-2.026558e-08	57.99638	-0.026279064	-0.8791809	0.009912282	0.0	35.0088427066803
90	-25.648478	5.367011	-18.058933	-39.1225	25.52174	-26.794401	2.0562787	-22.52275	-43.611935	54600	-3.1789145e-09	30.966557	-0.017046763	-0.7878399	0.0077656847	0.0	35.55007362365723
91	-25.902752	7.097824	-18.163425	-47.067314	25.565218	-26.362099	1.7900172	-18.195747	-43.335144	55200	3.6557516e-08	51.61092	-0.018718632	-0.71541977	0.009563005	0.0	35.91934537887573
92	-24.665358	3.7558708	-17.400133	-32.581978	25.956522	-26.628534	2.3694563	-22.135403	-43.181843	55800	-1.66893e-08	22.64046	-0.014775908	-2.9875355	0.008150288	1.0	36.28239440917969
93	-24.81785	5.379564	-18.611992	-41.75353	25.608696	-25.865805	2.028237	-21.637234	-40.416565	56400	7.947286e-09	32.04191	-0.015035714	-0.57435226	0.0073653203	0.0	36.679107904434204
94	-58.229614	161.77806	-19.757702	-833.8407	24.625	-25.49136	1.7155075	-22.355238	-40.143856	57000	7.947286e-08	1110.0011	-0.03159045	-0.9609375	0.007919995	0.0	37.076555490493774
95	-24.774494	5.4391985	-17.806494	-38.842678	25.608696	-25.541286	1.3653644	-21.564518	-39.199013	57600	9.536743e-09	29.858418	-0.022136068	-0.53406143	0.007637856	1.0	37.46440887451172
96	-26.567965	6.1884785	-19.180996	-40.684635	25.73913	-25.311996	0.97439086	-21.025183	-37.66864	58200	3.973643e-09	38.127525	-0.028567871	-1.4769516	0.0097740665	0.0	37.82729506492615
97	-25.52364	5.7116585	-18.215729	-46.35017	25.652174	-26.079517	1.9567508	-21.084026	-37.823093	58800	2.3841857e-09	34.68239	-0.021151735	-1.2482414	0.007916458	0.0	38.187567949295044
98	-26.642979	11.134578	-17.870647	-76.21934	25.782608	-25.716413	2.033958	-21.497337	-42.454075	59400	2.3841858e-08	121.74812	-0.0070077786	-1.3739929	0.00774242	0.0	38.553669452667236
99	-25.898722	13.816588	-17.147152	-87.891136	25.434782	-26.043756	1.9864868	-21.840181	-42.715477	60000	-1.3113022e-08	176.54651	-0.020329118	-0.964859	0.008229076	0.0	38.909626483917236
100	-25.373917	7.07625	-18.015568	-40.77402	25.73913	-25.91708	1.8831716	-21.868223	-42.76722	60600	2.582868e-08	49.13204	-0.023592759	-0.26592255	0.008520977	0.0	39.45150542259216
101	-23.403069	3.7287803	-17.509886	-31.638475	25.47826	-25.556734	1.2659768	-21.580853	-37.871967	61200	-6.516775e-08	19.47751	-0.02389736	-2.9747334	0.009579115	0.0	39.82561135292053
102	-26.295029	3.9831066	-19.074503	-34.8864	25.608696	-24.69614	1.2090737	-20.93099	-37.329453	61800	4.6094257e-08	19.205544	-0.020275028	-2.3439922	0.0069092577	1.0	40.19029712677002
103	-23.891079	3.381126	-18.821827	-30.244284	25.73913	-25.640898	1.5617946	-21.993332	-40.79635	62400	-1.2715658e-08	16.101027	-0.013651686	-2.0927143	0.007784732	0.0	40.554667711257935
104	-22.630753	2.4992628	-17.863823	-29.610605	25.608696	-24.642694	1.1221136	-20.78727	-37.215847	63000	-4.7683715e-09	11.1527605	-0.011846147	-2.7545328	0.008500573	0.0	40.92705941200256
105	-24.34415	5.486423	-18.592062	-40.055294	25.434782	-23.766565	1.475364	-20.342543	-39.180645	63600	1.3113022e-08	30.207787	-0.021867707	-0.36406326	0.009448095	0.0	41.2954580783844
106	-25.306566	12.328072	-17.57289	-77.911835	25.695652	-24.201698	2.1004145	-20.466652	-41.349014	64200	7.549922e-09	146.60791	-0.011809148	-1.6775208	0.0075357896	0.0	41.71224021911621
107	-24.601217	7.02963	-18.001856	-52.56248	25.391304	-24.660326	1.6490872	-20.66449	-41.811306	64800	-1.7881393e-09	47.712173	-0.023018979	-0.3905487	0.009444534	0.0	42.08516192436218
108	-24.181307	5.3198357	-17.892496	-40.23098	25.391304	-24.57806	1.2136168	-20.784733	-37.14258	65400	1.2715658e-08	28.35065	-0.010027957	-0.28139305	0.006853034	1.0	42.45914077758789
109	-23.486423	4.989061	-17.925066	-40.245937	25.695652	-24.48222	1.4867942	-20.801414	-37.421413	66000	4.3710074e-08	26.644339	-0.01719435	-0.7662697	0.008951352	0.0	42.84066915512085
110	-23.469767	4.754049	-16.844002	-35.335484	25.565218	-24.009483	1.7404858	-20.109705	-41.064354	66600	-7.947286e-10	23.420935	-0.010888014	-0.28054047	0.009086002	0.0	43.39501762390137
111	-22.49189	3.2031126	-17.44482	-28.60715	25.52174	-23.74528	1.660347	-19.936752	-36.404648	67200	3.1789145e-09	13.625363	-0.013891881	-1.1418953	0.009082254	0.0	43.76107883453369
112	-26.080761	8.005384	-17.357817	-46.133747	25.52174	-23.170492	1.8588536	-19.310574	-37.71389	67800	1.5497207e-08	69.646	-0.021001343	-6.9526634	0.0055300323	0.0	44.11544418334961
113	-23.192106	4.424766	-18.189276	-39.165344	25.652174	-24.547752	1.1641846	-20.61569	-36.76138	68400	-4.7683717e-08	21.665455	-0.026084473	-2.0439568	0.008239338	0.0	44.48759460449219
114	-22.776182	3.20771	-17.497126	-29.774357	26.0	-23.798935	1.0640099	-20.284672	-32.905827	69000	1.0331472e-08	12.080784	-0.016523201	-0.90970325	0.00781915	0.0	44.85308647155762
115	-22.033245	4.4014134	-17.61091	-34.407745	25.608696	-23.200552	1.1068197	-20.777702	-32.463516	69600	-3.1789146e-08	21.369188	-0.01530394	-1.0997677	0.007448894	0.0	45.22303009033203
116	-22.703165	4.0899196	-17.524044	-33.291866	25.73913	-22.486834	0.9954168	-18.861824	-31.945642	70200	1.3510387e-08	17.497812	-0.018382218	-0.094306946	0.009109118	0.0	45.595728397369385
117	-24.112324	6.129428	-16.569221	-43.983738	25.565218	-22.615276	0.8845901	-20.225557	-35.284943	70800	1.9868216e-09	39.437122	-0.022700956	-2.7151985	0.009947401	0.0	45.958927392959595
118	-25.81121	8.325551	-18.097752	-60.29609	25.47826	-23.708288	1.3196816	-19.696823	-35.576077	71400	0.0	71.297295	-0.012774688	-4.5956116	0.0069056465	0.0	46.32463574409485
119	-22.690035	3.956275	-18.149843	-35.405396	25.956522	-25.889385	0.8012693	-21.260998	-32.283318	72000	3.1193096e-08	25.987581	-0.014275095	-9.264662	0.007376656	0.0	46.704338788986206
120	-23.613358	4.6335173	-17.498657	-34.96873	25.608696	-23.790716	0.9558658	-19.06187	-30.77817	72600	4.7683715e-09	21.947414	-0.015027741	-0.19371414	0.009449761	0.0	47.242844581604004
121	-21.36845	3.278824	-17.071165	-31.206064	25.652174	-23.623934	0.86813885	-20.124771	-31.214924	73200	-7.510185e-08	16.367004	-0.025592301	-4.449314	0.009755392	0.0	47.63011288642883
122	-22.376348	4.690965	-17.488579	-40.79604	25.565218	-22.242445	1.1390897	-19.852352	-33.18721	73800	2.0662943e-08	22.132118	-0.013037261	-0.20344925	0.00541197	0.0	48.00586009025574
123	-21.986395	3.4058318	-17.871176	-32.867294	25.782608	-22.346313	1.3106658	-18.112751	-33.66509	74400	-2.7020773e-08	12.028586	-0.008482967	-0.2888956	0.0068951044	0.0	48.378791093826294
124	-24.793306	5.7928066	-17.2601	-40.6895	25.73913	-22.085707	1.2728524	-17.360043	-33.649456	75000	-2.7020773e-08	39.760193	-0.018726462	-6.8048935	0.009110415	0.0	48.736924171447754
125	-22.876219	3.1987765	-17.716839	-33.018387	25.695652	-23.919724	0.76620877	-20.927183	-32.121925	75600	-1.3609728e-08	11.346635	-0.019459931	-1.0348091	0.009332765	0.0	49.1071138381958
126	-22.025345	2.7298434	-17.125092	-26.666004	25.826086	-23.221619	0.86658055	-20.117838	-30.133896	76200	-2.9404958e-08	9.4261055	-0.011299648	-1.3808126	0.0075422605	0.0	49.461920738220215
127	-22.225563	3.0004017	-16.893284	-31.578249	25.913044	-22.355362	0.96521026	-19.154762	-29.453888	76800	7.947286e-10	9.467218	-0.0064536086	-0.16102028	0.008053755	0.0	49.84221577644348
128	-22.290806	3.257284	-17.583986	-28.067942	25.652174	-22.23812	0.8398582	-19.538446	-32.421085	77400	3.973643e-10	10.500321	-0.012111786	-0.18141365	0.008146153	0.0	50.22257709503174
129	-23.303453	5.382843	-17.129896	-41.341812	25.47826	-22.266472	0.8919732	-18.676586	-29.429295	78000	-1.11262e-08	29.526745	-0.016508628	-1.4490166	0.0078744255	0.0	50.58749794960022
130	-22.798273	3.57693	-17.48299	-28.746973	25.782608	-23.096077	0.92133695	-20.002028	-34.01117	78600	5.364418e-08	12.763913	-0.0075315805	-0.27879047	0.009995735	1.0	51.13608932495117
131	-23.2528	4.388441	-17.25736	-39.22768	25.73913	-22.89419	0.87568	-20.757463	-33.82727	79200	-8.543332e-09	18.795654	-0.010208838	-0.34952545	0.0061207437	0.0	51.50757145881653
132	-23.429436	4.305666	-18.36041	-36.528503	25.73913	-23.187548	0.920505	-21.063534	-34.23701	79800	3.1987827e-08	18.281088	-0.015850402	-0.18009377	0.008608894	0.0	51.88252091407776
133	-22.754675	3.1815858	-16.884375	-28.666296	25.565218	-23.282389	0.5978256	-20.122944	-29.930029	80400	-5.5631e-09	10.715823	-0.012715808	-0.39851665	0.0077755013	0.0	52.26539993286133
134	-21.614504	3.642612	-17.7437	-32.357586	25.913044	-22.844667	0.7878956	-20.217325	-29.579556	81000	3.3775966e-09	15.155047	-0.015981838	-1.6438704	0.008179516	0.0	52.6483199596405
135	-22.449553	3.8365095	-17.127455	-31.709202	25.52174	-21.86903	0.9562178	-19.30827	-30.787176	81600	3.0199686e-08	15.01776	-0.015649436	-0.53009796	0.0078781955	0.0	53.02840757369995
136	-22.673923	4.7028675	-17.487535	-36.706253	25.565218	-22.39433	0.95456266	-19.987339	-29.149038	82200	3.904104e-08	21.38781	-0.01716398	-0.47972298	0.009986796	0.0	53.39928984642029
137	-23.22531	3.5984714	-17.649736	-30.306353	25.652174	-22.589085	0.6343307	-19.206913	-29.25698	82800	-3.9140385e-08	13.0632515	-0.01316193	-0.435771	0.00832638	0.0	53.766340255737305
138	-22.296846	2.6826615	-17.997074	-31.008072	25.608696	-23.168463	0.57752556	-21.15291	-29.706839	83400	-3.973643e-09	7.93785	-0.013600749	-0.7225137	0.009621025	0.0	54.15642976760864
139	-22.610699	3.969632	-17.322086	-31.77338	25.913044	-22.57639	1.3647205	-19.791584	-33.631596	84000	3.6160152e-08	15.719105	-0.01272156	-0.4328251	0.006434691	0.0	54.527487993240356
140	-22.870691	3.3529873	-17.028347	-32.27793	25.52174	-22.503376	0.7046786	-18.628815	-27.074478	84600	-3.89417e-08	11.794659	-0.015904035	-0.27699184	0.0072580846	0.0	55.10504388809204
141	-22.489555	4.1525555	-16.8582	-32.4615	25.73913	-22.878572	0.8008402	-20.837488	-28.008717	85200	1.09275184e-08	17.533258	-0.01112754	-0.34840012	0.0068030707	1.0	55.47140908241272
142	-21.877335	2.9821687	-17.409355	-28.484259	25.565218	-22.49269	0.55269104	-20.389254	-26.814257	85800	-2.582868e-08	9.478402	-0.011117513	-0.45895576	0.0071596033	0.0	55.83465790748596
143	-23.927607	6.4492154	-18.029154	-49.128357	25.782608	-22.019447	0.96349937	-20.013374	-32.169323	86400	-7.549922e-09	42.46614	-0.011255786	-5.192646	0.00636113	0.0	56.21818828582764
144	-21.784918	2.4782782	-17.242006	-26.711124	25.652174	-23.67989	1.0808109	-21.022955	-28.22915	87000	8.742015e-08	10.76819	-0.017404845	-4.482234	0.008945961	0.0	56.60022759437561
145	-22.464724	3.808792	-17.20616	-34.40758	25.52174	-21.955414	0.82522357	-19.95498	-30.081213	87600	4.6094257e-08	14.925571	-0.020261467	-0.47244644	0.00794466	1.0	56.975226163864136
146	-21.67668	3.4300675	-17.228504	-29.839546	25.782608	-22.380053	0.55380756	-20.517218	-26.58412	88200	-3.6557516e-08	12.222565	-0.010366237	-0.5278206	0.008913404	0.0	57.337419509887695
147	-21.390375	2.5713859	-17.08427	-27.177929	25.913044	-21.76968	0.7279912	-19.796946	-27.574697	88800	-1.5894572e-09	7.052688	-0.011510572	-0.2117858	0.00704164	0.0	57.71334791183472
148	-22.346645	4.2239227	-17.372316	-37.60537	25.869566	-21.410387	0.62785846	-19.566404	-26.589243	89400	-3.9140385e-08	19.006872	-0.025290836	-1.429821	0.0074624973	0.0	58.073180198669434
149	-22.79148	4.3663416	-17.504843	-35.778057	25.73913	-22.318655	0.5609818	-20.450993	-28.94787	90000	-5.3644182e-09	18.32125	-0.019961711	-0.26136208	0.0073086834	0.0	58.447346448898315
150	-22.151468	4.310398	-17.621317	-36.072906	25.608696	-22.751331	0.66149676	-20.288536	-33.450916	90600	5.3246815e-08	18.345398	-0.007392768	-0.52443504	0.0066990918	1.0	59.01460671424866
151	-21.482725	3.7585857	-17.249899	-30.69989	25.73913	-22.132324	0.5790299	-20.179264	-29.62928	91200	-3.973643e-09	14.5411005	-0.0058123926	-0.508317	0.008410451	0.0	59.39045596122742
152	-22.326525	2.895993	-17.920946	-33.9034	25.695652	-21.521236	0.5146307	-19.740223	-25.628677	91800	-2.6424726e-08	8.770316	-0.011429775	-0.70961	0.0073496657	0.0	59.7684850692749
153	-21.46825	2.8944738	-18.013607	-28.2365	25.826086	-22.3289	0.49257353	-20.521305	-27.594034	92400	1.5099843e-08	8.94897	-0.008418854	-0.77200985	0.007381715	0.0	60.16474270820618
154	-21.262693	2.6186125	-17.64543	-27.035362	26.043478	-21.534742	0.6405327	-19.698689	-25.797068	93000	3.536542e-08	7.0543776	-0.017667232	-0.18262625	0.008864693	0.0	60.534433126449585
155	-23.955439	4.0309963	-18.585543	-36.23076	25.608696	-21.320023	0.5784495	-19.480865	-26.59082	93600	-1.5894572e-09	23.162617	-0.013657474	-6.9087887	0.007253867	2.0	60.90351366996765
156	-22.526796	4.9770293	-17.334538	-39.94785	26.09091	-23.933245	0.4742199	-20.19115	-29.723484	94200	-2.1855036e-09	25.366783	-0.017208515	-2.152645	0.008618813	0.0	61.287145137786865
157	-21.56592	2.1076274	-18.162964	-25.300858	26.0	-22.523779	0.57505	-20.11911	-25.969315	94800	4.9273172e-08	5.64451	-0.009122831	-0.95446825	0.005340718	0.0	61.650885581970215
158	-23.492006	4.5584364	-18.061255	-39.05584	25.826086	-21.59243	0.68583864	-19.397728	-28.805014	95400	9.636084e-08	23.881409	-0.0018146532	-3.8999214	0.008162082	3.0	62.03188419342041
159	-22.865744	10.407505	-17.281467	-70.63748	25.782608	-23.518648	0.83144647	-21.330828	-33.8553	96000	-1.37090685e-08	103.72556	-0.007561387	-1.1963577	0.005445919	0.0	62.40298128128052
160	-21.513525	3.379791	-17.682808	-29.413752	25.565218	-22.72582	0.48705027	-19.999634	-29.323769	96600	-3.437201e-08	12.630539	-0.015188844	-1.4698639	0.0083427075	0.0	62.9810357093811
161	-22.418566	3.3064575	-17.204803	-30.148205	25.695652	-21.615284	0.79698753	-19.783571	-30.721075	97200	-3.973643e-09	11.414424	-0.02206164	-1.0827618	0.0074104127	0.0	63.346601486206055
162	-22.246717	3.2875502	-17.733131	-32.19832	25.826086	-22.450972	0.96483713	-20.424294	-32.883587	97800	-1.1523564e-08	10.633478	-0.013862639	-0.34916782	0.00954773	0.0	63.720717430114746
163	-21.878765	2.9504142	-17.164509	-29.941843	25.913044	-22.203613	0.5805775	-20.364985	-27.962976	98400	2.4437904e-08	8.708442	-0.01845974	-0.15415668	0.0091829635	0.0	64.09523320198059
164	-21.827042	3.8786144	-16.818346	-31.163536	25.869566	-21.962236	0.6560488	-20.12496	-27.494667	99000	-1.7881393e-09	14.61556	-0.0168058	-0.6183071	0.0074678403	0.0	64.45780277252197
165	-21.046589	3.2099955	-17.145664	-29.789663	25.956522	-21.693424	0.760686	-19.812403	-32.286465	99600	4.7683715e-09	10.509194	-0.012048375	-0.57775784	0.0056231776	0.0	64.83131003379822
166	-22.330004	3.6428838	-17.775599	-32.33318	25.913044	-21.2381	1.1084582	-19.25932	-31.726303	100200	-1.9868216e-09	14.249164	-0.0112665575	-1.5569353	0.0070827915	0.0	65.19854974746704
167	-22.448147	3.310314	-17.961693	-32.81206	25.869566	-22.276665	0.73718685	-20.417925	-30.311438	100800	4.9273172e-08	10.605304	-0.004399166	-0.12640572	0.0059914044	0.0	65.5730767250061
168	-22.23026	2.8801332	-17.308886	-26.917547	26.086956	-22.403145	0.5835515	-20.248163	-25.989004	101400	-3.4769375e-08	8.459742	-0.011619934	-0.1566515	0.0074037965	0.0	65.94217371940613
169	-21.523514	3.589669	-18.07878	-32.669136	25.652174	-22.191738	0.39276132	-20.486574	-25.215223	102000	-1.11262e-08	13.391189	-0.015793858	-0.4633665	0.0068634492	0.0	66.31786942481995
170	-22.438902	2.4662375	-18.445515	-28.12043	25.47826	-21.566347	0.4681473	-19.913498	-25.11441	102600	-3.8544336e-08	6.607439	-0.015410703	-0.7707772	0.0073880274	0.0	66.90285730361938
171	-21.94848	3.2419379	-17.99196	-31.337553	25.782608	-22.440727	0.536677	-20.69556	-29.107578	103200	-4.967054e-09	10.461297	-0.016938122	-0.31437683	0.0068653338	1.0	67.27887916564941
172	-22.928513	4.1413555	-17.726479	-37.41319	25.826086	-21.941048	0.43400425	-20.279562	-28.44902	103800	-4.7683715e-09	17.922638	-0.01524772	-1.0077782	0.0090238415	0.0	67.65765166282654
173	-21.457613	3.7273657	-17.184256	-31.368168	25.869566	-22.902067	0.31927836	-21.026556	-25.203127	104400	1.4305114e-08	15.751598	-0.015179846	-2.1520996	0.00782071	0.0	68.03653335571289
174	-21.591864	2.215273	-17.625843	-26.5346	25.826086	-21.453857	0.34304836	-19.810757	-24.223421	105000	1.5894572e-09	4.928513	-0.015270601	-0.02750063	0.0073746936	0.0	68.39943480491638
175	-22.419115	4.172915	-17.112156	-32.02706	26.0	-21.579515	0.4927447	-19.86431	-28.061193	105600	2.9802322e-08	17.776924	-0.018179197	-0.70204735	0.008965656	0.0	68.76922488212585
176	-21.536308	2.8403234	-17.91586	-26.71164	26.227272	-22.399437	0.32659858	-20.661734	-25.190676	106200	1.3510387e-08	8.48098	-0.018991306	-0.7029729	0.008220443	0.0	69.12930870056152
177	-19.731411	1.794323	-17.888865	-26.463167	26.181818	-21.57045	0.33863944	-19.904697	-24.138142	106800	4.3114028e-08	6.447836	-0.012016217	-3.1692939	0.008629036	0.0	69.50428748130798
178	-22.644112	3.5108578	-17.661612	-31.606508	25.826086	-19.822977	0.4852974	-18.243473	-24.482986	107400	-2.6226044e-08	19.617104	-0.011344472	-7.6748295	0.009194237	0.0	69.86427044868469
179	-21.965727	3.676085	-17.303421	-35.14104	26.0	-22.606672	0.49506533	-20.889462	-29.527584	108000	3.3775966e-09	13.679173	-0.01360009	-0.4174614	0.0099159395	0.0	70.2281608581543
180	-21.468409	2.6060364	-18.046621	-28.696835	25.913044	-21.964739	0.5376196	-20.335625	-32.090904	108600	-3.1789145e-09	7.2502484	-0.010593292	-0.28835726	0.0056206943	0.0	70.81548476219177
181	-20.546701	2.7084243	-17.197962	-26.929214	25.956522	-21.46058	0.43973213	-19.821033	-26.037386	109200	-2.582868e-09	7.9871645	-0.009322316	-0.95303535	0.0064909826	0.0	71.17576432228088
182	-21.629759	3.8713026	-17.460756	-35.96724	25.782608	-20.54053	0.65625703	-18.986673	-30.796782	109800	4.331271e-08	15.385179	-0.015944753	-1.4479227	0.007934437	0.0	71.53213596343994
183	-20.627382	3.0201318	-16.72597	-27.70747	25.782608	-21.574358	0.4309533	-19.92779	-29.05965	110400	1.947085e-08	9.867259	-0.0130761	-1.0219316	0.008227973	0.0	71.89724445343018
184	-21.978283	3.483255	-18.772219	-33.839043	25.782608	-20.678453	0.7331659	-19.088564	-29.432983	111000	-5.165736e-09	13.777241	-0.00629595	-2.0154686	0.0096765915	0.0	72.26493740081787
185	-23.446003	9.521771	-17.547026	-63.024433	26.0	-21.984638	0.8907646	-20.226576	-33.035824	111600	5.9604645e-08	88.47164	-0.016667716	-5.8843384	0.006127611	0.0	72.63198566436768
186	-20.386065	2.570148	-16.710117	-26.65825	26.086956	-23.246193	0.38943994	-21.411589	-26.421057	112200	7.311503e-08	14.741156	-0.011156976	-8.173319	0.0077038845	0.0	72.99282026290894
187	-21.910748	5.0261307	-18.571152	-42.737915	25.956522	-20.379934	0.5122439	-18.401567	-27.280695	112800	1.4305114e-08	27.045715	-0.017167231	-2.9238281	0.008163709	1.0	73.35528421401978
188	-22.117813	3.699457	-17.425365	-32.871006	26.086956	-21.947369	0.96380967	-20.163834	-32.09116	113400	2.3841858e-08	13.311892	-0.017248573	-0.29912376	0.009602189	0.0	73.7291579246521
189	-22.777777	3.7599175	-16.686384	-29.665428	25.956522	-22.056244	0.33123267	-20.4351	-24.945206	114000	6.2783556e-08	14.452767	-0.0165802	-0.7110033	0.008500234	0.0	74.11067938804626
190	-20.565767	1.5252365	-18.446352	-24.477837	25.782608	-22.767187	0.33745208	-20.725945	-24.735828	114600	-1.0331472e-08	7.1820564	-0.010973495	-4.817932	0.0045438106	0.0	74.70318961143494
191	-20.099167	1.9367293	-16.881231	-24.215036	25.869566	-20.579798	0.3733511	-17.905205	-24.65354	115200	-1.390775e-09	3.9464283	-0.016333144	-0.25399017	0.007379481	0.0	75.07847690582275
192	-20.688765	2.2420099	-16.929861	-26.275747	25.869566	-20.06407	0.35386956	-17.58248	-24.07243	115800	1.9868216e-09	5.3429995	-0.014414897	-0.39359283	0.009975328	0.0	75.44881772994995
193	-21.587814	3.5382938	-17.124475	-34.67789	25.782608	-20.717628	0.47451788	-17.917278	-26.614044	116400	-2.6226044e-08	12.858086	-0.01534766	-1.0634422	0.008298016	1.0	75.81940364837646
194	-21.67353	3.6258194	-18.092413	-32.50805	25.73913	-21.566555	0.49612096	-19.979712	-30.322931	117000	6.7551933e-09	12.555872	-0.01262769	-0.19281673	0.0064488607	0.0	76.19148254394531
195	-22.115934	2.7058802	-18.382969	-28.678545	25.869566	-21.608505	0.59805834	-20.037666	-31.886234	117600	2.1855037e-08	7.4050503	-0.015186687	-0.33525848	0.008642637	0.0	76.55950880050659
196	-20.459354	1.9136914	-17.72575	-24.081068	25.869566	-22.09441	0.47545493	-20.432632	-30.010643	118200	-3.6756198e-08	6.3461294	-0.009779107	-2.7174416	0.0072355396	0.0	76.91919660568237
197	-20.358204	2.908992	-17.436142	-30.553009	26.043478	-20.49192	0.448075	-18.398458	-28.326992	118800	3.1789145e-09	8.187697	-0.005661114	-0.08203697	0.0089914035	1.0	77.2956931591034
198	-21.082474	3.090271	-17.956203	-29.160435	25.826086	-20.354713	0.52668154	-18.860832	-29.63891	119400	2.3047129e-08	9.894085	-0.010643325	-0.7225313	0.0056574107	0.0	77.6589150428772
199	-21.225584	2.5178	-18.566284	-30.162268	25.956522	-21.087523	0.40044737	-19.575558	-25.60493	120000	-1.5894573e-08	6.318361	-0.0056503923	-0.10950518	0.0038563402	0.0	78.03179168701172
200	-21.510244	3.219634	-17.789639	-33.60552	26.0	-21.237383	0.4110762	-19.719946	-27.442375	120600	5.00679e-08	10.058703	-0.016877307	-0.24447536	0.008602681	0.0	78.64704203605652
201	-21.933346	2.85889	-17.536757	-29.56856	25.913044	-21.459225	0.52320755	-19.918753	-29.369812	121200	-3.5762786e-09	8.127963	-0.010646658	-0.27215242	0.008644887	0.0	79.00796842575073
202	-20.391901	2.973252	-17.571255	-29.922247	25.782608	-21.890423	0.35241526	-19.821438	-27.11572	121800	-5.4041546e-08	10.927223	-0.008638181	-2.3575268	0.0070096	0.0	79.37126445770264
203	-21.012802	2.197557	-18.045973	-28.258327	25.782608	-20.412659	0.3277183	-18.836718	-24.258522	122400	-4.808108e-08	5.1865096	-0.007517328	-0.39703608	0.0057560643	0.0	79.73744130134583
204	-20.518919	3.0117497	-17.168705	-29.584364	25.826086	-21.02126	0.22630839	-19.583181	-22.231619	123000	-3.238519e-08	9.090412	-0.012313431	-0.30062962	0.006713432	0.0	80.1068685054779
205	-20.98968	2.2869575	-17.881372	-27.731972	25.913044	-20.539297	0.49188167	-18.509077	-27.454945	123600	-7.549922e-09	5.2516413	-0.020003112	-0.45798302	0.0073648356	0.0	80.47782635688782
206	-22.33848	2.7495346	-17.407562	-28.923033	25.695652	-20.97629	0.63358974	-19.430092	-27.653751	124200	1.8080076e-08	9.180469	-0.008481113	-1.8739038	0.008235354	0.0	80.85416340827942
207	-21.013395	2.4139934	-18.49788	-26.44667	25.73913	-22.24126	0.25092658	-20.741493	-24.117046	124800	7.947286e-09	7.2767887	-0.011849669	-1.541112	0.008433293	0.0	81.22117733955383
208	-21.223095	2.4198222	-17.82568	-25.642673	25.956522	-21.006403	0.32853565	-19.54493	-24.308023	125400	2.3047129e-08	5.830123	-0.012257453	-0.102735996	0.0072779153	0.0	81.58596086502075
209	-22.907267	3.268928	-17.258224	-29.905851	26.0	-21.285337	0.5242588	-19.761913	-25.27378	126000	-4.331271e-08	13.044809	-0.015379495	-2.7784138	0.006994237	0.0	81.95127320289612
210	-20.464058	1.5165356	-17.70002	-23.787937	25.913044	-22.826233	0.29300424	-21.277824	-25.600065	126600	-8.265177e-08	7.968125	-0.012627644	-5.5852957	0.0065919245	0.0	82.53865170478821
211	-20.32605	2.5818336	-16.651203	-25.441742	26.0	-20.506592	0.33990222	-19.109053	-26.051321	127200	1.07288365e-08	6.6289606	-0.018416487	-0.05125761	0.0086619	0.0	82.89026045799255
212	-21.624918	3.2489772	-17.31527	-30.859316	26.227272	-20.354465	0.51468414	-18.88468	-30.153234	127800	1.1920929e-09	11.282618	-0.008282424	-1.800746	0.007819491	0.0	83.25724220275879
213	-20.813543	2.532815	-17.32902	-25.572575	25.913044	-21.478872	0.30376008	-20.032536	-24.713333	128400	-6.7551933e-09	6.7990294	-0.016339509	-0.5379591	0.007763289	0.0	83.61913871765137
214	-21.5554	3.1960793	-17.754078	-29.684055	25.913044	-20.873419	0.61221653	-19.3887	-30.411469	129000	2.8510888e-08	10.350211	-0.013795796	-0.5975332	0.008270263	0.0	83.98576784133911
215	-22.640013	7.746368	-16.787157	-57.449394	25.826086	-21.516764	0.62066704	-19.988571	-31.633413	129600	1.4702479e-08	60.168144	-0.011003748	-3.0895042	0.005701554	0.0	84.3548424243927
216	-21.67899	2.9541812	-18.001783	-31.440077	25.826086	-22.628246	0.57580554	-21.005877	-29.971245	130200	4.708767e-08	9.587499	-0.017912105	-1.1182909	0.003616409	0.0	84.72702312469482
217	-21.306787	2.4954932	-17.251575	-27.382376	25.782608	-21.658724	0.30150902	-19.960058	-25.109638	130800	-4.5696895e-09	6.341327	-0.011618997	-0.13714361	0.005483601	0.0	85.09019184112549
218	-20.811792	2.7504423	-17.33257	-30.064432	25.913044	-21.351217	0.17123933	-19.901302	-22.872087	131400	-4.887581e-08	7.9244742	-0.009080449	-0.3340168	0.005599552	0.0	85.45795369148254
219	-20.733377	2.3803506	-17.128508	-27.13802	25.956522	-20.83928	0.31182984	-19.3871	-25.490553	132000	1.1920929e-09	5.6886287	-0.0023071726	-0.037700653	0.0099790245	0.0	85.82707715034485
220	-21.041914	2.818723	-17.47133	-27.587019	25.826086	-20.72971	0.29630372	-19.12379	-23.291214	132600	-1.9868216e-08	8.143674	-0.012065392	-0.21412325	0.00992743	1.0	86.43350338935852
221	-20.254702	2.2716293	-17.192202	-25.698267	25.869566	-21.065483	0.28512216	-17.7605	-26.285612	133200	-4.331271e-08	5.6880436	-0.014544882	-0.70523596	0.0082244845	0.0	86.79498648643494
222	-19.980074	1.6800579	-17.64403	-25.296453	25.826086	-20.263887	0.26394328	-18.587023	-23.554647	133800	-1.1324882e-08	2.9598327	-0.014703611	-0.10772157	0.0074477806	1.0	87.16906404495239
223	-21.124743	2.7672129	-16.915167	-27.09939	25.782608	-19.979921	0.20851448	-18.601023	-22.555695	134400	-5.165736e-09	8.836306	-0.016577085	-1.2788196	0.006425797	0.0	87.53848433494568
224	-21.737556	3.2990377	-17.766102	-30.816387	26.181818	-21.129534	0.41533652	-19.676933	-28.283537	135000	4.539887e-08	10.553635	-0.013479056	-0.7754364	0.007537798	0.0	87.9116940498352
225	-20.165972	3.231383	-17.553745	-33.39159	26.0	-21.675062	0.6587471	-20.127937	-31.942791	135600	1.3113022e-08	12.114316	-0.00427004	-2.7623844	0.006755809	1.0	88.27743816375732
226	-21.148836	2.8246012	-17.335882	-30.406979	25.869566	-20.189657	0.69704515	-18.484953	-30.78593	136200	1.4305114e-08	8.598935	-0.011644133	-1.0042443	0.007142358	0.0	88.66413879394531
227	-20.467709	2.2651272	-17.070398	-26.123112	26.086956	-21.13216	0.46415597	-19.662838	-26.536453	136800	4.7683715e-09	5.4346485	-0.013934426	-0.47041368	0.007925546	1.0	89.04041004180908
228	-22.100647	4.44656	-17.644129	-35.26703	25.869566	-20.507336	0.69386333	-19.084137	-31.085041	137400	8.742014e-09	21.521439	-0.014303944	-3.4276562	0.006980869	0.0	89.41862487792969
229	-21.343931	3.5253785	-17.42848	-31.920628	25.826086	-22.003414	0.799708	-19.197393	-31.641863	138000	-5.920728e-08	12.626484	-0.015770566	-0.84470844	0.007932978	0.0	89.79051494598389
230	-21.052029	2.83682	-16.785751	-29.056664	26.0	-21.421381	0.80330604	-19.90288	-31.855194	138600	1.5497207e-08	8.2422695	-0.024903284	-0.3451643	0.009159478	0.0	90.40212512016296
231	-20.77782	5.576804	-16.44998	-45.0861	26.0	-21.012373	0.6711947	-18.930239	-31.451855	139200	-6.556511e-09	28.87162	-0.013544908	-0.7897606	0.006652356	0.0	90.76353144645691
232	-20.900095	2.8820057	-16.891932	-28.610949	25.608696	-20.753883	0.5962244	-17.954334	-26.049826	139800	4.371007e-09	8.597376	-0.012651654	-0.53495884	0.0074072774	0.0	91.13802361488342
233	-19.780834	1.9405552	-17.19466	-24.994856	25.826086	-20.860733	0.24133375	-19.411692	-22.130663	140400	-3.8743018e-08	4.870351	-0.017270004	-1.2105758	0.008290482	0.0	91.51484704017639
234	-20.691072	2.3492265	-17.414318	-26.536367	25.869566	-19.761698	0.38583764	-18.368511	-23.382616	141000	-6.238619e-08	6.4359074	-0.008502273	-0.98058414	0.00956674	1.0	91.89972639083862
235	-20.54819	2.4117506	-16.786016	-26.250326	26.086956	-20.70364	0.3157515	-19.27165	-24.685335	141600	-4.3710074e-08	5.725754	-0.01808607	-0.08375788	0.008130595	0.0	92.25877380371094
236	-20.498598	2.2506628	-17.286348	-25.20141	25.956522	-20.572027	0.4266249	-19.063679	-26.204126	142200	-2.8510888e-08	5.0313234	-0.011452853	-0.038108826	0.006309403	1.0	92.62350869178772
237	-20.389	1.8753666	-17.381813	-24.528484	25.869566	-20.4561	0.25703108	-18.992123	-22.841991	142800	-1.390775e-09	3.527909	-0.01293314	-0.018300056	0.0060001207	2.0	92.98811626434326
238	-21.319366	2.939479	-17.175175	-29.979227	25.652174	-20.472702	0.68425405	-19.052786	-31.127317	143400	-1.2516975e-08	8.83697	-0.005648094	-0.95092535	0.009152032	0.0	93.35256314277649
239	-21.383173	2.7287407	-17.531923	-27.903152	25.913044	-21.337303	0.6850191	-19.73643	-29.819872	144000	-7.947286e-10	7.3404613	-0.013117685	-0.32498026	0.0067600138	0.0	93.72808170318604
240	-21.871067	5.3313284	-16.846588	-44.92063	25.695652	-21.326572	0.7144619	-19.759787	-30.218695	144600	-6.3975655e-08	27.003183	-0.017597962	-0.8662472	0.008363687	0.0	94.4335720539093
241	-19.960958	1.7192333	-17.699203	-24.194029	25.956522	-21.797455	0.24196306	-19.905973	-24.082048	145200	-1.8676122e-08	6.325951	-0.0021336824	-3.342382	0.006280487	1.0	94.80142188072205
242	-21.552576	2.6764488	-17.53898	-27.489973	25.956522	-20.04547	0.49159393	-18.47427	-27.492239	145800	3.1789145e-09	9.091074	-0.015014429	-2.531211	0.0076512354	0.0	95.17984366416931
243	-21.342772	4.2589693	-17.548223	-39.036297	26.043478	-21.502535	0.90848255	-19.911835	-31.906088	146400	2.78155e-09	16.01504	-0.010466524	-2.4285383	0.006443715	2.0	95.55445694923401
244	-20.578163	2.103255	-16.967772	-26.67211	26.043478	-21.148623	0.60823953	-18.91751	-30.057648	147000	2.7418137e-08	5.035989	-0.007238778	-0.78222656	0.0077491235	0.0	95.92511463165283
245	-20.424725	3.0221133	-17.488194	-32.1424	25.73913	-20.644823	0.7210777	-19.125454	-28.641346	147600	-2.1457673e-08	8.3705635	-0.017909752	-0.29859734	0.008843528	0.0	96.30445456504822
246	-21.096092	2.7701392	-17.013628	-27.515162	26.181818	-20.359531	0.50988865	-18.667358	-26.963457	148200	-1.3510387e-08	7.7198277	-0.013785672	-0.5365658	0.008564589	0.0	96.67714667320251
247	-20.564556	3.247196	-17.183905	-31.65537	25.869566	-20.980667	0.5301348	-19.470217	-27.380877	148800	5.3445497e-08	10.257266	-0.015751535	-1.2068834	0.00765587	1.0	97.05342388153076
248	-21.844751	3.718446	-17.733694	-34.414524	25.956522	-20.54388	0.6991169	-18.319265	-26.955103	149400	4.1325887e-08	13.947572	-0.0039717522	-1.939888	0.0069875433	1.0	97.4326274394989
249	-20.719273	2.9700804	-17.142706	-26.854649	25.869566	-21.896244	1.0258932	-19.898457	-30.51175	150000	-4.5696893e-08	9.101969	-0.018776277	-1.9149003	0.007923524	0.0	97.80245041847229
250	-20.126894	2.0112047	-16.923811	-25.330893	25.782608	-20.386969	0.6322102	-17.417048	-23.967756	150600	1.9868216e-08	4.0896473	-0.011915152	-0.31081438	0.0050687413	0.0	98.42160677909851
251	-22.495363	12.055862	-17.399767	-77.19293	26.136364	-20.500315	1.4660358	-18.737062	-30.667309	151200	8.742014e-09	132.32385	-0.013923868	-7.175438	0.0089170905	0.0	98.7926070690155
252	-21.405172	6.4144373	-16.988953	-49.615444	25.913044	-22.067366	0.76862335	-20.404642	-31.47461	151800	1.9868216e-09	38.608696	-0.010277424	-1.2450371	0.0063297995	0.0	99.15435552597046
253	-20.922255	3.096107	-17.177929	-31.840885	26.09091	-21.416273	0.7311023	-19.865635	-32.481304	152400	-5.4836274e-08	9.415919	-0.010120685	-1.8083706	0.007631065	0.0	99.52252697944641
254	-20.268871	1.729773	-17.120747	-23.798092	25.956522	-20.69796	0.70678365	-18.946842	-28.191135	153000	-1.66893e-08	3.516446	-0.0072663194	-0.4100139	0.00424435	0.0	99.88906979560852
255	-20.687908	2.9214423	-17.63135	-30.304035	26.136364	-20.34847	0.74283916	-18.807732	-29.688955	153600	-3.6358834e-08	7.9991136	-0.009299705	-0.53691626	0.006899673	1.0	100.29065346717834
256	-19.819168	1.6195285	-17.142683	-23.088408	26.0	-20.523764	0.6587383	-18.649233	-27.466387	154200	3.33786e-08	3.255822	-0.009875241	-0.6977773	0.009110121	0.0	100.66648602485657
257	-20.986906	3.0104246	-16.976847	-28.583797	26.227272	-19.950674	0.94625473	-18.435318	-30.120403	154800	-2.8212865e-08	8.890433	-0.013876895	-1.5751615	0.0097467005	0.0	101.03909635543823
258	-22.138033	7.8938437	-17.352827	-57.56576	26.181818	-20.824186	1.1049254	-19.24742	-32.05876	155400	-8.145968e-09	56.00969	-0.0025641213	-2.451683	0.0077639166	1.0	101.40842509269714
259	-21.577475	2.9339402	-17.84748	-28.219364	25.913044	-22.115572	1.0852045	-20.472866	-31.878086	156000	2.3047129e-08	9.107364	-0.018456593	-1.2753334	0.005994464	0.0	101.78280782699585
260	-21.009502	2.5653048	-16.67598	-29.096554	26.043478	-21.705801	1.2794455	-17.887262	-28.735325	156600	1.9868215e-10	6.557062	-0.016170437	-1.2420359	0.008741684	1.0	102.40612816810608
261	-20.54857	2.572591	-16.887608	-27.252361	25.913044	-20.803795	0.5273645	-19.338312	-25.014643	157200	-6.477038e-08	6.168662	-0.008716527	-0.2182746	0.0052894442	0.0	102.78212594985962
262	-20.562504	2.7065759	-16.681953	-28.67005	26.0	-20.435326	0.41953588	-17.37535	-24.423607	157800	7.152557e-09	7.111861	-0.010571412	-0.17083168	0.00735742	0.0	103.14216375350952
263	-20.474741	2.4157867	-17.084616	-25.929369	25.956522	-20.484835	0.2829225	-19.327581	-23.368229	158400	-6.556511e-09	5.9652915	-0.020532263	-0.10112381	0.007488363	1.0	103.51864814758301
264	-20.55924	2.8619325	-17.391195	-30.890354	26.227272	-20.59101	0.83843696	-19.156878	-31.728447	159000	3.2981237e-08	7.4005113	-0.009262547	-0.30565453	0.0072603864	1.0	103.90674948692322
265	-24.426392	14.960111	-18.128859	-92.29249	26.136364	-20.62958	1.24641	-17.076122	-31.893808	159600	-3.1789146e-08	226.56725	-0.004437958	-20.102737	0.006754086	1.0	104.28490042686462
266	-20.064451	1.8466401	-17.781408	-24.89923	26.043478	-24.308405	1.158364	-21.139143	-28.964924	160200	-6.1591464e-08	22.34205	-0.009966584	-18.797844	0.009489478	1.0	104.66160178184509
267	-20.264036	2.7724633	-16.7661	-27.207518	26.272728	-20.15477	0.4020959	-17.278084	-22.839012	160800	2.78155e-09	7.587004	-0.0093288785	-0.16596746	0.0075002187	0.0	105.04463744163513
268	-20.37977	2.4649506	-17.561274	-26.038685	26.227272	-20.356215	0.76611716	-18.571531	-32.71509	161400	-1.7484028e-08	5.7201157	-0.016300032	-0.71064043	0.008794881	0.0	105.41153073310852
269	-20.22908	2.126041	-16.82652	-24.990246	26.0	-20.194876	0.63742507	-17.927273	-29.234013	162000	-1.5298525e-08	4.518832	-0.015103557	-0.14638567	0.008340422	1.0	105.7859833240509
270	-20.266481	2.7466664	-16.815437	-28.916428	26.086956	-20.313255	0.74985486	-17.673796	-31.32324	162600	-3.5762786e-09	6.4122534	-0.011771111	-0.8417797	0.007018815	0.0	106.41453504562378
271	-19.920017	1.8353992	-16.886745	-23.532185	26.181818	-20.19643	0.79737294	-18.444414	-27.020184	163200	-1.4305114e-08	3.4891028	-0.010329854	-0.3512752	0.0069727777	1.0	106.79719567298889
272	-20.108644	1.9109403	-16.762737	-23.994825	26.227272	-20.01949	0.5722114	-18.40876	-22.987001	163800	-1.5099843e-08	3.4599397	-0.014935931	-0.11799693	0.007604861	0.0	107.17746567726135
273	-21.049498	3.2607844	-17.266731	-30.042398	26.043478	-20.230196	1.1380903	-18.497164	-31.127798	164400	-6.3975655e-08	9.331097	-0.01659676	-0.87118626	0.007321335	1.0	107.54163384437561
274	-20.241951	2.0060885	-17.849337	-26.410755	26.0	-20.941393	1.0972244	-18.998428	-33.10034	165000	-5.3048133e-08	4.2557235	-0.013681784	-0.6749499	0.0077986885	0.0	107.90362358093262
275	-20.58121	2.404604	-17.514788	-26.090685	26.0	-20.249453	0.84792453	-18.663641	-31.13977	165600	4.430612e-08	5.2924843	-0.01215787	-0.1360364	0.008692135	1.0	108.27997541427612
276	-20.617224	2.2421038	-17.194744	-24.439117	26.043478	-20.555315	0.5856234	-18.958197	-26.239767	166200	6.834666e-08	4.973036	-0.009249951	-0.076076984	0.007334273	1.0	108.64855432510376
277	-22.469769	6.0023637	-17.849531	-46.071266	26.043478	-20.850065	1.3904451	-19.04863	-32.82234	166800	4.053116e-08	31.873411	-0.008776248	-3.209343	0.006946818	0.0	109.01258778572083
278	-21.174305	4.24568	-17.095776	-36.852432	26.043478	-22.14029	0.6738292	-20.543535	-33.17569	167400	-2.2649765e-08	17.997717	-0.0071574044	-1.3447571	0.00815955	0.0	109.37267923355103
279	-21.208876	3.3895447	-17.745136	-29.854784	26.0	-21.48676	1.5504559	-19.503975	-32.04295	168000	3.6160152e-08	9.48661	-0.018542808	-0.92318916	0.0080767535	0.0	109.73771286010742
280	-20.810284	2.1987681	-17.032782	-24.79781	26.086956	-20.779701	0.33849168	-19.13376	-23.08334	168600	4.172325e-09	5.1068463	-0.0065720733	-0.23240948	0.008311224	0.0	110.36236882209778
281	-20.658726	3.7818933	-17.071068	-35.607544	26.136364	-20.903296	0.83342314	-19.312271	-32.95142	169200	2.3841857e-09	12.874795	-0.012266141	-2.7654	0.0089854095	0.0	110.74890375137329
282	-20.279314	1.8797357	-16.614748	-23.480087	26.0	-20.729681	0.7685062	-19.028616	-28.514818	169800	-8.34465e-09	4.4526424	-0.010223538	-0.78175545	0.0075342236	0.0	111.1181173324585
283	-20.055614	1.8918052	-17.205406	-24.196514	26.086956	-20.256365	0.28540242	-18.694778	-23.76156	170400	1.11262e-08	3.59858	-0.018128563	-0.049396515	0.007996401	0.0	111.50295352935791
284	-20.557049	2.4639018	-17.483133	-25.319769	26.043478	-20.059395	0.426798	-18.632593	-27.213093	171000	4.688899e-08	6.1508055	-0.0055647474	-0.29470253	0.00901161	2.0	111.90269660949707
285	-20.26241	2.139589	-17.814072	-26.519411	25.956522	-20.523052	0.18830141	-19.098787	-22.179983	171600	2.8411547e-08	4.6057196	-0.010941968	-0.06535196	0.00821369	1.0	112.28512358665466
286	-20.287626	2.0495281	-16.97653	-24.852442	26.086956	-20.307747	0.7539717	-18.8659	-32.724457	172200	4.7683715e-09	4.3347983	-0.012458994	-0.27965832	0.006367414	0.0	112.66686701774597
287	-20.264994	2.1929936	-16.762526	-24.943783	26.0	-20.297812	0.41435525	-18.869173	-24.046717	172800	-3.2981237e-08	5.0599213	-0.010540596	-0.22709274	0.0069587207	0.0	113.02795100212097
288	-21.438168	4.2035303	-16.760826	-37.94639	25.869566	-20.406261	0.9211995	-18.918064	-31.24065	173400	1.4702479e-08	16.298477	-0.013889197	-2.0886202	0.0067159557	2.0	113.41652131080627
289	-20.783567	2.6925137	-16.662207	-27.641104	26.0	-21.190357	0.6590539	-19.622162	-26.412329	174000	-2.2649765e-08	6.728701	-0.010624855	-0.7614875	0.0079942625	0.0	113.76578640937805
290	-19.98121	1.6794151	-16.871157	-22.983833	26.181818	-20.664515	1.0034801	-18.595528	-26.814648	174600	4.649162e-08	3.5497956	-0.008399675	-0.98363876	0.00997614	1.0	114.4005196094513
291	-20.027292	1.92015	-17.297222	-25.166304	25.869566	-19.93276	0.342235	-18.554764	-24.930023	175200	-1.66893e-08	3.5593393	-0.01679079	-0.024760008	0.006755559	0.0	114.76084017753601
292	-20.148605	1.8542535	-17.088285	-24.502281	26.0	-19.997969	0.39600778	-18.590714	-24.506847	175800	-1.4901161e-08	3.3299234	-0.017598059	-0.09097457	0.007560119	0.0	115.13962888717651
293	-19.830616	2.4553838	-17.401129	-27.23013	26.086956	-20.154036	0.4478343	-18.79033	-25.103132	176400	-3.4769376e-09	5.999139	-0.017574918	-0.1812272	0.008101461	0.0	115.50182867050171
294	-21.737818	3.424079	-17.201267	-28.763332	26.086956	-19.877405	0.91933167	-18.425411	-32.298267	177000	-1.8278758e-08	14.667982	-0.01818333	-3.873046	0.008207172	0.0	115.86897873878479
295	-21.190912	3.388208	-17.536486	-31.892519	25.913044	-21.845215	0.91077554	-20.180187	-29.07409	177600	-3.8146972e-08	11.561712	-0.017714832	-0.71568584	0.008556585	0.0	116.23567342758179
296	-19.805492	1.6295829	-17.30894	-24.149632	26.043478	-21.059082	0.48484734	-17.831633	-24.533394	178200	-7.3512396e-09	4.3584943	-0.009638292	-1.7179935	0.005176454	0.0	116.6019332408905
297	-20.01725	2.3993242	-17.091387	-27.618402	26.0	-19.910828	0.795611	-18.47472	-30.840965	178800	-1.7881394e-08	4.967392	-0.011414546	-0.66435385	0.008429327	0.0	116.97799730300903
298	-19.853182	1.7928646	-17.371574	-23.467777	26.0	-19.819311	0.41934377	-18.430258	-24.509201	179400	-1.0331472e-08	3.0210803	-0.008638517	-0.027651787	0.008760144	1.0	117.35023188591003
299	-22.275852	5.975557	-17.768059	-46.069942	25.869566	-20.088522	1.1893408	-18.270523	-27.737307	180000	2.9802323e-09	35.655567	-0.01247825	-5.8243923	0.009813735	0.0	117.71693110466003
300	-20.118511	2.2148418	-17.357878	-25.496357	25.826086	-21.940876	1.0222473	-20.191013	-27.859737	180600	-2.22524e-08	8.9705105	-0.005706313	-4.071209	0.006758627	1.0	118.36630177497864
301	-19.862354	2.1645927	-17.19181	-26.451147	26.043478	-20.115307	0.25589788	-18.87238	-22.26137	181200	-3.6557516e-08	4.758707	-0.0074340533	-0.12000275	0.007832926	1.0	118.75037789344788
302	-20.203127	2.4141464	-17.304811	-25.427906	26.136364	-19.89846	0.36349034	-18.681189	-24.045135	181800	4.2915346e-08	5.5907636	-0.007157717	-0.06852007	0.0072946222	0.0	119.12037420272827
303	-20.117144	2.2591434	-16.67888	-25.996775	25.913044	-20.103943	0.28542387	-18.918518	-22.637823	182400	2.78155e-09	5.0630274	-0.017254058	-0.037107944	0.008995276	0.0	119.48634886741638
304	-19.823803	1.8887901	-16.81673	-24.301407	25.956522	-20.10978	0.33873326	-18.91131	-25.928589	183000	3.1789145e-09	3.7735245	-0.019874213	-0.17104816	0.0075287996	0.0	119.87127780914307
305	-19.99802	2.1134832	-17.525274	-25.13632	26.0	-19.840496	0.34229484	-18.678656	-23.658257	183600	3.973643e-09	4.362036	-0.016180392	-0.07551336	0.007720022	1.0	120.24780654907227
306	-21.137815	6.185575	-16.571877	-48.13889	26.086956	-20.107262	0.8845898	-18.82302	-31.053326	184200	-1.3113022e-08	36.048218	-0.014089486	-4.9029865	0.008895324	0.0	120.61115574836731
307	-19.59921	2.1137714	-17.18896	-25.204025	26.40909	-20.68042	0.74867547	-19.260496	-26.387543	184800	4.172325e-08	5.0331907	-0.015024494	-1.2804337	0.0072116787	1.0	120.99368929862976
308	-19.995539	1.8113184	-17.479624	-25.420822	25.956522	-19.653715	0.8887347	-18.460411	-26.127981	185400	2.22524e-08	3.5689478	-0.004188587	-0.390208	0.0091843465	0.0	121.35280799865723
309	-20.337265	2.7968194	-17.26394	-31.71547	26.086956	-20.02709	0.6811287	-18.879946	-28.506296	186000	-5.761782e-09	6.607871	-0.009913543	-1.2371345	0.006761552	2.0	121.71050786972046
310	-19.34542	1.1779368	-17.661184	-22.518904	26.181818	-20.142864	0.27566195	-19.018627	-22.12272	186600	2.5629998e-08	2.0567374	-0.014160673	-0.720629	0.008057773	0.0	122.37745308876038
311	-20.564554	2.7151077	-17.13262	-26.45858	26.227272	-19.332422	0.21172652	-18.357098	-22.203875	187200	-1.7484028e-08	8.47404	-0.01216706	-1.4874077	0.007219039	1.0	122.74476337432861
312	-20.292305	2.172149	-16.904076	-26.481155	26.136364	-20.535389	0.3789491	-19.528286	-24.434341	187800	-1.3510387e-08	4.514501	-0.012723937	-0.06080389	0.008321096	0.0	123.10888934135437
313	-21.796864	2.9345102	-17.262056	-29.349802	26.181818	-20.473953	0.9707261	-19.280937	-31.804127	188400	1.5099843e-08	9.698141	-0.0063118027	-2.2793097	0.0056630033	0.0	123.48223733901978
314	-20.114435	1.6279184	-17.480629	-23.689344	26.09091	-21.507648	0.47811347	-20.331507	-25.491314	189000	2.0662943e-08	4.4049215	-0.0167317	-1.9156075	0.008046241	0.0	123.86103630065918
315	-21.127378	2.3326206	-17.05692	-25.715078	25.956522	-20.138393	0.3193469	-19.097906	-22.961432	189600	8.742014e-09	6.4011655	-0.0128648225	-1.033401	0.006986745	0.0	124.23863220214844
316	-21.05719	4.086956	-17.5208	-38.364613	25.73913	-21.145636	0.633569	-20.034185	-33.81229	190200	-4.529953e-08	15.678188	-0.021647584	-0.1757536	0.008403904	0.0	124.6104257106781
317	-21.245586	4.1468487	-17.312254	-34.285088	25.913044	-21.118366	0.6961839	-19.961096	-29.06602	190800	3.973643e-08	17.052183	-0.025365133	-0.80739594	0.007239492	0.0	124.98752450942993
318	-20.09356	2.062601	-16.377123	-23.903038	26.0	-21.146736	0.25625032	-20.138828	-23.146738	191400	6.953875e-10	5.3020964	-0.011767877	-1.0958633	0.006303273	0.0	125.3616886138916
319	-21.478102	3.126547	-16.710886	-30.411963	25.73913	-20.189007	0.6515856	-19.183937	-31.641682	192000	-1.66893e-08	10.679962	-0.01743712	-3.008368	0.0071843737	2.0	125.73986744880676
320	-20.362852	2.303496	-17.032774	-24.59496	26.136364	-21.30724	0.60785663	-20.069706	-25.230404	192600	3.218651e-08	5.7762136	-0.0070380755	-0.94226074	0.007831926	0.0	126.39176940917969
321	-20.526552	2.0718238	-16.972479	-24.05873	26.0	-20.289057	0.42837787	-19.255022	-24.409054	193200	-7.947286e-09	4.3340096	-0.017609393	-0.11917448	0.0059680208	2.0	126.75476861000061
322	-20.755411	2.4418015	-17.423244	-25.694975	26.086956	-20.558012	0.6191735	-19.517427	-26.371458	193800	1.11262e-08	6.2348504	-0.016435673	-0.39639091	0.0059394957	0.0	127.11857271194458
323	-19.828436	2.0780911	-16.654882	-24.532652	25.956522	-20.699583	0.22058895	-19.79872	-22.786549	194400	-8.742014e-09	5.073615	-0.014061498	-0.79171515	0.008851395	1.0	127.49913287162781
324	-19.394499	1.8464836	-17.373926	-23.682081	26.09091	-19.869936	0.38455647	-18.943962	-25.408638	195000	-2.4239222e-08	4.109624	-0.014738513	-0.13939118	0.008440913	0.0	127.85802960395813
325	-20.319038	2.800389	-16.845196	-28.134947	25.869566	-19.57682	0.6028219	-18.673843	-31.116058	195600	3.695488e-08	8.011737	-0.009153658	-0.86264324	0.006710094	1.0	128.23135566711426
326	-20.084702	1.8640707	-17.872849	-23.59316	25.956522	-20.212214	0.31466267	-19.274319	-23.256496	196200	6.7551933e-09	3.4391418	-0.015371563	-0.048802853	0.009460053	0.0	128.59406423568726
327	-20.102114	1.9088162	-17.523195	-24.360779	26.086956	-20.106766	0.47633323	-19.138893	-25.486988	196800	1.8676122e-08	3.6609578	-0.019054782	-0.30267382	0.008796425	0.0	128.95900988578796
328	-20.556122	2.2088509	-16.777727	-26.084757	25.869566	-20.136417	0.85228235	-18.95567	-26.021795	197400	-1.39077505e-08	5.4964347	-0.008715069	-0.7885561	0.009201083	0.0	129.33155226707458
329	-21.113245	8.870232	-16.942478	-61.23152	26.227272	-20.78727	1.4711252	-19.62198	-31.762804	198000	8.543332e-09	62.718925	-0.034638144	-3.9294586	0.0053877924	0.0	129.6939663887024
330	-20.178438	1.7741317	-18.07992	-24.431562	26.0	-20.845472	0.48918843	-20.117945	-25.10188	198600	1.2318293e-08	3.8436792	-0.006359761	-0.8380313	0.0071263355	1.0	130.3579249382019
331	-19.474913	2.0279589	-17.00738	-25.209644	26.086956	-20.10107	0.37609684	-20.018837	-25.319586	199200	-1.5298525e-08	4.4628086	-0.0067241522	-0.5269711	0.00695747	2.0	130.74574327468872
332	-19.590096	2.2487695	-16.856783	-25.961666	26.0	-19.499521	0.3300265	-17.122036	-21.65488	199800	-1.3510387e-08	5.1564536	-0.0044457386	-0.405591	0.0075247893	0.0	131.11691069602966
333	-20.818811	2.3283145	-17.119884	-25.199827	26.272728	-19.588175	0.41582397	-17.664259	-25.04926	200400	3.1391778e-08	6.8639503	-0.01061145	-1.560709	0.009166428	0.0	131.48064041137695
334	-20.573334	2.6341558	-16.939295	-26.680626	25.826086	-20.800573	0.33050832	-19.053009	-25.341314	201000	2.8014183e-08	6.939559	-0.018814879	-0.14533949	0.0074315104	0.0	131.84243154525757
335	-20.619719	2.0619853	-17.547184	-25.890451	26.136364	-20.612673	0.3542899	-20.40209	-26.097103	201600	-6.9538753e-09	3.9723454	-0.015484801	-0.045638084	0.008931901	0.0	132.22095584869385
336	-19.749693	1.6204165	-16.687813	-22.028688	26.136364	-20.607904	0.35087654	-18.630701	-26.14475	202200	3.059705e-08	3.2050683	-0.0124832345	-0.63947797	0.009718285	0.0	132.60350465774536
337	-19.523617	1.8974235	-17.117237	-23.758715	26.363636	-19.793644	0.1385279	-18.216722	-20.918947	202800	1.1920929e-08	3.52831	-0.014803527	-0.077488184	0.0086928345	0.0	132.97112441062927
338	-20.336123	2.403682	-16.690521	-26.309336	26.227272	-19.564323	0.3546474	-17.93417	-25.154255	203400	-3.3775965e-08	6.0452976	-0.0170685	-0.5969467	0.008189971	1.0	133.34258127212524
339	-19.75747	1.8888397	-16.503796	-23.500723	26.136364	-20.27675	0.3228175	-17.011066	-25.217285	204000	1.1920929e-08	3.7004418	-0.008831537	-0.7754736	0.009897771	0.0	133.71754813194275
340	-20.23583	1.9474553	-16.702171	-25.311972	25.913044	-19.70083	0.5869585	-18.519123	-24.537664	204600	9.139379e-09	4.4725103	-0.009395269	-0.7396047	0.00801177	1.0	134.37378478050232
341	-19.481308	1.9340469	-16.795425	-24.30672	26.09091	-20.256062	0.26785755	-18.681215	-23.816021	205200	3.6756198e-08	4.099964	-0.01815587	-0.68229413	0.007879709	1.0	134.75116777420044
342	-20.287144	2.718046	-16.542803	-27.471182	25.913044	-19.576159	0.52712256	-18.55997	-24.974852	205800	1.4305114e-08	7.770241	-0.009728839	-0.60731745	0.006326035	1.0	135.11997175216675
343	-19.424538	2.0916834	-16.82667	-24.106337	25.956522	-20.235992	0.21160245	-19.33964	-21.479805	206400	-2.5232634e-08	4.986108	-0.014962877	-0.8215642	0.008616753	0.0	135.48088335990906
344	-20.483362	2.8340304	-17.426678	-29.084837	26.086956	-19.540634	0.78865564	-18.494404	-24.732729	207000	3.973643e-09	8.550065	-0.005106254	-1.130065	0.0079550175	0.0	135.8515374660492
345	-19.889559	1.9988222	-16.705505	-24.379019	25.913044	-20.469866	0.8599876	-18.476618	-29.52469	207600	-2.6226044e-08	4.3348265	-0.019729964	-0.5637872	0.009325552	1.0	136.21920561790466
346	-20.833742	4.885317	-17.464132	-41.743633	26.043478	-19.894344	0.62591386	-16.93295	-25.754435	208200	-6.318092e-08	23.02968	-0.012553829	-4.3724594	0.0070773857	1.0	136.59581923484802
347	-19.872015	2.1355054	-17.265585	-24.14058	26.086956	-20.388966	0.6134321	-18.038898	-24.504187	208800	4.152457e-08	5.1563673	-0.01783713	-0.685586	0.0078777075	0.0	136.9590198993683
348	-20.794567	5.8575916	-17.001833	-47.008404	26.043478	-20.023903	1.2069169	-18.46645	-32.66102	209400	2.9007595e-08	29.70312	-0.012918932	-3.999424	0.0069508967	1.0	137.32029581069946
349	-19.89735	1.7984501	-17.297699	-23.098368	26.043478	-20.4606	0.38428774	-19.302225	-23.010048	210000	-8.742014e-09	3.607452	-0.025328005	-0.4283471	0.009829155	0.0	137.6894509792328
350	-19.898296	1.7593945	-17.35939	-23.711891	26.086956	-19.889961	0.2949271	-18.32785	-23.874483	210600	-1.66893e-08	3.087083	-0.010783549	-0.033405066	0.009641072	0.0	138.35309672355652
351	-19.731762	1.7622607	-17.479858	-24.462814	26.0	-19.897821	0.3280663	-19.084694	-23.905172	211200	1.7881394e-08	3.0335784	-0.017323898	-0.11610222	0.009420152	0.0	138.7325623035431
352	-20.16538	1.7556294	-16.76533	-23.608955	26.043478	-19.663605	0.40606308	-16.89451	-27.52863	211800	-3.2782554e-09	3.4688008	-0.020225108	-0.34958005	0.008509512	0.0	139.10327315330505
353	-19.938381	2.1173892	-17.165487	-24.45653	26.09091	-20.164356	0.2444693	-18.98395	-22.48056	212400	-6.7551933e-09	4.3470597	-0.006284879	-0.12380934	0.006702748	0.0	139.4656081199646
354	-20.105392	2.0600393	-16.717617	-25.511915	26.086956	-19.927402	0.56406707	-18.802696	-25.75358	213000	-1.0331472e-08	4.0199885	-0.015515589	-0.97001386	0.008045009	0.0	139.83861660957336
355	-21.621887	4.652939	-16.646765	-36.48522	26.086956	-20.093351	1.4170121	-17.372753	-30.933533	213600	4.1127205e-08	19.587341	-0.01755834	-4.08422	0.006237271	1.0	140.19639778137207
356	-20.223392	2.6861486	-17.277466	-27.023169	26.181818	-21.218246	1.5383217	-18.60071	-28.821943	214200	-1.4305114e-08	9.542672	-0.00991365	-2.826363	0.0076984344	0.0	140.56257224082947
357	-20.31636	2.5391104	-17.225256	-29.178797	26.227272	-20.25168	0.75611734	-17.582014	-31.269491	214800	1.3510387e-08	5.7788486	-0.01790611	-0.9831853	0.006996996	1.0	140.92179226875305
358	-20.409239	1.9358255	-17.59171	-23.9697	26.363636	-20.226202	0.64744407	-18.261417	-25.08444	215400	1.3113022e-08	3.3308175	-0.011284119	-0.10634112	0.008992839	0.0	141.28640723228455
359	-20.367378	2.300641	-16.956661	-27.27338	26.043478	-20.538664	1.0658789	-18.24955	-27.3347	216000	2.3841857e-09	5.2145767	-0.010327911	-0.4884405	0.007321414	1.0	141.65696549415588
360	-20.209219	2.2837148	-17.619864	-24.88725	26.086956	-20.22032	0.5280269	-18.801453	-25.273397	216600	-4.0928523e-08	5.0560246	-0.01144853	-0.15996504	0.006901625	1.0	142.3292908668518
361	-20.681578	1.6662751	-17.73945	-23.750454	25.913044	-20.228712	0.63938385	-18.749933	-29.913868	217200	3.059705e-08	3.2003975	-0.017792165	-0.45608044	0.009315077	0.0	142.70626306533813
362	-20.26981	2.0919893	-16.660454	-23.97653	25.782608	-20.618444	0.2780877	-18.992699	-22.75838	217800	3.1987827e-08	4.483504	-0.014068678	-0.21309519	0.00647221	0.0	143.07335805892944
363	-19.995049	1.9746072	-17.021343	-24.749523	26.0	-20.252068	0.3250022	-18.569315	-22.976591	218400	-1.2516975e-08	3.9352229	-0.011793816	-0.110087395	0.0087542115	0.0	143.4432806968689
364	-21.934303	9.676705	-16.980677	-65.432205	26.09091	-20.110235	1.1071213	-18.59456	-32.18905	219000	-2.3444494e-08	86.342995	-0.026428431	-5.6635666	0.008890166	0.0	143.80900645256042
365	-19.24823	1.764351	-16.797348	-23.740772	25.782608	-21.643244	0.617145	-19.424986	-24.988873	219600	1.3073286e-07	8.976331	-0.011941547	-5.8788643	0.009139562	0.0	144.17710423469543
366	-21.382868	6.522906	-16.932863	-50.369263	26.043478	-19.419619	1.1806874	-18.886465	-32.25471	220200	3.2881896e-08	40.413124	-0.013936441	-5.5894775	0.0074515357	0.0	144.54617285728455
367	-20.194294	1.6658611	-17.58285	-24.23848	26.043478	-21.16631	0.7440159	-20.16761	-27.203678	220800	-1.2715658e-08	4.388141	-0.01146259	-1.5802195	0.009075966	1.0	144.9211301803589
368	-19.651943	1.910234	-17.243008	-24.415827	26.181818	-20.190569	0.31868285	-18.638279	-24.891775	221400	-6.556511e-09	3.7494013	-0.009434431	-0.34595823	0.006331764	0.0	145.2877938747406
369	-20.463068	2.094047	-17.486048	-23.953812	25.956522	-19.647331	0.32965633	-18.26292	-21.639791	222000	9.139379e-09	4.9878936	-0.012848416	-0.7546215	0.006851005	0.0	145.65535402297974
370	-19.75046	1.8125423	-17.567484	-24.092127	26.227272	-20.498909	0.4809006	-19.364769	-25.566317	222600	-3.2583873e-08	3.522941	-0.006365753	-0.5708566	0.0069715944	0.0	146.33859825134277
371	-19.953007	1.9470421	-17.641098	-24.892843	26.043478	-19.72099	0.19834404	-18.662909	-20.489676	223200	-5.5233638e-08	3.8914967	-0.0060650385	-0.099838495	0.00894142	1.0	146.71632742881775
372	-20.523184	2.140702	-17.038332	-25.314615	25.869566	-19.969519	0.2888894	-18.820866	-23.64832	223800	3.2981237e-08	4.8314776	-0.016004628	-0.3341937	0.0063622133	1.0	147.08919167518616
373	-20.343836	2.7624302	-17.106297	-26.078382	26.043478	-20.53787	0.4929969	-19.505623	-27.65828	224400	1.0530154e-08	7.6623178	-0.012075475	-0.19296408	0.0069526243	1.0	147.4481065273285
374	-19.492886	2.0705822	-16.891546	-23.747784	26.363636	-20.284777	0.24199702	-19.115965	-24.390167	225000	-5.165736e-09	4.71125	-0.011436228	-0.6269026	0.0069870963	1.0	147.8248119354248
375	-20.001833	2.0011537	-17.230906	-26.691883	26.043478	-19.504154	0.3152656	-18.072805	-25.547684	225600	4.529953e-08	4.1492457	-0.010957931	-0.2658205	0.007754553	1.0	148.20336413383484
376	-19.902962	1.6631734	-17.374294	-23.929592	26.043478	-20.012718	0.54717857	-16.273256	-31.004036	226200	4.7683715e-09	2.9904733	-0.016174363	-0.18316317	0.007551201	1.0	148.5934603214264
377	-20.239052	2.2078657	-16.715336	-25.39148	26.136364	-19.924215	0.38845584	-19.14173	-25.817694	226800	-1.8278758e-08	4.610305	-0.020322785	-0.16687202	0.008440735	0.0	148.99305605888367
378	-19.807379	1.7731256	-17.333422	-23.863506	26.0	-20.175444	0.3026875	-19.204084	-23.672153	227400	4.45048e-08	3.2192848	-0.018673059	-0.16602945	0.007902842	1.0	149.38106632232666
379	-20.42548	2.5673718	-17.13163	-28.157408	25.913044	-19.795692	0.29254428	-18.788624	-22.848206	228000	1.5099843e-08	6.762395	-0.019019421	-1.3973618	0.007991688	1.0	149.751966714859
380	-19.803425	1.6917144	-17.240477	-23.963598	25.913044	-20.257214	0.6755844	-18.80986	-25.17792	228600	6.9141386e-08	2.7824297	-0.019034538	-0.28836966	0.0077534495	1.0	150.45382499694824
381	-19.38693	1.5644375	-17.08697	-24.153934	26.043478	-19.7149	0.29665017	-18.394255	-22.370663	229200	6.357829e-09	2.5875118	-0.010286396	-0.17523527	0.007043249	1.0	150.8231165409088
382	-19.748055	1.7596998	-16.641748	-23.637852	26.0	-19.40519	0.319964	-18.589666	-23.93406	229800	-1.39077505e-08	3.0864086	-0.017983535	-0.17165613	0.0064491867	1.0	151.20284867286682
383	-20.081152	2.0324152	-17.511852	-25.48695	25.869566	-19.827314	0.60705143	-18.535795	-25.052443	230400	-3.0100345e-08	4.354027	-0.012537758	-0.42687964	0.007807535	1.0	151.58816766738892
384	-19.973454	1.6643723	-16.935955	-23.942572	26.0	-20.059687	0.25675312	-18.721924	-23.232393	231000	3.059705e-08	2.685965	-0.009561994	-0.03390932	0.0082864715	0.0	151.95215582847595
385	-19.707464	1.9886353	-17.189322	-24.066126	26.136364	-20.031235	0.679181	-18.987791	-28.199547	231600	-1.11262e-08	3.8825178	-0.018727183	-0.23182201	0.0093660895	0.0	152.322283744812
386	-20.624989	6.2614512	-17.249136	-48.54325	25.956522	-19.792053	1.1532956	-18.58069	-31.125784	232200	3.417333e-08	33.43754	-0.011419204	-4.6419983	0.008565147	1.0	152.69142246246338
387	-19.825466	2.0430021	-17.371992	-24.235212	26.086956	-20.026628	0.87012744	-18.508669	-24.328434	232800	5.364418e-08	5.090141	-0.0061549637	-1.0143828	0.0065941093	1.0	153.0481333732605
388	-19.72366	1.615508	-17.389282	-24.274601	26.086956	-19.830406	0.31596333	-18.894342	-23.903101	233400	2.0662943e-08	2.7031767	-0.017915232	-0.054794073	0.007944536	0.0	153.41063356399536
389	-19.067242	1.3839204	-16.995016	-21.785814	25.826086	-19.72125	0.24930713	-18.594078	-23.637043	234000	8.106232e-08	2.3610518	-0.014811172	-0.4662192	0.006560644	1.0	153.7795696258545
390	-21.054995	4.391011	-17.19734	-39.237568	25.956522	-19.136425	0.7015547	-17.715078	-31.51707	234600	1.9073486e-08	21.948803	-0.008256467	-6.968381	0.0077446597	0.0	154.47482204437256
391	-19.110138	1.7176564	-16.989784	-24.719452	25.956522	-20.852125	1.0927144	-19.021587	-28.52057	235200	5.9604646e-09	6.5512056	-0.0116155455	-3.7378788	0.008361198	0.0	154.84710502624512
392	-20.356236	2.5536742	-17.026903	-28.016878	25.73913	-19.119606	0.35941535	-18.280548	-26.70896	235800	1.9868216e-08	7.7025967	-0.023704907	-1.4830146	0.009397041	0.0	155.21573424339294
393	-19.853846	2.2354758	-17.108667	-26.183056	26.043478	-20.332497	0.4748131	-19.04474	-27.889292	236400	1.1920929e-09	5.3907633	-0.018836388	-0.368989	0.009012225	0.0	155.57703065872192
394	-20.123104	1.6769017	-16.873983	-23.29697	26.227272	-19.82403	0.34173948	-18.163347	-24.70338	237000	-1.1920929e-08	2.8413837	-0.011488307	-0.1693883	0.007469382	1.0	155.93036079406738
395	-20.346725	2.1225746	-16.975601	-25.13024	25.869566	-20.099678	0.22747318	-17.342411	-23.17238	237600	4.1325887e-08	4.5123363	-0.013950315	-0.13225079	0.0073384666	1.0	156.30337142944336
396	-19.710365	1.8851441	-17.048233	-23.46786	26.227272	-20.353165	0.4169038	-17.819138	-27.74794	238200	3.973643e-09	3.9184334	-0.021150468	-0.4382267	0.009395337	0.0	156.6686351299286
397	-19.306387	1.7130584	-17.101513	-23.545221	26.181818	-19.710976	0.51712066	-17.947506	-28.717531	238800	2.3841858e-08	3.0224736	-0.010785141	-0.32323885	0.008739719	0.0	157.04249787330627
398	-19.731482	1.8798945	-17.12536	-25.639431	26.0	-19.247896	0.19808544	-18.66087	-21.648003	239400	6.7551933e-09	3.6626604	-0.021152003	-0.2697277	0.009881013	0.0	157.4137465953827
399	-19.016386	1.2901293	-17.236609	-22.225786	25.913044	-19.682516	0.18898632	-18.70634	-21.559067	240000	-4.0928523e-08	2.092804	-0.010540058	-0.45622826	0.0041048457	0.0	157.79402899742126
400	-19.05631	1.823229	-16.793596	-24.328657	25.826086	-19.095274	0.61690885	-18.40412	-26.286251	240600	-1.5894572e-09	2.8298333	-0.009754705	-0.19023275	0.0075904443	0.0	158.52592277526855
401	-22.973492	16.834923	-17.141527	-99.814316	26.227272	-19.167797	1.5081291	-18.392788	-31.674236	241200	-3.973643e-10	259.7554	-0.00954881	-27.751099	0.0015871598	0.0	158.89643931388855
402	-20.324282	4.2653823	-16.88321	-38.36021	25.956522	-21.720222	1.71223	-19.220413	-36.304607	241800	2.7219455e-08	16.672314	-0.017892199	-5.5430975	0.009224398	0.0	159.25828790664673
403	-19.734732	1.7722741	-17.318796	-23.522518	26.043478	-20.122982	1.0611045	-17.4681	-26.341934	242400	-1.0331472e-08	3.879463	-0.023983791	-0.5910921	0.009570048	0.0	159.62112736701965
404	-20.005522	1.7709684	-17.09813	-23.621939	25.913044	-19.723236	0.19477513	-19.39965	-23.184513	243000	3.3577283e-08	3.1470315	-0.019406457	-0.08577824	0.009464993	0.0	159.9897449016571
405	-19.646456	2.0669544	-16.742676	-25.632952	26.0	-19.975414	0.3180375	-19.486412	-26.588604	243600	-4.9273172e-08	4.4604564	-0.021082932	-0.22777653	0.006986769	1.0	160.35753440856934
406	-19.475288	1.8916184	-17.484308	-25.892872	26.086956	-19.610754	0.36774826	-16.818645	-21.96462	244200	9.934108e-09	3.7149801	-0.009549522	-0.13667774	0.0084695155	0.0	160.72583031654358
407	-19.04821	1.1169342	-16.868752	-21.948416	26.086956	-19.468466	0.12698583	-18.541574	-19.88444	244800	3.8544336e-08	1.4446422	-0.015165907	-0.20847428	0.008227666	1.0	161.10108518600464
408	-18.828218	1.3877965	-16.976997	-22.111559	25.869566	-19.04905	0.09886878	-18.798136	-20.311523	245400	-3.4471352e-08	1.941053	-0.005196034	-0.0879643	0.006737365	1.0	161.47620820999146
409	-19.545053	1.8713413	-16.838718	-24.071604	25.956522	-18.868032	0.31895766	-18.155779	-24.981268	246000	1.1920929e-09	3.929106	-0.013771711	-0.47641873	0.009699088	0.0	161.84947657585144
410	-19.156847	1.4062674	-16.875723	-22.733076	26.318182	-19.525223	0.45361963	-18.761013	-30.195904	246600	-6.755193e-08	2.1951065	-0.013062423	-0.24433482	0.0068043517	1.0	162.56233286857605
411	-19.484581	1.743958	-16.837008	-23.782734	26.09091	-19.240984	0.77622455	-18.914688	-28.654833	247200	-4.7683715e-09	2.9252849	-0.014135066	-0.30053377	0.006609637	1.0	162.92883491516113
412	-20.076279	2.4757028	-16.49406	-24.869598	25.913044	-19.49711	1.1047999	-18.79329	-31.766212	247800	3.536542e-08	7.1044335	-0.00928397	-1.0055981	0.008230124	0.0	163.31064224243164
413	-20.462723	2.3416097	-18.100067	-27.816458	25.73913	-20.022764	0.37330627	-18.937273	-24.679243	248400	3.531575e-08	5.524461	-0.020308822	-0.20321608	0.009032178	0.0	163.6843342781067
414	-18.9787	1.1224962	-17.384453	-21.237265	26.086956	-20.41884	0.30008525	-19.118921	-23.987993	249000	-1.3828277e-07	3.3735957	-0.009886625	-1.9100335	0.00667766	1.0	164.04510712623596
415	-19.258944	1.7797108	-16.514135	-23.548506	25.956522	-19.006804	0.48561698	-18.26471	-20.852173	249600	7.510185e-08	3.4570036	-0.0065795556	-0.34432793	0.006732394	0.0	164.41337823867798
416	-19.587809	1.2247754	-17.729046	-21.83411	26.086956	-19.249971	0.07679988	-18.667168	-19.66051	250200	6.198883e-08	1.6221637	-0.0060633626	-0.13204193	0.005800119	0.0	164.7910795211792
417	-18.800241	1.5528136	-17.049934	-23.36	26.136364	-19.588497	0.09981425	-18.367323	-21.24684	250800	-3.3775966e-09	2.9391296	-0.016675986	-0.624166	0.0065709148	1.0	165.159264087677
418	-19.97327	2.4573405	-16.894855	-25.858753	26.0	-18.834518	0.16861337	-18.555923	-21.408026	251400	2.9106936e-08	7.1834993	-0.018284077	-1.2978172	0.009919218	0.0	165.52842044830322
419	-19.593658	1.5964183	-17.355389	-23.010221	26.043478	-19.937347	0.3115651	-19.210133	-24.914915	252000	-1.8278758e-08	2.6135247	-0.020450704	-0.12593913	0.008092939	1.0	165.9050998687744
420	-19.412104	1.7079982	-17.49138	-23.825167	26.272728	-19.585123	0.2683792	-18.949944	-22.55161	252600	4.6690307e-08	2.8536942	-0.013814302	-0.104193926	0.005884642	2.0	166.6400351524353
421	-19.440248	1.702114	-17.154703	-23.003244	26.043478	-19.414167	0.24661818	-18.687147	-22.782425	253200	-2.78155e-09	2.8215566	-0.010661464	-0.1404078	0.0084494	1.0	167.0152289867401
422	-20.278309	2.5751173	-17.05503	-29.595976	26.136364	-19.465057	0.75010276	-18.734646	-31.881996	253800	-6.635984e-08	5.9295793	-0.009423744	-1.6555877	0.009529125	1.0	167.3858461380005
423	-19.795431	2.5820053	-16.910698	-27.288885	26.272728	-20.172241	1.3301508	-18.436607	-29.198793	254400	2.026558e-08	4.985812	-0.010826343	-0.39142513	0.0077935075	0.0	167.76718497276306
424	-20.177425	2.201145	-16.558262	-25.574972	25.956522	-19.616032	0.5653944	-18.432112	-24.448544	255000	5.761782e-08	5.618448	-0.0066593	-1.039671	0.0066556446	0.0	168.1499741077423
425	-19.035994	1.4752687	-16.933031	-22.54183	26.09091	-20.157146	0.39672115	-18.674324	-24.064365	255600	8.046627e-09	4.0310254	-0.012373065	-0.825516	0.0067114066	1.0	168.52904057502747
426	-19.9839	2.0898154	-16.727257	-24.999264	26.272728	-19.253132	0.34911162	-18.53144	-24.59359	256200	-3.973643e-10	4.5735607	-0.010453983	-0.8773742	0.008122129	0.0	168.88460755348206
427	-19.500319	1.8606175	-16.844234	-23.545847	26.136364	-20.085325	0.61632115	-17.668453	-24.38359	256800	5.4041546e-08	4.024216	-0.01165756	-0.6907916	0.007837547	0.0	169.24459147453308
428	-21.149647	6.6580234	-17.302616	-51.74489	25.869566	-19.749428	1.4113034	-18.558113	-32.08301	257400	4.9273172e-08	34.87151	-0.011441659	-9.20179	0.008561521	0.0	169.60461235046387
429	-19.273903	1.6132596	-16.547487	-22.510227	26.043478	-20.591259	0.59919155	-18.71854	-26.736841	258000	-6.198883e-08	4.5078893	-0.011861449	-1.9731457	0.007643341	1.0	169.98647904396057
430	-19.706596	2.0309813	-17.061428	-24.953056	25.956522	-19.322039	0.6995348	-18.234682	-29.61966	258600	4.0133795e-08	4.116629	-0.016190935	-0.48204947	0.006692909	1.0	170.7194209098816
431	-20.057331	1.4897583	-17.723455	-24.021843	25.782608	-19.539938	0.2959486	-17.496305	-23.227175	259200	1.1920929e-08	2.470719	-0.024501279	-0.30646563	0.007709987	0.0	171.1017382144928
432	-19.489843	2.0919178	-16.85244	-25.277924	25.826086	-20.082825	0.4695637	-19.34682	-26.117184	259800	4.371007e-09	4.6652846	-0.009597953	-0.38518667	0.0067446106	2.0	171.45993518829346
433	-19.763288	2.2071304	-17.015993	-23.349375	25.956522	-19.508125	0.397676	-18.82433	-24.835024	260400	1.3113022e-08	4.9061294	-0.014220329	-0.18720865	0.0067157107	1.0	171.83133220672607
434	-19.600248	1.6653891	-17.185247	-24.943277	25.913044	-19.73333	0.3710536	-18.18338	-23.76019	261000	1.4305114e-08	2.6448479	-0.008898913	-0.13811207	0.0077306167	1.0	172.20490646362305
435	-19.935709	1.9657466	-17.322865	-25.134308	25.913044	-19.555288	0.32175744	-17.947798	-21.213161	261600	-3.7352244e-08	4.050574	-0.009539098	-0.2874961	0.00807082	1.0	172.57498979568481
436	-18.982862	1.517005	-16.866089	-22.854538	25.956522	-19.945778	0.22293912	-19.029299	-21.288464	262200	-3.218651e-08	3.2201116	-0.0065488387	-0.9746947	0.0063886833	0.0	172.95538568496704
437	-19.233912	1.6988564	-17.52221	-24.196249	26.181818	-18.947323	0.12840775	-18.499325	-21.060343	262800	-3.1789146e-08	2.7749493	-0.013898685	-0.38546395	0.009045495	0.0	173.32711338996887
438	-19.684835	1.7665473	-17.44441	-25.004057	26.227272	-19.320412	1.2080334	-18.6453	-32.469547	263400	-9.139379e-09	4.39226	-0.01051839	-1.1962652	0.007107755	0.0	173.7167055606842
439	-19.438604	1.4677355	-16.63496	-22.503202	26.272728	-19.66503	0.33755735	-18.511745	-24.592003	264000	1.5497207e-08	2.1408172	-0.010555943	-0.10602093	0.0057481895	0.0	174.07458400726318
440	-19.646292	1.4344397	-17.453337	-22.59722	26.136364	-19.422157	0.22439632	-18.547323	-23.252472	264600	8.742014e-09	2.0825887	-0.021503827	-0.0895772	0.006520107	0.0	174.81728291511536
441	-20.40938	2.3798716	-17.416515	-28.240023	25.956522	-19.626303	0.15230122	-18.883432	-21.755762	265200	1.3510387e-08	6.127304	-0.016818644	-0.68203545	0.008864417	1.0	175.21146965026855
442	-19.760334	1.7648859	-17.227404	-23.968203	26.0	-20.390154	0.3265726	-19.676546	-23.446669	265800	-3.695488e-08	3.349742	-0.016605008	-0.40579748	0.009723941	0.0	175.5696496963501
443	-19.45621	1.2512184	-17.123491	-21.889256	26.136364	-19.788317	0.5961276	-19.166262	-32.5541	266400	2.8610229e-08	2.306021	-0.016646724	-0.27121997	0.009745211	0.0	175.9335901737213
444	-19.894274	2.1405914	-16.950432	-24.19601	26.227272	-19.566065	0.3120809	-18.77952	-25.752096	267000	7.152557e-09	4.5287423	-0.0030036983	-0.44146776	0.009171288	0.0	176.31186747550964
445	-20.70377	2.2270064	-17.683262	-28.36244	26.0	-20.00359	1.0775	-19.133348	-29.107851	267600	2.026558e-08	4.683544	-0.011536493	-0.6435509	0.0070557967	1.0	176.6810221672058
446	-18.886324	1.6449931	-16.890873	-22.812803	25.913044	-20.463902	0.3140407	-19.28494	-25.780075	268200	-2.1060307e-08	5.1548376	-0.011196516	-2.5055249	0.008312438	0.0	177.07249784469604
447	-19.249598	1.5984991	-17.113276	-21.895782	25.956522	-18.897089	0.24926859	-15.844754	-21.118876	268800	1.8179417e-08	2.678276	-0.0019886775	-0.16836762	0.006371201	0.0	177.46430492401123
448	-19.2729	1.4638275	-16.72914	-22.44441	26.0	-19.245092	0.15906763	-18.336203	-20.876467	269400	-1.9868216e-08	2.1097004	-0.011106805	-0.03817749	0.009374942	0.0	177.82576537132263
449	-19.992441	2.0232737	-17.077923	-25.668985	25.826086	-19.330208	0.49393338	-18.771996	-24.435564	270000	7.6293944e-08	4.4330087	-0.014625142	-0.5635755	0.007362342	0.0	178.18587136268616
450	-19.588257	2.027982	-17.281105	-25.75191	26.272728	-19.97416	0.41363028	-18.85309	-29.114668	270600	2.7815501e-08	4.1912313	-0.016095575	-0.38312984	0.008230831	0.0	178.90653562545776
451	-19.72923	1.8921133	-16.64114	-23.731583	26.043478	-19.635551	0.49648347	-18.258408	-25.57778	271200	-2.3047129e-08	3.7532325	-0.015818883	-0.2691667	0.0065962574	1.0	179.25898361206055
452	-18.859201	1.4773211	-17.09964	-21.609705	26.181818	-19.722916	0.22544932	-17.903698	-20.787268	271800	2.0662943e-08	2.788729	-0.018317014	-0.83752084	0.009894908	0.0	179.6248073577881
453	-19.926458	1.6005751	-17.32452	-24.731283	26.043478	-18.975437	0.551938	-16.989035	-22.979141	272400	1.7484028e-08	3.8879914	-0.008905449	-1.3769388	0.0068967277	0.0	180.00540947914124
454	-19.715797	1.8495114	-16.525648	-23.936684	26.227272	-19.949453	0.48916385	-19.033443	-31.654043	273000	2.22524e-08	3.3993828	-0.012507695	-0.2953627	0.008903505	0.0	180.39065527915955
455	-19.23631	1.6316543	-16.815338	-24.016548	26.0	-19.696306	0.21029061	-18.07659	-20.842144	273600	6.7551933e-09	2.8977895	-0.015630953	-0.24488592	0.006713749	1.0	180.75521516799927
456	-20.573997	2.2376583	-17.059994	-26.54078	26.136364	-19.319181	0.5362925	-18.448324	-27.758072	274200	-7.073084e-08	6.3644023	-0.008604773	-1.5859032	0.006763045	1.0	181.1213390827179
457	-19.52674	1.3258195	-17.883465	-22.481865	26.227272	-20.440779	0.2717403	-18.844734	-22.94386	274800	1.0331472e-08	2.6226	-0.010766714	-0.7539134	0.009042813	1.0	181.48515486717224
458	-19.282982	1.2063266	-17.576548	-22.389652	25.869566	-19.60569	0.11569268	-18.552193	-20.07978	275400	-1.9073486e-08	1.5414894	-0.012942195	-0.11090362	0.009557775	0.0	181.8459277153015
459	-19.289776	1.4627453	-16.913067	-23.174337	26.227272	-19.28342	0.16607058	-17.543188	-20.595612	276000	-3.2981237e-08	2.074661	-0.012124763	-0.05690503	0.0077770376	1.0	182.21959829330444
460	-19.107283	1.3326288	-16.622854	-22.70775	26.136364	-19.297823	0.17937401	-18.742853	-21.644348	276600	8.34465e-09	1.7926209	-0.013252324	-0.024490356	0.007026868	0.0	182.9595947265625
461	-19.5627	2.0256894	-17.369041	-25.104689	26.136364	-19.163496	0.121429086	-18.461609	-20.546728	277200	1.9371509e-08	4.0241237	-0.005342511	-0.21344161	0.0035838345	0.0	183.32758903503418
462	-19.393963	1.613335	-17.241539	-23.927523	26.086956	-19.534204	0.2012363	-18.527994	-21.966818	277800	9.536743e-09	2.5716434	-0.01657016	-0.048247814	0.009698353	0.0	183.70174384117126
463	-19.404692	1.4361405	-16.7549	-22.267193	26.227272	-19.367386	0.14450228	-18.577932	-20.348785	278400	-4.688899e-08	2.0041456	-0.028290253	-0.031850338	0.0076895477	0.0	184.08266043663025
464	-19.837404	0.87062633	-17.662521	-21.570936	26.454546	-19.402494	0.20715	-18.681122	-21.608498	279000	3.9935113e-08	0.93270546	-0.009424366	-0.20269817	0.0063589825	0.0	184.44599413871765
465	-19.445848	2.4627638	-17.07327	-29.352869	26.227272	-19.839964	0.42836395	-19.076504	-27.786118	279600	-1.5099843e-08	5.65516	-0.017052837	-0.37099695	0.008747839	2.0	184.81455540657043
466	-19.460459	1.8845257	-17.535513	-25.833248	26.181818	-19.447443	0.5436558	-18.417635	-28.19996	280200	-6.2783556e-08	3.3189502	-0.017380929	-0.13021564	0.0070823813	1.0	185.18116664886475
467	-19.918755	1.6949527	-16.753113	-23.817247	26.09091	-19.530378	0.4240443	-18.409508	-25.668882	280800	5.801519e-08	2.9845455	-0.014481017	-0.46984172	0.006710887	1.0	185.54720425605774
468	-19.394735	1.1334891	-17.852156	-22.833115	26.086956	-19.777557	0.22211799	-18.813648	-20.274673	281400	2.3047129e-08	1.5216333	-0.013147519	-0.22072446	0.007899957	2.0	185.91485810279846
469	-19.647676	1.3385631	-17.924852	-23.439754	26.136364	-19.394114	0.16348518	-18.830193	-21.158525	282000	5.00679e-08	1.7307972	-0.016658712	-0.12985909	0.009913449	0.0	186.2772033214569
470	-19.176678	1.2757522	-17.017742	-22.109564	26.086956	-19.636143	0.4396221	-18.393044	-24.014664	282600	-7.3313714e-08	2.0112708	-0.014287819	-0.41376042	0.0069985944	0.0	187.01626467704773
471	-19.553514	1.32788	-17.302404	-21.882542	25.956522	-19.178461	0.14324728	-18.273264	-21.098835	283200	2.503395e-08	1.9022318	-0.016204061	-0.16172099	0.007916411	0.0	187.39071917533875
472	-19.746075	2.1021347	-17.533281	-24.960962	26.227272	-19.572317	0.37191814	-18.325686	-26.913033	283800	-2.7815501e-08	4.306206	-0.007106102	-0.24761963	0.00786766	2.0	187.77193474769592
473	-19.34468	1.152553	-17.09949	-22.299528	26.043478	-19.763405	0.29772693	-19.008991	-22.815556	284400	-9.536743e-09	1.473063	-0.020527083	-0.18513918	0.009353137	0.0	188.14952063560486
474	-19.554567	1.5722628	-17.259089	-22.8041	26.086956	-19.367998	0.33343524	-18.607681	-23.3895	285000	1.5298525e-08	2.5753253	-0.01871712	-0.1088357	0.009230371	0.0	188.51165318489075
475	-20.090322	2.0799458	-16.699509	-25.960308	25.956522	-19.565376	0.15862125	-18.526718	-21.630075	285600	-9.79503e-08	4.4807186	-0.0039101844	-1.0654233	0.008995286	0.0	188.87052297592163
476	-19.541603	1.7292744	-17.490364	-23.841604	26.272728	-19.9114	0.16466005	-18.718775	-21.38057	286200	-2.78155e-09	2.9700825	-0.020062443	-0.33739448	0.009418715	0.0	189.25035524368286
477	-19.684923	1.5027893	-17.450289	-24.46357	25.869566	-19.492722	0.3698712	-17.595453	-22.530952	286800	-2.1457673e-08	2.3749542	-0.009366844	-0.16568375	0.009768351	0.0	189.63613510131836
478	-19.937006	1.5998039	-17.398203	-24.571104	26.40909	-19.6553	0.2421342	-18.608082	-22.808058	287400	2.503395e-08	2.563967	-0.010966848	-0.111258745	0.006746039	1.0	190.014014005661
479	-19.899857	1.96898	-17.150564	-24.403795	26.0	-19.939499	0.29864374	-19.042768	-25.605427	288000	-8.225441e-08	3.7439442	-0.012570199	-0.029468298	0.00669151	1.0	190.3945610523224
480	-20.058397	1.6559906	-17.563194	-23.21747	26.181818	-19.920387	0.34029767	-18.888874	-23.869911	288600	4.9670536e-08	2.6217766	-0.01378038	-0.20353413	0.0067556053	1.0	191.21695375442505
481	-19.576754	2.1728632	-17.085463	-26.206211	26.272728	-19.967419	0.5070742	-17.988792	-24.686508	289200	5.2452087e-08	4.394392	-0.0134762395	-0.24456549	0.008028604	1.0	191.58672714233398
482	-18.72003	1.6756866	-17.369707	-25.41669	26.043478	-19.522335	0.37607574	-17.925852	-26.82419	289800	-1.9868216e-09	3.3359091	-0.015803182	-0.7085488	0.0066339346	1.0	191.96577429771423
483	-19.683035	1.935192	-17.836937	-27.301123	25.956522	-18.73527	0.5210248	-15.347386	-27.722176	290400	5.5631002e-08	4.5380273	-0.009949839	-2.2915795	0.009310095	0.0	192.34346389770508
484	-19.5188	1.4361322	-16.555393	-23.382895	26.227272	-19.459362	0.33738562	-18.519127	-24.800146	291000	2.22524e-08	1.9697988	-0.0062969215	-0.11635232	0.009049738	0.0	192.72870111465454
485	-19.421679	1.4091164	-17.141096	-22.847342	26.09091	-19.526619	0.5248868	-18.45344	-23.442884	291600	2.9802322e-08	2.393436	-0.0114595285	-0.49127758	0.009571031	1.0	193.11429643630981
486	-19.781073	1.4621712	-17.328196	-22.403812	26.043478	-19.383106	0.15493058	-18.569963	-21.351103	292200	-3.2981237e-08	2.2692266	-0.012901824	-0.17307687	0.009635378	0.0	193.49352049827576
487	-19.350103	1.7750287	-17.54037	-23.341682	25.956522	-19.783789	0.22301367	-18.965195	-23.407167	292800	-2.5431316e-08	3.2940645	-0.014326089	-0.2145884	0.0072948583	0.0	193.87604999542236
488	-20.1981	1.7657666	-18.088467	-24.221344	25.913044	-19.375286	0.29424906	-18.577427	-22.389803	293400	1.291434e-09	3.693982	-0.013074039	-0.70649695	0.008229818	1.0	194.2621877193451
489	-19.62836	1.8688848	-17.172749	-24.678812	26.136364	-20.159231	0.18406987	-19.163042	-21.604744	294000	-1.847744e-08	3.5723689	-0.012572737	-0.3265791	0.0058746417	2.0	194.64182019233704
490	-19.436619	1.3894428	-18.007734	-23.383434	25.956522	-19.665642	0.34910676	-18.904303	-23.182175	294600	1.5099843e-08	2.0416915	-0.007915865	-0.1411854	0.00613022	1.0	195.4574909210205
491	-19.29101	1.3541292	-17.008554	-22.456778	26.0	-19.435104	0.2063212	-18.426151	-22.775602	295200	-1.8676122e-08	1.8014946	-0.015446247	-0.031292796	0.009073603	1.0	195.83115363121033
492	-19.673002	1.709446	-16.919912	-24.100069	26.043478	-19.324062	0.33571282	-18.396145	-23.33753	295800	1.39077505e-08	2.9656754	-0.0152015425	-0.3028555	0.0069154017	1.0	196.2148516178131
493	-19.423986	1.8214421	-16.54156	-23.996998	26.136364	-19.709501	0.48524	-18.891317	-23.695295	296400	4.3710074e-08	3.2441306	-0.007950033	-0.17204738	0.006948652	1.0	196.60608553886414
494	-19.643074	1.3526579	-17.444372	-24.04546	26.086956	-19.431631	0.25253567	-18.867222	-22.267992	297000	-7.073084e-08	1.8855853	-0.015865108	-0.0784682	0.008958952	0.0	196.9640440940857
495	-18.97518	1.4333527	-17.198845	-22.994987	25.869566	-19.630552	0.18146552	-18.761408	-21.89199	297600	-8.940697e-08	2.4741218	-0.011675536	-0.47296715	0.0048397235	0.0	197.3448281288147
496	-19.680975	1.9083111	-17.357096	-26.691124	26.318182	-19.027868	0.36127234	-18.384624	-24.223392	298200	7.669131e-08	3.8179276	-0.016138302	-0.4733479	0.009176014	1.0	197.73536086082458
497	-19.240623	1.8397994	-16.790133	-24.515736	26.181818	-19.631933	0.1482032	-18.818169	-21.92381	298800	8.34465e-09	3.3642948	-0.018615527	-0.16263676	0.008591228	1.0	198.1026062965393
498	-19.302631	1.4146988	-17.35909	-22.797892	25.913044	-19.244095	0.1583806	-18.40638	-21.23377	299400	3.695488e-08	2.018474	-0.016970126	-0.05606115	0.0094584515	0.0	198.48549628257751
499	-20.021055	1.619309	-17.830303	-23.590387	26.086956	-19.311146	0.31615436	-18.453499	-24.84186	300000	-2.503395e-08	3.1016421	-0.011694662	-0.59066343	0.0064803683	1.0	199.2415370941162
